  7.7350626e-002
  3.3727893e-002
 -1.1781363e-002
 -5.8109373e-002
 -1.0436955e-001
 -1.4988312e-001
 -1.9416193e-001
 -2.3685351e-001
 -2.7766121e-001
 -3.1625617e-001
 -3.5219944e-001
 -3.8489050e-001
 -4.1355385e-001
 -4.3726879e-001
 -4.5503976e-001
 -4.6589766e-001
 -4.6901712e-001
 -4.6383125e-001
 -4.5012603e-001
 -4.2809865e-001
 -3.9837022e-001
 -3.6194987e-001
 -3.2015472e-001
 -2.7449690e-001
 -2.2655360e-001
 -1.7783801e-001
 -1.2968865e-001
 -8.3190803e-002
 -3.9138441e-002
  1.9618184e-003
  3.9849694e-002
  7.4443812e-002
  1.0576204e-001
  1.3384483e-001
  1.5869511e-001
  1.8024471e-001
  1.9835139e-001
  2.1282522e-001
  2.2347699e-001
  2.3017777e-001
  2.3291648e-001
  2.3184312e-001
  2.2728784e-001
  2.1975076e-001
  2.0986269e-001
  1.9832252e-001
  1.8582116e-001
  1.7296466e-001
  1.6020940e-001
  1.4782024e-001
  1.3585889e-001
  1.2420410e-001
  1.1260063e-001
  1.0072832e-001
  8.8279865e-002
  7.5034346e-002
  6.0914508e-002
  4.6019028e-002
  3.0625440e-002
  1.5164728e-002
  1.7363426e-004
 -1.3765394e-002
 -2.6084650e-002
 -3.6280186e-002
 -4.3939951e-002
 -4.8745717e-002
 -5.0448614e-002
 -4.8823383e-002
 -4.3610912e-002
 -3.4461426e-002
 -2.0891323e-002
 -2.2650050e-003
  2.2190753e-002
  5.3337513e-002
  9.2044416e-002
  1.3908476e-001
  1.9502284e-001
  2.6010602e-001
  3.3417669e-001
  4.1661624e-001
  5.0632859e-001
  6.0176528e-001
  7.0098837e-001
  8.0176235e-001
  9.0166293e-001
  9.9818928e-001
  1.0888673e+000
  1.1713342e+000
  1.2433999e+000
  1.3030844e+000
  1.3486359e+000
  1.3785368e+000
  1.3915084e+000
  1.3865196e+000
  1.3628100e+000
  1.3199246e+000
  1.2577621e+000
  1.1766261e+000
  1.0772715e+000
  9.6093371e-001
  8.2933127e-001
  6.8463329e-001
  5.2939072e-001
  3.6643408e-001
  1.9874658e-001
  2.9326049e-002
 -1.3894875e-001
 -3.0343189e-001
 -4.6179123e-001
 -6.1204888e-001
 -7.5257950e-001
 -8.8207193e-001
 -9.9946516e-001
 -1.1038738e+000
 -1.1945196e+000
 -1.2706838e+000
 -1.3316909e+000
 -1.3769273e+000
 -1.4058923e+000
 -1.4182704e+000
 -1.4140097e+000
 -1.3933878e+000
 -1.3570489e+000
 -1.3059976e+000
 -1.2415447e+000
 -1.1652059e+000
 -1.0785669e+000
 -9.8313110e-001
 -8.8017631e-001
 -7.7064227e-001
 -6.5507208e-001
 -5.3362062e-001
 -4.0613413e-001
 -2.7229347e-001
 -1.3180260e-001
  1.5404512e-002
  1.6897046e-001
  3.2796555e-001
  4.9080975e-001
  6.5528163e-001
  8.1861764e-001
  9.7769104e-001
  1.1292470e+000
  1.2701607e+000
  1.3976800e+000
  1.5096170e+000
  1.6044575e+000
  1.6813723e+000
  1.7401263e+000
  1.7809013e+000
  1.8040602e+000
  1.8098915e+000
  1.7983778e+000
  1.7690307e+000
  1.7208235e+000
  1.6522403e+000
  1.5614421e+000
  1.4465319e+000
  1.3058838e+000
  1.1384913e+000
  9.4428345e-001
  7.2436008e-001
  4.8111068e-001
  2.1819291e-001
 -5.9630063e-002
 -3.4677536e-001
 -6.3721335e-001
 -9.2487895e-001
 -1.2040671e+000
 -1.4697614e+000
 -1.7178543e+000
 -1.9452350e+000
 -2.1497419e+000
 -2.3299941e+000
 -2.4851395e+000
 -2.6145662e+000
 -2.7176296e+000
 -2.7934455e+000
 -2.8407885e+000
 -2.8581166e+000
 -2.8437233e+000
 -2.7959975e+000
 -2.7137527e+000
 -2.5965748e+000
 -2.4451337e+000
 -2.2614056e+000
 -2.0487673e+000
 -1.8119379e+000
 -1.5567674e+000
 -1.2898917e+000
 -1.0182919e+000
 -7.4881009e-001
 -4.8767784e-001
 -2.4011372e-001
 -1.0033274e-002
  2.0009876e-001
  3.8926430e-001
  5.5774602e-001
  7.0686712e-001
  8.3865699e-001
  9.5548893e-001
  1.0597358e+000
  1.1534817e+000
  1.2383167e+000
  1.3152257e+000
  1.3845688e+000
  1.4461366e+000
  1.4992567e+000
  1.5429226e+000
  1.5759188e+000
  1.5969229e+000
  1.6045733e+000
  1.5975035e+000
  1.5743515e+000
  1.5337616e+000
  1.4743962e+000
  1.3949756e+000
  1.2943555e+000
  1.1716463e+000
  1.0263636e+000
  8.5859634e-001
  6.6916571e-001
  4.5975194e-001
  2.3296267e-001
 -7.6735117e-003
 -2.5779632e-001
 -5.1238172e-001
 -7.6597297e-001
 -1.0129497e+000
 -1.2478044e+000
 -1.4653948e+000
 -1.6611451e+000
 -1.8311771e+000
 -1.9723642e+000
 -2.0823141e+000
 -2.1592963e+000
 -2.2021407e+000
 -2.2101347e+000
 -2.1829478e+000
 -2.1206041e+000
 -2.0235122e+000
 -1.8925518e+000
 -1.7292008e+000
 -1.5356776e+000
 -1.3150674e+000
 -1.0713978e+000
 -8.0963810e-001
 -5.3560109e-001
 -2.5574464e-001
  2.3117714e-002
  2.9417220e-001
  5.5099046e-001
  7.8790328e-001
  1.0003202e+000
  1.1849582e+000
  1.3399553e+000
  1.4648568e+000
  1.5604830e+000
  1.6286960e+000
  1.6721014e+000
  1.6937226e+000
  1.6966885e+000
  1.6839698e+000
  1.6581890e+000
  1.6215166e+000
  1.5756509e+000
  1.5218679e+000
  1.4611177e+000
  1.3941385e+000
  1.3215632e+000
  1.2439937e+000
  1.1620340e+000
  1.0762784e+000
  9.8726463e-001
  8.9540967e-001
  8.0094990e-001
  7.0390764e-001
  6.0410082e-001
  5.0120448e-001
  3.9486179e-001
  2.8483170e-001
  1.7115156e-001
  5.4287663e-002
 -6.4753612e-002
 -1.8437673e-001
 -3.0242389e-001
 -4.1627977e-001
 -5.2304328e-001
 -6.1974395e-001
 -7.0357265e-001
 -7.7209320e-001
 -8.2340364e-001
 -8.5622434e-001
 -8.6990160e-001
 -8.6433026e-001
 -8.3981239e-001
 -7.9688116e-001
 -7.3612526e-001
 -6.5805030e-001
 -5.6300784e-001
 -4.5121139e-001
 -3.2284347e-001
 -1.7824113e-001
 -1.8131899e-002
  1.5611934e-001
  3.4229758e-001
  5.3720214e-001
  7.3662248e-001
  9.3544470e-001
  1.1278888e+000
  1.3078573e+000
  1.4693576e+000
  1.6069484e+000
  1.7161544e+000
  1.7937961e+000
  1.8381933e+000
  1.8492151e+000
  1.8281746e+000
  1.7775844e+000
  1.7008098e+000
  1.6016710e+000
  1.4840513e+000
  1.3515636e+000
  1.2073211e+000
  1.0538358e+000
  8.9305138e-001
  7.2649266e-001
  5.5549707e-001
  3.8147925e-001
  2.0617622e-001
  3.1823693e-002
 -1.3877395e-001
 -3.0229940e-001
 -4.5510237e-001
 -5.9348073e-001
 -7.1402280e-001
 -8.1395909e-001
 -8.9146895e-001
 -9.4589329e-001
 -9.7781788e-001
 -9.8901077e-001
 -9.8221955e-001
 -9.6085494e-001
 -9.2860449e-001
 -8.8903040e-001
 -8.4520757e-001
 -7.9945124e-001
 -7.5316966e-001
 -7.0685757e-001
 -6.6022490e-001
 -6.1243453e-001
 -5.6240682e-001
 -5.0913986e-001
 -4.5199286e-001
 -3.9088810e-001
 -3.2640064e-001
 -2.5972444e-001
 -1.9252392e-001
 -1.2669903e-001
 -6.4105857e-002
 -6.2820790e-003
  4.5774246e-002
  9.1733048e-002
  1.3194330e-001
  1.6732165e-001
  1.9913348e-001
  2.2869944e-001
  2.5707283e-001
  2.8473929e-001
  3.1138770e-001
  3.3579129e-001
  3.5582220e-001
  3.6860270e-001
  3.7077663e-001
  3.5886677e-001
  3.2967104e-001
  2.8064555e-001
  2.1022383e-001
  1.1803182e-001
  4.9725638e-003
 -1.2682645e-001
 -2.7419154e-001
 -4.3317821e-001
 -5.9940329e-001
 -7.6838747e-001
 -9.3586364e-001
 -1.0980139e+000
 -1.2516112e+000
 -1.3940573e+000
 -1.5233252e+000
 -1.6378287e+000
 -1.7362509e+000
 -1.8173696e+000
 -1.8799149e+000
 -1.9224882e+000
 -1.9435596e+000
 -1.9415496e+000
 -1.9149827e+000
 -1.8626936e+000
 -1.7840535e+000
 -1.6791851e+000
 -1.5491299e+000
 -1.3959444e+000
 -1.2227058e+000
 -1.0334230e+000
 -8.3285857e-001
 -6.2627957e-001
 -4.1916347e-001
 -2.1688804e-001
 -2.4436561e-002
  1.5385464e-001
  3.1448520e-001
  4.5490353e-001
  5.7353969e-001
  6.6976306e-001
  7.4377669e-001
  7.9646554e-001
  8.2921792e-001
  8.4374024e-001
  8.4188287e-001
  8.2549176e-001
  7.9629602e-001
  7.5583667e-001
  7.0543744e-001
  6.4621389e-001
  5.7911405e-001
  5.0498091e-001
  4.2462562e-001
  3.3889971e-001
  2.4875494e-001
  1.5528097e-001
  5.9713450e-002
 -3.6591209e-002
 -1.3221408e-001
 -2.2575998e-001
 -3.1596200e-001
 -4.0179081e-001
 -4.8255232e-001
 -5.5795672e-001
 -6.2814315e-001
 -6.9364863e-001
 -7.5531579e-001
 -8.1414247e-001
 -8.7108455e-001
 -9.2683235e-001
 -9.8158719e-001
 -1.0348686e+000
 -1.0853826e+000
 -1.1309768e+000
 -1.1686991e+000
 -1.1949656e+000
 -1.2058281e+000
 -1.1973184e+000
 -1.1658350e+000
 -1.1085270e+000
 -1.0236303e+000
 -9.1071312e-001
 -7.7079554e-001
 -6.0632583e-001
 -4.2101083e-001
 -2.1951863e-001
 -7.0881635e-003
  2.1090654e-001
  4.2938310e-001
  6.4391483e-001
  8.5098696e-001
  1.0481146e+000
  1.2338122e+000
  1.4074245e+000
  1.5688512e+000
  1.7182099e+000
  1.8554955e+000
  1.9802903e+000
  2.0915747e+000
  2.1876715e+000
  2.2663361e+000
  2.3249841e+000
  2.3610219e+000
  2.3722333e+000
  2.3571625e+000
  2.3154321e+000
  2.2479454e+000
  2.1569357e+000
  2.0458490e+000
  1.9190706e+000
  1.7815283e+000
  1.6382262e+000
  1.4937701e+000
  1.3519519e+000
  1.2154481e+000
  1.0856739e+000
  9.6281057e-001
  8.4599844e-001
  7.3366446e-001
  6.2393293e-001
  5.1505735e-001
  4.0580859e-001
  2.9576267e-001
  1.8544725e-001
  7.6328491e-002
 -2.9355423e-002
 -1.2888450e-001
 -2.1942248e-001
 -2.9839871e-001
 -3.6384605e-001
 -4.1464250e-001
 -4.5062058e-001
 -4.7253048e-001
 -4.8186655e-001
 -4.8058886e-001
 -4.7078807e-001
 -4.5435082e-001
 -4.3268193e-001
 -4.0652992e-001
 -3.7594510e-001
 -3.4037705e-001
 -2.9889483e-001
 -2.5049284e-001
 -1.9442985e-001
 -1.3054277e-001
 -5.9479546e-002
  1.7192171e-002
  9.7024663e-002
  1.7687850e-001
  2.5323623e-001
  3.2259716e-001
  3.8189544e-001
  4.2887802e-001
  4.6238450e-001
  4.8248423e-001
  4.9044738e-001
  4.8855122e-001
  4.7974774e-001
  4.6723990e-001
  4.5402747e-001
  4.4248846e-001
  4.3405673e-001
  4.2904230e-001
  4.2661931e-001
  4.2498189e-001
  4.2164322e-001
  4.1383206e-001
  3.9892716e-001
  3.7486507e-001
  3.4046166e-001
  2.9560137e-001
  2.4126866e-001
  1.7941984e-001
  1.1271758e-001
  4.4169827e-002
 -2.3271159e-002
 -8.7089832e-002
 -1.4551258e-001
 -1.9769419e-001
 -2.4376142e-001
 -2.8471143e-001
 -3.2218496e-001
 -3.5815204e-001
 -3.9456046e-001
 -4.3300122e-001
 -4.7444113e-001
 -5.1906134e-001
 -5.6622338e-001
 -6.1456461e-001
 -6.6220553e-001
 -7.0703528e-001
 -7.4703097e-001
 -7.8056289e-001
 -8.0664150e-001
 -8.2507187e-001
 -8.3649645e-001
 -8.4232362e-001
 -8.4455632e-001
 -8.4554862e-001
 -8.4772677e-001
 -8.5331445e-001
 -8.6409844e-001
 -8.8126308e-001
 -9.0530929e-001
 -9.3606121e-001
 -9.7274996e-001
 -1.0141542e+000
 -1.0587708e+000
 -1.1049874e+000
 -1.1512318e+000
 -1.1960800e+000
 -1.2383135e+000
 -1.2769269e+000
 -1.3110954e+000
 -1.3401167e+000
 -1.3633479e+000
 -1.3801522e+000
 -1.3898721e+000
 -1.3918329e+000
 -1.3853799e+000
 -1.3699387e+000
 -1.3450887e+000
 -1.3106331e+000
 -1.2666521e+000
 -1.2135257e+000
 -1.1519229e+000
 -1.0827540e+000
 -1.0070968e+000
 -9.2610503e-001
 -8.4091631e-001
 -7.5257280e-001
 -6.6196822e-001
 -5.6982793e-001
 -4.7672384e-001
 -3.8311917e-001
 -2.8943284e-001
 -1.9610971e-001
 -1.0368202e-001
 -1.2809263e-002
  7.5712343e-002
  1.6097372e-001
  2.4200681e-001
  3.1785949e-001
  3.8767829e-001
  4.5078427e-001
  5.0672785e-001
  5.5531250e-001
  5.9658207e-001
  6.3077327e-001
  6.5824107e-001
  6.7936942e-001
  6.9448308e-001
  7.0377597e-001
  7.0726923e-001
  7.0480706e-001
  6.9609230e-001
  6.8075653e-001
  6.5845396e-001
  6.2896376e-001
  5.9228408e-001
  5.4870218e-001
  4.9882882e-001
  4.4359096e-001
  3.8418369e-001
  3.2198911e-001
  2.5847485e-001
  1.9508876e-001
  1.3316590e-001
  7.3862183e-002
  1.8123683e-002
 -3.3305701e-002
 -7.9842423e-002
 -1.2099780e-001
 -1.5630366e-001
 -1.8524574e-001
 -2.0722020e-001
 -2.2152476e-001
 -2.2738968e-001
 -2.2404686e-001
 -2.1082787e-001
 -1.8727621e-001
 -1.5325554e-001
 -1.0903503e-001
 -5.5335841e-002
  6.6718899e-003
  7.5425050e-002
  1.4907163e-001
  2.2561067e-001
  3.0305005e-001
  3.7956096e-001
  4.5360842e-001
  5.2404028e-001
  5.9012373e-001
  6.5152598e-001
  7.0824447e-001
  7.6049920e-001
  8.0860570e-001
  8.5284940e-001
  8.9338169e-001
  9.3015383e-001
  9.6289857e-001
  9.9116128e-001
  1.0143740e+000
  1.0319590e+000
  1.0434438e+000
  1.0485662e+000
  1.0473524e+000
  1.0401517e+000
  1.0276221e+000
  1.0106665e+000
  9.9032728e-001
  9.6765685e-001
  9.4358093e-001
  9.1877757e-001
  8.9358989e-001
  8.6798666e-001
  8.4157791e-001
  8.1368426e-001
  7.8345105e-001
  7.4999156e-001
  7.1253950e-001
  6.7058972e-001
  6.2400792e-001
  5.7309457e-001
  5.1859505e-001
  4.6165540e-001
  4.0373075e-001
  3.4645931e-001
  2.9151922e-001
  2.4048680e-001
  1.9471355e-001
  1.5523561e-001
  1.2272382e-001
  9.7476438e-002
  7.9450291e-002
  6.8321076e-002
  6.3560155e-002
  6.4514036e-002
  7.0473696e-002
  8.0723895e-002
  9.4566900e-002
  1.1131999e-001
  1.3029080e-001
  1.5073849e-001
  1.7183088e-001
  1.9260861e-001
  2.1196589e-001
  2.2865511e-001
  2.4131842e-001
  2.4854580e-001
  2.4895470e-001
  2.4128342e-001
  2.2448815e-001
  1.9783322e-001
  1.6096440e-001
  1.1395743e-001
  5.7336632e-002
 -7.9384156e-003
 -8.0516594e-002
 -1.5872511e-001
 -2.4065888e-001
 -3.2428158e-001
 -4.0752982e-001
 -4.8841252e-001
 -5.6509847e-001
 -6.3598682e-001
 -6.9975697e-001
 -7.5539641e-001
 -8.0220702e-001
 -8.3979187e-001
 -8.6802597e-001
 -8.8701566e-001
 -8.9705139e-001
 -8.9855938e-001
 -8.9205672e-001
 -8.7811422e-001
 -8.5732966e-001
 -8.3031302e-001
 -7.9768319e-001
 -7.6007434e-001
 -7.1814829e-001
 -6.7260848e-001
 -6.2421048e-001
 -5.7376439e-001
 -5.2212560e-001
 -4.7017206e-001
 -4.1876870e-001
 -3.6872201e-001
 -3.2073013e-001
 -2.7533540e-001
 -2.3288738e-001
 -1.9352346e-001
 -1.5717286e-001
 -1.2358690e-001
 -9.2394654e-002
 -6.3179486e-002
 -3.5568009e-002
 -9.3205181e-003
  1.5589556e-002
  3.8919160e-002
  6.0131904e-002
  7.8413053e-002
  9.2724150e-002
  1.0189268e-001
  1.0472701e-001
  1.0014276e-001
  8.7284517e-002
  6.5626882e-002
  3.5041011e-002
 -4.1824533e-003
 -5.1357350e-002
 -1.0546939e-001
 -1.6527718e-001
 -2.2943198e-001
 -2.9659848e-001
 -3.6555866e-001
 -4.3528317e-001
 -5.0495976e-001
 -5.7397525e-001
 -6.4185463e-001
 -7.0816835e-001
 -7.7242430e-001
 -8.3396406e-001
 -8.9188306e-001
 -9.4499135e-001
 -9.9182568e-001
 -1.0307160e+000
 -1.0599010e+000
 -1.0776792e+000
 -1.0825757e+000
 -1.0735025e+000
 -1.0498887e+000
 -1.0117616e+000
 -9.5976502e-001
 -8.9511270e-001
 -8.1947944e-001
 -7.3484589e-001
 -6.4331712e-001
 -5.4693985e-001
 -4.4754322e-001
 -3.4662439e-001
 -2.4529348e-001
 -1.4428349e-001
 -4.4020877e-002
  5.5256534e-002
  1.5335481e-001
  2.4997679e-001
  3.4459724e-001
  4.3638129e-001
  5.2416051e-001
  6.0647180e-001
  6.8165467e-001
  7.4799331e-001
  8.0388288e-001
  8.4799578e-001
  8.7942334e-001
  8.9777231e-001
  9.0320194e-001
  8.9639663e-001
  8.7847827e-001
  8.5087154e-001
  8.1514159e-001
  7.7282765e-001
  7.2529553e-001
  6.7362918e-001
  6.1857428e-001
  5.6053953e-001
  4.9965189e-001
  4.3585454e-001
  3.6903030e-001
  2.9913049e-001
  2.2628907e-001
  1.5090576e-001
  7.3686956e-002
 -4.3589685e-003
 -8.1968596e-002
 -1.5770253e-001
 -2.3004237e-001
 -2.9748949e-001
 -3.5865087e-001
 -4.1230036e-001
 -4.5740972e-001
 -4.9314925e-001
 -5.1886421e-001
 -5.3403729e-001
 -5.3824985e-001
 -5.3115452e-001
 -5.1246891e-001
 -4.8199583e-001
 -4.3966962e-001
 -3.8562220e-001
 -3.2025805e-001
 -2.4432388e-001
 -1.5895856e-001
 -6.5710509e-002
  3.3485655e-002
  1.3637571e-001
  2.4049163e-001
  3.4328649e-001
  4.4228348e-001
  5.3522200e-001
  6.2018359e-001
  6.9568341e-001
  7.6071804e-001
  8.1476644e-001
  8.5774771e-001
  8.8994527e-001
  9.1191106e-001
  9.2436552e-001
  9.2810828e-001
  9.2395135e-001
  9.1268166e-001
  8.9505386e-001
  8.7180827e-001
  8.4370427e-001
  8.1155631e-001
  7.7625925e-001
  7.3879196e-001
  7.0019188e-001
  6.6149923e-001
  6.2367534e-001
  5.8750548e-001
  5.5350024e-001
  5.2181160e-001
  4.9217902e-001
  4.6391747e-001
  4.3595416e-001
  4.0691405e-001
  3.7524755e-001
  3.3938761e-001
  2.9791943e-001
  2.4974383e-001
  1.9421621e-001
  1.3124590e-001
  6.1346094e-002
 -1.4369696e-002
 -9.4241915e-002
 -1.7616210e-001
 -2.5770063e-001
 -3.3625106e-001
 -4.0917688e-001
 -4.7394882e-001
 -5.2826401e-001
 -5.7014238e-001
 -5.9799986e-001
 -6.1070041e-001
 -6.0759137e-001
 -5.8852610e-001
 -5.5387726e-001
 -5.0454147e-001
 -4.4193359e-001
 -3.6796683e-001
 -2.8501318e-001
 -1.9583921e-001
 -1.0351377e-001
 -1.1287214e-002
  7.7553761e-002
  1.5984761e-001
  2.3272343e-001
  2.9375595e-001
  3.4109454e-001
  3.7355278e-001
  3.9064865e-001
  3.9259101e-001
  3.8021454e-001
  3.5487181e-001
  3.1829643e-001
  2.7245486e-001
  2.1940529e-001
  1.6118020e-001
  9.9704620e-002
  3.6756030e-002
 -2.6035694e-002
 -8.7156795e-002
 -1.4516074e-001
 -1.9861934e-001
 -2.4609141e-001
 -2.8612388e-001
 -3.1729419e-001
 -3.3829548e-001
 -3.4805774e-001
 -3.4589000e-001
 -3.3162320e-001
 -3.0573002e-001
 -2.6939911e-001
 -2.2454492e-001
 -1.7374242e-001
 -1.2008509e-001
 -6.6975594e-002
 -1.7867951e-002
  2.4012199e-002
  5.5938375e-002
  7.5914089e-002
  8.2836668e-002
  7.6574749e-002
  5.7950443e-002
  2.8628868e-002
 -9.0710350e-003
 -5.2421037e-002
 -9.8553999e-002
 -1.4472832e-001
 -1.8855676e-001
 -2.2817578e-001
 -2.6234033e-001
 -2.9043965e-001
 -3.1243988e-001
 -3.2876882e-001
 -3.4016446e-001
 -3.4751229e-001
 -3.5169542e-001
 -3.5347795e-001
 -3.5343487e-001
 -3.5193369e-001
 -3.4916424e-001
 -3.4520598e-001
 -3.4011627e-001
 -3.3402107e-001
 -3.2719003e-001
 -3.2008111e-001
 -3.1334608e-001
 -3.0779473e-001
 -3.0432259e-001
 -3.0381326e-001
 -3.0702986e-001
 -3.1451239e-001
 -3.2649601e-001
 -3.4286249e-001
 -3.6313138e-001
 -3.8649192e-001
 -4.1187032e-001
 -4.3802261e-001
 -4.6363956e-001
 -4.8744952e-001
 -5.0830598e-001
 -5.2524968e-001
 -5.3753967e-001
 -5.4465277e-001
 -5.4625558e-001
 -5.4215729e-001
 -5.3225398e-001
 -5.1647554e-001
 -4.9474541e-001
 -4.6696052e-001
 -4.3299496e-001
 -3.9272706e-001
 -3.4608528e-001
 -2.9310555e-001
 -2.3399059e-001
 -1.6916182e-001
 -9.9295049e-002
 -2.5333899e-002
  5.1522222e-002
  1.2985522e-001
  2.0808699e-001
  2.8455351e-001
  3.5758668e-001
  4.2559563e-001
  4.8713991e-001
  5.4098854e-001
  5.8616086e-001
  6.2194781e-001
  6.4791449e-001
  6.6388688e-001
  6.6992698e-001
  6.6630137e-001
  6.5344818e-001
  6.3194657e-001
  6.0249200e-001
  5.6587893e-001
  5.2299100e-001
  4.7479756e-001
  4.2235395e-001
  3.6680233e-001
  3.0936941e-001
  2.5135733e-001
  1.9412482e-001
  1.3905636e-001
  8.7518635e-002
  4.0805015e-002
  7.0695685e-005
 -3.3737363e-002
 -5.9949858e-002
 -7.8237091e-002
 -8.8656109e-002
 -9.1676012e-002
 -8.8175597e-002
 -7.9409587e-002
 -6.6942535e-002
 -5.2552861e-002
 -3.8113021e-002
 -2.5455015e-002
 -1.6233019e-002
 -1.1796200e-002
 -1.3084703e-002
 -2.0560016e-002
 -3.4177657e-002
 -5.3405587e-002
 -7.7286557e-002
 -1.0453725e-001
 -1.3367255e-001
 -1.6313993e-001
 -1.9144773e-001
 -2.1727185e-001
 -2.3952868e-001
 -2.5740660e-001
 -2.7035506e-001
 -2.7803626e-001
 -2.8025058e-001
 -2.7685108e-001
 -2.6766451e-001
 -2.5243550e-001
 -2.3080712e-001
 -2.0234541e-001
 -1.6660784e-001
 -1.2324821e-001
 -7.2143100e-002
 -1.3519976e-002
  5.1935280e-002
  1.2301275e-001
  1.9797154e-001
  2.7460101e-001
  3.5035010e-001
  4.2251492e-001
  4.8846516e-001
  5.4588313e-001
  5.9298545e-001
  6.2869815e-001
  6.5276018e-001
  6.6573952e-001
  6.6895648e-001
  6.6432154e-001
  6.5410650e-001
  6.4067720e-001
  6.2622157e-001
  6.1250809e-001
  6.0070547e-001
  5.9128656e-001
  5.8402752e-001
  5.7810028e-001
  5.7224309e-001
  5.6498322e-001
  5.5487834e-001
  5.4074109e-001
  5.2181374e-001
  4.9786775e-001
  4.6921419e-001
  4.3662453e-001
  4.0117473e-001
  3.6403726e-001
  3.2625366e-001
  2.8852345e-001
  2.5104293e-001
  2.1342052e-001
  1.7468384e-001
  1.3338040e-001
  8.7760095e-002
  3.6015304e-002
 -2.3454059e-002
 -9.1787068e-002
 -1.6945508e-001
 -2.5613038e-001
 -3.5064827e-001
 -4.5106742e-001
 -5.5481971e-001
 -6.5892861e-001
 -7.6026594e-001
 -8.5581256e-001
 -9.4288895e-001
 -1.0193273e+000
 -1.0835661e+000
 -1.1346603e+000
 -1.1722131e+000
 -1.1962460e+000
 -1.2070334e+000
 -1.2049318e+000
 -1.1902323e+000
 -1.1630622e+000
 -1.1233507e+000
 -1.0708640e+000
 -1.0053032e+000
 -9.2644714e-001
 -8.3431672e-001
 -7.2933177e-001
 -6.1243327e-001
 -4.8514864e-001
 -3.4958633e-001
 -2.0835634e-001
 -6.4424401e-002
  7.9082550e-002
  2.1909518e-001
  3.5281676e-001
  4.7790715e-001
  5.9261321e-001
  6.9583089e-001
  7.8709413e-001
  8.6649568e-001
  9.3455412e-001
  9.9204821e-001
  1.0398426e+000
  1.0787290e+000
  1.1093034e+000
  1.1318919e+000
  1.1465317e+000
  1.1530041e+000
  1.1509076e+000
  1.1397569e+000
  1.1190882e+000
  1.0885526e+000
  1.0479834e+000
  9.9742881e-001
  9.3714630e-001
  8.6756420e-001
  7.8922045e-001
  7.0269234e-001
  6.0853223e-001
  5.0722321e-001
  3.9916433e-001
  2.8469008e-001
  1.6412250e-001
  3.7848520e-002
 -9.3589457e-002
 -2.2940422e-001
 -3.6849064e-001
 -5.0938141e-001
 -6.5024060e-001
 -7.8889831e-001
 -9.2292432e-001
 -1.0497330e+000
 -1.1667083e+000
 -1.2713341e+000
 -1.3613177e+000
 -1.4346923e+000
 -1.4898916e+000
 -1.5257916e+000
 -1.5417201e+000
 -1.5374384e+000
 -1.5131044e+000
 -1.4692233e+000
 -1.4065984e+000
 -1.3262871e+000
 -1.2295666e+000
 -1.1179126e+000
 -9.9298637e-001
 -8.5662783e-001
 -7.1084720e-001
 -5.5780986e-001
 -3.9980919e-001
 -2.3922473e-001
 -7.8465808e-002
  8.0096220e-002
  2.3420154e-001
  3.8177397e-001
  5.2098390e-001
  6.5029531e-001
  7.6849180e-001
  8.7467962e-001
  9.6826840e-001
  1.0489335e+000
  1.1165658e+000
  1.1712164e+000
  1.2130435e+000
  1.2422672e+000
  1.2591386e+000
  1.2639222e+000
  1.2568936e+000
  1.2383484e+000
  1.2086176e+000
  1.1680851e+000
  1.1172027e+000
  1.0564979e+000
  9.8657441e-001
  9.0810428e-001
  8.2181473e-001
  7.2847274e-001
  6.2887142e-001
  5.2382172e-001
  4.1415203e-001
  3.0071612e-001
  1.8440822e-001
  6.6182024e-002
 -5.2931050e-002
 -1.7180920e-001
 -2.8923796e-001
 -4.0392153e-001
 -5.1450894e-001
 -6.1963392e-001
 -7.1796475e-001
 -8.0825857e-001
 -8.8941348e-001
 -9.6051141e-001
 -1.0208461e+000
 -1.0699325e+000
 -1.1074957e+000
 -1.1334429e+000
 -1.1478207e+000
 -1.1507671e+000
 -1.1424643e+000
 -1.1231014e+000
 -1.0928525e+000
 -1.0518763e+000
 -1.0003365e+000
 -9.3844240e-001
 -8.6650296e-001
 -7.8498836e-001
 -6.9458844e-001
 -5.9625975e-001
 -4.9125293e-001
 -3.8111471e-001
 -2.6766208e-001
 -1.5292929e-001
 -3.9091879e-002
  7.1625534e-002
  1.7704918e-001
  2.7515461e-001
  3.6415503e-001
  4.4257266e-001
  5.0928804e-001
  5.6356555e-001
  6.0505546e-001
  6.3377552e-001
  6.5007659e-001
  6.5459750e-001
  6.4821456e-001
  6.3199037e-001
  6.0712518e-001
  5.7491303e-001
  5.3670307e-001
  4.9386579e-001
  4.4776282e-001
  3.9971906e-001
  3.5099603e-001
  3.0276580e-001
  2.5608580e-001
  2.1187527e-001
  1.7089468e-001
  1.3372969e-001
  1.0078088e-001
  7.2260302e-002
  4.8195084e-002
  2.8437748e-002
  1.2682384e-002
  4.8540354e-004
 -8.7103933e-003
 -1.5549536e-002
 -2.0736084e-002
 -2.5004556e-002
 -2.9089468e-002
 -3.3693217e-002
 -3.9452232e-002
 -4.6901821e-002
 -5.6440931e-002
 -6.8298974e-002
 -8.2507732e-002
 -9.8881915e-002
 -1.1701210e-001
 -1.3627317e-001
 -1.5585036e-001
 -1.7478301e-001
 -1.9202433e-001
 -2.0651299e-001
 -2.1725060e-001
 -2.2337761e-001
 -2.2423987e-001
 -2.1943848e-001
 -2.0885736e-001
 -1.9266524e-001
 -1.7129209e-001
 -1.4538311e-001
 -1.1573644e-001
 -8.3232770e-002
 -4.8766227e-002
 -1.3185406e-002
  2.2748150e-002
  5.8379598e-002
  9.3157696e-002
  1.2661189e-001
  1.5831591e-001
  1.8784668e-001
  2.1474851e-001
  2.3851188e-001
  2.5857432e-001
  2.7434702e-001
  2.8526705e-001
  2.9086987e-001
  2.9087340e-001
  2.8526150e-001
  2.7435357e-001
  2.5884784e-001
  2.3982793e-001
  2.1872720e-001
  1.9725006e-001
  1.7725550e-001
  1.6061333e-001
  1.4904751e-001
  1.4398344e-001
  1.4641615e-001
  1.5681425e-001
  1.7507031e-001
  2.0050316e-001
  2.3191125e-001
  2.6767025e-001
  3.0586312e-001
  3.4442773e-001
  3.8130539e-001
  4.1457512e-001
  4.4256096e-001
  4.6390438e-001
  4.7759884e-001
  4.8298896e-001
  4.7974105e-001
  4.6779521e-001
  4.4731005e-001
  4.1861084e-001
  3.8214959e-001
  3.3848177e-001
  2.8826059e-001
  2.3224556e-001
  1.7131894e-001
  1.0650182e-001
  3.8961480e-002
 -2.9997119e-002
 -9.8959636e-002
 -1.6645101e-001
 -2.3100088e-001
 -2.9121879e-001
 -3.4586983e-001
 -3.9394053e-001
 -4.3468572e-001
 -4.6764970e-001
 -4.9265854e-001
 -5.0978503e-001
 -5.1929189e-001
 -5.2156226e-001
 -5.1702876e-001
 -5.0611236e-001
 -4.8918095e-001
 -4.6653395e-001
 -4.3841482e-001
 -4.0504882e-001
 -3.6669812e-001
 -3.2372359e-001
 -2.7664066e-001
 -2.2615688e-001
 -1.7318178e-001
 -1.1880350e-001
 -6.4232326e-002
 -1.0716816e-002
  4.0556526e-002
  8.8565769e-002
  1.3254234e-001
  1.7203130e-001
  2.0691191e-001
  2.3737252e-001
  2.6384084e-001
  2.8687740e-001
  3.0704620e-001
  3.2478090e-001
  3.4026652e-001
  3.5335566e-001
  3.6353382e-001
  3.6994227e-001
  3.7145844e-001
  3.6682593e-001
  3.5481797e-001
  3.3441327e-001
  3.0495973e-001
  2.6630286e-001
  2.1885918e-001
  1.6362223e-001
  1.0209770e-001
  3.6173674e-002
 -3.2058388e-002
 -1.0050971e-001
 -1.6730033e-001
 -2.3093811e-001
 -2.9044652e-001
 -3.4542369e-001
 -3.9602458e-001
 -4.4286819e-001
 -4.8688250e-001
 -5.2910789e-001
 -5.7048604e-001
 -6.1166307e-001
 -6.5283420e-001
 -6.9365097e-001
 -7.3320425e-001
 -7.7008514e-001
 -8.0251568e-001
 -8.2853176e-001
 -8.4619330e-001
 -8.5379376e-001
 -8.5004119e-001
 -8.3418747e-001
 -8.0609008e-001
 -7.6620023e-001
 -7.1548182e-001
 -6.5527527e-001
 -5.8712778e-001
 -5.1261595e-001
 -4.3318709e-001
 -3.5004232e-001
 -2.6407774e-001
 -1.7589104e-001
 -8.5850621e-002
  5.7850600e-003
  9.8718283e-002
  1.9245795e-001
  2.8618679e-001
  3.7867331e-001
  4.6824581e-001
  5.5283693e-001
  6.3009711e-001
  6.9756536e-001
  7.5287718e-001
  7.9398377e-001
  8.1935455e-001
  8.2813630e-001
  8.2024811e-001
  7.9639906e-001
  7.5802564e-001
  7.0715654e-001
  6.4622131e-001
  5.7782683e-001
  5.0452917e-001
  4.2862827e-001
  3.5200977e-001
  2.7605097e-001
  2.0159939e-001
  1.2902248e-001
  5.8317382e-002
 -1.0737654e-002
 -7.8413901e-002
 -1.4486996e-001
 -2.1002004e-001
 -2.7345096e-001
 -3.3439869e-001
 -3.9178651e-001
 -4.4431800e-001
 -4.9061043e-001
 -5.2934876e-001
 -5.5943763e-001
 -5.8012961e-001
 -5.9111148e-001
 -5.9253660e-001
 -5.8499904e-001
 -5.6945340e-001
 -5.4709185e-001
 -5.1919556e-001
 -4.8698140e-001
 -4.5146473e-001
 -4.1335719e-001
 -3.7301306e-001
 -3.3043092e-001
 -2.8531002e-001
 -2.3715289e-001
 -1.8539965e-001
 -1.2957539e-001
 -6.9430003e-002
 -5.0511988e-003
  6.3064851e-002
  1.3399528e-001
  2.0642754e-001
  2.7874735e-001
  3.4916652e-001
  4.1587449e-001
  4.7719463e-001
  5.3172559e-001
  5.7845057e-001
  6.1680126e-001
  6.4666961e-001
  6.6836712e-001
  6.8253832e-001
  6.9004058e-001
  6.9180704e-001
  6.8871078e-001
  6.8144840e-001
  6.7045794e-001
  6.5588159e-001
  6.3757750e-001
  6.1517834e-001
  5.8818826e-001
  5.5610458e-001
  5.1854739e-001
  4.7537918e-001
  4.2679792e-001
  3.7339022e-001
  3.1613678e-001
  2.5636803e-001
  1.9567497e-001
  1.3578544e-001
  7.8421072e-002
  2.5152656e-002
 -2.2728294e-002
 -6.4305644e-002
 -9.9090731e-002
 -1.2702432e-001
 -1.4842890e-001
 -1.6391840e-001
 -1.7427791e-001
 -1.8033029e-001
 -1.8280818e-001
 -1.8224937e-001
 -1.7893062e-001
 -1.7284954e-001
 -1.6375797e-001
 -1.5124288e-001
 -1.3484418e-001
 -1.1419316e-001
 -8.9152054e-002
 -5.9933976e-002
 -2.7184529e-002
  7.9892339e-003
  4.4050403e-002
  7.9124464e-002
  1.1114430e-001
  1.3803280e-001
  1.5790246e-001
  1.6924829e-001
  1.7111067e-001
  1.6318726e-001
  1.4587962e-001
  1.2026718e-001
  8.8010635e-002
  5.1195036e-002
  1.2130757e-002
 -2.6864670e-002
 -6.3678274e-002
 -9.6582452e-002
 -1.2436445e-001
 -1.4639085e-001
 -1.6260188e-001
 -1.7343932e-001
 -1.7972034e-001
 -1.8247622e-001
 -1.8277903e-001
 -1.8158024e-001
 -1.7958273e-001
 -1.7716252e-001
 -1.7434899e-001
 -1.7086372e-001
 -1.6620968e-001
 -1.5979527e-001
 -1.5107285e-001
 -1.3966950e-001
 -1.2548913e-001
 -1.0876959e-001
 -9.0084987e-002
 -7.0291988e-002
 -5.0427136e-002
 -3.1569737e-002
 -1.4690287e-002
 -5.0689073e-004
  1.0628597e-002
  1.8796884e-002
  2.4518657e-002
  2.8700004e-002
  3.2521390e-002
  3.7283826e-002
  4.4231932e-002
  5.4377074e-002
  6.8343917e-002
  8.6260700e-002
  1.0770770e-001
  1.3173057e-001
  1.5691654e-001
  1.8152327e-001
  2.0364338e-001
  2.2138338e-001
  2.3303457e-001
  2.3721545e-001
  2.3296961e-001
  2.1981036e-001
  1.9771080e-001
  1.6704581e-001
  1.2849924e-001
  8.2953225e-002
  3.1378716e-002
 -2.5255565e-002
 -8.6042448e-002
 -1.5015666e-001
 -2.1683603e-001
 -2.8533041e-001
 -3.5483074e-001
 -4.2439465e-001
 -4.9288567e-001
 -5.5894162e-001
 -6.2098320e-001
 -6.7726751e-001
 -7.2598410e-001
 -7.6538414e-001
 -7.9392731e-001
 -8.1042738e-001
 -8.1417682e-001
 -8.0503207e-001
 -7.8344658e-001
 -7.5044472e-001
 -7.0753776e-001
 -6.5659085e-001
 -5.9965637e-001
 -5.3879380e-001
 -4.7589774e-001
 -4.1255495e-001
 -3.4994688e-001
 -2.8880830e-001
 -2.2944467e-001
 -1.7180349e-001
 -1.1558731e-001
 -6.0391203e-002
 -5.8444021e-003
  4.8263845e-002
  1.0189162e-001
  1.5469693e-001
  2.0604107e-001
  2.5504078e-001
  3.0066063e-001
  3.4183153e-001
  3.7757783e-001
  4.0713489e-001
  4.3004070e-001
  4.4618920e-001
  4.5583831e-001
  4.5957274e-001
  4.5822700e-001
  4.5278021e-001
  4.4423704e-001
  4.3351107e-001
  4.2132566e-001
  4.0814467e-001
  3.9414080e-001
  3.7920414e-001
  3.6298790e-001
  3.4498380e-001
  3.2461584e-001
  3.0133956e-001
  2.7473396e-001
  2.4457500e-001
  2.1088263e-001
  1.7393754e-001
  1.3426768e-001
  9.2608743e-002
  4.9845644e-002
  6.9435995e-003
 -3.5121873e-002
 -7.5427892e-002
 -1.1315372e-001
 -1.4761307e-001
 -1.7826824e-001
 -2.0472766e-001
 -2.2673024e-001
 -2.4412153e-001
 -2.5682635e-001
 -2.6482274e-001
 -2.6812051e-001
 -2.6674652e-001
 -2.6073720e-001
 -2.5013789e-001
 -2.3500736e-001
 -2.1542598e-001
 -1.9150585e-001
 -1.6340188e-001
 -1.3132322e-001
 -9.5545150e-002
 -5.6421671e-002
 -1.4398974e-002
  2.9970551e-002
  7.6014918e-002
  1.2293189e-001
  1.6978406e-001
  2.1550305e-001
  2.5890650e-001
  2.9873021e-001
  3.3367700e-001
  3.6248142e-001
  3.8398704e-001
  3.9723114e-001
  4.0152902e-001
  3.9654936e-001
  3.8237158e-001
  3.5951718e-001
  3.2894898e-001
  2.9203565e-001
  2.5048194e-001
  2.0622975e-001
  1.6133785e-001
  1.1785143e-001
  7.7673789e-002
  4.2452266e-002
  1.3489486e-002
 -8.3125132e-003
 -2.2471241e-002
 -2.8906317e-002
 -2.7890416e-002
 -1.9976956e-002
 -5.9153214e-003
  1.3434689e-002
  3.7178236e-002
  6.4441900e-002
  9.4405932e-002
  1.2631106e-001
  1.5944277e-001
  1.9309965e-001
  2.2655479e-001
  2.5902041e-001
  2.8962538e-001
  3.1741296e-001
  3.4136317e-001
  3.6043983e-001
  3.7365827e-001
  3.8016598e-001
  3.7932601e-001
  3.7079154e-001
  3.5456074e-001
  3.3100304e-001
  3.0085159e-001
  2.6516060e-001
  2.2523116e-001
  1.8251301e-001
  1.3849293e-001
  9.4582142e-002
  5.2015001e-002
  1.1769852e-002
 -2.5480324e-002
 -5.9383689e-002
 -8.9892413e-002
 -1.1721734e-001
 -1.4176249e-001
 -1.6404943e-001
 -1.8464197e-001
 -2.0408076e-001
 -2.2283472e-001
 -2.4127322e-001
 -2.5965903e-001
 -2.7815887e-001
 -2.9686539e-001
 -3.1582320e-001
 -3.3505112e-001
 -3.5455434e-001
 -3.7432230e-001
 -3.9431143e-001
 -4.1441498e-001
 -4.3442548e-001
 -4.5399704e-001
 -4.7261599e-001
 -4.8958743e-001
 -5.0404379e-001
 -5.1497790e-001
 -5.2130022e-001
 -5.2191530e-001
 -5.1581015e-001
 -5.0214436e-001
 -4.8033149e-001
 -4.5010166e-001
 -4.1153773e-001
 -3.6508073e-001
 -3.1150403e-001
 -2.5186039e-001
 -1.8740886e-001
 -1.1953160e-001
 -4.9651297e-002
  2.0840597e-002
  9.0636708e-002
  1.5854298e-001
  2.2348359e-001
  2.8448479e-001
  3.4064473e-001
  3.9109811e-001
  4.3498592e-001
  4.7143932e-001
  4.9958433e-001
  5.1857060e-001
  5.2762296e-001
  5.2611060e-001
  5.1362468e-001
  4.9005334e-001
  4.5564209e-001
  4.1102906e-001
  3.5724695e-001
  2.9568846e-001
  2.2803612e-001
  1.5616283e-001
  8.2013551e-002
  7.4812358e-003
 -6.5708508e-002
 -1.3609075e-001
 -2.0252190e-001
 -2.6420131e-001
 -3.2065288e-001
 -3.7167065e-001
 -4.1723771e-001
 -4.5743077e-001
 -4.9232479e-001
 -5.2191176e-001
 -5.4604522e-001
 -5.6441868e-001
 -5.7658062e-001
 -5.8198380e-001
 -5.8006148e-001
 -5.7031927e-001
 -5.5242930e-001
 -5.2631292e-001
 -4.9219993e-001
 -4.5065551e-001
 -4.0257084e-001
 -3.4911800e-001
 -2.9167495e-001
 -2.3173013e-001
 -1.7077875e-001
 -1.1022351e-001
 -5.1291828e-002
  5.0216897e-003
  5.7981881e-002
  1.0710814e-001
  1.5214147e-001
  1.9299063e-001
  2.2966727e-001
  2.6222060e-001
  2.9068177e-001
  3.1502602e-001
  3.3515740e-001
  3.5091718e-001
  3.6211341e-001
  3.6856544e-001
  3.7015555e-001
  3.6687831e-001
  3.5887915e-001
  3.4647511e-001
  3.3015355e-001
  3.1054779e-001
  2.8839223e-001
  2.6446225e-001
  2.3950639e-001
  2.1417965e-001
  1.8898629e-001
  1.6423953e-001
  1.4004334e-001
  1.1629875e-001
  9.2734051e-002
  6.8955771e-002
  4.4514540e-002
  1.8978953e-002
 -7.9904565e-003
 -3.6574615e-002
 -6.6743171e-002
 -9.8220463e-002
 -1.3047308e-001
 -1.6271981e-001
 -1.9396271e-001
 -2.2303660e-001
 -2.4867264e-001
 -2.6957120e-001
 -2.8447859e-001
 -2.9226239e-001
 -2.9198045e-001
 -2.8293923e-001
 -2.6473800e-001
 -2.3729651e-001
 -2.0086464e-001
 -1.5601398e-001
 -1.0361227e-001
 -4.4783125e-002
  1.9145861e-002
  8.6702281e-002
  1.5633072e-001
  2.2645241e-001
  2.9551826e-001
  3.6205179e-001
  4.2467979e-001
  4.8215002e-001
  5.3333740e-001
  5.7724128e-001
  6.1297815e-001
  6.3977441e-001
  6.5696413e-001
  6.6399550e-001
  6.6044832e-001
  6.4606270e-001
  6.2077649e-001
  5.8476711e-001
  5.3849104e-001
  4.8271396e-001
  4.1852394e-001
  3.4732187e-001
  2.7078521e-001
  1.9080485e-001
  1.0939779e-001
  2.8602512e-002
 -4.9633552e-002
 -1.2356309e-001
 -1.9173263e-001
 -2.5305032e-001
 -3.0681974e-001
 -3.5273556e-001
 -3.9084174e-001
 -4.2145737e-001
 -4.4507985e-001
 -4.6227787e-001
 -4.7358833e-001
 -4.7943074e-001
 -4.8005047e-001
 -4.7549817e-001
 -4.6564784e-001
 -4.5025032e-001
 -4.2901443e-001
 -4.0170343e-001
 -3.6823259e-001
 -3.2875321e-001
 -2.8371007e-001
 -2.3386328e-001
 -1.8026986e-001
 -1.2422675e-001
 -6.7181607e-002
 -1.0622871e-002
  4.4036899e-002
  9.5569271e-002
  1.4301598e-001
  1.8574207e-001
  2.2345007e-001
  2.5615471e-001
  2.8412295e-001
  3.0778885e-001
  3.2765601e-001
  3.4420164e-001
  3.5779536e-001
  3.6864343e-001
  3.7676471e-001
  3.8199983e-001
  3.8404984e-001
  3.8253639e-001
  3.7707244e-001
  3.6733133e-001
  3.5310262e-001
  3.3432605e-001
  3.1109835e-001
  2.8365283e-001
  2.5231603e-001
  2.1744981e-001
  1.7938988e-001
  1.3839258e-001
  9.4600567e-002
  4.8035436e-002
 -1.3789890e-003
 -5.3763826e-002
 -1.0920864e-001
 -1.6768133e-001
 -2.2893696e-001
 -2.9243940e-001
 -3.5730799e-001
 -4.2229926e-001
 -4.8582905e-001
 -5.4603548e-001
 -6.0087813e-001
 -6.4826408e-001
 -6.8618837e-001
 -7.1287453e-001
 -7.2690115e-001
 -7.2730245e-001
 -7.1363384e-001
 -6.8599817e-001
 -6.4503265e-001
 -5.9186069e-001
 -5.2801644e-001
 -4.5535176e-001
 -3.7593593e-001
 -2.9195776e-001
 -2.0563764e-001
 -1.1915415e-001
 -3.4587214e-002
  4.6123599e-002
  1.2120880e-001
  1.8909133e-001
  2.4840618e-001
  2.9802115e-001
  3.3706059e-001
  3.6493239e-001
  3.8135557e-001
  3.8638464e-001
  3.8042551e-001
  3.6423740e-001
  3.3891650e-001
  3.0585827e-001
  2.6669814e-001
  2.2323251e-001
  1.7732500e-001
  1.3080463e-001
  8.5364131e-002
  4.2466959e-002
  3.2709142e-003
 -3.1425209e-002
 -6.1207753e-002
 -8.6045581e-002
 -1.0625986e-001
 -1.2246985e-001
 -1.3552030e-001
 -1.4639708e-001
 -1.5613840e-001
 -1.6574840e-001
 -1.7611900e-001
 -1.8796473e-001
 -2.0177332e-001
 -2.1777366e-001
 -2.3592091e-001
 -2.5589796e-001
 -2.7713130e-001
 -2.9881919e-001
 -3.1997010e-001
 -3.3944918e-001
 -3.5603088e-001
 -3.6845606e-001
 -3.7549171e-001
 -3.7599154e-001
 -3.6895544e-001
 -3.5358543e-001
 -3.2933564e-001
 -2.9595371e-001
 -2.5351100e-001
 -2.0241935e-001
 -1.4343276e-001
 -7.7632895e-002
 -6.3986811e-003
  6.8639234e-002
  1.4565693e-001
  2.2270575e-001
  2.9778742e-001
  3.6893160e-001
  4.3427205e-001
  4.9211731e-001
  5.4101257e-001
  5.7978997e-001
  6.0760521e-001
  6.2395951e-001
  6.2870646e-001
  6.2204457e-001
  6.0449648e-001
  5.7687692e-001
  5.4025157e-001
  4.9588927e-001
  4.4521037e-001
  3.8973353e-001
  3.3102332e-001
  2.7064067e-001
  2.1009746e-001
  1.5081650e-001
  9.4097351e-002
  4.1088138e-002
 -7.2366064e-003
 -5.0092512e-002
 -8.6896546e-002
 -1.1727299e-001
 -1.4105415e-001
 -1.5827563e-001
 -1.6916553e-001
 -1.7412724e-001
 -1.7371537e-001
 -1.6860477e-001
 -1.5955330e-001
 -1.4735952e-001
 -1.3281767e-001
 -1.1667251e-001
 -9.9577901e-002
 -8.2062491e-002
 -6.4506164e-002
 -4.7129991e-002
 -3.0001249e-002
 -1.3053529e-002
  3.8797823e-003
  2.1022108e-002
  3.8605239e-002
  5.6821621e-002
  7.5783328e-002
  9.5493076e-002
  1.1583120e-001
  1.3656051e-001
  1.5734845e-001
  1.7780347e-001
  1.9752046e-001
  2.1612823e-001
  2.3333173e-001
  2.4894204e-001
  2.6288851e-001
  2.7521033e-001
  2.8602727e-001
  2.9549332e-001
  3.0373911e-001
  3.1081179e-001
  3.1662169e-001
  3.2090504e-001
  3.2321001e-001
  3.2291070e-001
  3.1924982e-001
  3.1140671e-001
  2.9858365e-001
  2.8010039e-001
  2.5548520e-001
  2.2455067e-001
  1.8744421e-001
  1.4466621e-001
  9.7052975e-002
  4.5726402e-002
 -7.9834523e-003
 -6.2632901e-002
 -1.1676420e-001
 -1.6899757e-001
 -2.1810457e-001
 -2.6305468e-001
 -3.0303142e-001
 -3.3741898e-001
 -3.6576523e-001
 -3.8773058e-001
 -4.0303464e-001
 -4.1141266e-001
 -4.1259241e-001
 -4.0629844e-001
 -3.9228593e-001
 -3.7040122e-001
 -3.4066062e-001
 -3.0333542e-001
 -2.5902850e-001
 -2.0872805e-001
 -1.5382570e-001
 -9.6091151e-002
 -3.7600526e-002
  1.9377593e-002
  7.2528363e-002
  1.1965413e-001
  1.5883699e-001
  1.8858170e-001
  2.0792209e-001
  2.1647850e-001
  2.1445977e-001
  2.0261038e-001
  1.8211031e-001
  1.5444113e-001
  1.2123581e-001
  8.4131301e-002
  4.4641827e-002
  4.0670943e-003
 -3.6555977e-002
 -7.6456114e-002
 -1.1509014e-001
 -1.5207590e-001
 -1.8711068e-001
 -2.1989193e-001
 -2.5005586e-001
 -2.7714644e-001
 -3.0062148e-001
 -3.1989623e-001
 -3.3441804e-001
 -3.4376018e-001
 -3.4771877e-001
 -3.4639550e-001
 -3.4025019e-001
 -3.3011093e-001
 -3.1713564e-001
 -3.0272582e-001
 -2.8840041e-001
 -2.7564415e-001
 -2.6574876e-001
 -2.5966743e-001
 -2.5790181e-001
 -2.6043677e-001
 -2.6673254e-001
 -2.7577590e-001
 -2.8618483e-001
 -2.9635375e-001
 -3.0462146e-001
 -3.0944092e-001
 -3.0953057e-001
 -3.0398920e-001
 -2.9236215e-001
 -2.7465329e-001
 -2.5128447e-001
 -2.2301144e-001
 -1.9081036e-001
 -1.5575256e-001
 -1.1888560e-001
 -8.1137040e-002
 -4.3252708e-002
 -5.7756269e-003
  3.0934921e-002
  6.6650870e-002
  1.0120115e-001
  1.3439057e-001
  1.6592733e-001
  1.9537292e-001
  2.2212446e-001
  2.4543397e-001
  2.6446329e-001
  2.7836748e-001
  2.8639483e-001
  2.8798906e-001
  2.8287820e-001
  2.7113682e-001
  2.5321164e-001
  2.2990567e-001
  2.0232223e-001
  1.7177535e-001
  1.3967814e-001
  1.0742337e-001
  7.6271555e-002
  4.7260548e-002
  2.1147196e-002
 -1.6129119e-003
 -2.0847196e-002
 -3.6614313e-002
 -4.9128404e-002
 -5.8672026e-002
 -6.5511548e-002
 -6.9827958e-002
 -7.1673226e-002
 -7.0958184e-002
 -6.7472897e-002
 -6.0935461e-002
 -5.1060824e-002
 -3.7638266e-002
 -2.0604888e-002
 -1.0316443e-004
  2.3486958e-002
  4.9547073e-002
  7.7251440e-002
  1.0562648e-001
  1.3363069e-001
  1.6024420e-001
  1.8455563e-001
  2.0583478e-001
  2.2358147e-001
  2.3754481e-001
  2.4771143e-001
  2.5426573e-001
  2.5752947e-001
  2.5789076e-001
  2.5573397e-001
  2.5138176e-001
  2.4505818e-001
  2.3687850e-001
  2.2686682e-001
  2.1499836e-001
  2.0125886e-001
  1.8571067e-001
  1.6855394e-001
  1.5017123e-001
  1.3114641e-001
  1.1225227e-001
  9.4405684e-002
  7.8594262e-002
  6.5782895e-002
  5.6811944e-002
  5.2300651e-002
  5.2569259e-002
  5.7591237e-002
  6.6983293e-002
  8.0035908e-002
  9.5781671e-002
  1.1309352e-001
  1.3080076e-001
  1.4780819e-001
  1.6320301e-001
  1.7633574e-001
  1.8686496e-001
  1.9476033e-001
  2.0026446e-001
  2.0381954e-001
  2.0597000e-001
  2.0725530e-001
  2.0810884e-001
  2.0877776e-001
  2.0927551e-001
  2.0937426e-001
  2.0863845e-001
  2.0649455e-001
  2.0232699e-001
  1.9558564e-001
  1.8588879e-001
  1.7310558e-001
  1.5740447e-001
  1.3925926e-001
  1.1940998e-001
  9.8782483e-002
  7.8376874e-002
  5.9139454e-002
  4.1835914e-002
  2.6943669e-002
  1.4579141e-002
  4.4713184e-003
 -4.0132480e-003
 -1.1795788e-002
 -1.9969676e-002
 -2.9658235e-002
 -4.1864296e-002
 -5.7331215e-002
 -7.6433795e-002
 -9.9113755e-002
 -1.2486859e-001
 -1.5279561e-001
 -1.8168570e-001
 -2.1015471e-001
 -2.3679552e-001
 -2.6033130e-001
 -2.7975022e-001
 -2.9440484e-001
 -3.0406417e-001
 -3.0891257e-001
 -3.0949726e-001
 -3.0663228e-001
 -3.0127284e-001
 -2.9437712e-001
 -2.8677395e-001
 -2.7905347e-001
 -2.7149419e-001
 -2.6403481e-001
 -2.5629297e-001
 -2.4762689e-001
 -2.3723069e-001
 -2.2425007e-001
 -2.0790346e-001
 -1.8759359e-001
 -1.6299685e-001
 -1.3412137e-001
 -1.0132917e-001
 -6.5322893e-002
 -2.7101481e-002
  1.2107407e-002
  5.0928604e-002
  8.7924535e-002
  1.2167559e-001
  1.5084938e-001
  1.7425544e-001
  1.9088472e-001
  1.9993570e-001
  2.0083052e-001
  1.9322511e-001
  1.7701653e-001
  1.5234968e-001
  1.1962340e-001
  7.9494152e-002
  3.2873945e-002
 -1.9081459e-002
 -7.4998010e-002
 -1.3332498e-001
 -1.9239318e-001
 -2.5048773e-001
 -3.0593048e-001
 -3.5716519e-001
 -4.0283716e-001
 -4.4185883e-001
 -4.7345407e-001
 -4.9717619e-001
 -5.1289780e-001
 -5.2077460e-001
 -5.2118815e-001
 -5.1467593e-001
 -5.0185847e-001
 -4.8337332e-001
 -4.5982472e-001
 -4.3175493e-001
 -3.9963950e-001
 -3.6390522e-001
 -3.2496510e-001
 -2.8326246e-001
 -2.3931405e-001
 -1.9374227e-001
 -1.4728837e-001
 -1.0080099e-001
 -5.5198829e-002
 -1.1410340e-002
  2.9702557e-002
  6.7426714e-002
  1.0127411e-001
  1.3104063e-001
  1.5683725e-001
  1.7908714e-001
  1.9848615e-001
  2.1592953e-001
  2.3241185e-001
  2.4891097e-001
  2.6626931e-001
  2.8508611e-001
  3.0563312e-001
  3.2780352e-001
  3.5109987e-001
  3.7466192e-001
  3.9733105e-001
  4.1774367e-001
  4.3444314e-001
  4.4599851e-001
  4.5111813e-001
  4.4874783e-001
  4.3814600e-001
  4.1893093e-001
  3.9109931e-001
  3.5501778e-001
  3.1139186e-001
  2.6121804e-001
  2.0572519e-001
  1.4631132e-001
  8.4480251e-002
  2.1781824e-002
 -4.0242630e-002
 -1.0010867e-001
 -1.5643106e-001
 -2.0796026e-001
 -2.5361324e-001
 -2.9249825e-001
 -3.2393265e-001
 -3.4745265e-001
 -3.6281360e-001
 -3.6998021e-001
 -3.6910664e-001
 -3.6050779e-001
 -3.4462445e-001
 -3.2198585e-001
 -2.9317421e-001
 -2.5879550e-001
 -2.1946045e-001
 -1.7577795e-001
 -1.2836129e-001
 -7.7845574e-002
 -2.4912219e-002
  2.9684903e-002
  8.5098091e-002
  1.4037543e-001
  1.9446636e-001
  2.4624601e-001
  2.9455828e-001
  3.3827457e-001
  3.7636236e-001
  4.0795556e-001
  4.3241780e-001
  4.4938987e-001
  4.5881445e-001
  4.6093386e-001
  4.5626003e-001
  4.4552000e-001
  4.2958314e-001
  4.0937941e-001
  3.8581873e-001
  3.5972172e-001
  3.3176994e-001
  3.0248115e-001
  2.7221097e-001
  2.4117874e-001
  2.0951139e-001
  1.7729692e-001
  1.4463764e-001
  1.1169393e-001
  7.8710976e-002
  4.6024365e-002
  1.4044027e-002
 -1.6779982e-002
 -4.6003066e-002
 -7.3234139e-002
 -9.8176662e-002
 -1.2065424e-001
 -1.4061505e-001
 -1.5811300e-001
 -1.7326793e-001
 -1.8621108e-001
 -1.9702513e-001
 -2.0569004e-001
 -2.1204540e-001
 -2.1577800e-001
 -2.1643994e-001
 -2.1349716e-001
 -2.0640380e-001
 -1.9469254e-001
 -1.7806801e-001
 -1.5648862e-001
 -1.3022297e-001
 -9.9869930e-002
 -6.6336248e-002
 -3.0771784e-002
  5.5311904e-003
  4.1262347e-002
  7.5224690e-002
  1.0645441e-001
  1.3431127e-001
  1.5852496e-001
  1.7918864e-001
  1.9669804e-001
  2.1164248e-001
  2.2466152e-001
  2.3628642e-001
  2.4678902e-001
  2.5606068e-001
  2.6354078e-001
  2.6820844e-001
  2.6864300e-001
  2.6314990e-001
  2.4993929e-001
  2.2733767e-001
  1.9400723e-001
  1.4914622e-001
  9.2644805e-002
  2.5176128e-002
 -5.1790218e-002
 -1.3605570e-001
 -2.2483491e-001
 -3.1495669e-001
 -4.0310180e-001
 -4.8605042e-001
 -5.6091208e-001
 -6.2531336e-001
 -6.7752447e-001
 -7.1651389e-001
 -7.4192962e-001
 -7.5401460e-001
 -7.5347176e-001
 -7.4130003e-001
 -7.1862481e-001
 -6.8654633e-001
 -6.4602526e-001
 -5.9781903e-001
 -5.4247422e-001
 -4.8037258e-001
 -4.1182002e-001
 -3.3716220e-001
 -2.5690676e-001
 -1.7183110e-001
 -8.3057130e-002
  7.9210912e-003
  9.9264360e-002
  1.8886988e-001
  2.7449980e-001
  3.5394254e-001
  4.2518832e-001
  4.8659775e-001
  5.3704304e-001
  5.7600440e-001
  6.0360918e-001
  6.2060838e-001
  6.2829204e-001
  6.2835240e-001
  6.2270929e-001
  6.1331664e-001
  6.0197048e-001
  5.9013846e-001
  5.7882800e-001
  5.6850534e-001
  5.5907214e-001
  5.4989931e-001
  5.3991230e-001
  5.2771615e-001
  5.1174559e-001
  4.9042334e-001
  4.6231036e-001
  4.2623355e-001
  3.8138050e-001
  3.2735508e-001
  2.6419301e-001
  1.9234095e-001
  1.1260690e-001
  2.6091753e-002
 -6.5886484e-002
 -1.6186531e-001
 -2.6029844e-001
 -3.5959888e-001
 -4.5816251e-001
 -5.5437382e-001
 -6.4659881e-001
 -7.3317270e-001
 -8.1239064e-001
 -8.8251013e-001
 -9.4177139e-001
 -9.8843991e-001
 -1.0208715e+000
 -1.0375966e+000
 -1.0374168e+000
 -1.0195048e+000
 -9.8349578e-001
 -9.2956039e-001
 -8.5844813e-001
 -7.7149501e-001
 -6.7059156e-001
 -5.5811181e-001
 -4.3680821e-001
 -3.0968091e-001
 -1.7983273e-001
 -5.0322293e-002
  7.5972084e-002
  1.9646696e-001
  3.0895861e-001
  4.1167368e-001
  5.0328526e-001
  5.8289755e-001
  6.5000583e-001
  7.0444006e-001
  7.4630168e-001
  7.7590238e-001
  7.9371185e-001
  8.0031919e-001
  7.9640928e-001
  7.8275258e-001
  7.6020422e-001
  7.2970673e-001
  6.9229000e-001
  6.4906283e-001
  6.0119225e-001
  5.4986892e-001
  4.9626005e-001
  4.4145379e-001
  3.8640131e-001
  3.3186393e-001
  2.7837302e-001
  2.2620887e-001
  1.7540326e-001
  1.2576691e-001
  7.6940325e-002
  2.8462990e-002
 -2.0146206e-002
 -6.9306418e-002
 -1.1929939e-001
 -1.7020960e-001
 -2.2188641e-001
 -2.7393204e-001
 -3.2571559e-001
 -3.7641044e-001
 -4.2504942e-001
 -4.7059029e-001
 -5.1198342e-001
 -5.4823377e-001
 -5.7845083e-001
 -6.0188276e-001
 -6.1793311e-001
 -6.2616202e-001
 -6.2627548e-001
 -6.1810835e-001
 -6.0160692e-001
 -5.7681669e-001
 -5.4387942e-001
 -5.0304120e-001
 -4.5467097e-001
 -3.9928635e-001
 -3.3758150e-001
 -2.7045090e-001
 -1.9900230e-001
 -1.2455346e-001
 -4.8608805e-002
  2.7185067e-002
  1.0110326e-001
  1.7142131e-001
  2.3650179e-001
  2.9488044e-001
  3.4534312e-001
  3.8698550e-001
  4.1924936e-001
  4.4193199e-001
  4.5516831e-001
  4.5938829e-001
  4.5525546e-001
  4.4359382e-001
  4.2531191e-001
  4.0133253e-001
  3.7253539e-001
  3.3971810e-001
  3.0357790e-001
  2.6471410e-001
  2.2364791e-001
  1.8085469e-001
  1.3680191e-001
  9.1985793e-002
  4.6960262e-002
  2.3532412e-003
 -4.1132641e-002
 -8.2735329e-002
 -1.2166269e-001
 -1.5713191e-001
 -1.8841364e-001
 -2.1487470e-001
 -2.3601394e-001
 -2.5148634e-001
 -2.6111271e-001
 -2.6487404e-001
 -2.6289209e-001
 -2.5539938e-001
 -2.4270360e-001
 -2.2515170e-001
 -2.0309929e-001
 -1.7688982e-001
 -1.4684656e-001
 -1.1327846e-001
 -7.6498742e-002
 -3.6853149e-002
  5.2469776e-003
  4.9292434e-002
  9.4650649e-002
  1.4055221e-001
  1.8609332e-001
  2.3025611e-001
  2.7194651e-001
  3.1004698e-001
  3.4347945e-001
  3.7127224e-001
  3.9262407e-001
  4.0695836e-001
  4.1396177e-001
  4.1360299e-001
  4.0612970e-001
  3.9204407e-001
  3.7205979e-001
  3.4704536e-001
  3.1795979e-001
  2.8578762e-001
  2.5147968e-001
  2.1590491e-001
  1.7981698e-001
  1.4383727e-001
  1.0845344e-001
  7.4030962e-002
  4.0833609e-002
  9.0478003e-003
 -2.1193891e-002
 -4.9794222e-002
 -7.6680363e-002
 -1.0180139e-001
 -1.2513310e-001
 -1.4668739e-001
 -1.6652225e-001
 -1.8474811e-001
 -2.0152652e-001
 -2.1705845e-001
 -2.3156121e-001
 -2.4523517e-001
 -2.5822359e-001
 -2.7057060e-001
 -2.8218362e-001
 -2.9280641e-001
 -3.0200861e-001
 -3.0919544e-001
 -3.1363908e-001
 -3.1453032e-001
 -3.1104615e-001
 -3.0242662e-001
 -2.8805268e-001
 -2.6751606e-001
 -2.4067313e-001
 -2.0767619e-001
 -1.6897861e-001
 -1.2531333e-001
 -7.7647548e-002
 -2.7119586e-002
  2.5034287e-002
  7.7554042e-002
  1.2922251e-001
  1.7891734e-001
  2.2564382e-001
  2.6854711e-001
  3.0690579e-001
  3.4011166e-001
  3.6764239e-001
  3.8903488e-001
  4.0386661e-001
  4.1175043e-001
  4.1234592e-001
  4.0538689e-001
  3.9072152e-001
  3.6835893e-001
  3.3851408e-001
  3.0164240e-001
  2.5845663e-001
  2.0992036e-001
  1.5721608e-001
  1.0168914e-001
  4.4772858e-002
 -1.2097356e-002
 -6.7570666e-002
 -1.2045809e-001
 -1.6979105e-001
 -2.1485440e-001
 -2.5519088e-001
 -2.9057771e-001
 -3.2098015e-001
 -3.4649005e-001
 -3.6725936e-001
 -3.8343908e-001
 -3.9513296e-001
 -4.0237266e-001
 -4.0511754e-001
 -4.0327808e-001
 -3.9675815e-001
 -3.8550806e-001
 -3.6957874e-001
 -3.4916691e-001
 -3.2464272e-001
 -2.9655394e-001
 -2.6560470e-001
 -2.3261070e-001
 -1.9843683e-001
 -1.6392599e-001
 -1.2982935e-001
 -9.6748349e-002
 -6.5096912e-002
 -3.5089332e-002
 -6.7553462e-003
  2.0020296e-002
  4.5440173e-002
  6.9727614e-002
  9.3061624e-002
  1.1552335e-001
  1.3706215e-001
  1.5748606e-001
  1.7647746e-001
  1.9363069e-001
  2.0850481e-001
  2.2068237e-001
  2.2982413e-001
  2.3571070e-001
  2.3826413e-001
  2.3754618e-001
  2.3373386e-001
  2.2707701e-001
  2.1784552e-001
  2.0627583e-001
  1.9252666e-001
  1.7665233e-001
  1.5859927e-001
  1.3822736e-001
  1.1535372e-001
  8.9812371e-002
  6.1520596e-002
  3.0541231e-002
 -2.8696229e-003
 -3.8237867e-002
 -7.4874782e-002
 -1.1190933e-001
 -1.4834579e-001
 -1.8313917e-001
 -2.1527821e-001
 -2.4386438e-001
 -2.6817617e-001
 -2.8771022e-001
 -3.0219425e-001
 -3.1157169e-001
 -3.1596162e-001
 -3.1560207e-001
 -3.1078668e-001
 -3.0180577e-001
 -2.8890167e-001
 -2.7224575e-001
 -2.5194036e-001
 -2.2804490e-001
 -2.0062069e-001
 -1.6978601e-001
 -1.3577084e-001
 -9.8960492e-002
 -5.9919009e-002
 -1.9386429e-002
  2.1751899e-002
  6.2521061e-002
  1.0193036e-001
  1.3905492e-001
  1.7311335e-001
  2.0352999e-001
  2.2997238e-001
  2.5235822e-001
  2.7083046e-001
  2.8570439e-001
  2.9739418e-001
  3.0633021e-001
  3.1287906e-001
  3.1727829e-001
  3.1959545e-001
  3.1971697e-001
  3.1736838e-001
  3.1216216e-001
  3.0366571e-001
  2.9147884e-001
  2.7530920e-001
  2.5503425e-001
  2.3074117e-001
  2.0273920e-001
  1.7154350e-001
  1.3783388e-001
  1.0239520e-001
  6.6049129e-002
  2.9587301e-002
 -6.2844126e-003
 -4.0983320e-002
 -7.4065010e-002
 -1.0521601e-001
 -1.3422752e-001
 -1.6095672e-001
 -1.8528382e-001
 -2.0707340e-001
 -2.2614742e-001
 -2.4227480e-001
 -2.5517947e-001
 -2.6456529e-001
 -2.7015326e-001
 -2.7172434e-001
 -2.6915997e-001
 -2.6247315e-001
 -2.5182427e-001
 -2.3751868e-001
 -2.1998581e-001
 -1.9974324e-001
 -1.7735086e-001
 -1.5336260e-001
 -1.2828286e-001
 -1.0253421e-001
 -7.6440896e-002
 -5.0229750e-002
 -2.4047490e-002
  2.0095907e-003
  2.7859318e-002
  5.3397494e-002
  7.8468439e-002
  1.0284738e-001
  1.2623767e-001
  1.4828314e-001
  1.6859328e-001
  1.8677675e-001
  2.0247744e-001
  2.1540693e-001
  2.2536811e-001
  2.3226641e-001
  2.3610724e-001
  2.3698099e-001
  2.3503885e-001
  2.3046449e-001
  2.2344698e-001
  2.1416012e-001
  2.0275184e-001
  1.8934531e-001
  1.7405105e-001
  1.5698719e-001
  1.3830311e-001
  1.1820135e-001
  9.6952367e-002
  7.4898387e-002
  5.2444282e-002
  3.0035972e-002
  8.1292084e-003
 -1.2846444e-002
 -3.2522504e-002
 -5.0619326e-002
 -6.6961712e-002
 -8.1479349e-002
 -9.4191587e-002
 -1.0517883e-001
 -1.1454521e-001
 -1.2237894e-001
 -1.2871725e-001
 -1.3352226e-001
 -1.3667252e-001
 -1.3797199e-001
 -1.3717575e-001
 -1.3402817e-001
 -1.2830753e-001
 -1.1986933e-001
 -1.0868079e-001
 -9.4840238e-002
 -7.8577454e-002
 -6.0234519e-002
 -4.0229756e-002
 -1.9010658e-002
  2.9962778e-003
  2.5430044e-002
  4.8025808e-002
  7.0625768e-002
  9.3167330e-002
  1.1564959e-001
  1.3808295e-001
  1.6042974e-001
  1.8254593e-001
  2.0413416e-001
  2.2471722e-001
  2.4363825e-001
  2.6009005e-001
  2.7317135e-001
  2.8196384e-001
  2.8562015e-001
  2.8345123e-001
  2.7500109e-001
  2.6009888e-001
  2.3888111e-001
  2.1178128e-001
  1.7948898e-001
  1.4288471e-001
  1.0296034e-001
  6.0736611e-002
  1.7189521e-002
 -2.6804862e-002
 -7.0500576e-002
 -1.1328493e-001
 -1.5465714e-001
 -1.9418899e-001
 -2.3147707e-001
 -2.6609743e-001
 -2.9757267e-001
 -3.2535961e-001
 -3.4886144e-001
 -3.6746411e-001
 -3.8059228e-001
 -3.8777610e-001
 -3.8871818e-001
 -3.8334919e-001
 -3.7186215e-001
 -3.5471833e-001
 -3.3262214e-001
 -3.0646714e-001
 -2.7725965e-001
 -2.4603052e-001
 -2.1374687e-001
 -1.8123640e-001
 -1.4913423e-001
 -1.1785936e-001
 -8.7622610e-002
 -5.8463305e-002
 -3.0307344e-002
 -3.0360236e-003
  2.3446523e-002
  4.9158911e-002
  7.4010352e-002
  9.7796018e-002
  1.2022033e-001
  1.4094362e-001
  1.5964341e-001
  1.7607876e-001
  1.9014528e-001
  2.0190965e-001
  2.1161563e-001
  2.1965816e-001
  2.2652731e-001
  2.3272925e-001
  2.3869534e-001
  2.4469300e-001
  2.5075247e-001
  2.5662178e-001
  2.6175826e-001
  2.6536015e-001
  2.6643568e-001
  2.6390171e-001
  2.5669979e-001
  2.4391437e-001
  2.2487826e-001
  1.9925156e-001
  1.6706455e-001
  1.2872015e-001
  8.4957054e-002
  3.6780305e-002
 -1.4629627e-002
 -6.8015854e-002
 -1.2213817e-001
 -1.7584809e-001
 -2.2813707e-001
 -2.7815417e-001
 -3.2519423e-001
 -3.6866282e-001
 -4.0802755e-001
 -4.4276757e-001
 -4.7233268e-001
 -4.9612180e-001
 -5.1348688e-001
 -5.2376366e-001
 -5.2632599e-001
 -5.2065629e-001
 -5.0642146e-001
 -4.8354254e-001
 -4.5224662e-001
 -4.1309225e-001
 -3.6696308e-001
 -3.1502912e-001
 -2.5867957e-001
 -1.9943514e-001
 -1.3885062e-001
 -7.8419273e-002
 -1.9490261e-002
  3.6792244e-002
  8.9522946e-002
  1.3804117e-001
  1.8191140e-001
  2.2088486e-001
  2.5485078e-001
  2.8378647e-001
  3.0771479e-001
  3.2667520e-001
  3.4071178e-001
  3.4987810e-001
  3.5425546e-001
  3.5397886e-001
  3.4926345e-001
  3.4042451e-001
  3.2788507e-001
  3.1216776e-001
  2.9387035e-001
  2.7362759e-001
  2.5206429e-001
  2.2974662e-001
  2.0713897e-001
  1.8457294e-001
  1.6223342e-001
  1.4016404e-001
  1.1829109e-001
  9.6462479e-002
  7.4495698e-002
  5.2227719e-002
  2.9559449e-002
  6.4884282e-003
 -1.6874554e-002
 -4.0306635e-002
 -6.3490753e-002
 -8.6046540e-002
 -1.0756871e-001
 -1.2766648e-001
 -1.4599770e-001
 -1.6229254e-001
 -1.7636371e-001
 -1.8810220e-001
 -1.9746061e-001
 -2.0442760e-001
 -2.0899874e-001
 -2.1114940e-001
 -2.1081488e-001
 -2.0788140e-001
 -2.0219001e-001
 -1.9355285e-001
 -1.8177950e-001
 -1.6670920e-001
 -1.4824409e-001
 -1.2637843e-001
 -1.0121943e-001
 -7.2997121e-002
 -4.2062106e-002
 -8.8722088e-003
  2.6029354e-002
  6.2040577e-002
  9.8527856e-002
  1.3484994e-001
  1.7037576e-001
  2.0449481e-001
  2.3662019e-001
  2.6618623e-001
  2.9264348e-001
  3.1545466e-001
  3.3409479e-001
  3.4805815e-001
  3.5687326e-001
  3.6012549e-001
  3.5748549e-001
  3.4874012e-001
  3.3382181e-001
  3.1283223e-001
  2.8605649e-001
  2.5396542e-001
  2.1720476e-001
  1.7657205e-001
  1.3298327e-001
  8.7432823e-002
  4.0950844e-002
 -5.4379586e-003
 -5.0750383e-002
 -9.4073236e-002
 -1.3458310e-001
 -1.7155764e-001
 -2.0437988e-001
 -2.3253789e-001
 -2.5562231e-001
 -2.7332437e-001
 -2.8543592e-001
 -2.9185229e-001
 -2.9257759e-001
 -2.8773094e-001
 -2.7755158e-001
 -2.6240028e-001
 -2.4275510e-001
 -2.1919978e-001
 -1.9240438e-001
 -1.6309894e-001
 -1.3204201e-001
 -9.9986824e-002
 -6.7648426e-002
 -3.5675045e-002
 -4.6264020e-003
  2.5039177e-002
  5.2968245e-002
  7.8906938e-002
  1.0268869e-001
  1.2421748e-001
  1.4344963e-001
  1.6037679e-001
  1.7501255e-001
  1.8738381e-001
  1.9752728e-001
  2.0549025e-001
  2.1133422e-001
  2.1513903e-001
  2.1700573e-001
  2.1705624e-001
  2.1542899e-001
  2.1227035e-001
  2.0772285e-001
  2.0191180e-001
  1.9493256e-001
  1.8684059e-001
  1.7764636e-001
  1.6731635e-001
  1.5578036e-001
  1.4294465e-001
  1.2870920e-001
  1.1298700e-001
  9.5722736e-002
  7.6908643e-002
  5.6595572e-002
  3.4898216e-002
  1.1994372e-002
 -1.1881018e-002
 -3.6445543e-002
 -6.1380833e-002
 -8.6343964e-002
 -1.1097715e-001
 -1.3491474e-001
 -1.5778739e-001
 -1.7922390e-001
 -1.9885212e-001
 -2.1630045e-001
 -2.3120152e-001
 -2.4319945e-001
 -2.5196107e-001
 -2.5719098e-001
 -2.5864910e-001
 -2.5616900e-001
 -2.4967456e-001
 -2.3919256e-001
 -2.2485927e-001
 -2.0691975e-001
 -1.8571966e-001
 -1.6169031e-001
 -1.3532893e-001
 -1.0717657e-001
 -7.7796464e-002
 -4.7755502e-002
 -1.7610681e-002
  1.2098423e-002
  4.0851450e-002
  6.8144692e-002
  9.3486487e-002
  1.1639340e-001
  1.3638997e-001
  1.5301439e-001
  1.6583120e-001
  1.7445108e-001
  1.7855614e-001
  1.7792793e-001
  1.7247449e-001
  1.6225256e-001
  1.4748089e-001
  1.2854212e-001
  1.0597161e-001
  8.0433490e-002
  5.2685839e-002
  2.3538569e-002
 -6.1916359e-003
 -3.5724393e-002
 -6.4352178e-002
 -9.1466785e-002
 -1.1657362e-001
 -1.3929348e-001
 -1.5935326e-001
 -1.7656857e-001
 -1.9082216e-001
 -2.0204232e-001
 -2.1018540e-001
 -2.1522507e-001
 -2.1715005e-001
 -2.1596987e-001
 -2.1172719e-001
 -2.0451342e-001
 -1.9448400e-001
 -1.8186969e-001
 -1.6698040e-001
 -1.5019999e-001
 -1.3197108e-001
 -1.1277155e-001
 -9.3084899e-002
 -7.3368607e-002
 -5.4024319e-002
 -3.5374091e-002
 -1.7645751e-002
 -9.6923850e-004
  1.4615838e-002
  2.9142831e-002
  4.2693657e-002
  5.5371101e-002
  6.7271857e-002
  7.8464067e-002
  8.8972177e-002
  9.8770675e-002
  1.0778675e-001
  1.1591043e-001
  1.2300979e-001
  1.2894779e-001
  1.3359780e-001
  1.3685471e-001
  1.3864007e-001
  1.3890057e-001
  1.3760084e-001
  1.3471236e-001
  1.3020145e-001
  1.2401926e-001
  1.1609660e-001
  1.0634555e-001
  9.4668641e-002
  8.0975035e-002
  6.5201820e-002
  4.7337567e-002
  2.7444655e-002
  5.6769432e-003
 -1.7710136e-002
 -4.2358943e-002
 -6.7819002e-002
 -9.3565537e-002
 -1.1902503e-001
 -1.4360475e-001
 -1.6672273e-001
 -1.8783489e-001
 -2.0645637e-001
 -2.2217563e-001
 -2.3466047e-001
 -2.4365717e-001
 -2.4898429e-001
 -2.5052373e-001
 -2.4821192e-001
 -2.4203335e-001
 -2.3201829e-001
 -2.1824525e-001
 -2.0084772e-001
 -1.8002363e-001
 -1.5604527e-001
 -1.2926694e-001
 -1.0012784e-001
 -6.9148206e-002
 -3.6917833e-002
 -4.0769432e-003
  2.8709142e-002
  6.0779293e-002
  9.1506895e-002
  1.2032807e-001
  1.4676492e-001
  1.7044164e-001
  1.9109221e-001
  2.0855969e-001
  2.2278792e-001
  2.3380752e-001
  2.4171858e-001
  2.4667228e-001
  2.4885394e-001
  2.4846878e-001
  2.4573161e-001
  2.4086015e-001
  2.3407154e-001
  2.2558088e-001
  2.1560042e-001
  2.0433826e-001
  1.9199576e-001
  1.7876346e-001
  1.6481578e-001
  1.5030548e-001
  1.3535894e-001
  1.2007356e-001
  1.0451819e-001
  8.8737191e-002
  7.2757819e-002
  5.6600415e-002
  4.0289922e-002
  2.3867200e-002
  7.3984746e-003
 -9.0184769e-003
 -2.5252261e-002
 -4.1140108e-002
 -5.6493874e-002
 -7.1108648e-002
 -8.4772405e-002
 -9.7275052e-002
 -1.0841545e-001
 -1.1800552e-001
 -1.2587128e-001
 -1.3185141e-001
 -1.3579463e-001
 -1.3755762e-001
 -1.3700531e-001
 -1.3401498e-001
 -1.2848510e-001
 -1.2034879e-001
 -1.0959072e-001
 -9.6265450e-002
 -8.0514466e-002
 -6.2578772e-002
 -4.2804300e-002
 -2.1637994e-002
  3.8639339e-004
  2.2672372e-002
  4.4592794e-002
  6.5526819e-002
  8.4897814e-002
  1.0220790e-001
  1.1706524e-001
  1.2920091e-001
  1.3847395e-001
  1.4486430e-001
  1.4845549e-001
  1.4941007e-001
  1.4794172e-001
  1.4428839e-001
  1.3869037e-001
  1.3137603e-001
  1.2255691e-001
  1.1243168e-001
  1.0119717e-001
  8.9063413e-002
  7.6268605e-002
  6.3090189e-002
  4.9848661e-002
  3.6902048e-002
  2.4630624e-002
  1.3413191e-002
  3.5978478e-003
 -4.5286640e-003
 -1.0768465e-002
 -1.5032535e-002
 -1.7349814e-002
 -1.7863568e-002
 -1.6815034e-002
 -1.4516286e-002
 -1.1315891e-002
 -7.5620379e-003
 -3.5681626e-003
  4.1430193e-004
  4.2125829e-003
  7.7368554e-003
  1.0972342e-002
  1.3961320e-002
  1.6778685e-002
  1.9505639e-002
  2.2206261e-002
  2.4911041e-002
  2.7610193e-002
  3.0257702e-002
  3.2785168e-002
  3.5122635e-002
  3.7222332e-002
  3.9080554e-002
  4.0753118e-002
  4.2360781e-002
  4.4082627e-002
  4.6137407e-002
  4.8754870e-002
  5.2140903e-002
  5.6441477e-002
  6.1710842e-002
  6.7888934e-002
  7.4791775e-002
  8.2116769e-002
  8.9462651e-002
  9.6361717e-002
  1.0232019e-001
  1.0686141e-001
  1.0956624e-001
  1.1010567e-001
  1.0826168e-001
  1.0393464e-001
  9.7137239e-002
  8.7977192e-002
  7.6632489e-002
  6.3323834e-002
  4.8289129e-002
  3.1764162e-002
  1.3972300e-002
 -4.8757855e-003
 -2.4573257e-002
 -4.4901725e-002
 -6.5613223e-002
 -8.6413965e-002
 -1.0695410e-001
 -1.2682672e-001
 -1.4557788e-001
 -1.6272747e-001
 -1.7779897e-001
 -1.9035458e-001
 -2.0003116e-001
 -2.0657213e-001
 -2.0985092e-001
 -2.0988285e-001
 -2.0682375e-001
 -2.0095563e-001
 -1.9266149e-001
 -1.8239282e-001
 -1.7063395e-001
 -1.5786802e-001
 -1.4454837e-001
 -1.3107829e-001
 -1.1780038e-001
 -1.0499541e-001
 -9.2888671e-002
 -8.1661256e-002
 -7.1462654e-002
 -6.2421580e-002
 -5.4652373e-002
 -4.8255555e-002
 -4.3312435e-002
 -3.9875003e-002
 -3.7953411e-002
 -3.7503948e-002
 -3.8420491e-002
 -4.0531901e-002
 -4.3606869e-002
 -4.7366471e-002
 -5.1503348e-002
 -5.5705287e-002
 -5.9680178e-002
 -6.3179067e-002
 -6.6014262e-002
 -6.8070267e-002
 -6.9306410e-002
 -6.9751377e-002
 -6.9491059e-002
 -6.8652111e-002
 -6.7384115e-002
 -6.5843267e-002
 -6.4179979e-002
 -6.2531875e-002
 -6.1022510e-002
 -5.9764975e-002
 -5.8868547e-002
 -5.8445979e-002
 -5.8618859e-002
 -5.9518905e-002
 -6.1283832e-002
 -6.4047591e-002
 -6.7925927e-002
 -7.2999277e-002
 -7.9295736e-002
 -8.6777047e-002
 -9.5330281e-002
 -1.0476706e-001
 -1.1483106e-001
 -1.2521314e-001
 -1.3557225e-001
 -1.4555933e-001
 -1.5484075e-001
 -1.6311808e-001
 -1.7014162e-001
 -1.7571594e-001
 -1.7969746e-001
 -1.8198512e-001
 -1.8250676e-001
 -1.8120429e-001
 -1.7802123e-001
 -1.7289560e-001
 -1.6576029e-001
 -1.5655154e-001
 -1.4522476e-001
 -1.3177517e-001
 -1.1625999e-001
 -9.8817966e-002
 -7.9682338e-002
 -5.9184127e-002
 -3.7743866e-002
 -1.5851722e-002
  5.9622849e-003
  2.7164665e-002
  4.7256998e-002
  6.5811733e-002
  8.2500655e-002
  9.7112423e-002
  1.0955718e-001
  1.1985809e-001
  1.2813168e-001
  1.3456028e-001
  1.3936112e-001
  1.4275695e-001
  1.4495243e-001
  1.4611967e-001
  1.4639442e-001
  1.4588259e-001
  1.4467511e-001
  1.4286731e-001
  1.4057868e-001
  1.3796829e-001
  1.3524238e-001
  1.3265153e-001
  1.3047683e-001
  1.2900650e-001
  1.2850594e-001
  1.2918554e-001
  1.3117128e-001
  1.3448268e-001
  1.3902201e-001
  1.4457667e-001
  1.5083520e-001
  1.5741488e-001
  1.6389760e-001
  1.6986909e-001
  1.7495659e-001
  1.7886006e-001
  1.8137316e-001
  1.8239204e-001
  1.8191171e-001
  1.8001160e-001
  1.7683373e-001
  1.7255751e-001
  1.6737569e-001
  1.6147542e-001
  1.5502712e-001
  1.4818253e-001
  1.4108112e-001
  1.3386298e-001
  1.2668465e-001
  1.1973390e-001
  1.1323976e-001
  1.0747451e-001
  1.0274615e-001
  9.9381059e-002
  9.7698677e-002
  9.7981132e-002
  1.0044201e-001
  1.0519856e-001
  1.1225137e-001
  1.2147449e-001
  1.3261754e-001
  1.4531960e-001
  1.5913308e-001
  1.7355444e-001
  1.8805772e-001
  2.0212687e-001
  2.1528312e-001
  2.2710478e-001
  2.3723827e-001
  2.4540048e-001
  2.5137420e-001
  2.5499911e-001
  2.5616143e-001
  2.5478518e-001
  2.5082743e-001
  2.4427871e-001
  2.3516856e-001
  2.2357506e-001
  2.0963589e-001
  1.9355830e-001
  1.7562485e-001
  1.5619279e-001
  1.3568551e-001
  1.1457587e-001
  9.3362766e-002
  7.2542921e-002
  5.2581306e-002
  3.3883479e-002
  1.6773101e-002
  1.4771183e-003
 -1.1880020e-002
 -2.3273026e-002
 -3.2764510e-002
 -4.0488005e-002
 -4.6628142e-002
 -5.1400948e-002
 -5.5036872e-002
 -5.7768368e-002
 -5.9822791e-002
 -6.1420236e-002
 -6.2774966e-002
 -6.4098402e-002
 -6.5601400e-002
 -6.7493790e-002
 -6.9979789e-002
 -7.3248879e-002
 -7.7462819e-002
 -8.2740426e-002
 -8.9142521e-002
 -9.6659706e-002
 -1.0520546e-001
 -1.1461645e-001
 -1.2466077e-001
 -1.3505392e-001
 -1.4548072e-001
 -1.5562082e-001
 -1.6517439e-001
 -1.7388502e-001
 -1.8155666e-001
 -1.8806300e-001
 -1.9334815e-001
 -1.9741954e-001
 -2.0033447e-001
 -2.0218314e-001
 -2.0307122e-001
 -2.0310488e-001
 -2.0238073e-001
 -2.0098208e-001
 -1.9898155e-001
 -1.9644911e-001
 -1.9346329e-001
 -1.9012274e-001
 -1.8655539e-001
 -1.8292244e-001
 -1.7941564e-001
 -1.7624729e-001
 -1.7363388e-001
 -1.7177512e-001
 -1.7083163e-001
 -1.7090431e-001
 -1.7201871e-001
 -1.7411696e-001
 -1.7705866e-001
 -1.8063089e-001
 -1.8456600e-001
 -1.8856490e-001
 -1.9232258e-001
 -1.9555247e-001
 -1.9800652e-001
 -1.9948866e-001
 -1.9986059e-001
 -1.9903995e-001
 -1.9699247e-001
 -1.9372035e-001
 -1.8924978e-001
 -1.8362057e-001
 -1.7688005e-001
 -1.6908271e-001
 -1.6029544e-001
 -1.5060744e-001
 -1.4014239e-001
 -1.2906998e-001
 -1.1761388e-001
 -1.0605346e-001
 -9.4717557e-002
 -8.3969981e-002
 -7.4187692e-002
 -6.5734025e-002
 -5.8930244e-002
 -5.4029194e-002
 -5.1194691e-002
 -5.0489560e-002
 -5.1873998e-002
 -5.5214466e-002
 -6.0301735e-002
 -6.6875343e-002
 -7.4650827e-002
 -8.3345704e-002
 -9.2700502e-002
 -1.0249200e-001
 -1.1253721e-001
 -1.2268810e-001
 -1.3281880e-001
 -1.4280805e-001
 -1.5252057e-001
 -1.6179118e-001
 -1.7041500e-001
 -1.7814588e-001
 -1.8470407e-001
 -1.8979236e-001
 -1.9311839e-001
 -1.9441999e-001
 -1.9348964e-001
 -1.9019418e-001
 -1.8448685e-001
 -1.7640957e-001
 -1.6608515e-001
 -1.5370062e-001
 -1.3948414e-001
 -1.2367897e-001
 -1.0651854e-001
 -8.8206001e-002
 -6.8901380e-002
 -4.8717644e-002
 -2.7725978e-002
 -5.9688245e-003
  1.6521859e-002
  3.9704431e-002
  6.3508996e-002
  8.7823558e-002
  1.1248711e-001
  1.3729070e-001
  1.6198603e-001
  1.8630009e-001
  2.0995322e-001
  2.3267754e-001
  2.5423286e-001
  2.7441766e-001
  2.9307364e-001
  3.1008363e-001
  3.2536387e-001
  3.3885240e-001
  3.5049626e-001
  3.6024011e-001
  3.6801867e-001
  3.7375437e-001
  3.7736107e-001
  3.7875292e-001
  3.7785704e-001
  3.7462750e-001
  3.6905827e-001
  3.6119251e-001
  3.5112665e-001
  3.3900831e-001
  3.2502852e-001
  3.0940935e-001
  2.9238939e-001
  2.7420940e-001
  2.5510070e-001
  2.3527837e-001
  2.1494024e-001
  1.9427162e-001
  1.7345475e-001
  1.5268070e-001
  1.3216116e-001
  1.1213731e-001
  9.2883286e-002
  7.4702863e-002
  5.7918881e-002
  4.2856298e-002
  2.9820973e-002
  1.9077048e-002
  1.0826232e-002
  5.1920979e-003
  2.2118433e-003
  1.8368063e-003
  3.9417072e-003
  8.3411837e-003
  1.4811034e-002
  2.3110835e-002
  3.3004390e-002
  4.4274867e-002
  5.6732395e-002
  7.0213182e-002
  8.4570714e-002
  9.9660971e-002
  1.1532469e-001
  1.3137028e-001
  1.4756100e-001
  1.6360934e-001
  1.7918042e-001
  1.9390479e-001
  2.0739937e-001
  2.1929384e-001
  2.2925904e-001
  2.3703309e-001
  2.4244150e-001
  2.4540828e-001
  2.4595624e-001
  2.4419645e-001
  2.4030841e-001
  2.3451376e-001
  2.2704746e-001
  2.1813062e-001
  2.0794883e-001
  1.9663892e-001
  1.8428586e-001
  1.7092954e-001
  1.5658021e-001
  1.4123937e-001
  1.2492274e-001
  1.0768123e-001
  8.9616609e-002
  7.0889268e-002
  5.1716868e-002
  3.2364253e-002
  1.3126213e-002
 -5.6941256e-003
 -2.3807950e-002
 -4.0961072e-002
 -5.6949034e-002
 -7.1625110e-002
 -8.4900506e-002
 -9.6737402e-002
 -1.0713655e-001
 -1.1612202e-001
 -1.2372590e-001
 -1.2997573e-001
 -1.3488668e-001
 -1.3845967e-001
 -1.4068539e-001
 -1.4155318e-001
 -1.4106291e-001
 -1.3923748e-001
 -1.3613361e-001
 -1.3184880e-001
 -1.2652335e-001
 -1.2033707e-001
 -1.1350129e-001
 -1.0624773e-001
 -9.8816125e-002
 -9.1442813e-002
 -8.4351973e-002
 -7.7750875e-002
 -7.1829409e-002
 -6.6763385e-002
 -6.2720252e-002
 -5.9865356e-002
 -5.8366694e-002
 -5.8396341e-002
 -6.0127339e-002
 -6.3725698e-002
 -6.9338093e-002
 -7.7076795e-002
 -8.7003955e-002
 -9.9117714e-002
 -1.1334245e-001
 -1.2952495e-001
 -1.4743735e-001
 -1.6678679e-001
 -1.8723053e-001
 -2.0839450e-001
 -2.2989270e-001
 -2.5134483e-001
 -2.7238991e-001
 -2.9269423e-001
 -3.1195341e-001
 -3.2988899e-001
 -3.4624131e-001
 -3.6076108e-001
 -3.7320223e-001
 -3.8331848e-001
 -3.9086551e-001
 -3.9560935e-001
 -3.9734066e-001
 -3.9589322e-001
 -3.9116399e-001
 -3.8313170e-001
 -3.7187071e-001
 -3.5755753e-001
 -3.4046823e-001
 -3.2096642e-001
 -2.9948267e-001
 -2.7648781e-001
 -2.5246317e-001
 -2.2787164e-001
 -2.0313299e-001
 -1.7860650e-001
 -1.5458259e-001
 -1.3128391e-001
 -1.0887475e-001
 -8.7476456e-002
 -6.7185570e-002
 -4.8091289e-002
 -3.0288831e-002
 -1.3886321e-002
  9.9601539e-004
  1.4234154e-002
  2.5714446e-002
  3.5350923e-002
  4.3102345e-002
  4.8985528e-002
  5.3082012e-002
  5.5536195e-002
  5.6544432e-002
  5.6336132e-002
  5.5149273e-002
  5.3203744e-002
  5.0676453e-002
  4.7681982e-002
  4.4261815e-002
  4.0383979e-002
  3.5953358e-002
  3.0831407e-002
  2.4862577e-002
  1.7903806e-002
  9.8530325e-003
  6.7289370e-004
 -9.5934338e-003
 -2.0816043e-002
 -3.2782092e-002
 -4.5208453e-002
 -5.7760839e-002
 -7.0076267e-002
 -8.1785435e-002
 -9.2531928e-002
 -1.0198599e-001
 -1.0985172e-001
 -1.1586794e-001
 -1.1980401e-001
 -1.2145296e-001
 -1.2062464e-001
 -1.1714148e-001
 -1.1083902e-001
 -1.0157227e-001
 -8.9227791e-002
 -7.3740242e-002
 -5.5111072e-002
 -3.3426479e-002
 -8.8715693e-003
  1.8261910e-002
  4.7576104e-002
  7.8576501e-002
  1.1068971e-001
  1.4328778e-001
  1.7571644e-001
  2.0732401e-001
  2.3748810e-001
  2.6563735e-001
  2.9126662e-001
  3.1394519e-001
  3.3331851e-001
  3.4910522e-001
  3.6109164e-001
  3.6912622e-001
  3.7311613e-001
  3.7302747e-001
  3.6888952e-001
  3.6080240e-001
  3.4894667e-001
  3.3359230e-001
  3.1510450e-001
  2.9394396e-001
  2.7065962e-001
  2.4587320e-001
  2.2025598e-001
  1.9449931e-001
  1.6928165e-001
  1.4523535e-001
  1.2291674e-001
  1.0278236e-001
  8.5174034e-002
  7.0313531e-002
  5.8306907e-002
  4.9157044e-002
  4.2782016e-002
  3.9036318e-002
  3.7731880e-002
  3.8656185e-002
  4.1585573e-002
  4.6292908e-002
  5.2549850e-002
  6.0125041e-002
  6.8780191e-002
  7.8266377e-002
  8.8322735e-002
  9.8679138e-002
  1.0906363e-001
  1.1921430e-001
  1.2889438e-001
  1.3790839e-001
  1.4611702e-001
  1.5344806e-001
  1.5990136e-001
  1.6554662e-001
  1.7051358e-001
  1.7497551e-001
  1.7912784e-001
  1.8316423e-001
  1.8725317e-001
  1.9151755e-001
  1.9601955e-001
  2.0075216e-001
  2.0563786e-001
  2.1053365e-001
  2.1524135e-001
  2.1952103e-001
  2.2310557e-001
  2.2571448e-001
  2.2706563e-001
  2.2688411e-001
  2.2490853e-001
  2.2089524e-001
  2.1462191e-001
  2.0589170e-001
  1.9453911e-001
  1.8043831e-001
  1.6351376e-001
  1.4375251e-001
  1.2121669e-001
  9.6054395e-002
  6.8506973e-002
  3.8911077e-002
  7.6942609e-003
 -2.4636203e-002
 -5.7510741e-002
 -9.0319717e-002
 -1.2243842e-001
 -1.5325239e-001
 -1.8218066e-001
 -2.0869496e-001
 -2.3233350e-001
 -2.5270909e-001
 -2.6951186e-001
 -2.8250811e-001
 -2.9153695e-001
 -2.9650667e-001
 -2.9739259e-001
 -2.9423743e-001
 -2.8715454e-001
 -2.7633332e-001
 -2.6204531e-001
 -2.4464905e-001
 -2.2459133e-001
 -2.0240296e-001
 -1.7868758e-001
 -1.5410306e-001
 -1.2933634e-001
 -1.0507332e-001
 -8.1966671e-002
 -6.0604623e-002
 -4.1484181e-002
 -2.4991500e-002
 -1.1391458e-002
 -8.2718079e-004
  6.6709994e-003
  1.1168948e-002
  1.2807217e-002
  1.1777896e-002
  8.3030962e-003
  2.6178632e-003
 -5.0406697e-003
 -1.4437235e-002
 -2.5336153e-002
 -3.7494614e-002
 -5.0654100e-002
 -6.4532875e-002
 -7.8822252e-002
 -9.3188664e-002
 -1.0728249e-001
 -1.2075333e-001
 -1.3327010e-001
 -1.4454345e-001
 -1.5434727e-001
 -1.6253598e-001
 -1.6905484e-001
 -1.7394140e-001
 -1.7731743e-001
 -1.7937215e-001
 -1.8033883e-001
 -1.8046770e-001
 -1.7999886e-001
 -1.7913857e-001
 -1.7804195e-001
 -1.7680392e-001
 -1.7545897e-001
 -1.7398914e-001
 -1.7233800e-001
 -1.7042815e-001
 -1.6817875e-001
 -1.6552032e-001
 -1.6240447e-001
 -1.5880718e-001
 -1.5472570e-001
 -1.5017026e-001
 -1.4515261e-001
 -1.3967430e-001
 -1.3371735e-001
 -1.2723974e-001
 -1.2017723e-001
 -1.1245191e-001
 -1.0398658e-001
 -9.4723011e-002
 -8.4641356e-002
 -7.3777592e-002
 -6.2236112e-002
 -5.0195163e-002
 -3.7903897e-002
 -2.5671011e-002
 -1.3846208e-002
 -2.7967017e-003
  7.1182828e-003
  1.5571909e-002
  2.2290169e-002
  2.7066249e-002
  2.9767687e-002
  3.0336375e-002
  2.8782481e-002
  2.5174223e-002
  1.9625865e-002
  1.2286298e-002
  3.3301700e-003
 -7.0472245e-003
 -1.8631043e-002
 -3.1184641e-002
 -4.4445448e-002
 -5.8120895e-002
 -7.1886420e-002
 -8.5387260e-002
 -9.8245051e-002
 -1.1006940e-001
 -1.2047360e-001
 -1.2909296e-001
 -1.3560347e-001
 -1.3973851e-001
 -1.4130154e-001
 -1.4017306e-001
 -1.3631147e-001
 -1.2974787e-001
 -1.2057624e-001
 -1.0894089e-001
 -9.5023316e-002
 -7.9030886e-002
 -6.1188817e-002
 -4.1736509e-002
 -2.0928100e-002
  9.6375545e-004
  2.3642677e-002
  4.6784140e-002
  7.0034071e-002
  9.3012224e-002
  1.1532133e-001
  1.3656189e-001
  1.5635146e-001
  1.7434621e-001
  1.9026192e-001
  2.0389149e-001
  2.1511622e-001
  2.2390891e-001
  2.3032811e-001
  2.3450413e-001
  2.3661846e-001
  2.3687975e-001
  2.3549953e-001
  2.3267140e-001
  2.2855639e-001
  2.2327668e-001
  2.1691801e-001
  2.0954011e-001
  2.0119278e-001
  1.9193454e-001
  1.8185019e-001
  1.7106388e-001
  1.5974483e-001
  1.4810438e-001
  1.3638429e-001
  1.2483785e-001
  1.1370656e-001
  1.0319617e-001
  9.3455875e-002
  8.4564299e-002
  7.6524711e-002
  6.9270624e-002
  6.2681213e-002
  5.6604443e-002
  5.0884517e-002
  4.5389529e-002
  4.0035124e-002
  3.4800552e-002
  2.9734688e-002
  2.4951136e-002
  2.0613258e-002
  1.6911524e-002
  1.4036763e-002
  1.2153493e-002
  1.1377438e-002
  1.1760571e-002
  1.3285795e-002
  1.5871717e-002
  1.9386366e-002
  2.3667228e-002
  2.8543994e-002
  3.3860043e-002
  3.9488987e-002
  4.5343503e-002
  5.1375085e-002
  5.7564931e-002
  6.3907771e-002
  7.0391687e-002
  7.6977730e-002
  8.3583230e-002
  9.0072131e-002
  9.6254574e-002
  1.0189640e-001
  1.0673762e-001
  1.1051748e-001
  1.1300234e-001
  1.1401258e-001
  1.1344421e-001
  1.1128223e-001
  1.0760362e-001
  1.0256960e-001
  9.6408549e-002
  8.9392019e-002
  8.1807632e-002
  7.3932748e-002
  6.6012628e-002
  5.8245920e-002
  5.0779014e-002
  4.3709262e-002
  3.7095660e-002
  3.0974322e-002
  2.5375462e-002
  2.0338412e-002
  1.5921724e-002
  1.2206381e-002
  9.2914245e-003
  7.2827408e-003
  6.2769768e-003
  6.3434800e-003
  7.5075279e-003
  9.7379385e-003
  1.2941439e-002
  1.6965039e-002
  2.1606341e-002
  2.6630375e-002
  3.1790513e-002
  3.6850331e-002
  4.1603197e-002
  4.5886760e-002
  4.9590431e-002
  5.2655089e-002
  5.5065604e-002
  5.6837857e-002
  5.8002856e-002
  5.8590863e-002
  5.8618359e-002
  5.8080020e-002
  5.6946898e-002
  5.5170804e-002
  5.2693753e-002
  4.9460369e-002
  4.5430660e-002
  4.0590477e-002
  3.4957462e-002
  2.8581116e-002
  2.1536780e-002
  1.3914457e-002
  5.8044568e-003
 -2.7174795e-003
 -1.1602710e-002
 -2.0837307e-002
 -3.0442957e-002
 -4.0470470e-002
 -5.0986464e-002
 -6.2055047e-002
 -7.3717198e-002
 -8.5971096e-002
 -9.8756585e-002
 -1.1194643e-001
 -1.2534595e-001
 -1.3870152e-001
 -1.5171667e-001
 -1.6407395e-001
 -1.7545919e-001
 -1.8558492e-001
 -1.9420981e-001
 -2.0115147e-001
 -2.0629153e-001
 -2.0957264e-001
 -2.1098887e-001
 -2.1057174e-001
 -2.0837482e-001
 -2.0445999e-001
 -1.9888806e-001
 -1.9171551e-001
 -1.8299797e-001
 -1.7279969e-001
 -1.6120731e-001
 -1.4834487e-001
 -1.3438731e-001
 -1.1956915e-001
 -1.0418621e-001
 -8.8589112e-002
 -7.3168446e-002
 -5.8333172e-002
 -4.4484555e-002
 -3.1988915e-002
 -2.1152594e-002
 -1.2202254e-002
 -5.2728398e-003
 -4.0440084e-004
  2.4523187e-003
  3.4228486e-003
  2.6908203e-003
  4.7752564e-004
 -2.9778385e-003
 -7.4346874e-003
 -1.2662576e-002
 -1.8447033e-002
 -2.4590099e-002
 -3.0906937e-002
 -3.7220545e-002
 -4.3356835e-002
 -4.9142154e-002
 -5.4404714e-002
 -5.8980507e-002
 -6.2723266e-002
 -6.5517118e-002
 -6.7289845e-002
 -6.8024383e-002
 -6.7766253e-002
 -6.6625184e-002
 -6.4770008e-002
 -6.2416966e-002
 -5.9812584e-002
 -5.7213147e-002
 -5.4863318e-002
 -5.2976592e-002
 -5.1719907e-002
 -5.1204105e-002
 -5.1480919e-002
 -5.2546180e-002
 -5.4347984e-002
 -5.6797850e-002
 -5.9782648e-002
 -6.3175110e-002
 -6.6841313e-002
 -7.0644245e-002
 -7.4443558e-002
 -7.8092462e-002
 -8.1433443e-002
 -8.4294826e-002
 -8.6490151e-002
 -8.7821865e-002
 -8.8090055e-002
 -8.7105945e-002
 -8.4708885e-002
 -8.0784755e-002
 -7.5283167e-002
 -6.8230810e-002
 -5.9738622e-002
 -5.0001300e-002
 -3.9288667e-002
 -2.7929648e-002
 -1.6290611e-002
 -4.7506952e-003
  6.3228797e-003
  1.6596634e-002
  2.5787397e-002
  3.3672189e-002
  4.0091112e-002
  4.4944075e-002
  4.8183162e-002
  4.9803038e-002
  4.9831964e-002
  4.8325625e-002
  4.5365253e-002
  4.1060437e-002
  3.5555892e-002
  2.9040414e-002
  2.1755519e-002
  1.4000995e-002
  6.1348188e-003
 -1.4343470e-003
 -8.2627694e-003
 -1.3894727e-002
 -1.7891118e-002
 -1.9860594e-002
 -1.9489594e-002
 -1.6567565e-002
 -1.1004179e-002
 -2.8363382e-003
  7.7758341e-003
  2.0563358e-002
  3.5171012e-002
  5.1185045e-002
  6.8162263e-002
  8.5656783e-002
  1.0324137e-001
  1.2052138e-001
  1.3714067e-001
  1.5278033e-001
  1.6715237e-001
  1.7999115e-001
  1.9104596e-001
  2.0007744e-001
  2.0686013e-001
  2.1119165e-001
  2.1290819e-001
  2.1190393e-001
  2.0815171e-001
  2.0172093e-001
  1.9278947e-001
  1.8164658e-001
  1.6868511e-001
  1.5438302e-001
  1.3927555e-001
  1.2392101e-001
  1.0886404e-001
  9.4600758e-002
  8.1549640e-002
  7.0031541e-002
  6.0260525e-002
  5.2345796e-002
  4.6303315e-002
  4.2074378e-002
  3.9547568e-002
  3.8580259e-002
  3.9016262e-002
  4.0697160e-002
  4.3466283e-002
  4.7165735e-002
  5.1628341e-002
  5.6667351e-002
  6.2067281e-002
  6.7579093e-002
  7.2922168e-002
  7.7794298e-002
  8.1889420e-002
  8.4921298e-002
  8.6650114e-002
  8.6908166e-002
  8.5620720e-002
  8.2818574e-002
  7.8640018e-002
  7.3321352e-002
  6.7176844e-002
  6.0570529e-002
  5.3883496e-002
  4.7480902e-002
  4.1682911e-002
  3.6743076e-002
  3.2836404e-002
  3.0057776e-002
  2.8429749e-002
  2.7917323e-002
  2.8446285e-002
  2.9921342e-002
  3.2240575e-002
  3.5303624e-002
  3.9012382e-002
  4.3264521e-002
  4.7941673e-002
  5.2895237e-002
  5.7933413e-002
  6.2813030e-002
  6.7239035e-002
  7.0873287e-002
  7.3352741e-002
  7.4315421e-002
  7.3431215e-002
  7.0433484e-002
  6.5147186e-002
  5.7509539e-002
  4.7580263e-002
  3.5539933e-002
  2.1676692e-002
  6.3632862e-003
 -9.9722461e-003
 -2.6878092e-002
 -4.3908071e-002
 -6.0645186e-002
 -7.6716733e-002
 -9.1799923e-002
 -1.0561868e-001
 -1.1793379e-001
 -1.2852983e-001
 -1.3720249e-001
 -1.4375020e-001
 -1.4797273e-001
 -1.4967811e-001
 -1.4869791e-001
 -1.4490873e-001
 -1.3825684e-001
 -1.2878180e-001
 -1.1663481e-001
 -1.0208816e-001
 -8.5533201e-002
 -6.7465907e-002
 -4.8461137e-002
 -2.9138046e-002
 -1.0120703e-002
  8.0014665e-003
  2.4708743e-002
  3.9577761e-002
  5.2297097e-002
  6.2670846e-002
  7.0610992e-002
  7.6120964e-002
  7.9273872e-002
  8.0189448e-002
  7.9013538e-002
  7.5903143e-002
  7.1018759e-002
  6.4524193e-002
  5.6592526e-002
  4.7415706e-002
  3.7214502e-002
  2.6245495e-002
  1.4802302e-002
  3.2093098e-003
 -8.1923876e-003
 -1.9065672e-002
 -2.9102201e-002
 -3.8047924e-002
 -4.5725571e-002
 -5.2050685e-002
 -5.7038657e-002
 -6.0801528e-002
 -6.3534869e-002
 -6.5496532e-002
 -6.6980220e-002
 -6.8287522e-002
 -6.9702131e-002
 -7.1469401e-002
 -7.3783378e-002
 -7.6782041e-002
 -8.0550079e-002
 -8.5127253e-002
 -9.0519540e-002
 -9.6709961e-002
 -1.0366629e-001
 -1.1134370e-001
 -1.1968153e-001
 -1.2859495e-001
 -1.3796334e-001
 -1.4761820e-001
 -1.5733407e-001
 -1.6682526e-001
 -1.7575079e-001
 -1.8372851e-001
 -1.9035780e-001
 -1.9524877e-001
 -1.9805455e-001
 -1.9850263e-001
 -1.9642093e-001
 -1.9175501e-001
 -1.8457386e-001
 -1.7506347e-001
 -1.6350901e-001
 -1.5026820e-001
 -1.3573964e-001
 -1.2033052e-001
 -1.0442810e-001
 -8.8378590e-002
 -7.2475610e-002
 -5.6958846e-002
 -4.2021730e-002
 -2.7825435e-002
 -1.4515457e-002
 -2.2367487e-003
  8.8563248e-003
  1.8597848e-002
  2.6817186e-002
  3.3354164e-002
  3.8080350e-002
  4.0922830e-002
  4.1886256e-002
  4.1068880e-002
  3.8669133e-002
  3.4980640e-002
  3.0375340e-002
  2.5276264e-002
  2.0123178e-002
  1.5335451e-002
  1.1277011e-002
  8.2279733e-003
  6.3664776e-003
  5.7627567e-003
  6.3855531e-003
  8.1191663e-003
  1.0787866e-002
  1.4183430e-002
  1.8091323e-002
  2.2311503e-002
  2.6671034e-002
  3.1027265e-002
  3.5262112e-002
  3.9269632e-002
  4.2940296e-002
  4.6145942e-002
  4.8729265e-002
  5.0500861e-002
  5.1245440e-002
  5.0737129e-002
  4.8762063e-002
  4.5145033e-002
  3.9776079e-002
  3.2632706e-002
  2.3793931e-002
  1.3443593e-002
  1.8619301e-003
 -1.0593702e-002
 -2.3516462e-002
 -3.6482224e-002
 -4.9081899e-002
 -6.0949562e-002
 -7.1782832e-002
 -8.1353314e-002
 -8.9506633e-002
 -9.6153270e-002
 -1.0125292e-001
 -1.0479602e-001
 -1.0678634e-001
 -1.0722824e-001
 -1.0612091e-001
 -1.0346070e-001
 -9.9250672e-002
 -9.3515282e-002
 -8.6316838e-002
 -7.7769834e-002
 -6.8049603e-002
 -5.7392559e-002
 -4.6086700e-002
 -3.4452810e-002
 -2.2818451e-002
 -1.1488227e-002
 -7.1463089e-004
  9.3261310e-003
  1.8549583e-002
  2.6967227e-002
  3.4678877e-002
  4.1854217e-002
  4.8706437e-002
  5.5462050e-002
  6.2331504e-002
  6.9485045e-002
  7.7037251e-002
  8.5042167e-002
  9.3499051e-002
  1.0236692e-001
  1.1158451e-001
  1.2109138e-001
  1.3084569e-001
  1.4083473e-001
  1.5107587e-001
  1.6160705e-001
  1.7246827e-001
  1.8367704e-001
  1.9520216e-001
  2.0694095e-001
  2.1870438e-001
  2.3021378e-001
  2.4111092e-001
  2.5098110e-001
  2.5938690e-001
  2.6590823e-001
  2.7018334e-001
  2.7194514e-001
  2.7104769e-001
  2.6747920e-001
  2.6135996e-001
  2.5292573e-001
  2.4249954e-001
  2.3045627e-001
  2.1718553e-001
  2.0305838e-001
  1.8840246e-001
  1.7348882e-001
  1.5853107e-001
  1.4369601e-001
  1.2912221e-001
  1.1494223e-001
  1.0130313e-001
  8.8380638e-002
  7.6383374e-002
  6.5545352e-002
  5.6107293e-002
  4.8289319e-002
  4.2259331e-002
  3.8102406e-002
  3.5796597e-002
  3.5199765e-002
  3.6050389e-002
  3.7983205e-002
  4.0558170e-002
  4.3299156e-002
  4.5737209e-002
  4.7452518e-002
  4.8109423e-002
  4.7479944e-002
  4.5453152e-002
  4.2029952e-002
  3.7305140e-002
  3.1440514e-002
  2.4634092e-002
  1.7090857e-002
  8.9999108e-003
  5.2151357e-004
 -8.2144521e-003
 -1.7099283e-002
 -2.6028253e-002
 -3.4879698e-002
 -4.3495444e-002
 -5.1667481e-002
 -5.9134756e-002
 -6.5592184e-002
 -7.0711777e-002
 -7.4173588e-002
 -7.5702253e-002
 -7.5103715e-002
 -7.2296388e-002
 -6.7331647e-002
 -6.0400042e-002
 -5.1821740e-002
 -4.2022101e-002
 -3.1495561e-002
 -2.0762760e-002
 -1.0326806e-002
 -6.3461476e-004
  7.9517171e-003
  1.5170261e-002
  2.0860316e-002
  2.4950531e-002
  2.7437495e-002
  2.8359655e-002
  2.7771968e-002
  2.5726327e-002
  2.2261478e-002
  1.7404237e-002
  1.1181529e-002
  3.6405973e-003
 -5.1269922e-003
 -1.4962870e-002
 -2.5626214e-002
 -3.6789301e-002
 -4.8046817e-002
 -5.8939245e-002
 -6.8988195e-002
 -7.7739427e-002
 -8.4807825e-002
 -8.9918005e-002
 -9.2934692e-002
 -9.3878374e-002
 -9.2923919e-002
 -9.0382323e-002
 -8.6668280e-002
 -8.2258315e-002
 -7.7645513e-002
 -7.3297163e-002
 -6.9620957e-002
 -6.6943692e-002
 -6.5504271e-002
 -6.5460247e-002
 -6.6904926e-002
 -6.9890299e-002
 -7.4450236e-002
 -8.0618530e-002
 -8.8437513e-002
 -9.7954853e-002
 -1.0920851e-001
 -1.2220223e-001
 -1.3687586e-001
 -1.5307620e-001
 -1.7053427e-001
 -1.8885422e-001
 -2.0751744e-001
 -2.2590312e-001
 -2.4332400e-001
 -2.5907351e-001
 -2.7247873e-001
 -2.8295255e-001
 -2.9003839e-001
 -2.9344203e-001
 -2.9304689e-001
 -2.8891156e-001
 -2.8125111e-001
 -2.7040582e-001
 -2.5680268e-001
 -2.4091590e-001
 -2.2323188e-001
 -2.0422354e-001
 -1.8433620e-001
 -1.6398537e-001
 -1.4356442e-001
 -1.2345800e-001
 -1.0405645e-001
 -8.5765843e-002
 -6.9009639e-002
 -5.4219135e-002
 -4.1812454e-002
 -3.2163910e-002
 -2.5567760e-002
 -2.2201712e-002
 -2.2096091e-002
 -2.5114084e-002
 -3.0947038e-002
 -3.9126688e-002
 -4.9053701e-002
 -6.0039471e-002
 -7.1356171e-002
 -8.2288858e-002
 -9.2183241e-002
 -1.0048355e-001
 -1.0675655e-001
 -1.1070020e-001
 -1.1213758e-001
 -1.1099930e-001
 -1.0729910e-001
 -1.0110797e-001
 -9.2532229e-002
 -8.1699550e-002
 -6.8755279e-002
 -5.3868955e-002
 -3.7248820e-002
 -1.9160261e-002
  5.6964178e-005
  1.9977959e-002
  4.0092750e-002
  5.9819869e-002
  7.8533833e-002
  9.5604498e-002
  1.1044404e-001
  1.2255574e-001
  1.3157820e-001
  1.3731872e-001
  1.3977132e-001
  1.3911674e-001
  1.3570430e-001
  1.3001833e-001
  1.2263374e-001
  1.1416693e-001
  1.0522837e-001
  9.6382940e-002
  8.8122035e-002
  8.0849787e-002
  7.4882822e-002
  7.0460960e-002
  6.7764388e-002
  6.6931979e-002
  6.8075549e-002
  7.1285926e-002
  7.6628554e-002
  8.4128703e-002
  9.3748637e-002
  1.0536110e-001
  1.1872461e-001
  1.3346638e-001
  1.4907776e-001
  1.6492545e-001
  1.8027940e-001
  1.9435551e-001
  2.0636914e-001
  2.1559325e-001
  2.2141433e-001
  2.2337925e-001
  2.2122752e-001
  2.1490537e-001
  2.0456076e-001
  1.9052104e-001
  1.7325744e-001
  1.5334211e-001
  1.3140416e-001
  1.0809073e-001
  8.4037710e-002
  5.9852693e-002
  3.6110167e-002
  1.3356696e-002
 -7.8781025e-003
 -2.7070012e-002
 -4.3693375e-002
 -5.7223268e-002
 -6.7149174e-002
 -7.3000348e-002
 -7.4380588e-002
 -7.1008020e-002
 -6.2754099e-002
 -4.9675551e-002
 -3.2033578e-002
 -1.0296240e-002
  1.4877779e-002
  4.2673197e-002
  7.2166508e-002
  1.0238329e-001
  1.3235772e-001
  1.6118762e-001
  1.8807885e-001
  2.1237526e-001
  2.3357214e-001
  2.5131424e-001
  2.6538133e-001
  2.7566618e-001
  2.8215058e-001
  2.8488452e-001
  2.8397278e-001
  2.7957098e-001
  2.7189083e-001
  2.6121232e-001
  2.4789847e-001
  2.3240757e-001
  2.1529785e-001
  1.9722027e-001
  1.7889749e-001
  1.6108894e-001
  1.4454488e-001
  1.2995406e-001
  1.1789161e-001
  1.0877351e-001
  1.0282422e-001
  1.0006156e-001
  1.0030125e-001
  1.0318026e-001
  1.0819574e-001
  1.1475398e-001
  1.2222263e-001
  1.2997934e-001
  1.3745066e-001
  1.4413714e-001
  1.4962309e-001
  1.5357188e-001
  1.5571060e-001
  1.5580907e-001
  1.5365959e-001
  1.4906285e-001
  1.4182472e-001
  1.3176574e-001
  1.1874309e-001
  1.0268189e-001
  8.3610659e-002
  6.1694485e-002
  3.7259364e-002
  1.0802015e-002
 -1.7018474e-002
 -4.5408216e-002
 -7.3483495e-002
 -1.0032863e-001
 -1.2506029e-001
 -1.4689067e-001
 -1.6518237e-001
 -1.7948863e-001
 -1.8957506e-001
 -1.9542163e-001
 -1.9720621e-001
 -1.9527368e-001
 -1.9009604e-001
 -1.8222983e-001
 -1.7227656e-001
 -1.6085082e-001
 -1.4855836e-001
 -1.3598455e-001
 -1.2369116e-001
 -1.1221790e-001
 -1.0208444e-001
 -9.3788646e-002
 -8.7797950e-002
 -8.4532474e-002
 -8.4340651e-002
 -8.7470157e-002
 -9.4038516e-002
 -1.0400855e-001
 -1.1717368e-001
 -1.3315688e-001
 -1.5142531e-001
 -1.7132002e-001
 -1.9209785e-001
 -2.1298069e-001
 -2.3320572e-001
 -2.5207032e-001
 -2.6896606e-001
 -2.8339810e-001
 -2.9498865e-001
 -3.0346624e-001
 -3.0864465e-001
 -3.1039733e-001
 -3.0863389e-001
 -3.0328480e-001
 -2.9429848e-001
 -2.8165302e-001
 -2.6538111e-001
 -2.4560434e-001
 -2.2257028e-001
 -1.9668474e-001
 -1.6853119e-001
 -1.3887129e-001
 -1.0862252e-001
 -7.8812756e-002
 -5.0515184e-002
 -2.4770383e-002
 -2.5049267e-003
  1.5543075e-002
  2.8881526e-002
  3.7297107e-002
  4.0858699e-002
  3.9891106e-002
  3.4922974e-002
  2.6616574e-002
  1.5689698e-002
  2.8409464e-003
 -1.1311119e-002
 -2.6266855e-002
 -4.1658103e-002
 -5.7234473e-002
 -7.2827763e-002
 -8.8302567e-002
 -1.0350339e-001
 -1.1820920e-001
 -1.3210494e-001
 -1.4477676e-001
 -1.5573337e-001
 -1.6445165e-001
 -1.7043985e-001
 -1.7330879e-001
 -1.7283934e-001
 -1.6903468e-001
 -1.6214776e-001
 -1.5267808e-001
 -1.4133626e-001
 -1.2898023e-001
 -1.1653081e-001
 -1.0487832e-001
 -9.4792645e-002
 -8.6849446e-002
 -8.1382150e-002
 -7.8465899e-002
 -7.7934494e-002
 -7.9426477e-002
 -8.2452184e-002
 -8.6470568e-002
 -9.0963501e-002
 -9.5496076e-002
 -9.9754116e-002
 -1.0355418e-001
 -1.0682615e-001
 -1.0957311e-001
 -1.1181716e-001
 -1.1354213e-001
 -1.1464455e-001
 -1.1490296e-001
 -1.1397229e-001
 -1.1140589e-001
 -1.0670291e-001
 -9.9374335e-002
 -8.9017681e-002
 -7.5388497e-002
 -5.8457121e-002
 -3.8441124e-002
 -1.5807518e-002
  8.7566327e-003
  3.4401745e-002
  6.0193723e-002
  8.5201692e-002
  1.0858343e-001
  1.2965697e-001
  1.4794923e-001
  1.6321617e-001
  1.7543353e-001
  1.8476149e-001
  1.9149070e-001
  1.9597930e-001
  1.9859161e-001
  1.9964835e-001
  1.9939537e-001
  1.9799498e-001
  1.9553919e-001
  1.9208095e-001
  1.8767614e-001
  1.8242726e-001
  1.7652008e-001
  1.7024546e-001
  1.6400155e-001
  1.5827488e-001
  1.5360274e-001
  1.5052214e-001
  1.4951317e-001
  1.5094537e-001
  1.5503512e-001
  1.6182027e-001
  1.7115539e-001
  1.8272759e-001
  1.9608985e-001
  2.1070598e-001
  2.2600014e-001
  2.4140339e-001
  2.5639091e-001
  2.7050558e-001
  2.8336645e-001
  2.9466332e-001
  3.0414117e-001
  3.1157994e-001
  3.1677551e-001
  3.1952722e-001
  3.1963568e-001
  3.1691205e-001
  3.1119775e-001
  3.0239087e-001
  2.9047424e-001
  2.7553918e-001
  2.5779980e-001
  2.3759381e-001
  2.1536848e-001
  1.9165279e-001
  1.6701931e-001
  1.4204125e-001
  1.1725112e-001
  9.3106991e-002
  6.9971338e-002
  4.8104962e-002
  2.7676000e-002
  8.7812556e-003
 -8.5250485e-003
 -2.4201312e-002
 -3.8193720e-002
 -5.0421812e-002
 -6.0777681e-002
 -6.9139308e-002
 -7.5395680e-002
 -7.9478830e-002
 -8.1396294e-002
 -8.1256987e-002
 -7.9284313e-002
 -7.5812319e-002
 -7.1263568e-002
 -6.6110627e-002
 -6.0826136e-002
 -5.5828685e-002
 -5.1432892e-002
 -4.7811754e-002
 -4.4977687e-002
 -4.2785804e-002
 -4.0959467e-002
 -3.9134518e-002
 -3.6915493e-002
 -3.3935063e-002
 -2.9907400e-002
 -2.4667064e-002
 -1.8187476e-002
 -1.0576426e-002
 -2.0499763e-003
  7.1101743e-003
  1.6607972e-002
  2.6183535e-002
  3.5653649e-002
  4.4934735e-002
  5.4043886e-002
  6.3077493e-002
  7.2171121e-002
  8.1447743e-002
  9.0963873e-002
  1.0066377e-001
  1.1035093e-001
  1.1968322e-001
  1.2819440e-001
  1.3533986e-001
  1.4056073e-001
  1.4335656e-001
  1.4335551e-001
  1.4037067e-001
  1.3443334e-001
  1.2579743e-001
  1.1491383e-001
  1.0237853e-001
  8.8862183e-002
  7.5032364e-002
  6.1480339e-002
  4.8663884e-002
  3.6874591e-002
  2.6234060e-002
  1.6718382e-002
  8.2054615e-003
  5.3576215e-004
 -6.4252326e-003
 -1.2734886e-002
 -1.8341803e-002
 -2.3081333e-002
 -2.6699888e-002
 -2.8904541e-002
 -2.9429637e-002
 -2.8108731e-002
 -2.4938776e-002
 -2.0124266e-002
 -1.4092051e-002
 -7.4721857e-003
 -1.0458085e-003
  4.3334049e-003
  7.8330020e-003
  8.7366960e-003
  6.5258844e-003
  9.3502328e-004
 -8.0278304e-003
 -2.0098434e-002
 -3.4808704e-002
 -5.1565218e-002
 -6.9740797e-002
 -8.8763895e-002
 -1.0819093e-001
 -1.2774961e-001
 -1.4734632e-001
 -1.6703683e-001
 -1.8696607e-001
 -2.0728830e-001
 -2.2808258e-001
 -2.4927979e-001
 -2.7061547e-001
 -2.9161903e-001
 -3.1164324e-001
 -3.2993136e-001
 -3.4571206e-001
 -3.5830748e-001
 -3.6723620e-001
 -3.7229346e-001
 -3.7359367e-001
 -3.7156581e-001
 -3.6689998e-001
 -3.6045112e-001
 -3.5311320e-001
 -3.4568245e-001
 -3.3873073e-001
 -3.3250926e-001
 -3.2689867e-001
 -3.2141461e-001
 -3.1526982e-001
 -3.0748459e-001
 -2.9702994e-001
 -2.8298268e-001
 -2.6466918e-001
 -2.4177602e-001
 -2.1441104e-001
 -1.8310521e-001
 -1.4875518e-001
 -1.1251530e-001
 -7.5655834e-002
 -3.9408819e-002
 -4.8253608e-003
  2.7334258e-002
  5.6661323e-002
  8.3101894e-002
  1.0690318e-001
  1.2851275e-001
  1.4844760e-001
  1.6715476e-001
  1.8488619e-001
  2.0160827e-001
  2.1696063e-001
  2.3027078e-001
  2.4062259e-001
  2.4696761e-001
  2.4826216e-001
  2.4360880e-001
  2.3238080e-001
  2.1431109e-001
  1.8953313e-001
  1.5856914e-001
  1.2226923e-001
