 -5.0621096e-001
 -5.6306628e-001
 -6.1463997e-001
 -6.6031136e-001
 -6.9927335e-001
 -7.3048160e-001
 -7.5267252e-001
 -7.6445118e-001
 -7.6443780e-001
 -7.5144988e-001
 -7.2468994e-001
 -6.8390644e-001
 -6.2949893e-001
 -5.6254658e-001
 -4.8475163e-001
 -3.9830276e-001
 -3.0567650e-001
 -2.0940518e-001
 -1.1184565e-001
 -1.4982784e-002
  7.9702917e-002
  1.7128527e-001
  2.5935407e-001
  3.4389715e-001
  4.2512390e-001
  5.0326073e-001
  5.7835291e-001
  6.5010602e-001
  7.1779343e-001
  7.8024518e-001
  8.3592040e-001
  8.8305202e-001
  9.1984072e-001
  9.4466788e-001
  9.5629439e-001
  9.5401501e-001
  9.3774582e-001
  9.0803277e-001
  8.6598275e-001
  8.1312993e-001
  7.5126049e-001
  6.8222398e-001
  6.0776086e-001
  5.2937141e-001
  4.4824364e-001
  3.6524698e-001
  2.8098739e-001
  1.9590938e-001
  1.1042301e-001
  2.5030682e-002
 -5.9570628e-002
 -1.4243075e-001
 -2.2234242e-001
 -2.9789315e-001
 -3.6756444e-001
 -4.2986175e-001
 -4.8345360e-001
 -5.2729729e-001
 -5.6073107e-001
 -5.8351866e-001
 -5.9584036e-001
 -5.9823355e-001
 -5.9149364e-001
 -5.7655262e-001
 -5.5435496e-001
 -5.2575025e-001
 -4.9141823e-001
 -4.5183547e-001
 -4.0728559e-001
 -3.5790735e-001
 -3.0376888e-001
 -2.4495239e-001
 -1.8163292e-001
 -1.1413667e-001
 -4.2969047e-002
  3.1191613e-002
  1.0753177e-001
  1.8516368e-001
  2.6319706e-001
  3.4080770e-001
  4.1728973e-001
  4.9208228e-001
  5.6476584e-001
  6.3502973e-001
  7.0261727e-001
  7.6725956e-001
  8.2861054e-001
  8.8619601e-001
  9.3938625e-001
  9.8739776e-001
  1.0293243e+000
  1.0641919e+000
  1.0910282e+000
  1.1089349e+000
  1.1171495e+000
  1.1150879e+000
  1.1023604e+000
  1.0787592e+000
  1.0442231e+000
  9.9878694e-001
  9.4252778e-001
  8.7552170e-001
  7.9782164e-001
  7.0946543e-001
  6.1051678e-001
  5.0113660e-001
  3.8167630e-001
  2.5278024e-001
  1.1548174e-001
 -2.8723185e-002
 -1.7783811e-001
 -3.2937412e-001
 -4.8040719e-001
 -6.2768255e-001
 -7.6775763e-001
 -8.9717012e-001
 -1.0126149e+000
 -1.1111129e+000
 -1.1901555e+000
 -1.2478134e+000
 -1.2828022e+000
 -1.2945016e+000
 -1.2829343e+000
 -1.2487095e+000
 -1.1929437e+000
 -1.1171704e+000
 -1.0232492e+000
 -9.1328402e-001
 -7.8955694e-001
 -6.5447829e-001
 -5.1055287e-001
 -3.6035708e-001
 -2.0652100e-001
 -5.1708271e-002
  1.0141216e-001
  2.5020674e-001
  3.9213196e-001
  5.2480153e-001
  6.4606173e-001
  7.5406807e-001
  8.4735540e-001
  9.2489272e-001
  9.8611528e-001
  1.0309282e+000
  1.0596789e+000
  1.0730983e+000
  1.0722156e+000
  1.0582528e+000
  1.0325101e+000
  9.9625268e-001
  9.5061096e-001
  8.9650630e-001
  8.3461020e-001
  7.6534293e-001
  6.8891281e-001
  6.0539256e-001
  5.1482443e-001
  4.1734176e-001
  3.1329149e-001
  2.0334086e-001
  8.8552078e-002
 -2.9588536e-002
 -1.4919587e-001
 -2.6806851e-001
 -3.8382408e-001
 -4.9407591e-001
 -5.9663324e-001
 -6.8970250e-001
 -7.7206537e-001
 -8.4320994e-001
 -9.0339550e-001
 -9.5363817e-001
 -9.9561359e-001
 -1.0314827e+000
 -1.0636563e+000
 -1.0945228e+000
 -1.1261685e+000
 -1.1601217e+000
 -1.1971509e+000
 -1.2371406e+000
 -1.2790594e+000
 -1.3210245e+000
 -1.3604546e+000
 -1.3942924e+000
 -1.4192708e+000
 -1.4321909e+000
 -1.4301796e+000
 -1.4109013e+000
 -1.3727005e+000
 -1.3146690e+000
 -1.2366369e+000
 -1.1391006e+000
 -1.0231091e+000
 -8.9013268e-001
 -7.4194156e-001
 -5.8051627e-001
 -4.0800465e-001
 -2.2673079e-001
 -3.9249606e-002
  1.5156877e-001
  3.4244855e-001
  5.2963921e-001
  7.0889440e-001
  8.7552038e-001
  1.0245063e+000
  1.1507368e+000
  1.2492759e+000
  1.3156973e+000
  1.3464313e+000
  1.3390889e+000
  1.2927286e+000
  1.2080328e+000
  1.0873712e+000
  9.3473984e-001
  7.5557908e-001
  5.5648406e-001
  3.4483406e-001
  1.2837269e-001
 -8.5225170e-002
 -2.8876551e-001
 -4.7589651e-001
 -6.4139710e-001
 -7.8137904e-001
 -8.9339807e-001
 -9.7647699e-001
 -1.0310491e+000
 -1.0588342e+000
 -1.0626591e+000
 -1.0462366e+000
 -1.0139117e+000
 -9.7038663e-001
 -9.2043195e-001
 -8.6859419e-001
 -8.1891120e-001
 -7.7464922e-001
 -7.3807860e-001
 -7.1030680e-001
 -6.9118720e-001
 -6.7931974e-001
 -6.7215323e-001
 -6.6619111e-001
 -6.5729160e-001
 -6.4104198e-001
 -6.1317618e-001
 -5.6999724e-001
 -5.0876190e-001
 -4.2798599e-001
 -3.2763546e-001
 -2.0917943e-001
 -7.5496146e-002
  6.9359987e-002
  2.2050634e-001
  3.7265684e-001
  5.2057669e-001
  6.5951643e-001
  7.8557845e-001
  8.9597773e-001
  9.8917278e-001
  1.0648592e+000
  1.1238359e+000
  1.1677680e+000
  1.1988833e+000
  1.2196432e+000
  1.2324301e+000
  1.2392867e+000
  1.2417319e+000
  1.2406665e+000
  1.2363680e+000
  1.2285593e+000
  1.2165329e+000
  1.1993023e+000
  1.1757576e+000
  1.1448024e+000
  1.1054607e+000
  1.0569483e+000
  9.9871335e-001
  9.3045421e-001
  8.5212964e-001
  7.6397150e-001
  6.6650899e-001
  5.6060601e-001
  4.4750656e-001
  3.2887665e-001
  2.0682743e-001
  8.3903579e-002
 -3.6975647e-002
 -1.5262903e-001
 -2.5977672e-001
 -3.5524200e-001
 -4.3617038e-001
 -5.0023945e-001
 -5.4583119e-001
 -5.7214170e-001
 -5.7921090e-001
 -5.6786608e-001
 -5.3958591e-001
 -4.9630384e-001
 -4.4017996e-001
 -3.7337531e-001
 -2.9786300e-001
 -2.1530410e-001
 -1.2700594e-001
 -3.3966134e-002
  6.3009362e-002
  1.6313900e-001
  2.6548366e-001
  3.6878795e-001
  4.7137991e-001
  5.7115511e-001
  6.6565692e-001
  7.5224818e-001
  8.2835259e-001
  8.9173075e-001
  9.4074726e-001
  9.7458433e-001
  9.9336323e-001
  9.9814814e-001
  9.9082432e-001
  9.7386233e-001
  9.4999827e-001
  9.2187443e-001
  8.9169193e-001
  8.6092669e-001
  8.3015124e-001
  7.9898952e-001
  7.6621170e-001
  7.2995493e-001
  6.8803678e-001
  6.3831396e-001
  5.7903266e-001
  5.0911853e-001
  4.2836476e-001
  3.3749317e-001
  2.3808372e-001
  1.3238882e-001
  2.3066442e-002
 -8.7121783e-002
 -1.9559735e-001
 -3.0019064e-001
 -3.9927175e-001
 -4.9176985e-001
 -5.7708476e-001
 -6.5491343e-001
 -7.2502910e-001
 -7.8705918e-001
 -8.4030823e-001
 -8.8366445e-001
 -9.1561329e-001
 -9.3436293e-001
 -9.3806623e-001
 -9.2510601e-001
 -8.9439827e-001
 -8.4566307e-001
 -7.7961627e-001
 -6.9804681e-001
 -6.0376158e-001
 -5.0040015e-001
 -3.9214231e-001
 -2.8334756e-001
 -1.7817652e-001
 -8.0246320e-002
  7.6336159e-003
  8.3612209e-002
  1.4681883e-001
  1.9726200e-001
  2.3562889e-001
  2.6302399e-001
  2.8069356e-001
  2.8978193e-001
  2.9115840e-001
  2.8533906e-001
  2.7251056e-001
  2.5264400e-001
  2.2567134e-001
  1.9168566e-001
  1.5112262e-001
  1.0488396e-001
  5.4374173e-002
  1.4365585e-003
 -5.1807090e-002
 -1.0319216e-001
 -1.5078744e-001
 -1.9316914e-001
 -2.2964900e-001
 -2.6041878e-001
 -2.8658543e-001
 -3.1008739e-001
 -3.3349974e-001
 -3.5975209e-001
 -3.9179524e-001
 -4.3225917e-001
 -4.8314510e-001
 -5.4558839e-001
 -6.1971775e-001
 -7.0462256e-001
 -7.9842486e-001
 -8.9843983e-001
 -1.0013986e+000
 -1.1037021e+000
 -1.2016754e+000
 -1.2917956e+000
 -1.3708741e+000
 -1.4361855e+000
 -1.4855419e+000
 -1.5173210e+000
 -1.5304604e+000
 -1.5244324e+000
 -1.4992106e+000
 -1.4552386e+000
 -1.3934011e+000
 -1.3149986e+000
 -1.2217182e+000
 -1.1155939e+000
 -9.9895230e-001
 -8.7433743e-001
 -7.4441956e-001
 -6.1189174e-001
 -4.7936491e-001
 -3.4927314e-001
 -2.2380014e-001
 -1.0483558e-001
  6.0354110e-003
  1.0751189e-001
  1.9853409e-001
  2.7823011e-001
  3.4586655e-001
  4.0081674e-001
  4.4255568e-001
  4.7068560e-001
  4.8498802e-001
  4.8549214e-001
  4.7254369e-001
  4.4685670e-001
  4.0953162e-001
  3.6202849e-001
  3.0609155e-001
  2.4363063e-001
  1.7657433e-001
  1.0671637e-001
  3.5580586e-002
 -3.5671123e-002
 -1.0626908e-001
 -1.7579506e-001
 -2.4407318e-001
 -3.1100794e-001
 -3.7639552e-001
 -4.3974174e-001
 -5.0012182e-001
 -5.5611261e-001
 -6.0581830e-001
 -6.4699609e-001
 -6.7727174e-001
 -6.9441899e-001
 -6.9666384e-001
 -6.8296722e-001
 -6.5323951e-001
 -6.0844739e-001
 -5.5058765e-001
 -4.8252124e-001
 -4.0768181e-001
 -3.2969280e-001
 -2.5194259e-001
 -1.7717545e-001
 -1.0715680e-001
 -4.2462017e-002
  1.7577797e-002
  7.4761587e-002
  1.3174787e-001
  1.9166286e-001
  2.5763967e-001
  3.3235154e-001
  4.1760291e-001
  5.1403450e-001
  6.2098196e-001
  7.3650597e-001
  8.5758745e-001
  9.8045823e-001
  1.1010193e+000
  1.2152875e+000
  1.3198092e+000
  1.4119859e+000
  1.4902722e+000
  1.5542239e+000
  1.6043999e+000
  1.6421389e+000
  1.6692517e+000
  1.6876774e+000
  1.6991582e+000
  1.7049759e+000
  1.7057875e+000
  1.7015761e+000
  1.6917145e+000
  1.6751264e+000
  1.6505090e+000
  1.6165811e+000
  1.5723138e+000
  1.5171103e+000
  1.4509107e+000
  1.3742111e+000
  1.2880036e+000
  1.1936547e+000
  1.0927488e+000
  9.8692979e-001
  8.7776878e-001
  7.6668088e-001
  6.5490363e-001
  5.4353563e-001
  4.3362289e-001
  3.2627073e-001
  2.2275349e-001
  1.2459417e-001
  3.3590975e-002
 -4.8223323e-002
 -1.1869153e-001
 -1.7570151e-001
 -2.1739380e-001
 -2.4237834e-001
 -2.4992796e-001
 -2.4011815e-001
 -2.1388915e-001
 -1.7301722e-001
 -1.1999446e-001
 -5.7829587e-002
  1.0206386e-002
  8.0857964e-002
  1.5115144e-001
  2.1861630e-001
  2.8143479e-001
  3.3850313e-001
  3.8939983e-001
  4.3426968e-001
  4.7364314e-001
  5.0821908e-001
  5.3864321e-001
  5.6531382e-001
  5.8824182e-001
  6.0698354e-001
  6.2065392e-001
  6.2801652e-001
  6.2763570e-001
  6.1806864e-001
  5.9806917e-001
  5.6677509e-001
  5.2385289e-001
  4.6958046e-001
  4.0485663e-001
  3.3113670e-001
  2.5030210e-001
  1.6448142e-001
  7.5845023e-002
 -1.3600899e-002
 -1.0219621e-001
 -1.8876305e-001
 -2.7268109e-001
 -3.5389442e-001
 -4.3285061e-001
 -5.1038098e-001
 -5.8753733e-001
 -6.6540538e-001
 -7.4491696e-001
 -8.2668269e-001
 -9.1086378e-001
 -9.9709665e-001
 -1.0844778e+000
 -1.1716089e+000
 -1.2566970e+000
 -1.3376954e+000
 -1.4124724e+000
 -1.4789855e+000
 -1.5354459e+000
 -1.5804540e+000
 -1.6130948e+000
 -1.6329838e+000
 -1.6402620e+000
 -1.6355434e+000
 -1.6198223e+000
 -1.5943547e+000
 -1.5605263e+000
 -1.5197240e+000
 -1.4732244e+000
 -1.4221098e+000
 -1.3672197e+000
 -1.3091407e+000
 -1.2482312e+000
 -1.1846768e+000
 -1.1185646e+000
 -1.0499671e+000
 -9.7902244e-001
 -9.0600126e-001
 -8.3135194e-001
 -7.5571884e-001
 -6.7993297e-001
 -6.0497732e-001
 -5.3193261e-001
 -4.6191116e-001
 -3.9598774e-001
 -3.3513586e-001
 -2.8017665e-001
 -2.3174533e-001
 -1.9027709e-001
 -1.5601201e-001
 -1.2901538e-001
 -1.0920854e-001
 -9.6404040e-002
 -9.0338955e-002
 -9.0701313e-002
 -9.7145982e-002
 -1.0929860e-001
 -1.2674823e-001
 -1.4903133e-001
 -1.7561111e-001
 -2.0585683e-001
 -2.3902788e-001
 -2.7426638e-001
 -3.1060084e-001
 -3.4696189e-001
 -3.8220928e-001
 -4.1516790e-001
 -4.4466962e-001
 -4.6959722e-001
 -4.8892661e-001
 -5.0176436e-001
 -5.0737822e-001
 -5.0521957e-001
 -4.9493762e-001
 -4.7638620e-001
 -4.4962424e-001
 -4.1491117e-001
 -3.7269835e-001
 -3.2361690e-001
 -2.6846178e-001
 -2.0817150e-001
 -1.4380241e-001
 -7.6496826e-002
 -7.4444089e-003
  6.2162669e-002
  1.3117928e-001
  1.9855896e-001
  2.6340394e-001
  3.2500914e-001
  3.8289571e-001
  4.3682983e-001
  4.8682385e-001
  5.3311807e-001
  5.7614341e-001
  6.1646749e-001
  6.5472797e-001
  6.9155899e-001
  7.2751705e-001
  7.6301304e-001
  7.9825667e-001
  8.3321809e-001
  8.6761023e-001
  9.0089320e-001
  9.3230012e-001
  9.6088207e-001
  9.8556847e-001
  1.0052380e+000
  1.0187947e+000
  1.0252450e+000
  1.0237690e+000
  1.0137838e+000
  9.9499411e-001
  9.6742800e-001
  9.3145520e-001
  8.8778738e-001
  8.3745925e-001
  7.8179068e-001
  7.2233087e-001
  6.6078658e-001
  5.9893776e-001
  5.3854499e-001
  4.8125465e-001
  4.2850853e-001
  3.8146504e-001
  3.4093921e-001
  3.0736734e-001
  2.8080061e-001
  2.6092926e-001
  2.4713594e-001
  2.3857379e-001
  2.3426160e-001
  2.3318660e-001
  2.3440404e-001
  2.3712296e-001
  2.4076905e-001
  2.4501839e-001
  2.4979934e-001
  2.5526387e-001
  2.6173381e-001
  2.6963013e-001
  2.7939574e-001
  2.9142240e-001
  3.0599106e-001
  3.2323264e-001
  3.4311223e-001
  3.6543586e-001
  3.8987515e-001
  4.1600231e-001
  4.4332654e-001
  4.7132311e-001
  4.9944829e-001
  5.2713687e-001
  5.5378290e-001
  5.7870861e-001
  6.0113006e-001
  6.2013001e-001
  6.3464894e-001
  6.4350303e-001
  6.4543445e-001
  6.3919387e-001
  6.2364957e-001
  5.9791213e-001
  5.6145938e-001
  5.1424444e-001
  4.5677017e-001
  3.9011625e-001
  3.1591084e-001
  2.3624558e-001
  1.5354039e-001
  7.0371415e-002
 -1.0719062e-002
 -8.7409077e-002
 -1.5775851e-001
 -2.2032741e-001
 -2.7423880e-001
 -3.1918125e-001
 -3.5535464e-001
 -3.8337008e-001
 -4.0412074e-001
 -4.1864354e-001
 -4.2799126e-001
 -4.3313208e-001
 -4.3488757e-001
 -4.3391329e-001
 -4.3071843e-001
 -4.2571465e-001
 -4.1927931e-001
 -4.1181664e-001
 -4.0380122e-001
 -3.9579231e-001
 -3.8841317e-001
 -3.8229678e-001
 -3.7800605e-001
 -3.7594195e-001
 -3.7625620e-001
 -3.7878551e-001
 -3.8302133e-001
 -3.8812408e-001
 -3.9298398e-001
 -3.9632305e-001
 -3.9682631e-001
 -3.9328540e-001
 -3.8473543e-001
 -3.7056697e-001
 -3.5059843e-001
 -3.2509999e-001
 -2.9476752e-001
 -2.6065191e-001
 -2.2405551e-001
 -1.8641154e-001
 -1.4916353e-001
 -1.1366103e-001
 -8.1083420e-002
 -5.2398704e-002
 -2.8357486e-002
 -9.5165961e-003
  3.7178350e-003
  1.1040540e-002
  1.2203333e-002
  6.9879309e-003
 -4.7981419e-003
 -2.3301231e-002
 -4.8580681e-002
 -8.0555668e-002
 -1.1895069e-001
 -1.6325137e-001
 -2.1268080e-001
 -2.6620312e-001
 -3.2255697e-001
 -3.8031611e-001
 -4.3797035e-001
 -4.9401695e-001
 -5.4705079e-001
 -5.9584265e-001
 -6.3939664e-001
 -6.7698176e-001
 -7.0813632e-001
 -7.3264814e-001
 -7.5051622e-001
 -7.6190182e-001
 -7.6707681e-001
 -7.6637630e-001
 -7.6016038e-001
 -7.4878718e-001
 -7.3259689e-001
 -7.1190460e-001
 -6.8699866e-001
 -6.5814148e-001
 -6.2557090e-001
 -5.8950154e-001
 -5.5012748e-001
 -5.0762873e-001
 -4.6218430e-001
 -4.1399383e-001
 -3.6330826e-001
 -3.1046714e-001
 -2.5593787e-001
 -2.0034981e-001
 -1.4451498e-001
 -8.9427670e-002
 -3.6237165e-002
  1.3808678e-002
  5.9446443e-002
  9.9499532e-002
  1.3298832e-001
  1.5923366e-001
  1.7793881e-001
  1.8923625e-001
  1.9369057e-001
  1.9225394e-001
  1.8617800e-001
  1.7689251e-001
  1.6586646e-001
  1.5447044e-001
  1.4385906e-001
  1.3488941e-001
  1.2808562e-001
  1.2365251e-001
  1.2153289e-001
  1.2149624e-001
  1.2324098e-001
  1.2649070e-001
  1.3106599e-001
  1.3691785e-001
  1.4411640e-001
  1.5279671e-001
  1.6307227e-001
  1.7493328e-001
  1.8815101e-001
  2.0220939e-001
  2.1628151e-001
  2.2926184e-001
  2.3985527e-001
  2.4671469e-001
  2.4860940e-001
  2.4460051e-001
  2.3419683e-001
  2.1746600e-001
  1.9508198e-001
  1.6829834e-001
  1.3884819e-001
  1.0878215e-001
  8.0265258e-002
  5.5359744e-002
  3.5822319e-002
  2.2942372e-002
  1.7440676e-002
  1.9438916e-002
  2.8499620e-002
  4.3725887e-002
  6.3902269e-002
  8.7653527e-002
  1.1359743e-001
  1.4047111e-001
  1.6721716e-001
  1.9302396e-001
  2.1732361e-001
  2.3975798e-001
  2.6012842e-001
  2.7834532e-001
  2.9439203e-001
  3.0831173e-001
  3.2021902e-001
  3.3033032e-001
  3.3900109e-001
  3.4675414e-001
  3.5428331e-001
  3.6242010e-001
  3.7205789e-001
  3.8403658e-001
  3.9899975e-001
  4.1724414e-001
  4.3858570e-001
  4.6226755e-001
  4.8693111e-001
  5.1066414e-001
  5.3112860e-001
  5.4575936e-001
  5.5201327e-001
  5.4763969e-001
  5.3093870e-001
  5.0097378e-001
  4.5771093e-001
  4.0206605e-001
  3.3585470e-001
  2.6165139e-001
  1.8257779e-001
  1.0204778e-001
  2.3501619e-002
 -4.9839082e-002
 -1.1516943e-001
 -1.7023535e-001
 -2.1339783e-001
 -2.4363256e-001
 -2.6047985e-001
 -2.6396532e-001
 -2.5451388e-001
 -2.3287676e-001
 -2.0008507e-001
 -1.5743458e-001
 -1.0649731e-001
 -4.9147519e-002
  1.2415872e-002
  7.5669288e-002
  1.3780362e-001
  1.9581243e-001
  2.4663058e-001
  2.8731483e-001
  3.1524910e-001
  3.2835118e-001
  3.2525485e-001
  3.0544329e-001
  2.6931567e-001
  2.1817728e-001
  1.5415416e-001
  8.0043129e-002
 -8.8365446e-004
 -8.5095629e-002
 -1.6901764e-001
 -2.4921900e-001
 -3.2256289e-001
 -3.8630944e-001
 -4.3817481e-001
 -4.7635575e-001
 -4.9953387e-001
 -5.0687490e-001
 -4.9803528e-001
 -4.7318292e-001
 -4.3303116e-001
 -3.7887732e-001
 -3.1263080e-001
 -2.3681260e-001
 -1.5450877e-001
 -6.9265158e-002
  1.5080827e-002
  9.4625209e-002
  1.6566187e-001
  2.2495997e-001
  2.7002188e-001
  2.9928828e-001
  3.1226092e-001
  3.0952321e-001
  2.9265116e-001
  2.6402232e-001
  2.2654457e-001
  1.8333792e-001
  1.3740999e-001
  9.1366300e-002
  4.7192111e-002
  6.1317899e-003
 -3.1322298e-002
 -6.5335388e-002
 -9.6549472e-002
 -1.2584708e-001
 -1.5409783e-001
 -1.8192717e-001
 -2.0954169e-001
 -2.3663586e-001
 -2.6239131e-001
 -2.8556558e-001
 -3.0465346e-001
 -3.1809402e-001
 -3.2449028e-001
 -3.2280856e-001
 -3.1252888e-001
 -2.9372702e-001
 -2.6707999e-001
 -2.3379891e-001
 -1.9550342e-001
 -1.5405988e-001
 -1.1140845e-001
 -6.9403817e-002
 -2.9689398e-002
  6.3827295e-003
  3.7782518e-002
  6.3788283e-002
  8.3940372e-002
  9.7977811e-002
  1.0577427e-001
  1.0728724e-001
  1.0252961e-001
  9.1566577e-002
  7.4534915e-002
  5.1676668e-002
  2.3376491e-002
 -9.8084152e-003
 -4.7134735e-002
 -8.7680871e-002
 -1.3037635e-001
 -1.7404829e-001
 -2.1747683e-001
 -2.5944987e-001
 -2.9880788e-001
 -3.3447240e-001
 -3.6545578e-001
 -3.9085477e-001
 -4.0983453e-001
 -4.2161303e-001
 -4.2545624e-001
 -4.2069347e-001
 -4.0675820e-001
 -3.8325462e-001
 -3.5004436e-001
 -3.0734234e-001
 -2.5580690e-001
 -1.9660782e-001
 -1.3145723e-001
 -6.2591877e-002
  7.2983481e-003
  7.5194209e-002
  1.3791427e-001
  1.9231077e-001
  2.3547558e-001
  2.6493645e-001
  2.7882515e-001
  2.7600321e-001
  2.5613647e-001
  2.1971583e-001
  1.6802764e-001
  1.0308165e-001
  2.7506953e-002
 -5.5572983e-002
 -1.4267653e-001
 -2.3010457e-001
 -3.1408176e-001
 -3.9089775e-001
 -4.5704880e-001
 -5.0938081e-001
 -5.4523266e-001
 -5.6257591e-001
 -5.6014310e-001
 -5.3753361e-001
 -4.9528367e-001
 -4.3488714e-001
 -3.5875599e-001
 -2.7011430e-001
 -1.7282639e-001
 -7.1167965e-002
  3.0443484e-002
  1.2773584e-001
  2.1686047e-001
  2.9463409e-001
  3.5872024e-001
  4.0773316e-001
  4.4125560e-001
  4.5977263e-001
  4.6453331e-001
  4.5736059e-001
  4.4043457e-001
  4.1607623e-001
  3.8655583e-001
  3.5394473e-001
  3.2002087e-001
  2.8622933e-001
  2.5369050e-001
  2.2324195e-001
  1.9549653e-001
  1.7089883e-001
  1.4976564e-001
  1.3230167e-001
  1.1858921e-001
  1.0855755e-001
  1.0194412e-001
  9.8262383e-002
  9.6791898e-002
  9.6602604e-002
  9.6619503e-002
  9.5726089e-002
  9.2896769e-002
  8.7341510e-002
  7.8641382e-002
  6.6852471e-002
  5.2558237e-002
  3.6856534e-002
  2.1276261e-002
  7.6287957e-003
 -2.1907220e-003
 -6.4290207e-003
 -3.6989753e-003
  6.8268608e-003
  2.5279762e-002
  5.1034795e-002
  8.2736961e-002
  1.1841210e-001
  1.5565020e-001
  1.9183952e-001
  2.2442366e-001
  2.5115133e-001
  2.7029008e-001
  2.8078066e-001
  2.8231672e-001
  2.7534420e-001
  2.6098501e-001
  2.4089799e-001
  2.1709696e-001
  1.9174934e-001
  1.6697881e-001
  1.4469325e-001
  1.2645364e-001
  1.1339343e-001
  1.0619029e-001
  1.0508567e-001
  1.0994228e-001
  1.2032600e-001
  1.3559732e-001
  1.5499836e-001
  1.7772386e-001
  2.0296845e-001
  2.2994678e-001
  2.5788765e-001
  2.8600729e-001
  3.1346966e-001
  3.3934375e-001
  3.6256799e-001
  3.8193130e-001
  3.9607812e-001
  4.0354216e-001
  4.0280966e-001
  3.9240993e-001
  3.7102667e-001
  3.3762079e-001
  2.9155303e-001
  2.3269328e-001
  1.6150384e-001
  7.9084761e-002
 -1.2826969e-002
 -1.1190932e-001
 -2.1535762e-001
 -3.2003195e-001
 -4.2263854e-001
 -5.1993046e-001
 -6.0890943e-001
 -6.8701036e-001
 -7.5225092e-001
 -8.0333212e-001
 -8.3968087e-001
 -8.6143181e-001
 -8.6935246e-001
 -8.6472200e-001
 -8.4917879e-001
 -8.2455473e-001
 -7.9271505e-001
 -7.5542007e-001
 -7.1422134e-001
 -6.7039891e-001
 -6.2494035e-001
 -5.7855587e-001
 -5.3171970e-001
 -4.8472474e-001
 -4.3773769e-001
 -3.9084333e-001
 -3.4407118e-001
 -2.9740237e-001
 -2.5076011e-001
 -2.0399167e-001
 -1.5685250e-001
 -1.0900372e-001
 -6.0032482e-002
 -9.5003195e-003
  4.2980623e-002
  9.7650038e-002
  1.5449262e-001
  2.1313809e-001
  2.7278565e-001
  3.3216947e-001
  3.8957717e-001
  4.4292720e-001
  4.8990276e-001
  5.2813177e-001
  5.5539526e-001
  5.6984134e-001
  5.7018003e-001
  5.5583543e-001
  5.2703641e-001
  4.8483408e-001
  4.3104325e-001
  3.6811402e-001
  2.9894802e-001
  2.2667976e-001
  1.5444660e-001
  8.5171026e-002
  2.1375622e-002
 -3.4954327e-002
 -8.2452633e-002
 -1.2039776e-001
 -1.4868797e-001
 -1.6777674e-001
 -1.7858163e-001
 -1.8237989e-001
 -1.8070234e-001
 -1.7523320e-001
 -1.6771993e-001
 -1.5989290e-001
 -1.5339215e-001
 -1.4969729e-001
 -1.5005692e-001
 -1.5541644e-001
 -1.6634574e-001
 -1.8297225e-001
 -2.0492713e-001
 -2.3131456e-001
 -2.6071352e-001
 -2.9121945e-001
 -3.2052959e-001
 -3.4607018e-001
 -3.6515845e-001
 -3.7518726e-001
 -3.7381605e-001
 -3.5915021e-001
 -3.2989137e-001
 -2.8544374e-001
 -2.2596664e-001
 -1.5236915e-001
 -6.6249385e-002
  3.0213215e-002
  1.3439982e-001
  2.4341272e-001
  3.5423852e-001
  4.6389975e-001
  5.6958389e-001
  6.6874334e-001
  7.5916407e-001
  8.3900541e-001
  9.0681565e-001
  9.6153040e-001
  1.0024600e+000
  1.0292713e+000
  1.0419674e+000
  1.0408648e+000
  1.0265681e+000
  9.9993864e-001
  9.6205426e-001
  9.1415875e-001
  8.5760084e-001
  7.9376528e-001
  7.2400118e-001
  6.4955410e-001
  5.7150984e-001
  4.9075686e-001
  4.0797263e-001
  3.2363641e-001
  2.3806711e-001
  1.5148151e-001
  6.4064981e-002
 -2.3955184e-002
 -1.1224402e-001
 -2.0031003e-001
 -2.8747990e-001
 -3.7289992e-001
 -4.5556345e-001
 -5.3435980e-001
 -6.0813714e-001
 -6.7577025e-001
 -7.3622405e-001
 -7.8860491e-001
 -8.3219470e-001
 -8.6646563e-001
 -8.9107747e-001
 -9.0586184e-001
 -9.1080003e-001
 -9.0600140e-001
 -8.9168879e-001
 -8.6819508e-001
 -8.3597196e-001
 -7.9560910e-001
 -7.4785852e-001
 -6.9365705e-001
 -6.3413898e-001
 -5.7063151e-001
 -5.0462773e-001
 -4.3773496e-001
 -3.7160009e-001
 -3.0781730e-001
 -2.4782667e-001
 -1.9281450e-001
 -1.4362644e-001
 -1.0070412e-001
 -6.4053318e-002
 -3.3248449e-002
 -7.4742596e-003
  1.4398562e-002
  3.3710587e-002
  5.1893057e-002
  7.0340329e-002
  9.0286391e-002
  1.1269545e-001
  1.3817474e-001
  1.6691517e-001
  1.9866290e-001
  2.3272216e-001
  2.6798788e-001
  3.0300469e-001
  3.3604801e-001
  3.6522238e-001
  3.8857155e-001
  4.0419505e-001
  4.1036544e-001
  4.0564055e-001
  3.8896465e-001
  3.5975243e-001
  3.1795013e-001
  2.6406833e-001
  1.9918276e-001
  1.2490076e-001
  4.3293832e-002
 -4.3200782e-002
 -1.3190353e-001
 -2.2003268e-001
 -3.0485080e-001
 -3.8380632e-001
 -4.5465925e-001
 -5.1558130e-001
 -5.6522339e-001
 -6.0274675e-001
 -6.2781734e-001
 -6.4056724e-001
 -6.4152943e-001
 -6.3155465e-001
 -6.1172001e-001
 -5.8323868e-001
 -5.4737847e-001
 -5.0539499e-001
 -4.5848220e-001
 -4.0774041e-001
 -3.5415933e-001
 -2.9861249e-001
 -2.4185834e-001
 -1.8454382e-001
 -1.2720745e-001
 -7.0280501e-002
 -1.4086692e-002
  4.1157387e-002
  9.5338185e-002
  1.4843407e-001
  2.0049465e-001
  2.5160944e-001
  3.0186692e-001
  3.5130714e-001
  3.9987304e-001
  4.4736722e-001
  4.9342080e-001
  5.3748097e-001
  5.7882133e-001
  6.1657701e-001
  6.4980282e-001
  6.7754977e-001
  6.9895193e-001
  7.1331397e-001
  7.2018862e-001
  7.1943394e-001
  7.1124216e-001
  6.9613532e-001
  6.7492644e-001
  6.4864944e-001
  6.1846509e-001
  5.8555306e-001
  5.5100263e-001
  5.1571458e-001
  4.8032588e-001
  4.4516643e-001
  4.1025296e-001
  3.7532121e-001
  3.3989292e-001
  3.0336985e-001
  2.6514420e-001
  2.2471257e-001
  1.8178032e-001
  1.3634426e-001
  8.8744002e-002
  3.9675746e-002
 -9.8334942e-003
 -5.8489094e-002
 -1.0482329e-001
 -1.4731161e-001
 -1.8449987e-001
 -2.1512929e-001
 -2.3824798e-001
 -2.5329829e-001
 -2.6017216e-001
 -2.5922991e-001
 -2.5128099e-001
 -2.3752895e-001
 -2.1948556e-001
 -1.9886160e-001
 -1.7744329e-001
 -1.5696411e-001
 -1.3898158e-001
 -1.2476810e-001
 -1.1522313e-001
 -1.1081253e-001
 -1.1153895e-001
 -1.1694484e-001
 -1.2614780e-001
 -1.3790615e-001
 -1.5071064e-001
 -1.6289693e-001
 -1.7277201e-001
 -1.7874663e-001
 -1.7946527e-001
 -1.7392458e-001
 -1.6157131e-001
 -1.4237164e-001
 -1.1684488e-001
 -8.6056480e-002
 -5.1568101e-002
 -1.5345532e-002
  2.0371285e-002
  5.3228146e-002
  8.0935229e-002
  1.0145065e-001
  1.1315351e-001
  1.1499079e-001
  1.0658355e-001
  8.8281006e-002
  6.1154791e-002
  2.6931520e-002
 -1.2132838e-002
 -5.3427153e-002
 -9.4193235e-002
 -1.3174928e-001
 -1.6370800e-001
 -1.8816893e-001
 -2.0386650e-001
 -2.1025984e-001
 -2.0755619e-001
 -1.9666662e-001
 -1.7909963e-001
 -1.5680499e-001
 -1.3198462e-001
 -1.0689090e-001
 -8.3633025e-002
 -6.4010417e-002
 -4.9388294e-002
 -4.0624886e-002
 -3.8053289e-002
 -4.1514422e-002
 -5.0431806e-002
 -6.3914625e-002
 -8.0873380e-002
 -1.0013248e-001
 -1.2052640e-001
 -1.4096997e-001
 -1.6049868e-001
 -1.7827990e-001
 -1.9360136e-001
 -2.0584639e-001
 -2.1446733e-001
 -2.1896836e-001
 -2.1890628e-001
 -2.1391412e-001
 -2.0374709e-001
 -1.8834548e-001
 -1.6790420e-001
 -1.4293610e-001
 -1.1431460e-001
 -8.3283054e-002
 -5.1421365e-002
 -2.0566119e-002
  7.3132576e-003
  3.0272954e-002
  4.6572662e-002
  5.4853534e-002
  5.4295066e-002
  4.4730784e-002
  2.6706383e-002
  1.4701164e-003
 -2.9106999e-002
 -6.2675234e-002
 -9.6600652e-002
 -1.2818993e-001
 -1.5492151e-001
 -1.7465810e-001
 -1.8581792e-001
 -1.8748691e-001
 -1.7946172e-001
 -1.6222130e-001
 -1.3683392e-001
 -1.0481374e-001
 -6.7946403e-002
 -2.8106190e-002
  1.2913233e-002
  5.3535562e-002
  9.2492732e-002
  1.2886370e-001
  1.6206254e-001
  1.9178429e-001
  2.1792233e-001
  2.4047448e-001
  2.5945508e-001
  2.7482841e-001
  2.8647413e-001
  2.9418951e-001
  2.9772661e-001
  2.9685641e-001
  2.9144728e-001
  2.8154231e-001
  2.6742011e-001
  2.4962584e-001
  2.2896381e-001
  2.0644879e-001
  1.8321993e-001
  1.6042668e-001
  1.3910166e-001
  1.2003719e-001
  1.0368327e-001
  9.0081931e-002
  7.8848770e-002
  6.9206335e-002
  6.0067284e-002
  5.0158692e-002
  3.8173444e-002
  2.2931006e-002
  3.5285980e-003
 -2.0535126e-002
 -4.9278320e-002
 -8.2205438e-002
 -1.1833103e-001
 -1.5625451e-001
 -1.9427667e-001
 -2.3054431e-001
 -2.6320662e-001
 -2.9056658e-001
 -3.1121181e-001
 -3.2411307e-001
 -3.2868259e-001
 -3.2478989e-001
 -3.1273740e-001
 -2.9320280e-001
 -2.6715771e-001
 -2.3577403e-001
 -2.0032940e-001
 -1.6212149e-001
 -1.2239849e-001
 -8.2309886e-002
 -4.2878239e-002
 -4.9895334e-003
  3.0602629e-002
  6.3265183e-002
  9.2472571e-002
  1.1779824e-001
  1.3891472e-001
  1.5560406e-001
  1.6777790e-001
  1.7550403e-001
  1.7903434e-001
  1.7882787e-001
  1.7556240e-001
  1.7012849e-001
  1.6360195e-001
  1.5719255e-001
  1.5216999e-001
  1.4977128e-001
  1.5109622e-001
  1.5700027e-001
  1.6799551e-001
  1.8417069e-001
  2.0514055e-001
  2.3003245e-001
  2.5751527e-001
  2.8587123e-001
  3.1310727e-001
  3.3709789e-001
  3.5574781e-001
  3.6715974e-001
  3.6979173e-001
  3.6258841e-001
  3.4507298e-001
  3.1739027e-001
  2.8029633e-001
  2.3509556e-001
  1.8353208e-001
  1.2764716e-001
  6.9618044e-002
  1.1595738e-002
 -4.4441345e-002
 -9.6802916e-002
 -1.4416100e-001
 -1.8557775e-001
 -2.2048801e-001
 -2.4864377e-001
 -2.7003234e-001
 -2.8478358e-001
 -2.9308224e-001
 -2.9509996e-001
 -2.9095818e-001
 -2.8072767e-001
 -2.6446406e-001
 -2.4227283e-001
 -2.1439151e-001
 -1.8127349e-001
 -1.4365657e-001
 -1.0260068e-001
 -5.9483302e-002
 -1.5946595e-002
  2.6202205e-002
  6.5128793e-002
  9.9133233e-002
  1.2681546e-001
  1.4722347e-001
  1.5996394e-001
  1.6525855e-001
  1.6393605e-001
  1.5735741e-001
  1.4728036e-001
  1.3567704e-001
  1.2452498e-001
  1.1559505e-001
  1.1026067e-001
  1.0935046e-001
  1.1306048e-001
  1.2093592e-001
  1.3192276e-001
  1.4448230e-001
  1.5675391e-001
  1.6674650e-001
  1.7253631e-001
  1.7244965e-001
  1.6521164e-001
  1.5004784e-001
  1.2673175e-001
  9.5578371e-002
  5.7390334e-002
  1.3367869e-002
 -3.5003001e-002
 -8.6069096e-002
 -1.3812200e-001
 -1.8949297e-001
 -2.3862472e-001
 -2.8411881e-001
 -3.2476127e-001
 -3.5953248e-001
 -3.8760867e-001
 -4.0836255e-001
 -4.2136871e-001
 -4.2641688e-001
 -4.2353264e-001
 -4.1300183e-001
 -3.9539238e-001
 -3.7156589e-001
 -3.4267113e-001
 -3.1011362e-001
 -2.7549800e-001
 -2.4054399e-001
 -2.0698074e-001
 -1.7642814e-001
 -1.5027652e-001
 -1.2957758e-001
 -1.1495902e-001
 -1.0657332e-001
 -1.0408776e-001
 -1.0671803e-001
 -1.1330304e-001
 -1.2241342e-001
 -1.3248286e-001
 -1.4194832e-001
 -1.4938459e-001
 -1.5361977e-001
 -1.5382044e-001
 -1.4953947e-001
 -1.4072382e-001
 -1.2768463e-001
 -1.1103591e-001
 -9.1611536e-002
 -7.0372118e-002
 -4.8313470e-002
 -2.6387177e-002
 -5.4411841e-003
  1.3815208e-002
  3.0821398e-002
  4.5153768e-002
  5.6498383e-002
  6.4616272e-002
  6.9310043e-002
  7.0399863e-002
  6.7714863e-002
  6.1103101e-002
  5.0459861e-002
  3.5770653e-002
  1.7162385e-002
 -5.0457799e-003
 -3.0301193e-002
 -5.7794846e-002
 -8.6463757e-002
 -1.1502265e-001
 -1.4202530e-001
 -1.6595223e-001
 -1.8531762e-001
 -1.9878560e-001
 -2.0528429e-001
 -2.0410529e-001
 -1.9497751e-001
 -1.7810632e-001
 -1.5417239e-001
 -1.2428862e-001
 -8.9917873e-002
 -5.2758341e-002
 -1.4606525e-002
  2.2789490e-002
  5.7872983e-002
  8.9404489e-002
  1.1655901e-001
  1.3898567e-001
  1.5682460e-001
  1.7067970e-001
  1.8155022e-001
  1.9072756e-001
  1.9966683e-001
  2.0984457e-001
  2.2261512e-001
  2.3907781e-001
  2.5996582e-001
  2.8556559e-001
  3.1567272e-001
  3.4958718e-001
  3.8614758e-001
  4.2380094e-001
  4.6070212e-001
  4.9483474e-001
  5.2414442e-001
  5.4667438e-001
  5.6069386e-001
  5.6481058e-001
  5.5806012e-001
  5.3996688e-001
  5.1057364e-001
  4.7043904e-001
  4.2060454e-001
  3.6253456e-001
  2.9803507e-001
  2.2915715e-001
  1.5809261e-001
  8.7068912e-002
  1.8249773e-002
 -4.6352762e-002
 -1.0495088e-001
 -1.5603567e-001
 -1.9841320e-001
 -2.3122296e-001
 -2.5394083e-001
 -2.6636969e-001
 -2.6862125e-001
 -2.6109243e-001
 -2.4443923e-001
 -2.1954989e-001
 -1.8751825e-001
 -1.4961678e-001
 -1.0726813e-001
 -6.2013015e-002
 -1.5472448e-002
  3.0697643e-002
  7.4860240e-002
  1.1545923e-001
  1.5108768e-001
  1.8055884e-001
  2.0297506e-001
  2.1778847e-001
  2.2484726e-001
  2.2442117e-001
  2.1720142e-001
  2.0427163e-001
  1.8704893e-001
  1.6719722e-001
  1.4651716e-001
  1.2682036e-001
  1.0979706e-001
  9.6888013e-002
  8.9171420e-002
  8.7275122e-002
  9.1322176e-002
  1.0091538e-001
  1.1516278e-001
  1.3274261e-001
  1.5200228e-001
  1.7108314e-001
  1.8806022e-001
  2.0108476e-001
  2.0851761e-001
  2.0904220e-001
  2.0174857e-001
  1.8618244e-001
  1.6235721e-001
  1.3073031e-001
  9.2148324e-002
  4.7768454e-002
 -1.0350739e-003
 -5.2769974e-002
 -1.0592137e-001
 -1.5903624e-001
 -2.1079144e-001
 -2.6004244e-001
 -3.0585245e-001
 -3.4750360e-001
 -3.8449352e-001
 -4.1652137e-001
 -4.4346745e-001
 -4.6536965e-001
 -4.8239908e-001
 -4.9483576e-001
 -5.0304403e-001
 -5.0744665e-001
 -5.0849638e-001
 -5.0664385e-001
 -5.0230222e-001
 -4.9580972e-001
 -4.8739337e-001
 -4.7713773e-001
 -4.6496388e-001
 -4.5062315e-001
 -4.3370971e-001
 -4.1369383e-001
 -3.8997537e-001
 -3.6195432e-001
 -3.2911229e-001
 -2.9109679e-001
 -2.4779897e-001
 -1.9941522e-001
 -1.4648456e-001
 -8.9895954e-002
 -3.0863186e-002
  2.9131203e-002
  8.8417821e-002
  1.4523977e-001
  1.9785906e-001
  2.4465910e-001
  2.8423302e-001
  3.1544997e-001
  3.3749474e-001
  3.4987981e-001
  3.5243280e-001
  3.4526540e-001
  3.2873151e-001
  3.0338347e-001
  2.6993352e-001
  2.2922619e-001
  1.8222346e-001
  1.3000152e-001
  7.3754672e-002
  1.4799550e-002
 -4.5427918e-002
 -1.0538996e-001
 -1.6348369e-001
 -2.1809884e-001
 -2.6769408e-001
 -3.1088574e-001
 -3.4653942e-001
 -3.7385292e-001
 -3.9241895e-001
 -4.0225750e-001
 -4.0381107e-001
 -3.9790065e-001
 -3.8564558e-001
 -3.6835513e-001
 -3.4740399e-001
 -3.2410623e-001
 -2.9960271e-001
 -2.7477519e-001
 -2.5019704e-001
 -2.2612526e-001
 -2.0253299e-001
 -1.7917617e-001
 -1.5568357e-001
 -1.3165635e-001
 -1.0676255e-001
 -8.0813312e-002
 -5.3810339e-002
 -2.5959237e-002
  2.3518161e-003
  3.0603276e-002
  5.8216320e-002
  8.4634036e-002
  1.0939900e-001
  1.3221551e-001
  1.5298744e-001
  1.7182653e-001
  1.8903056e-001
  2.0503496e-001
  2.2034548e-001
  2.3546130e-001
  2.5079950e-001
  2.6663033e-001
  2.8303137e-001
  2.9986501e-001
  3.1678081e-001
  3.3324051e-001
  3.4856124e-001
  3.6197044e-001
  3.7266545e-001
  3.7987142e-001
  3.8289208e-001
  3.8115020e-001
  3.7421633e-001
  3.6182612e-001
  3.4388801e-001
  3.2048358e-001
  2.9186282e-001
  2.5843612e-001
  2.2076397e-001
  1.7954421e-001
  1.3559634e-001
  8.9841858e-002
  4.3279713e-002
 -3.0432307e-003
 -4.8066240e-002
 -9.0751654e-002
 -1.3012236e-001
 -1.6529697e-001
 -1.9551982e-001
 -2.2018351e-001
 -2.3884241e-001
 -2.5121696e-001
 -2.5718948e-001
 -2.5679351e-001
 -2.5019890e-001
 -2.3769521e-001
 -2.1967543e-001
 -1.9662103e-001
 -1.6908861e-001
 -1.3769704e-001
 -1.0311360e-001
 -6.6037270e-002
 -2.7177728e-002
  1.2770202e-002
  5.3155782e-002
  9.3402640e-002
  1.3303623e-001
  1.7170373e-001
  2.0918164e-001
  2.4536729e-001
  2.8025212e-001
  3.1387744e-001
  3.4627599e-001
  3.7740559e-001
  4.0708344e-001
  4.3493078e-001
  4.6033752e-001
  4.8245497e-001
  5.0022174e-001
  5.1242418e-001
  5.1778784e-001
  5.1509255e-001
  5.0329951e-001
  4.8167679e-001
  4.4990862e-001
  4.0817511e-001
  3.5719189e-001
  2.9820325e-001
  2.3292793e-001
  1.6346149e-001
  9.2144691e-002
  2.1410449e-002
 -4.6375432e-002
 -1.0906453e-001
 -1.6485321e-001
 -2.1237651e-001
 -2.5076177e-001
 -2.7964041e-001
 -2.9912025e-001
 -3.0972532e-001
 -3.1231228e-001
 -3.0797433e-001
 -2.9794321e-001
 -2.8349841e-001
 -2.6589057e-001
 -2.4628288e-001
 -2.2571134e-001
 -2.0506234e-001
 -1.8506365e-001
 -1.6628437e-001
 -1.4913909e-001
 -1.3389228e-001
 -1.2066071e-001
 -1.0941298e-001
 -9.9967530e-002
 -9.1991541e-002
 -8.5004261e-002
 -7.8388373e-002
 -7.1412543e-002
 -6.3267040e-002
 -5.3112716e-002
 -4.0141649e-002
 -2.3645930e-002
 -3.0893878e-003
  2.1824054e-002
  5.1092180e-002
  8.4373012e-002
  1.2096563e-001
  1.5981723e-001
  1.9955823e-001
  2.3856469e-001
  2.7504499e-001
  3.0714507e-001
  3.3306476e-001
  3.5117644e-001
  3.6013647e-001
  3.5898044e-001
  3.4719419e-001
  3.2475459e-001
  2.9213674e-001
  2.5028685e-001
  2.0056345e-001
  1.4465190e-001
  8.4459826e-002
  2.2002059e-002
 -4.0715309e-002
 -1.0180304e-001
 -1.5958142e-001
 -2.1265187e-001
 -2.5994470e-001
 -3.0074215e-001
 -3.3467890e-001
 -3.6172338e-001
 -3.8214464e-001
 -3.9646970e-001
 -4.0543549e-001
 -4.0993900e-001
 -4.1098704e-001
 -4.0964634e-001
 -4.0699319e-001
 -4.0406142e-001
 -4.0178791e-001
 -4.0095546e-001
 -4.0213458e-001
 -4.0562742e-001
 -4.1141884e-001
 -4.1914073e-001
 -4.2805636e-001
 -4.3707080e-001
 -4.4477188e-001
 -4.4950345e-001
 -4.4946932e-001
 -4.4286258e-001
 -4.2801150e-001
 -4.0353033e-001
 -3.6846170e-001
 -3.2239720e-001
 -2.6556373e-001
 -1.9886618e-001
 -1.2388085e-001
 -4.2798446e-002
  4.1679690e-002
  1.2648424e-001
  2.0834825e-001
  2.8399187e-001
  3.5030737e-001
  4.0453151e-001
  4.4439372e-001
  4.6823189e-001
  4.7507051e-001
  4.6465934e-001
  4.3747334e-001
  3.9467732e-001
  3.3805968e-001
  2.6994079e-001
  1.9306142e-001
  1.1045652e-001
  2.5319428e-002
 -5.9138975e-002
 -1.3983118e-001
 -2.1392922e-001
 -2.7899066e-001
 -3.3306833e-001
 -3.7479803e-001
 -4.0345801e-001
 -4.1899532e-001
 -4.2201556e-001
 -4.1373446e-001
 -3.9589301e-001
 -3.7063998e-001
 -3.4038926e-001
 -3.0766120e-001
 -2.7491887e-001
 -2.4441099e-001
 -2.1803237e-001
 -1.9721140e-001
 -1.8283180e-001
 -1.7519289e-001
 -1.7400927e-001
 -1.7844838e-001
 -1.8720115e-001
 -1.9857968e-001
 -2.1063418e-001
 -2.2128140e-001
 -2.2843669e-001
 -2.3014248e-001
 -2.2468704e-001
 -2.1070806e-001
 -1.8727695e-001
 -1.5396002e-001
 -1.1085423e-001
 -5.8595226e-002
  1.6630773e-003
  6.8297445e-002
  1.3929128e-001
  2.1233466e-001
  2.8494368e-001
  3.5459277e-001
  4.1885223e-001
  4.7552214e-001
  5.2275365e-001
  5.5914914e-001
  5.8383396e-001
  5.9649467e-001
  5.9738102e-001
  5.8727218e-001
  5.6741022e-001
  5.3940651e-001
  5.0512866e-001
  4.6657665e-001
  4.2575719e-001
  3.8456492e-001
  3.4467770e-001
  3.0747191e-001
  2.7396167e-001
  2.4476419e-001
  2.2009161e-001
  1.9976838e-001
  1.8327217e-001
  1.6979510e-001
  1.5832160e-001
  1.4771859e-001
  1.3683280e-001
  1.2458980e-001
  1.1008870e-001
  9.2686189e-002
  7.2063921e-002
  4.8273424e-002
  2.1754271e-002
 -6.6772914e-003
 -3.5869701e-002
 -6.4405343e-002
 -9.0693015e-002
 -1.1307657e-001
 -1.2995092e-001
 -1.3987590e-001
 -1.4167830e-001
 -1.3453417e-001
 -1.1802498e-001
 -9.2164773e-002
 -5.7397893e-002
 -1.4570207e-002
  3.5121044e-002
  9.0192189e-002
  1.4894584e-001
  2.0954504e-001
  2.7008405e-001
  3.2865305e-001
  3.8339610e-001
  4.3256386e-001
  4.7456331e-001
  5.0800706e-001
  5.3176420e-001
  5.4501245e-001
  5.4728957e-001
  5.3853932e-001
  5.1914564e-001
  4.8994749e-001
  4.5222714e-001
  4.0766659e-001
  3.5826929e-001
  3.0624891e-001
  2.5389075e-001
  2.0339601e-001
  1.5672213e-001
  1.1543470e-001
  8.0586055e-002
  5.2634116e-002
  3.1411144e-002
  1.6147014e-002
  5.5457673e-003
 -2.0915900e-003
 -8.7101197e-003
 -1.6325407e-002
 -2.6846671e-002
 -4.1915262e-002
 -6.2772826e-002
 -9.0169348e-002
 -1.2431627e-001
 -1.6488460e-001
 -2.1104321e-001
 -2.6152881e-001
 -3.1473689e-001
 -3.6882282e-001
 -4.2180311e-001
 -4.7164949e-001
 -5.1637166e-001
 -5.5408751e-001
 -5.8308287e-001
 -6.0186395e-001
 -6.0920686e-001
 -6.0420719e-001
 -5.8633111e-001
 -5.5546685e-001
 -5.1197232e-001
 -4.5671270e-001
 -3.9107999e-001
 -3.1698646e-001
 -2.3682530e-001
 -1.5339412e-001
 -6.9781012e-002
  1.0782984e-002
  8.5096596e-002
  1.5017417e-001
  2.0342977e-001
  2.4284364e-001
  2.6709568e-001
  2.7565305e-001
  2.6880298e-001
  2.4762663e-001
  2.1391569e-001
  1.7003840e-001
  1.1876667e-001
  6.3079305e-002
  5.9580630e-003
 -4.9806293e-002
 -1.0178268e-001
 -1.4803071e-001
 -1.8718582e-001
 -2.1849506e-001
 -2.4180473e-001
 -2.5750552e-001
 -2.6644409e-001
 -2.6981224e-001
 -2.6902560e-001
 -2.6560330e-001
 -2.6105825e-001
 -2.5680513e-001
 -2.5408995e-001
 -2.5394203e-001
 -2.5714643e-001
 -2.6423263e-001
 -2.7547441e-001
 -2.9089569e-001
 -3.1027791e-001
 -3.3316643e-001
 -3.5887560e-001
 -3.8649409e-001
 -4.1489424e-001
 -4.4275015e-001
 -4.6856935e-001
 -4.9074192e-001
 -5.0760903e-001
 -5.1754997e-001
 -5.1908350e-001
 -5.1097647e-001
 -4.9234988e-001
 -4.6277128e-001
 -4.2232233e-001
 -3.7163174e-001
 -3.1186683e-001
 -2.4468108e-001
 -1.7211975e-001
 -9.6490616e-002
 -2.0210998e-002
  5.4354453e-002
  1.2504962e-001
  1.9006112e-001
  2.4801798e-001
  2.9804793e-001
  3.3978644e-001
  3.7334002e-001
  3.9921068e-001
  4.1819210e-001
  4.3125118e-001
  4.3940874e-001
  4.4363257e-001
  4.4475282e-001
  4.4340600e-001
  4.4000946e-001
  4.3476392e-001
  4.2767827e-001
  4.1860871e-001
  4.0730393e-001
  3.9344850e-001
  3.7669944e-001
  3.5671319e-001
  3.3316381e-001
  3.0575530e-001
  2.7423303e-001
  2.3839939e-001
  1.9813773e-001
  1.5344662e-001
  1.0448358e-001
  5.1614104e-002
 -4.5407202e-003
 -6.3066567e-002
 -1.2273712e-001
 -1.8202198e-001
 -2.3912632e-001
 -2.9206364e-001
 -3.3875875e-001
 -3.7717340e-001
 -4.0544396e-001
 -4.2201782e-001
 -4.2577474e-001
 -4.1612062e-001
 -3.9304381e-001
 -3.5712825e-001
 -3.0952245e-001
 -2.5186815e-001
 -1.8619640e-001
 -1.1480206e-001
 -4.0108967e-002
  3.5462122e-002
  1.0961225e-001
  1.8026193e-001
  2.4562335e-001
  3.0424624e-001
  3.5503947e-001
  3.9727272e-001
  4.3056357e-001
  4.5485548e-001
  4.7039106e-001
  4.7768367e-001
  4.7748814e-001
  4.7077012e-001
  4.5867197e-001
  4.4247284e-001
  4.2354067e-001
  4.0327496e-001
  3.8304074e-001
  3.6409597e-001
  3.4751651e-001
  3.3412402e-001
  3.2442326e-001
  3.1855514e-001
  3.1627134e-001
  3.1693477e-001
  3.1954825e-001
  3.2281143e-001
  3.2520358e-001
  3.2508732e-001
  3.2082679e-001
  3.1091172e-001
  2.9407839e-001
  2.6941790e-001
  2.3646315e-001
  1.9524649e-001
  1.4632273e-001
  9.0753963e-002
  3.0056151e-002
 -3.3889578e-002
 -9.8954795e-002
 -1.6290168e-001
 -2.2352966e-001
 -2.7881812e-001
 -3.2705247e-001
 -3.6692209e-001
 -3.9758116e-001
 -4.1866717e-001
 -4.3027646e-001
 -4.3290077e-001
 -4.2733341e-001
 -4.1455713e-001
 -3.9562792e-001
 -3.7156913e-001
 -3.4328881e-001
 -3.1152952e-001
 -2.7685515e-001
 -2.3967377e-001
 -2.0028993e-001
 -1.5897551e-001
 -1.1604524e-001
 -7.1922416e-002
 -2.7181575e-002
  1.7440771e-002
  6.1071503e-002
  1.0275997e-001
  1.4156255e-001
  1.7663963e-001
  2.0734898e-001
  2.3331928e-001
  2.5448973e-001
  2.7110644e-001
  2.8367269e-001
  2.9285744e-001
  2.9937306e-001
  3.0383908e-001
  3.0665126e-001
  3.0787621e-001
  3.0718818e-001
  3.0386024e-001
  2.9681392e-001
  2.8472421e-001
  2.6616858e-001
  2.3980303e-001
  2.0454422e-001
  1.5973594e-001
  1.0528036e-001
  4.1718904e-002
 -2.9745710e-002
 -1.0728787e-001
 -1.8855244e-001
 -2.7079200e-001
 -3.5103333e-001
 -4.2625696e-001
 -4.9357430e-001
 -5.5038970e-001
 -5.9453832e-001
 -6.2439438e-001
 -6.3894846e-001
 -6.3785425e-001
 -6.2144689e-001
 -5.9073455e-001
 -5.4736391e-001
 -4.9355910e-001
 -4.3203228e-001
 -3.6586442e-001
 -2.9835595e-001
 -2.3284974e-001
 -1.7253314e-001
 -1.2022998e-001
 -7.8198068e-002
 -4.7950618e-002
 -3.0121160e-002
 -2.4390050e-002
 -2.9486243e-002
 -4.3271224e-002
 -6.2903373e-002
 -8.5071703e-002
 -1.0627924e-001
 -1.2314944e-001
 -1.3272533e-001
 -1.3273070e-001
 -1.2176661e-001
 -9.9423195e-002
 -6.6296957e-002
 -2.3913915e-002
  2.5429835e-002
  7.8889979e-002
  1.3333195e-001
  1.8559618e-001
  2.3274328e-001
  2.7225626e-001
  3.0218453e-001
  3.2122263e-001
  3.2872554e-001
  3.2466963e-001
  3.0957339e-001
  2.8439447e-001
  2.5041919e-001
  2.0915754e-001
  1.6225265e-001
  1.1140811e-001
  5.8332340e-002
  4.6955729e-003
 -4.7906650e-002
 -9.7989040e-002
 -1.4421493e-001
 -1.8543807e-001
 -2.2074514e-001
 -2.4949356e-001
 -2.7133749e-001
 -2.8623527e-001
 -2.9443341e-001
 -2.9642518e-001
 -2.9288665e-001
 -2.8459627e-001
 -2.7234821e-001
 -2.5687053e-001
 -2.3875976e-001
 -2.1844065e-001
 -1.9615621e-001
 -1.7198812e-001
 -1.4590261e-001
 -1.1781243e-001
 -8.7643275e-002
 -5.5392048e-002
 -2.1166466e-002
  1.4800940e-002
  5.2166265e-002
  9.0511490e-002
  1.2939709e-001
  1.6841818e-001
  2.0725135e-001
  2.4568069e-001
  2.8359512e-001
  3.2095472e-001
  3.5772968e-001
  3.9382134e-001
  4.2897934e-001
  4.6273065e-001
  4.9433595e-001
  5.2278513e-001
  5.4683822e-001
  5.6511085e-001
  5.7619616e-001
  5.7880879e-001
  5.7193226e-001
  5.5494974e-001
  5.2773984e-001
  4.9072351e-001
  4.4485482e-001
  3.9155640e-001
  3.3260748e-001
  2.6999935e-001
  2.0577661e-001
  1.4188404e-001
  8.0036795e-002
  2.1627584e-002
 -3.2322010e-002
 -8.1165576e-002
 -1.2459725e-001
 -1.6258929e-001
 -1.9531547e-001
 -2.2307406e-001
 -2.4622206e-001
 -2.6512831e-001
 -2.8014806e-001
 -2.9161694e-001
 -2.9985777e-001
 -3.0519194e-001
 -3.0794651e-001
 -3.0844996e-001
 -3.0701333e-001
 -3.0389723e-001
 -2.9927004e-001
 -2.9316557e-001
 -2.8545035e-001
 -2.7581051e-001
 -2.6376565e-001
 -2.4871299e-001
 -2.3000027e-001
 -2.0702021e-001
 -1.7931523e-001
 -1.4667834e-001
 -1.0923508e-001
 -6.7493708e-002
 -2.2354171e-002
  2.4927868e-002
  7.2819694e-002
  1.1962464e-001
  1.6361659e-001
  2.0317994e-001
  2.3693834e-001
  2.6385721e-001
  2.8330875e-001
  2.9509310e-001
  2.9941501e-001
  2.9682118e-001
  2.8810749e-001
  2.7420875e-001
  2.5608475e-001
  2.3461572e-001
  2.1051830e-001
  1.8429005e-001
  1.5618645e-001
  1.2623092e-001
  9.4254933e-002
  5.9962507e-002
  2.3011727e-002
 -1.6895080e-002
 -5.9921283e-002
 -1.0601447e-001
 -1.5484143e-001
 -2.0574668e-001
 -2.5773997e-001
 -3.0951714e-001
 -3.5951585e-001
 -4.0600556e-001
 -4.4720731e-001
 -4.8143575e-001
 -5.0725203e-001
 -5.2361306e-001
 -5.3000094e-001
 -5.2651589e-001
 -5.1391760e-001
 -4.9360419e-001
 -4.6752340e-001
 -4.3801850e-001
 -4.0761932e-001
 -3.7879660e-001
 -3.5370418e-001
 -3.3393725e-001
 -3.2033530e-001
 -3.1285525e-001
 -3.1053339e-001
 -3.1154530e-001
 -3.1336154e-001
 -3.1298550e-001
 -3.0724929e-001
 -2.9313650e-001
 -2.6809636e-001
 -2.3031505e-001
 -1.7891480e-001
 -1.1405992e-001
 -3.6960775e-002
  5.0221701e-002
  1.4455630e-001
  2.4258308e-001
  3.4058659e-001
  4.3486982e-001
  5.2200026e-001
  5.9900572e-001
  6.6350632e-001
  7.1377865e-001
  7.4875766e-001
  7.6798915e-001
  7.7155065e-001
  7.5995958e-001
  7.3408589e-001
  6.9508143e-001
  6.4433230e-001
  5.8343330e-001
  5.1417794e-001
  4.3855303e-001
  3.5872566e-001
  2.7701126e-001
  1.9581529e-001
  1.1754634e-001
  4.4504666e-002
 -2.1244228e-002
 -7.7997061e-002
 -1.2452534e-001
 -1.6015762e-001
 -1.8481918e-001
 -1.9902189e-001
 -2.0380332e-001
 -2.0062086e-001
 -1.9121209e-001
 -1.7743682e-001
 -1.6111804e-001
 -1.4389842e-001
 -1.2712619e-001
 -1.1177976e-001
 -9.8435202e-002
 -8.7275134e-002
 -7.8132924e-002
 -7.0562962e-002
 -6.3925905e-002
 -5.7478035e-002
 -5.0455357e-002
 -4.2145631e-002
 -3.1944458e-002
 -1.9394380e-002
 -4.2081237e-003
  1.3721552e-002
  3.4322558e-002
  5.7352266e-002
  8.2412789e-002
  1.0897207e-001
  1.3639082e-001
  1.6395547e-001
  1.9091685e-001
  2.1653339e-001
  2.4011622e-001
  2.6107250e-001
  2.7894219e-001
  2.9342375e-001
  3.0438456e-001
  3.1185368e-001
  3.1599685e-001
  3.1707600e-001
  3.1539818e-001
  3.1126046e-001
  3.0489838e-001
  2.9644513e-001
  2.8590729e-001
  2.7316045e-001
  2.5796519e-001
  2.4000055e-001
  2.1891009e-001
  1.9435319e-001
  1.6605448e-001
  1.3384455e-001
  9.7687229e-002
  5.7691204e-002
  1.4106639e-002
 -3.2689874e-002
 -8.2217063e-002
 -1.3391165e-001
 -1.8714677e-001
 -2.4124252e-001
 -2.9546757e-001
 -3.4903328e-001
 -4.0108429e-001
 -4.5069107e-001
 -4.9685055e-001
 -5.3849992e-001
 -5.7454678e-001
 -6.0391598e-001
 -6.2561009e-001
 -6.3877763e-001
 -6.4278105e-001
 -6.3725531e-001
 -6.2214897e-001
 -5.9774124e-001
 -5.6463221e-001
 -5.2370666e-001
 -4.7607625e-001
 -4.2300753e-001
 -3.6584531e-001
 -3.0594123e-001
 -2.4459595e-001
 -1.8302080e-001
 -1.2232089e-001
 -6.3497966e-002
 -7.4675187e-003
  4.4917615e-002
  9.2846062e-002
  1.3553728e-001
  1.7224739e-001
  2.0229386e-001
  2.2509758e-001
  2.4023682e-001
  2.4750459e-001
  2.4695932e-001
  2.3895895e-001
  2.2417011e-001
  2.0354785e-001
  1.7828514e-001
  1.4973630e-001
  1.1932241e-001
  8.8429503e-002
  5.8311661e-002
  3.0010671e-002
  4.3012347e-003
 -1.8332662e-002
 -3.7689216e-002
 -5.3811509e-002
 -6.6928660e-002
 -7.7385205e-002
 -8.5569425e-002
 -9.1850618e-002
 -9.6533093e-002
 -9.9831369e-002
 -1.0186730e-001
 -1.0268622e-001
 -1.0228644e-001
 -1.0065451e-001
 -9.7798674e-002
 -9.3773693e-002
 -8.8692489e-002
 -8.2722834e-002
 -7.6070171e-002
 -6.8950257e-002
 -6.1557016e-002
 -5.4031683e-002
 -4.6438927e-002
 -3.8754180e-002
 -3.0864379e-002
 -2.2581949e-002
 -1.3669674e-002
 -3.8724133e-003
  7.0492359e-003
  1.9288292e-002
  3.2967872e-002
  4.8127502e-002
  6.4720230e-002
  8.2619696e-002
  1.0163495e-001
  1.2152980e-001
  1.4204323e-001
  1.6290770e-001
  1.8386298e-001
  2.0466415e-001
  2.2508362e-001
  2.4490803e-001
  2.6393130e-001
  2.8194578e-001
  2.9873297e-001
  3.1405524e-001
  3.2764942e-001
  3.3922271e-001
  3.4845102e-001
  3.5498002e-001
  3.5842894e-001
  3.5839772e-001
  3.5447809e-001
  3.4626939e-001
  3.3339959e-001
  3.1555164e-001
  2.9249425e-001
  2.6411543e-001
  2.3045601e-001
  1.9173953e-001
  1.4839462e-001
  1.0106601e-001
  5.0611183e-002
 -1.9190193e-003
 -5.5315830e-002
 -1.0826204e-001
 -1.5939180e-001
 -2.0735574e-001
 -2.5088561e-001
 -2.8885274e-001
 -3.2031577e-001
 -3.4455415e-001
 -3.6108637e-001
 -3.6967338e-001
 -3.7030989e-001
 -3.6320675e-001
 -3.4876867e-001
 -3.2757075e-001
 -3.0033629e-001
 -2.6791695e-001
 -2.3127473e-001
 -1.9146371e-001
 -1.4960895e-001
 -1.0687983e-001
 -6.4455753e-002
 -2.3484143e-002
  1.4967990e-002
  4.9965107e-002
  8.0751638e-002
  1.0679172e-001
  1.2779411e-001
  1.4371742e-001
  1.5475304e-001
  1.6128607e-001
  1.6383783e-001
  1.6299628e-001
  1.5934308e-001
  1.5338684e-001
  1.4551160e-001
  1.3594783e-001
  1.2477001e-001
  1.1192117e-001
  9.7260481e-002
  8.0626864e-002
  6.1908602e-002
  4.1108287e-002
  1.8392790e-002
 -5.8797836e-003
 -3.1160827e-002
 -5.6740142e-002
 -8.1799359e-002
 -1.0548256e-001
 -1.2697433e-001
 -1.4557461e-001
 -1.6076025e-001
 -1.7222567e-001
 -1.7989805e-001
 -1.8392656e-001
 -1.8464892e-001
 -1.8254148e-001
 -1.7816117e-001
 -1.7208793e-001
 -1.6487528e-001
 -1.5701465e-001
 -1.4891566e-001
 -1.4090191e-001
 -1.3321853e-001
 -1.2604601e-001
 -1.1951409e-001
 -1.1371008e-001
 -1.0867774e-001
 -1.0440552e-001
 -1.0080588e-001
 -9.7690212e-002
 -9.4745581e-002
 -9.1520632e-002
 -8.7426978e-002
 -8.1760736e-002
 -7.3745766e-002
 -6.2596696e-002
 -4.7596273e-002
 -2.8178726e-002
 -4.0090584e-003
  2.4952137e-002
  5.8407503e-002
  9.5711912e-002
  1.3589452e-001
  1.7771268e-001
  2.1973242e-001
  2.6042704e-001
  2.9828327e-001
  3.3190365e-001
  3.6009503e-001
  3.8193480e-001
  3.9681034e-001
  4.0443000e-001
  4.0480810e-001
  3.9822887e-001
  3.8519645e-001
  3.6637845e-001
  3.4255026e-001
  3.1454570e-001
  2.8321740e-001
  2.4940793e-001
  2.1393054e-001
  1.7755679e-001
  1.4100749e-001
  1.0494380e-001
  6.9956044e-002
  3.6549398e-002
  5.1275050e-003
 -2.4023541e-002
 -5.0747190e-002
 -7.5020492e-002
 -9.6946806e-002
 -1.1673513e-001
 -1.3466592e-001
 -1.5104565e-001
 -1.6615419e-001
 -1.8019134e-001
 -1.9322899e-001
 -2.0517609e-001
 -2.1576194e-001
 -2.2454166e-001
 -2.3092487e-001
 -2.3422595e-001
 -2.3373106e-001
 -2.2877529e-001
 -2.1882148e-001
 -2.0353199e-001
 -1.8282541e-001
 -1.5691184e-001
 -1.2630270e-001
 -9.1794129e-002
 -5.4425759e-002
 -1.5419367e-002
  2.3896090e-002
  6.2165515e-002
  9.8086987e-002
  1.3048236e-001
  1.5835365e-001
  1.8092180e-001
  1.9764654e-001
  2.0822850e-001
  2.1259624e-001
  2.1088215e-001
  2.0339205e-001
  1.9057257e-001
  1.7298013e-001
  1.5125390e-001
  1.2609382e-001
  9.8243257e-002
  6.8474976e-002
  3.7578193e-002
  6.3445012e-003
 -2.4449318e-002
 -5.4062679e-002
 -8.1816786e-002
 -1.0712320e-001
 -1.2951302e-001
 -1.4866356e-001
 -1.6441885e-001
 -1.7680084e-001
 -1.8600836e-001
 -1.9240267e-001
 -1.9647938e-001
 -1.9882851e-001
 -2.0008575e-001
 -2.0087912e-001
 -2.0177601e-001
 -2.0323567e-001
 -2.0557151e-001
 -2.0892671e-001
 -2.1326511e-001
 -2.1837766e-001
 -2.2390316e-001
 -2.2936051e-001
 -2.3418884e-001
 -2.3779131e-001
 -2.3957843e-001
 -2.3900750e-001
 -2.3561529e-001
 -2.2904278e-001
 -2.1905130e-001
 -2.0553074e-001
 -1.8850113e-001
 -1.6810898e-001
 -1.4461992e-001
 -1.1840859e-001
 -8.9946430e-002
 -5.9787244e-002
 -2.8550216e-002
  3.1002272e-003
  3.4478043e-002
  6.4902587e-002
  9.3728153e-002
  1.2037441e-001
  1.4435534e-001
  1.6530389e-001
  1.8298940e-001
  1.9732515e-001
  2.0836468e-001
  2.1628593e-001
  2.2136465e-001
  2.2393905e-001
  2.2436953e-001
  2.2299764e-001
  2.2010895e-001
  2.1590392e-001
  2.1047994e-001
  2.0382634e-001
  1.9583262e-001
  1.8630830e-001
  1.7501191e-001
  1.6168528e-001
  1.4608932e-001
  1.2803760e-001
  1.0742473e-001
  8.4247877e-002
  5.8620496e-002
  3.0778936e-002
  1.0828691e-003
 -2.9988880e-002
 -6.1845837e-002
 -9.3795890e-002
 -1.2505780e-001
 -1.5477696e-001
 -1.8204567e-001
 -2.0592945e-001
 -2.2550051e-001
 -2.3987862e-001
 -2.4827832e-001
 -2.5005996e-001
 -2.4478061e-001
 -2.3223966e-001
 -2.1251380e-001
 -1.8597589e-001
 -1.5329401e-001
 -1.1540844e-001
 -7.3486987e-002
 -2.8861719e-002
  1.7047538e-002
  6.2815618e-002
  1.0709225e-001
  1.4867216e-001
  1.8654826e-001
  2.1994371e-001
  2.4832094e-001
  2.7136933e-001
  2.8897565e-001
  3.0118354e-001
  3.0814935e-001
  3.1010156e-001
  3.0730972e-001
  3.0006656e-001
  2.8868434e-001
  2.7350342e-001
  2.5490903e-001
  2.3334997e-001
  2.0935320e-001
  1.8352820e-001
  1.5655737e-001
  1.2917084e-001
  1.0210715e-001
  7.6063981e-002
  5.1645269e-002
  2.9312085e-002
  9.3447705e-003
 -8.1776191e-003
 -2.3376745e-002
 -3.6552465e-002
 -4.8140705e-002
 -5.8656911e-002
 -6.8632325e-002
 -7.8551299e-002
 -8.8797569e-002
 -9.9615908e-002
 -1.1109316e-001
 -1.2315968e-001
 -1.3560925e-001
 -1.4813290e-001
 -1.6036030e-001
 -1.7190196e-001
 -1.8238574e-001
 -1.9148286e-001
 -1.9892094e-001
 -2.0448406e-001
 -2.0800233e-001
 -2.0933536e-001
 -2.0835490e-001
 -2.0493178e-001
 -1.9893148e-001
 -1.9022022e-001
 -1.7868180e-001
 -1.6424245e-001
 -1.4689947e-001
 -1.2674816e-001
 -1.0400132e-001
 -7.8996652e-002
 -5.2189169e-002
 -2.4128141e-002
  4.5793320e-003
  3.3313562e-002
  6.1490139e-002
  8.8603473e-002
  1.1425944e-001
  1.3819205e-001
  1.6026130e-001
  1.8043232e-001
  1.9873880e-001
  2.1523605e-001
  2.2995097e-001
  2.4283678e-001
  2.5373983e-001
  2.6238419e-001
  2.6837729e-001
  2.7123694e-001
  2.7043682e-001
  2.6546522e-001
  2.5588956e-001
  2.4141861e-001
  2.2195445e-001
  1.9762755e-001
  1.6881054e-001
  1.3610896e-001
  1.0032997e-001
  6.2432849e-002
  2.3466977e-002
 -1.5495834e-002
 -5.3427316e-002
 -8.9400531e-002
 -1.2263423e-001
 -1.5252055e-001
 -1.7863491e-001
 -2.0072924e-001
 -2.1871130e-001
 -2.3261422e-001
 -2.4256109e-001
 -2.4872939e-001
 -2.5131930e-001
 -2.5052929e-001
 -2.4654062e-001
 -2.3951136e-001
 -2.2957908e-001
 -2.1687038e-001
 -2.0151485e-001
 -1.8366061e-001
 -1.6348877e-001
 -1.4122473e-001
 -1.1714459e-001
 -9.1575947e-002
 -6.4893208e-002
 -3.7508005e-002
 -9.8561268e-003
  1.7617463e-002
  4.4473826e-002
  7.0293902e-002
  9.4689818e-002
  1.1731292e-001
  1.3785840e-001
  1.5606674e-001
  1.7172300e-001
  1.8465475e-001
  1.9472994e-001
  2.0185577e-001
  2.0597909e-001
  2.0708875e-001
  2.0521946e-001
  2.0045647e-001
  1.9293972e-001
  1.8286619e-001
  1.7048890e-001
  1.5611164e-001
  1.4007870e-001
  1.2275986e-001
  1.0453152e-001
  8.5755568e-002
  6.6758323e-002
  4.7811867e-002
  2.9120266e-002
  1.0812605e-002
 -7.0559475e-003
 -2.4494835e-002
 -4.1561435e-002
 -5.8338881e-002
 -7.4911049e-002
 -9.1337809e-002
 -1.0763364e-001
 -1.2375232e-001
 -1.3957939e-001
 -1.5493343e-001
 -1.6957537e-001
 -1.8322452e-001
 -1.9557897e-001
 -2.0633722e-001
 -2.1521849e-001
 -2.2197910e-001
 -2.2642328e-001
 -2.2840798e-001
 -2.2784199e-001
 -2.2468091e-001
 -2.1892010e-001
 -2.1058768e-001
 -1.9974001e-001
 -1.8646073e-001
 -1.7086409e-001
 -1.5310194e-001
 -1.3337294e-001
 -1.1193159e-001
 -8.9094775e-002
 -6.5243167e-002
 -4.0815870e-002
 -1.6297391e-002
  7.8026263e-003
  3.0975329e-002
  5.2741619e-002
  7.2680879e-002
  9.0456003e-002
  1.0583164e-001
  1.1868337e-001
  1.2899669e-001
  1.3685607e-001
  1.4242557e-001
  1.4592357e-001
  1.4759486e-001
  1.4768349e-001
  1.4640929e-001
  1.4395058e-001
  1.4043407e-001
  1.3593240e-001
  1.3046814e-001
  1.2402286e-001
  1.1654910e-001
  1.0798318e-001
  9.8257265e-002
  8.7309472e-002
  7.5091871e-002
  6.1576624e-002
  4.6761183e-002
  3.0673592e-002
  1.3378813e-002
 -5.0134682e-003
 -2.4339767e-002
 -4.4373387e-002
 -6.4816288e-002
 -8.5294218e-002
 -1.0535720e-001
 -1.2448707e-001
 -1.4211314e-001
 -1.5763595e-001
 -1.7045806e-001
 -1.8001959e-001
 -1.8583567e-001
 -1.8753198e-001
 -1.8487497e-001
 -1.7779351e-001
 -1.6638970e-001
 -1.5093755e-001
 -1.3186985e-001
 -1.0975429e-001
 -8.5261466e-002
 -5.9127670e-002
 -3.2115816e-002
 -4.9777460e-003
  2.1579441e-002
  4.6921068e-002
  7.0505481e-002
  9.1897282e-002
  1.1077364e-001
  1.2692452e-001
  1.4024798e-001
  1.5074152e-001
  1.5849054e-001
  1.6365446e-001
  1.6645096e-001
  1.6713877e-001
  1.6599925e-001
  1.6331731e-001
  1.5936243e-001
  1.5437080e-001
  1.4853004e-001
  1.4196778e-001
  1.3474555e-001
  1.2685910e-001
  1.1824552e-001
  1.0879720e-001
  9.8381563e-002
  8.6865069e-002
  7.4139201e-002
  6.0145901e-002
  4.4899821e-002
  2.8505040e-002
  1.1164369e-002
 -6.8198765e-003
 -2.5053915e-002
 -4.3068815e-002
 -6.0343774e-002
 -7.6334506e-002
 -9.0504504e-002
 -1.0235684e-001
 -1.1146427e-001
 -1.1749562e-001
 -1.2023688e-001
 -1.1960578e-001
 -1.1565912e-001
 -1.0859240e-001
 -9.8731901e-002
 -8.6519444e-002
 -7.2490576e-002
 -5.7247185e-002
 -4.1425907e-002
 -2.5663994e-002
 -1.0564634e-002
  3.3361093e-003
  1.5598479e-002
  2.5902196e-002
  3.4061796e-002
  4.0032863e-002
  4.3908578e-002
  4.5906871e-002
  4.6349268e-002
  4.5633352e-002
  4.4201282e-002
  4.2507162e-002
  4.0986024e-002
  4.0026866e-002
  3.9951554e-002
  4.1000635e-002
  4.3326194e-002
  4.6991114e-002
  5.1973435e-002
  5.8174153e-002
  6.5426725e-002
  7.3506799e-002
  8.2141140e-002
  9.1015358e-002
  9.9780668e-002
  1.0806043e-001
  1.1545754e-001
  1.2156379e-001
  1.2597209e-001
  1.2829188e-001
  1.2816756e-001
  1.2529893e-001
  1.1946210e-001
  1.1052902e-001
  9.8483353e-002
  8.3430902e-002
  6.5603150e-002
  4.5353054e-002
  2.3143218e-002
 -4.7275404e-004
 -2.4874164e-002
 -4.9400413e-002
 -7.3379277e-002
 -9.6154173e-002
 -1.1710868e-001
 -1.3568706e-001
 -1.5141018e-001
 -1.6388675e-001
 -1.7282028e-001
 -1.7801245e-001
 -1.7936368e-001
 -1.7687152e-001
 -1.7062745e-001
 -1.6081220e-001
 -1.4768964e-001
 -1.3159891e-001
 -1.1294479e-001
 -9.2186002e-002
 -6.9821668e-002
 -4.6376337e-002
 -2.2384243e-002
  1.6262583e-003
  2.5147107e-002
  4.7702874e-002
  6.8860330e-002
  8.8234914e-002
  1.0549416e-001
  1.2035858e-001
  1.3260071e-001
  1.4204334e-001
  1.4855778e-001
  1.5206292e-001
  1.5252544e-001
  1.4996123e-001
  1.4443756e-001
  1.3607540e-001
  1.2505092e-001
  1.1159534e-001
  9.5992521e-002
  7.8573917e-002
  5.9710905e-002
  3.9804987e-002
  1.9276583e-002
 -1.4466585e-003
 -2.1941130e-002
 -4.1797384e-002
 -6.0628666e-002
 -7.8077825e-002
 -9.3822857e-002
 -1.0758165e-001
 -1.1911657e-001
 -1.2823934e-001
 -1.3481671e-001
 -1.3877653e-001
 -1.4011395e-001
 -1.3889674e-001
 -1.3526857e-001
 -1.2944906e-001
 -1.2172970e-001
 -1.1246494e-001
 -1.0205852e-001
 -9.0945580e-002
 -7.9571873e-002
 -6.8371745e-002
 -5.7746735e-002
 -4.8046711e-002
 -3.9555054e-002
 -3.2478878e-002
 -2.6944594e-002
 -2.2998462e-002
 -2.0611193e-002
 -1.9685296e-002
 -2.0063800e-002
 -2.1539155e-002
 -2.3861523e-002
 -2.6746261e-002
 -2.9880943e-002
 -3.2932735e-002
 -3.5557184e-002
 -3.7409412e-002
 -3.8158360e-002
 -3.7504109e-002
 -3.5197537e-002
 -3.1060825e-002
 -2.5006663e-002
 -1.7053709e-002
 -7.3358657e-003
  3.8966108e-003
  1.6285301e-002
  2.9381194e-002
  4.2670503e-002
  5.5606483e-002
  6.7644148e-002
  7.8274374e-002
  8.7053874e-002
  9.3628114e-002
  9.7745199e-002
  9.9259955e-002
  9.8128816e-002
  9.4397273e-002
  8.8182534e-002
  7.9654529e-002
  6.9018273e-002
  5.6500106e-002
  4.2339370e-002
  2.6785963e-002
  1.0103037e-002
 -7.4268892e-003
 -2.5494744e-002
 -4.3759240e-002
 -6.1845022e-002
 -7.9346264e-002
 -9.5836384e-002
 -1.1088345e-001
 -1.2406989e-001
 -1.3501424e-001
 -1.4339239e-001
 -1.4895571e-001
 -1.5154393e-001
 -1.5109134e-001
 -1.4762588e-001
 -1.4126173e-001
 -1.3218676e-001
 -1.2064676e-001
 -1.0692882e-001
 -9.1345830e-002
 -7.4223826e-002
 -5.5893120e-002
 -3.6683438e-002
 -1.6922544e-002
  3.0627249e-003
  2.2944413e-002
  4.2391802e-002
  6.1071387e-002
  7.8649228e-002
  9.4795951e-002
  1.0919413e-001
  1.2154741e-001
  1.3159037e-001
  1.3909832e-001
  1.4389605e-001
  1.4586501e-001
  1.4494871e-001
  1.4115625e-001
  1.3456431e-001
  1.2531768e-001
  1.1362875e-001
  9.9775713e-002
  8.4099359e-002
  6.6997987e-002
  4.8919846e-002
  3.0352636e-002
  1.1809747e-002
 -6.1866301e-003
 -2.3124981e-002
 -3.8525437e-002
 -5.1960771e-002
 -6.3075706e-002
 -7.1602776e-002
 -7.7373285e-002
 -8.0322315e-002
 -8.0487438e-002
 -7.8001426e-002
 -7.3079974e-002
 -6.6005884e-002
 -5.7111461e-002
 -4.6760853e-002
 -3.5333741e-002
 -2.3211381e-002
 -1.0765333e-002
  1.6512970e-003
  1.3710757e-002
  2.5116565e-002
  3.5609287e-002
  4.4972751e-002
  5.3040817e-002
  5.9704278e-002
  6.4916981e-002
  6.8699908e-002
  7.1141903e-002
  7.2395934e-002
  7.2670309e-002
  7.2214965e-002
  7.1303756e-002
  7.0214426e-002
  6.9208461e-002
  6.8513224e-002
  6.8308602e-002
  6.8719790e-002
  6.9816971e-002
  7.1621574e-002
  7.4117734e-002
  7.7266726e-002
  8.1021593e-002
  8.5339157e-002
  9.0187000e-002
  9.5543875e-002
  1.0139316e-001
  1.0771025e-001
  1.1444592e-001
  1.2150863e-001
  1.2874911e-001
  1.3595042e-001
  1.4282597e-001
  1.4902708e-001
  1.5415998e-001
  1.5781084e-001
  1.5957646e-001
  1.5909674e-001
  1.5608546e-001
  1.5035557e-001
  1.4183622e-001
  1.3057983e-001
  1.1675898e-001
  1.0065405e-001
  8.2633939e-002
  6.3132585e-002
  4.2624526e-002
  2.1602190e-002
  5.5704182e-004
 -2.0034412e-002
 -3.9719767e-002
 -5.8076056e-002
 -7.4712941e-002
 -8.9275713e-002
 -1.0144983e-001
 -1.1096817e-001
 -1.1762122e-001
 -1.2126959e-001
 -1.2185718e-001
 -1.1942295e-001
 -1.1410872e-001
 -1.0616113e-001
 -9.5925919e-002
 -8.3834416e-002
 -7.0382534e-002
 -5.6104191e-002
 -4.1541660e-002
 -2.7215911e-002
 -1.3600046e-002
 -1.0984757e-003
  9.9663431e-003
  1.9358835e-002
  2.6927295e-002
  3.2594332e-002
  3.6342925e-002
  3.8200601e-002
  3.8224195e-002
  3.6487210e-002
  3.3071072e-002
  2.8060708e-002
  2.1544059e-002
  1.3614455e-002
  4.3744147e-003
 -6.0606270e-003
 -1.7559905e-002
 -2.9976977e-002
 -4.3151579e-002
 -5.6913241e-002
 -7.1085796e-002
 -8.5491679e-002
 -9.9955035e-002
 -1.1430296e-001
 -1.2836476e-001
 -1.4196956e-001
 -1.5494341e-001
 -1.6710695e-001
 -1.7827512e-001
 -1.8826001e-001
 -1.9687736e-001
 -2.0395670e-001
 -2.0935417e-001
 -2.1296653e-001
 -2.1474441e-001
 -2.1470249e-001
 -2.1292503e-001
 -2.0956506e-001
 -2.0483712e-001
 -1.9900370e-001
 -1.9235701e-001
 -1.8519797e-001
 -1.7781518e-001
 -1.7046603e-001
 -1.6336236e-001
 -1.5666192e-001
 -1.5046600e-001
 -1.4482292e-001
 -1.3973577e-001
 -1.3517267e-001
 -1.3107725e-001
 -1.2737739e-001
 -1.2399097e-001
 -1.2082777e-001
 -1.1778797e-001
 -1.1475836e-001
 -1.1160793e-001
 -1.0818483e-001
 -1.0431662e-001
 -9.9815130e-002
 -9.4486296e-002
 -8.8144770e-002
 -8.0631672e-002
 -7.1833408e-002
 -6.1698922e-002
 -5.0252730e-002
 -3.7601534e-002
 -2.3932974e-002
 -9.5061374e-003
  5.3654154e-003
  2.0336320e-002
  3.5055170e-002
  4.9190369e-002
  6.2453094e-002
  7.4614849e-002
  8.5517878e-002
  9.5077764e-002
  1.0327858e-001
  1.1016198e-001
  1.1581223e-001
  1.2033969e-001
  1.2386508e-001
  1.2650660e-001
  1.2837124e-001
  1.2955075e-001
  1.3012222e-001
  1.3015205e-001
  1.2970204e-001
  1.2883599e-001
  1.2762523e-001
  1.2615203e-001
  1.2451024e-001
  1.2280317e-001
  1.2113918e-001
  1.1962599e-001
  1.1836460e-001
  1.1744421e-001
  1.1693862e-001
  1.1690484e-001
  1.1738384e-001
  1.1840296e-001
  1.1997941e-001
  1.2212382e-001
  1.2484307e-001
  1.2814161e-001
  1.3202086e-001
  1.3647671e-001
  1.4149535e-001
  1.4704812e-001
  1.5308620e-001
  1.5953606e-001
  1.6629638e-001
  1.7323713e-001
  1.8020116e-001
  1.8700826e-001
  1.9346149e-001
  1.9935525e-001
  2.0448448e-001
  2.0865431e-001
  2.1168940e-001
  2.1344244e-001
  2.1380126e-001
  2.1269424e-001
  2.1009368e-001
  2.0601714e-001
  2.0052648e-001
  1.9372493e-001
  1.8575209e-001
  1.7677721e-001
  1.6699113e-001
  1.5659727e-001
  1.4580225e-001
  1.3480689e-001
  1.2379809e-001
  1.1294232e-001
  1.0238113e-001
  9.2228921e-002
  8.2573129e-002
  7.3476362e-002
  6.4980142e-002
  5.7109495e-002
  4.9877613e-002
  4.3289838e-002
  3.7346355e-002
  3.2043227e-002
  2.7371693e-002
  2.3315980e-002
  1.9850122e-002
  1.6934487e-002
  1.4512761e-002
  1.2510067e-002
  1.0832720e-002
  9.3698504e-003
  7.9967985e-003
  6.5799370e-003
  4.9823194e-003
  3.0694738e-003
  7.1467105e-004
 -2.1968605e-003
 -5.7650699e-003
 -1.0073583e-002
 -1.5189312e-002
 -2.1162719e-002
 -2.8028166e-002
 -3.5803816e-002
 -4.4490682e-002
 -5.4070674e-002
 -6.4503767e-002
 -7.5724706e-002
 -8.7639869e-002
 -1.0012503e-001
 -1.1302470e-001
 -1.2615372e-001
 -1.3930117e-001
 -1.5223678e-001
 -1.6471939e-001
 -1.7650667e-001
 -1.8736550e-001
 -1.9708185e-001
 -2.0546953e-001
 -2.1237715e-001
 -2.1769278e-001
 -2.2134658e-001
 -2.2331133e-001
 -2.2360140e-001
 -2.2227061e-001
 -2.1940954e-001
 -2.1514236e-001
 -2.0962358e-001
 -2.0303440e-001
 -1.9557861e-001
 -1.8747758e-001
 -1.7896414e-001
 -1.7027521e-001
 -1.6164334e-001
 -1.5328747e-001
 -1.4540366e-001
 -1.3815653e-001
 -1.3167243e-001
 -1.2603503e-001
 -1.2128396e-001
 -1.1741668e-001
 -1.1439340e-001
 -1.1214434e-001
 -1.1057847e-001
 -1.0959248e-001
 -1.0907889e-001
 -1.0893222e-001
 -1.0905270e-001
 -1.0934715e-001
 -1.0972743e-001
 -1.1010713e-001
 -1.1039742e-001
 -1.1050339e-001
 -1.1032169e-001
 -1.0974055e-001
 -1.0864238e-001
 -1.0690901e-001
 -1.0442915e-001
 -1.0110707e-001
 -9.6871555e-002
 -9.1684023e-002
 -8.5544889e-002
 -7.8497490e-002
 -7.0629345e-002
 -6.2070804e-002
 -5.2991516e-002
 -4.3595264e-002
 -3.4113767e-002
 -2.4799943e-002
 -1.5920840e-002
 -7.7502347e-003
 -5.6060705e-004
  5.3859188e-003
  9.8480499e-003
  1.2617412e-002
  1.3532076e-002
  1.2490889e-002
  9.4674973e-003
  4.5225309e-003
 -2.1877791e-003
 -1.0408279e-002
 -1.9788266e-002
 -2.9892378e-002
 -4.0219033e-002
 -5.0225523e-002
 -5.9358042e-002
 -6.7084148e-002
 -7.2924766e-002
 -7.6482733e-002
 -7.7465201e-002
 -7.5697858e-002
 -7.1129862e-002
 -6.3829452e-002
 -5.3971238e-002
 -4.1817081e-002
 -2.7693061e-002
 -1.1965281e-002
  4.9828781e-003
  2.2769949e-002
  4.1030642e-002
  5.9424678e-002
  7.7640545e-002
  9.5395233e-002
  1.1243146e-001
  1.2851405e-001
  1.4342696e-001
  1.5697204e-001
  1.6897013e-001
  1.7926429e-001
  1.8772466e-001
  1.9425393e-001
  1.9879228e-001
  2.0132077e-001
  2.0186251e-001
  2.0048134e-001
  1.9727819e-001
  1.9238582e-001
  1.8596286e-001
  1.7818813e-001
  1.6925613e-001
  1.5937421e-001
  1.4876146e-001
  1.3764911e-001
  1.2628143e-001
  1.1491630e-001
  1.0382424e-001
  9.3285052e-002
  8.3581554e-002
  7.4990398e-002
  6.7770449e-002
  6.2149764e-002
  5.8312498e-002
  5.6387189e-002
  5.6437770e-002
  5.8458324e-002
  6.2372137e-002
  6.8035007e-002
  7.5242300e-002
  8.3738784e-002
  9.3230107e-002
  1.0339472e-001
  1.1389529e-001
  1.2438901e-001
  1.3453657e-001
  1.4401005e-001
  1.5250024e-001
  1.5972396e-001
  1.6543208e-001
  1.6941831e-001
  1.7152886e-001
  1.7167209e-001
  1.6982737e-001
  1.6605160e-001
  1.6048217e-001
  1.5333510e-001
  1.4489755e-001
  1.3551476e-001
  1.2557179e-001
  1.1547159e-001
  1.0561125e-001
  9.6358598e-002
  8.8031541e-002
  8.0882078e-002
  7.5086398e-002
  7.0741714e-002
  6.7869616e-002
  6.6424874e-002
  6.6308034e-002
  6.7379738e-002
  6.9474650e-002
  7.2413179e-002
  7.6009694e-002
  8.0076669e-002
  8.4424982e-002
  8.8861279e-002
  9.3183853e-002
  9.7178719e-002
  1.0061755e-001
  1.0325875e-001
  1.0485256e-001
  1.0515001e-001
  1.0391551e-001
  1.0094148e-001
  9.6063724e-002
  8.9175636e-002
  8.0239623e-002
  6.9294438e-002
  5.6457586e-002
  4.1922574e-002
  2.5951357e-002
  8.8627964e-003
 -8.9816926e-003
 -2.7194018e-002
 -4.5375524e-002
 -6.3132267e-002
 -8.0088651e-002
 -9.5898953e-002
 -1.1025655e-001
 -1.2290094e-001
 -1.3362271e-001
 -1.4226678e-001
 -1.4873406e-001
 -1.5298181e-001
 -1.5502271e-001
 -1.5492270e-001
 -1.5279768e-001
 -1.4880921e-001
 -1.4315926e-001
 -1.3608444e-001
 -1.2784998e-001
 -1.1874386e-001
 -1.0907138e-001
 -9.9150308e-002
 -8.9306734e-002
 -7.9871200e-002
 -7.1174834e-002
 -6.3544849e-002
 -5.7298855e-002
 -5.2737488e-002
 -5.0135130e-002
 -4.9728805e-002
 -5.1705745e-002
 -5.6190508e-002
 -6.3232819e-002
 -7.2797502e-002
 -8.4757836e-002
 -9.8893482e-002
 -1.1489374e-001
 -1.3236635e-001
 -1.5085158e-001
 -1.6984055e-001
 -1.8879672e-001
 -2.0717856e-001
 -2.2446205e-001
 -2.4016120e-001
 -2.5384534e-001
 -2.6515254e-001
 -2.7379866e-001
 -2.7958234e-001
 -2.8238639e-001
 -2.8217642e-001
 -2.7899759e-001
 -2.7297008e-001
 -2.6428393e-001
 -2.5319330e-001
 -2.4001014e-001
 -2.2509684e-001
 -2.0885749e-001
 -1.9172717e-001
 -1.7415931e-001
 -1.5661091e-001
 -1.3952625e-001
 -1.2331992e-001
 -1.0836010e-001
 -9.4953565e-002
 -8.3333475e-002
 -7.3651111e-002
 -6.5972242e-002
 -6.0278395e-002
 -5.6472815e-002
 -5.4390460e-002
 -5.3811001e-002
 -5.4473594e-002
 -5.6092138e-002
 -5.8369819e-002
 -6.1012030e-002
 -6.3737040e-002
 -6.6284154e-002
 -6.8419463e-002
 -6.9939487e-002
 -7.0673211e-002
 -7.0483034e-002
 -6.9265093e-002
 -6.6949305e-002
 -6.3499287e-002
 -5.8912193e-002
 -5.3218331e-002
 -4.6480406e-002
 -3.8792196e-002
 -3.0276522e-002
 -2.1082445e-002
 -1.1381707e-002
 -1.3644984e-003
  8.7653404e-003
  1.8795568e-002
  2.8511161e-002
  3.7700271e-002
  4.6160509e-002
  5.3705557e-002
  6.0172052e-002
  6.5426609e-002
  6.9372679e-002
  7.1956854e-002
  7.3174028e-002
  7.3070823e-002
  7.1746657e-002
  6.9351963e-002
  6.6083310e-002
  6.2175450e-002
  5.7890696e-002
  5.3506358e-002
  4.9301257e-002
  4.5542485e-002
  4.2473610e-002
  4.0305344e-002
  3.9209415e-002
  3.9315948e-002
  4.0714205e-002
  4.3456084e-002
  4.7561436e-002
  5.3024026e-002
  5.9816991e-002
  6.7896784e-002
  7.7204927e-002
  8.7667377e-002
  9.9191733e-002
  1.1166299e-001
  1.2493884e-001
  1.3884568e-001
  1.5317647e-001
  1.6769124e-001
  1.8212083e-001
  1.9617385e-001
  2.0954652e-001
  2.2193434e-001
  2.3304481e-001
  2.4260973e-001
  2.5039614e-001
  2.5621502e-001
  2.5992723e-001
  2.6144661e-001
  2.6074050e-001
  2.5782821e-001
  2.5277821e-001
  2.4570449e-001
  2.3676285e-001
  2.2614717e-001
  2.1408575e-001
  2.0083741e-001
  1.8668691e-001
  1.7193917e-001
  1.5691205e-001
  1.4192741e-001
  1.2730086e-001
  1.1333056e-001
  1.0028619e-001
  8.8398822e-002
  7.7853127e-002
  6.8782538e-002
  6.1268106e-002
  5.5341123e-002
  5.0989122e-002
  4.8164399e-002
  4.6793827e-002
  4.6788546e-002
  4.8052159e-002
  5.0486307e-002
  5.3992949e-002
  5.8473208e-002
  6.3823260e-002
  6.9928227e-002
  7.6655426e-002
  8.3848468e-002
  9.1323605e-002
  9.8869425e-002
  1.0625047e-001
  1.1321478e-001
  1.1950478e-001
  1.2487034e-001
  1.2908263e-001
  1.3194714e-001
  1.3331449e-001
  1.3308786e-001
  1.3122642e-001
  1.2774478e-001
  1.2270878e-001
  1.1622866e-001
  1.0845069e-001
  9.9548419e-002
  8.9714768e-002
  7.9155469e-002
  6.8084322e-002
  5.6720059e-002
  4.5284285e-002
  3.3999711e-002
  2.3087780e-002
  1.2764926e-002
  3.2369273e-003
 -5.3087302e-003
 -1.2712178e-002
 -1.8851412e-002
 -2.3652389e-002
 -2.7097732e-002
 -2.9232818e-002
 -3.0168214e-002
 -3.0077798e-002
 -2.9192350e-002
 -2.7788912e-002
 -2.6176644e-002
 -2.4680318e-002
 -2.3622753e-002
 -2.3307606e-002
 -2.4003772e-002
 -2.5932455e-002
 -2.9257598e-002
 -3.4080016e-002
 -4.0435195e-002
 -4.8294448e-002
 -5.7568889e-002
 -6.8115589e-002
 -7.9745255e-002
 -9.2230836e-002
 -1.0531658e-001
 -1.1872715e-001
 -1.3217660e-001
 -1.4537691e-001
 -1.5804619e-001
 -1.6991615e-001
 -1.8073897e-001
 -1.9029329e-001
 -1.9838926e-001
 -2.0487253e-001
 -2.0962717e-001
 -2.1257742e-001
 -2.1368858e-001
 -2.1296697e-001
 -2.1045934e-001
 -2.0625190e-001
 -2.0046911e-001
 -1.9327227e-001
 -1.8485797e-001
 -1.7545610e-001
 -1.6532724e-001
 -1.5475895e-001
 -1.4406080e-001
 -1.3355768e-001
 -1.2358139e-001
 -1.1446060e-001
 -1.0650942e-001
 -1.0001529e-001
 -9.5226756e-002
 -9.2342108e-002
 -9.1499680e-002
 -9.2770608e-002
 -9.6154599e-002
 -1.0157904e-001
 -1.0890145e-001
 -1.1791503e-001
 -1.2835673e-001
 -1.3991719e-001
 -1.5225169e-001
 -1.6499154e-001
 -1.7775499e-001
 -1.9015759e-001
 -2.0182141e-001
 -2.1238340e-001
 -2.2150291e-001
 -2.2886858e-001
 -2.3420501e-001
 -2.3727926e-001
 -2.3790732e-001
 -2.3596030e-001
 -2.3137019e-001
 -2.2413454e-001
 -2.1431961e-001
 -2.0206136e-001
 -1.8756389e-001
 -1.7109491e-001
 -1.5297828e-001
 -1.3358384e-001
 -1.1331489e-001
 -9.2594184e-002
 -7.1849144e-002
 -5.1497276e-002
 -3.1932611e-002
 -1.3513896e-002
  3.4449716e-003
  1.8682006e-002
  3.1991688e-002
  4.3227239e-002
  5.2300988e-002
  5.9183306e-002
  6.3900563e-002
  6.6532492e-002
  6.7209210e-002
  6.6107950e-002
  6.3449423e-002
  5.9493562e-002
  5.4534328e-002
  4.8893254e-002
  4.2911476e-002
  3.6940145e-002
  3.1329320e-002
  2.6415668e-002
  2.2509519e-002
  1.9882023e-002
  1.8753254e-002
  1.9282160e-002
  2.1559180e-002
  2.5602188e-002
  3.1356190e-002
  3.8696887e-002
  4.7437924e-002
  5.7341299e-002
  6.8130180e-002
  7.9503154e-002
  9.1148885e-002
  1.0276012e-001
  1.1404615e-001
  1.2474299e-001
  1.3462082e-001
  1.4348859e-001
  1.5119581e-001
  1.5763204e-001
  1.6272459e-001
  1.6643511e-001
  1.6875580e-001
  1.6970598e-001
  1.6932925e-001
  1.6769180e-001
  1.6488179e-001
  1.6100966e-001
  1.5620893e-001
  1.5063717e-001
  1.4447632e-001
  1.3793196e-001
  1.3123093e-001
  1.2461706e-001
  1.1834471e-001
  1.1267033e-001
  1.0784236e-001
  1.0408984e-001
  1.0161063e-001
  1.0055989e-001
  1.0103975e-001
  1.0309098e-001
  1.0668727e-001
  1.1173291e-001
  1.1806383e-001
  1.2545241e-001
  1.3361566e-001
  1.4222640e-001
  1.5092675e-001
  1.5934317e-001
  1.6710206e-001
  1.7384501e-001
  1.7924286e-001
  1.8300782e-001
  1.8490307e-001
  1.8474963e-001
  1.8243037e-001
  1.7789130e-001
  1.7114065e-001
  1.6224605e-001
  1.5133052e-001
  1.3856761e-001
  1.2417629e-001
  1.0841564e-001
  9.1579532e-002
  7.3991212e-002
  5.5997395e-002
  3.7961675e-002
  2.0256878e-002
  3.2561530e-003
 -1.2677241e-002
 -2.7201238e-002
 -4.0006916e-002
 -5.0830402e-002
 -5.9463868e-002
 -6.5764695e-002
 -6.9661921e-002
 -7.1159249e-002
 -7.0334219e-002
 -6.7333445e-002
 -6.2364264e-002
 -5.5683481e-002
 -4.7584200e-002
 -3.8381881e-002
 -2.8400829e-002
 -1.7962130e-002
 -7.3738583e-003
  3.0760460e-003
  1.3124186e-002
  2.2533766e-002
  3.1094946e-002
  3.8624336e-002
  4.4964481e-002
  4.9984062e-002
  5.3579270e-002
  5.5676471e-002
  5.6235900e-002
  5.5255769e-002
  5.2775976e-002
  4.8880473e-002
  4.3697455e-002
  3.7396751e-002
  3.0184155e-002
  2.2292881e-002
  1.3972737e-002
  5.4779644e-003
 -2.9450459e-003
 -1.1068944e-002
 -1.8694389e-002
 -2.5655974e-002
 -3.1824731e-002
 -3.7107266e-002
 -4.1442096e-002
 -4.4794091e-002
 -4.7148166e-002
 -4.8503417e-002
 -4.8868716e-002
 -4.8260516e-002
 -4.6703136e-002
 -4.4231362e-002
 -4.0894747e-002
 -3.6762661e-002
 -3.1928960e-002
 -2.6515160e-002
 -2.0671175e-002
 -1.4573043e-002
 -8.4174877e-003
 -2.4136305e-003
  3.2274181e-003
  8.3040333e-003
  1.2635431e-002
  1.6071726e-002
  1.8501696e-002
  1.9857591e-002
  2.0116683e-002
  1.9299688e-002
  1.7466514e-002
  1.4710062e-002
  1.1148924e-002
  6.9197891e-003
  2.1702589e-003
 -2.9474575e-003
 -8.2817644e-003
 -1.3685833e-002
 -1.9020897e-002
 -2.4159000e-002
 -2.8985478e-002
 -3.3401409e-002
 -3.7326068e-002
 -4.0699296e-002
 -4.3483522e-002
 -4.5665098e-002
 -4.7254608e-002
 -4.8285885e-002
 -4.8813649e-002
 -4.8909862e-002
 -4.8659148e-002
 -4.8153758e-002
 -4.7488698e-002
 -4.6757607e-002
 -4.6049886e-002
 -4.5449346e-002
 -4.5034398e-002
 -4.4879509e-002
 -4.5057379e-002
 -4.5641165e-002
 -4.6705964e-002
 -4.8328886e-002
 -5.0587230e-002
 -5.3554581e-002
 -5.7294994e-002
 -6.1855791e-002
 -6.7259775e-002
 -7.3497849e-002
 -8.0523070e-002
 -8.8247063e-002
 -9.6539444e-002
 -1.0523058e-001
 -1.1411762e-001
 -1.2297328e-001
 -1.3155660e-001
 -1.3962470e-001
 -1.4694440e-001
 -1.5330266e-001
 -1.5851515e-001
 -1.6243232e-001
 -1.6494289e-001
 -1.6597481e-001
 -1.6549430e-001
 -1.6350347e-001
 -1.6003719e-001
 -1.5516000e-001
 -1.4896332e-001
 -1.4156340e-001
 -1.3309996e-001
 -1.2373523e-001
 -1.1365317e-001
 -1.0305824e-001
 -9.2173287e-002
 -8.1236246e-002
 -7.0495338e-002
 -6.0202799e-002
 -5.0607343e-002
 -4.1945738e-002
 -3.4434040e-002
 -2.8259070e-002
 -2.3570747e-002
 -2.0475790e-002
 -1.9033208e-002
 -1.9251811e-002
 -2.1089826e-002
 -2.4456550e-002
 -2.9215816e-002
 -3.5191009e-002
 -4.2171235e-002
 -4.9918329e-002
 -5.8174300e-002
 -6.6668930e-002
 -7.5127221e-002
 -8.3276487e-002
 -9.0852901e-002
 -9.7607376e-002
 -1.0331070e-001
 -1.0775791e-001
 -1.1077186e-001
 -1.1220613e-001
 -1.1194726e-001
 -1.0991647e-001
 -1.0607091e-001
 -1.0040454e-001
 -9.2948707e-002
 -8.3772277e-002
 -7.2981324e-002
 -6.0718181e-002
 -4.7159638e-002
 -3.2514098e-002
 -1.7017493e-002
 -9.2786600e-004
  1.5481379e-002
  3.1929409e-002
  4.8136760e-002
  6.3834574e-002
  7.8773718e-002
  9.2733187e-002
  1.0552723e-001
  1.1701070e-001
  1.2708230e-001
  1.3568557e-001
  1.4280773e-001
  1.4847658e-001
  1.5275598e-001
  1.5574029e-001
  1.5754855e-001
  1.5831856e-001
  1.5820156e-001
  1.5735742e-001
  1.5595055e-001
  1.5414624e-001
  1.5210732e-001
  1.4999075e-001
  1.4794385e-001
  1.4610021e-001
  1.4457504e-001
  1.4346046e-001
  1.4282080e-001
  1.4268869e-001
  1.4306238e-001
  1.4390474e-001
  1.4514454e-001
  1.4668001e-001
  1.4838474e-001
  1.5011545e-001
  1.5172112e-001
  1.5305269e-001
  1.5397239e-001
  1.5436184e-001
  1.5412831e-001
  1.5320851e-001
  1.5156967e-001
  1.4920821e-001
  1.4614618e-001
  1.4242622e-001
  1.3810577e-001
  1.3325138e-001
  1.2793381e-001
  1.2222447e-001
  1.1619354e-001
  1.0990975e-001
  1.0344169e-001
  9.6860027e-002
  9.0240198e-002
  8.3664873e-002
  7.7225568e-002
  7.1023006e-002
  6.5165921e-002
  5.9768296e-002
  5.4945200e-002
  5.0807595e-002
  4.7456604e-002
  4.4977765e-002
  4.3435812e-002
  4.2870363e-002
  4.3292835e-002
  4.4684691e-002
  4.6997004e-002
  5.0151176e-002
  5.4040609e-002
  5.8533065e-002
  6.3473493e-002
  6.8687201e-002
  7.3983282e-002
  7.9158353e-002
  8.4000692e-002
  8.8294923e-002
  9.1827348e-002
  9.4391991e-002
  9.5797291e-002
  9.5873255e-002
  9.4478747e-002
  9.1508473e-002
  8.6899159e-002
  8.0634376e-002
  7.2747567e-002
  6.3322896e-002
  5.2493741e-002
  4.0438851e-002
  2.7376380e-002
  1.3556219e-002
 -7.4883251e-004
 -1.5252415e-002
 -2.9663863e-002
 -4.3696795e-002
 -5.7076631e-002
 -6.9546793e-002
 -8.0873537e-002
 -9.0849552e-002
 -9.9296585e-002
 -1.0606744e-001
 -1.1104770e-001
 -1.1415742e-001
 -1.1535300e-001
 -1.1462919e-001
 -1.1202107e-001
 -1.0760568e-001
 -1.0150290e-001
 -9.3875147e-002
 -8.4925510e-002
 -7.4894012e-002
 -6.4051999e-002
 -5.2694712e-002
 -4.1132418e-002
 -2.9680586e-002
 -1.8649737e-002
 -8.3356248e-003
  9.8967035e-004
  9.0852310e-003
  1.5747103e-002
  2.0812306e-002
  2.4161172e-002
  2.5718265e-002
  2.5452256e-002
  2.3375101e-002
  1.9540846e-002
  1.4044208e-002
  7.0189630e-003
 -1.3640406e-003
 -1.0899513e-002
 -2.1351371e-002
 -3.2457735e-002
 -4.3937500e-002
 -5.5498538e-002
 -6.6847313e-002
 -7.7699475e-002
 -8.7790755e-002
 -9.6887325e-002
 -1.0479475e-001
 -1.1136471e-001
 -1.1649891e-001
 -1.2014971e-001
 -1.2231767e-001
 -1.2304622e-001
 -1.2241411e-001
 -1.2052671e-001
 -1.1750703e-001
 -1.1348747e-001
 -1.0860323e-001
 -1.0298780e-001
 -9.6770857e-002
 -9.0078343e-002
 -8.3034307e-002
 -7.5763734e-002
 -6.8395537e-002
 -6.1064836e-002
 -5.3913782e-002
 -4.7090445e-002
 -4.0745528e-002
 -3.5027041e-002
 -3.0073342e-002
 -2.6005174e-002
 -2.2917495e-002
 -2.0871917e-002
 -1.9890507e-002
 -1.9951580e-002
 -2.0987907e-002
 -2.2887527e-002
 -2.5497198e-002
 -2.8628267e-002
 -3.2064681e-002
 -3.5572707e-002
 -3.8911918e-002
 -4.1846945e-002
 -4.4159493e-002
 -4.5660093e-002
 -4.6199032e-002
 -4.5675890e-002
 -4.4047099e-002
 -4.1330952e-002
 -3.7609555e-002
 -3.3027377e-002
 -2.7786180e-002
 -2.2136441e-002
 -1.6365609e-002
 -1.0783866e-002
 -5.7083003e-003
 -1.4466016e-003
  1.7185463e-003
  3.5432542e-003
  3.8334516e-003
  2.4525014e-003
 -6.7487157e-004
 -5.5622147e-003
 -1.2164057e-002
 -2.0380919e-002
 -3.0065701e-002
 -4.1030499e-002
 -5.3053055e-002
 -6.5882296e-002
 -7.9242752e-002
 -9.2837995e-002
 -1.0635356e-001
 -1.1945998e-001
 -1.3181672e-001
 -1.4307760e-001
 -1.5289817e-001
 -1.6094511e-001
 -1.6690740e-001
 -1.7050858e-001
 -1.7151918e-001
 -1.6976823e-001
 -1.6515269e-001
 -1.5764397e-001
 -1.4729072e-001
 -1.3421785e-001
 -1.1862173e-001
 -1.0076239e-001
 -8.0953258e-002
 -5.9549769e-002
 -3.6937681e-002
 -1.3522033e-002
  1.0282621e-002
  3.4060429e-002
  5.7400943e-002
  7.9904632e-002
  1.0118772e-001
  1.2088690e-001
  1.3866442e-001
  1.5421389e-001
  1.6726669e-001
  1.7759900e-001
  1.8503872e-001
  1.8947178e-001
  1.9084713e-001
  1.8917979e-001
  1.8455143e-001
  1.7710847e-001
  1.6705761e-001
  1.5465932e-001
  1.4021970e-001
  1.2408139e-001
  1.0661428e-001
  8.8206374e-002
  6.9255270e-002
  5.0160281e-002
  3.1315201e-002
  1.3101431e-002
 -4.1187906e-003
 -2.0009310e-002
 -3.4267220e-002
 -4.6630207e-002
 -5.6883753e-002
 -6.4867742e-002
 -7.0481847e-002
 -7.3689072e-002
 -7.4516925e-002
 -7.3055871e-002
 -6.9454971e-002
 -6.3914933e-002
 -5.6679031e-002
 -4.8022602e-002
 -3.8241890e-002
 -2.7643015e-002
 -1.6531734e-002
 -5.2044194e-003
  6.0595545e-003
  1.7004070e-002
  2.7401430e-002
  3.7056767e-002
  4.5812055e-002
  5.3549918e-002
  6.0197266e-002
  6.5728528e-002
  7.0168006e-002
  7.3590758e-002
  7.6121307e-002
  7.7929623e-002
  7.9223986e-002
  8.0240711e-002
  8.1231107e-002
  8.2446395e-002
  8.4121723e-002
  8.6460554e-002
  8.9620795e-002
  9.3703921e-002
  9.8748024e-002
  1.0472534e-001
  1.1154429e-001
  1.1905568e-001
  1.2706208e-001
  1.3532951e-001
  1.4359990e-001
  1.5160343e-001
  1.5906961e-001
  1.6573646e-001
  1.7135761e-001
  1.7570727e-001
  1.7858368e-001
  1.7981137e-001
  1.7924319e-001
  1.7676244e-001
  1.7228565e-001
  1.6576619e-001
  1.5719844e-001
  1.4662224e-001
  1.3412708e-001
  1.1985528e-001
  1.0400355e-001
  8.6822524e-002
  6.8613705e-002
  4.9724011e-002
  3.0537824e-002
  1.1467021e-002
 -7.0605521e-003
 -2.4613591e-002
 -4.0770207e-002
 -5.5130622e-002
 -6.7329184e-002
 -7.7045311e-002
 -8.4013057e-002
 -8.8029059e-002
 -8.8958687e-002
 -8.6740252e-002
 -8.1387173e-002
 -7.2988022e-002
 -6.1704439e-002
 -4.7766976e-002
 -3.1469029e-002
 -1.3159088e-002
  6.7683268e-003
  2.7882648e-002
  4.9727722e-002
  7.1832326e-002
  9.3720394e-002
  1.1492072e-001
  1.3497600e-001
  1.5345126e-001
  1.6994176e-001
  1.8408052e-001
  1.9554562e-001
  2.0406725e-001
  2.0943462e-001
  2.1150223e-001
  2.1019540e-001
  2.0551431e-001
  1.9753629e-001
  1.8641569e-001
  1.7238109e-001
  1.5572972e-001
  1.3681915e-001
  1.1605669e-001
  9.3887105e-002
  7.0779218e-002
  4.7212375e-002
  2.3663331e-002
  5.9418221e-004
 -2.1558315e-002
 -4.2391941e-002
 -6.1546792e-002
 -7.8711887e-002
 -9.3630862e-002
 -1.0610699e-001
 -1.1600758e-001
 -1.2326766e-001
 -1.2789258e-001
 -1.2995908e-001
 -1.2961415e-001
 -1.2707127e-001
 -1.2260352e-001
 -1.1653358e-001
 -1.0922079e-001
 -1.0104592e-001
 -9.2394748e-002
 -8.3641483e-002
 -7.5133394e-002
 -6.7177855e-002
 -6.0032692e-002
 -5.3900386e-002
 -4.8926218e-002
 -4.5199969e-002
 -4.2760429e-002
 -4.1601714e-002
 -4.1680310e-002
 -4.2921910e-002
 -4.5227336e-002
 -4.8477219e-002
 -5.2535530e-002
 -5.7252350e-002
 -6.2466536e-002
 -6.8009001e-002
 -7.3707175e-002
 -7.9391000e-002
 -8.4900382e-002
 -9.0093644e-002
 -9.4856151e-002
 -9.9108059e-002
 -1.0281006e-001
 -1.0596618e-001
 -1.0862304e-001
 -1.1086532e-001
 -1.1280809e-001
 -1.1458651e-001
 -1.1634454e-001
 -1.1822390e-001
 -1.2035458e-001
 -1.2284821e-001
 -1.2579469e-001
 -1.2926212e-001
 -1.3329949e-001
 -1.3794111e-001
 -1.4321119e-001
 -1.4912747e-001
 -1.5570240e-001
 -1.6294133e-001
 -1.7083742e-001
 -1.7936386e-001
 -1.8846450e-001
 -1.9804439e-001
 -2.0796197e-001
 -2.1802455e-001
 -2.2798828e-001
 -2.3756323e-001
 -2.4642357e-001
 -2.5422190e-001
 -2.6060643e-001
 -2.6523916e-001
 -2.6781314e-001
 -2.6806705e-001
 -2.6579588e-001
 -2.6085702e-001
 -2.5317181e-001
 -2.4272322e-001
 -2.2955100e-001
 -2.1374551e-001
 -1.9544192e-001
 -1.7481582e-001
 -1.5208082e-001
 -1.2748846e-001
 -1.0132957e-001
 -7.3936422e-002
 -4.5684062e-002
 -1.6989692e-002
  1.1691090e-002
  3.9871843e-002
  6.7046713e-002
  9.2705215e-002
  1.1634930e-001
  1.3751124e-001
  1.5577085e-001
  1.7077035e-001
  1.8222597e-001
  1.8993549e-001
  1.9378159e-001
  1.9373158e-001
  1.8983426e-001
  1.8221494e-001
  1.7106979e-001
  1.5666026e-001
  1.3930816e-001
  1.1939132e-001
  9.7339499e-002
  7.3629839e-002
  4.8780994e-002
  2.3345090e-002
 -2.1029970e-003
 -2.6979174e-002
 -5.0706131e-002
 -7.2730929e-002
 -9.2542950e-002
 -1.0969075e-001
 -1.2379639e-001
 -1.3456598e-001
 -1.4179566e-001
 -1.4537283e-001
 -1.4527279e-001
 -1.4155165e-001
 -1.3433676e-001
 -1.2381586e-001
 -1.1022632e-001
 -9.3845396e-002
 -7.4982280e-002
 -5.3971959e-002
 -3.1170693e-002
 -6.9524618e-003
  1.8294436e-002
  4.4171451e-002
  7.0275174e-002
  9.6204374e-002
  1.2156864e-001
  1.4599819e-001
  1.6915407e-001
  1.9073779e-001
  2.1049948e-001
  2.2824371e-001
  2.4383238e-001
  2.5718455e-001
  2.6827349e-001
  2.7712126e-001
  2.8379177e-001
  2.8838315e-001
  2.9102006e-001
  2.9184678e-001
  2.9102125e-001
  2.8871020e-001
  2.8508509e-001
  2.8031867e-001
  2.7458140e-001
  2.6803767e-001
  2.6084132e-001
  2.5313068e-001
  2.4502319e-001
  2.3661023e-001
  2.2795270e-001
  2.1907807e-001
  2.0997944e-001
  2.0061709e-001
  1.9092266e-001
  1.8080591e-001
  1.7016347e-001
  1.5888928e-001
  1.4688563e-001
  1.3407422e-001
  1.2040637e-001
  1.0587164e-001
  9.0504596e-002
  7.4389095e-002
  5.7660154e-002
  4.0503309e-002
  2.3151559e-002
  5.8800839e-003
 -1.1001043e-002
 -2.7155865e-002
 -4.2232945e-002
 -5.5876766e-002
 -6.7739656e-002
 -7.7493708e-002
 -8.4842110e-002
 -8.9529305e-002
 -9.1349464e-002
 -9.0152855e-002
 -8.5849905e-002
 -7.8412957e-002
 -6.7875946e-002
 -5.4332460e-002
 -3.7932722e-002
 -1.8880146e-002
  2.5720226e-003
  2.6123590e-002
  5.1429728e-002
  7.8102867e-002
  1.0571464e-001
  1.3379851e-001
  1.6185378e-001
  1.8935172e-001
  2.1574425e-001
  2.4047529e-001
  2.6299470e-001
  2.8277401e-001
  2.9932322e-001
  3.1220724e-001
  3.2106113e-001
  3.2560269e-001
  3.2564180e-001
  3.2108594e-001
  3.1194193e-001
  2.9831407e-001
  2.8039937e-001
  2.5848068e-001
  2.3291842e-001
  2.0414141e-001
  1.7263747e-001
  1.3894359e-001
  1.0363573e-001
  6.7317828e-002
  3.0609890e-002
 -5.8652230e-003
 -4.1496032e-002
 -7.5697382e-002
 -1.0792531e-001
 -1.3769088e-001
 -1.6457181e-001
 -1.8822112e-001
 -2.0837176e-001
 -2.2483734e-001
 -2.3750901e-001
 -2.4634942e-001
 -2.5138500e-001
 -2.5269804e-001
 -2.5042000e-001
 -2.4472718e-001
 -2.3583927e-001
 -2.2402071e-001
 -2.0958394e-001
 -1.9289305e-001
 -1.7436592e-001
 -1.5447304e-001
 -1.3373109e-001
 -1.1269069e-001
 -9.1917918e-002
 -7.1970709e-002
 -5.3372149e-002
 -3.6583251e-002
 -2.1978415e-002
 -9.8266119e-003
 -2.8082349e-004
  6.6226438e-003
  1.0954607e-002
  1.2874153e-002
  1.2602662e-002
  1.0393835e-002
  6.5033666e-003
  1.1619122e-003
 -5.4455050e-003
 -1.3191429e-002
 -2.2008256e-002
 -3.1881187e-002
 -4.2833382e-002
 -5.4905802e-002
 -6.8134742e-002
 -8.2530200e-002
 -9.8057827e-002
 -1.1462655e-001
 -1.3208308e-001
 -1.5021344e-001
 -1.6875095e-001
 -1.8738939e-001
 -2.0579947e-001
 -2.2364713e-001
 -2.4061180e-001
 -2.5640336e-001
 -2.7077697e-001
 -2.8354494e-001
 -2.9458536e-001
 -3.0384704e-001
 -3.1135057e-001
 -3.1718500e-001
 -3.2149981e-001
 -3.2449196e-001
 -3.2638810e-001
 -3.2742242e-001
 -3.2781160e-001
 -3.2772857e-001
 -3.2727777e-001
 -3.2647487e-001
 -3.2523370e-001
 -3.2336304e-001
 -3.2057486e-001
 -3.1650410e-001
 -3.1073909e-001
 -3.0285969e-001
 -2.9247936e-001
 -2.7928631e-001
 -2.6307902e-001
 -2.4379161e-001
 -2.2150613e-001
 -1.9645041e-001
 -1.6898190e-001
 -1.3956033e-001
 -1.0871310e-001
 -7.6998508e-002
 -4.4972058e-002
 -1.3160165e-002
  1.7955602e-002
  4.7942763e-002
  7.6411675e-002
  1.0300177e-001
  1.2736465e-001
  1.4914894e-001
  1.6799157e-001
  1.8351892e-001
  1.9535921e-001
  2.0316571e-001
  2.0664757e-001
  2.0560390e-001
  1.9995534e-001
  1.8976752e-001
  1.7526188e-001
  1.5681109e-001
  1.3491888e-001
  1.1018646e-001
  8.3270432e-002
  5.4838028e-002
  2.5526718e-002
 -4.0859107e-003
 -3.3497459e-002
 -6.2279325e-002
 -9.0059579e-002
 -1.1649390e-001
 -1.4123061e-001
 -1.6387708e-001
 -1.8397484e-001
 -2.0098948e-001
 -2.1431903e-001
 -2.2332170e-001
 -2.2736034e-001
 -2.2585830e-001
 -2.1835907e-001
 -2.0458135e-001
 -1.8446151e-001
 -1.5817706e-001
 -1.2614774e-001
 -8.9013712e-002
 -4.7594076e-002
 -2.8313830e-003
  4.4270145e-002
  9.2704522e-002
  1.4151460e-001
  1.8982787e-001
  2.3687467e-001
  2.8198917e-001
  3.2459632e-001
  3.6419009e-001
  4.0030967e-001
  4.3251985e-001
  4.6040099e-001
  4.8355150e-001
  5.0160316e-001
  5.1424703e-001
  5.2126534e-001
  5.2256344e-001
  5.1819564e-001
  5.0837956e-001
  4.9349556e-001
  4.7406997e-001
  4.5074379e-001
  4.2423062e-001
  3.9526922e-001
  3.6457701e-001
  3.3281022e-001
  3.0053525e-001
  2.6821375e-001
  2.3620167e-001
  2.0476034e-001
  1.7407593e-001
  1.4428265e-001
  1.1548527e-001
  8.7776870e-002
  6.1249836e-002
  3.5999165e-002
  1.2119486e-002
 -1.0301879e-002
 -3.1192604e-002
 -5.0500727e-002
 -6.8195380e-002
 -8.4261881e-002
 -9.8691699e-002
 -1.1146922e-001
 -1.2255825e-001
 -1.3189149e-001
 -1.3936583e-001
 -1.4484536e-001
 -1.4817218e-001
 -1.4918380e-001
 -1.4773426e-001
 -1.4371498e-001
 -1.3707168e-001
 -1.2781374e-001
 -1.1601412e-001
 -1.0179961e-001
 -8.5333232e-002
 -6.6792245e-002
 -4.6346333e-002
 -2.4140781e-002
 -2.8872939e-004
  2.5125008e-002
  5.2028192e-002
  8.0335500e-002
  1.0991708e-001
  1.4056686e-001
  1.7197666e-001
  2.0372147e-001
  2.3525966e-001
  2.6594954e-001
  2.9508062e-001
  3.2191588e-001
  3.4573888e-001
  3.6589899e-001
  3.8184814e-001
  3.9316397e-001
  3.9955685e-001
  4.0086089e-001
  3.9701216e-001
  3.8801972e-001
  3.7393601e-001
  3.5483366e-001
  3.3079413e-001
  3.0191127e-001
  2.6831002e-001
  2.3017693e-001
  1.8779686e-001
  1.4158842e-001
  9.2130161e-002
  4.0171137e-002
 -1.3378541e-002
 -6.7477978e-002
 -1.2100392e-001
 -1.7281143e-001
 -2.2179860e-001
 -2.6696633e-001
 -3.0746492e-001
 -3.4262133e-001
 -3.7194453e-001
 -3.9511005e-001
 -4.1192848e-001
 -4.2230553e-001
 -4.2620264e-001
 -4.2360678e-001
 -4.1451615e-001
 -3.9894536e-001
 -3.7694940e-001
 -3.4866202e-001
 -3.1434092e-001
 -2.7440994e-001
 -2.2948892e-001
 -1.8040329e-001
 -1.2816883e-001
 -7.3951343e-002
 -1.9005409e-002
  3.5399673e-002
  8.8056357e-002
  1.3788647e-001
  1.8399022e-001
  2.2566990e-001
  2.6242604e-001
  2.9392864e-001
  3.1997052e-001
  3.4041303e-001
  3.5513569e-001
  3.6400042e-001
  3.6683821e-001
  3.6346157e-001
  3.5370099e-001
  3.3745859e-001
  3.1476844e-001
  2.8585101e-001
  2.5114976e-001
  2.1134045e-001
  1.6730856e-001
  1.2009575e-001
  7.0822119e-002
  2.0595690e-002
 -2.9576616e-002
 -7.8861943e-002
 -1.2664625e-001
 -1.7254330e-001
 -2.1636663e-001
 -2.5806960e-001
 -2.9766492e-001
 -3.3513853e-001
 -3.7037452e-001
 -4.0310573e-001
 -4.3290067e-001
 -4.5919043e-001
 -4.8133243e-001
 -4.9870021e-001
 -5.1078367e-001
 -5.1728113e-001
 -5.1816546e-001
 -5.1371044e-001
 -5.0447023e-001
 -4.9121268e-001
 -4.7481630e-001
 -4.5614690e-001
 -4.3593496e-001
 -4.1467510e-001
 -3.9256637e-001
 -3.6950528e-001
 -3.4513490e-001
 -3.1894338e-001
 -2.9039634e-001
 -2.5908087e-001
 -2.2483593e-001
 -1.8784540e-001
 -1.4867527e-001
 -1.0824579e-001
 -6.7740166e-002
 -2.8462374e-002
  8.3338391e-003
  4.1616888e-002
  7.0721037e-002
  9.5436183e-002
  1.1602616e-001
  1.3316930e-001
  1.4782765e-001
  1.6106338e-001
  1.7383018e-001
  1.8677262e-001
  2.0006597e-001
  2.1332370e-001
  2.2558965e-001
  2.3541877e-001
  2.4103679e-001
  2.4055637e-001
  2.3221853e-001
  2.1462420e-001
  1.8692188e-001
  1.4892500e-001
  1.0114307e-001
  4.4724950e-002
 -1.8674259e-002
 -8.7079253e-002
 -1.5840248e-001
 -2.3064080e-001
 -3.0203058e-001
 -3.7113958e-001
 -4.3688528e-001
