 -5.7194244e-001
 -5.9294890e-001
 -6.1034715e-001
 -6.2461155e-001
 -6.3605341e-001
 -6.4478052e-001
 -6.5068449e-001
 -6.5345653e-001
 -6.5262894e-001
 -6.4763605e-001
 -6.3788643e-001
 -6.2283668e-001
 -6.0205745e-001
 -5.7528368e-001
 -5.4244360e-001
 -5.0366404e-001
 -4.5925327e-001
 -4.0966542e-001
 -3.5545333e-001
 -2.9721771e-001
 -2.3556118e-001
 -1.7105409e-001
 -1.0421747e-001
 -3.5525040e-002
  3.4576559e-002
  1.0563365e-001
  1.7714400e-001
  2.4851606e-001
  3.1903721e-001
  3.8785842e-001
  4.5400044e-001
  5.1638359e-001
  5.7387988e-001
  6.2538269e-001
  6.6988648e-001
  7.0656693e-001
  7.3485162e-001
  7.5447178e-001
  7.6548782e-001
  7.6828464e-001
  7.6353606e-001
  7.5214210e-001
  7.3514589e-001
  7.1364008e-001
  6.8867362e-001
  6.6117028e-001
  6.3186838e-001
  6.0128881e-001
  5.6973470e-001
  5.3732193e-001
  5.0403593e-001
  4.6980660e-001
  4.3459093e-001
  3.9845210e-001
  3.6162401e-001
  3.2455233e-001
  2.8790608e-001
  2.5255768e-001
  2.1953313e-001
  1.8993810e-001
  1.6486852e-001
  1.4531610e-001
  1.3207990e-001
  1.2569417e-001
  1.2638047e-001
  1.3402919e-001
  1.4821193e-001
  1.6822249e-001
  1.9314111e-001
  2.2191394e-001
  2.5343840e-001
  2.8664502e-001
  3.2056717e-001
  3.5439211e-001
  3.8748949e-001
  4.1941642e-001
  4.4990097e-001
  4.7880839e-001
  5.0609618e-001
  5.3176449e-001
  5.5580847e-001
  5.7817788e-001
  5.9874776e-001
  6.1730189e-001
  6.3352870e-001
  6.4702771e-001
  6.5732335e-001
  6.6388256e-001
  6.6613270e-001
  6.6347733e-001
  6.5530851e-001
  6.4101595e-001
  6.1999440e-001
  5.9165211e-001
  5.5542306e-001
  5.1078610e-001
  4.5729255e-001
  3.9460295e-001
  3.2253144e-001
  2.4109465e-001
  1.5056015e-001
  5.1488503e-002
 -5.5237351e-002
 -1.6840133e-001
 -2.8646651e-001
 -4.0761285e-001
 -5.2980010e-001
 -6.5085262e-001
 -7.6856037e-001
 -8.8078779e-001
 -9.8558109e-001
 -1.0812639e+000
 -1.1665119e+000
 -1.2403994e+000
 -1.3024120e+000
 -1.3524249e+000
 -1.3906487e+000
 -1.4175472e+000
 -1.4337376e+000
 -1.4398807e+000
 -1.4365762e+000
 -1.4242705e+000
 -1.4031893e+000
 -1.3733011e+000
 -1.3343159e+000
 -1.2857193e+000
 -1.2268385e+000
 -1.1569344e+000
 -1.0753093e+000
 -9.8142163e-001
 -8.7499403e-001
 -7.5610669e-001
 -6.2526579e-001
 -4.8344145e-001
 -3.3207204e-001
 -1.7303494e-001
 -8.5870868e-003
  1.5871894e-001
  3.2613535e-001
  4.9082750e-001
  6.4998129e-001
  8.0090159e-001
  9.4109545e-001
  1.0683358e+000
  1.1807040e+000
  1.2766116e+000
  1.3548047e+000
  1.4143540e+000
  1.4546381e+000
  1.4753224e+000
  1.4763414e+000
  1.4578856e+000
  1.4203967e+000
  1.3645699e+000
  1.2913608e+000
  1.2019952e+000
  1.0979743e+000
  9.8107277e-001
  8.5332279e-001
  7.1698118e-001
  5.7447792e-001
  4.2834613e-001
  2.8113646e-001
  1.3532146e-001
 -6.8028545e-003
 -1.4320936e-001
 -2.7221710e-001
 -3.9254485e-001
 -5.0333423e-001
 -6.0413824e-001
 -6.9487450e-001
 -7.7574620e-001
 -8.4713762e-001
 -9.0949422e-001
 -9.6319997e-001
 -1.0084655e+000
 -1.0452407e+000
 -1.0731631e+000
 -1.0915514e+000
 -1.0994470e+000
 -1.0957038e+000
 -1.0791187e+000
 -1.0485928e+000
 -1.0033068e+000
 -9.4289263e-001
 -8.6758293e-001
 -7.7832066e-001
 -6.7681364e-001
 -5.6552509e-001
 -4.4759612e-001
 -3.2670361e-001
 -2.0686341e-001
 -9.2194583e-002
  1.3334838e-002
  1.0615790e-001
  1.8333155e-001
  2.4271141e-001
  2.8306224e-001
  3.0409372e-001
  3.0641875e-001
  2.9143873e-001
  2.6116792e-001
  2.1801458e-001
  1.6454082e-001
  1.0322499e-001
  3.6249519e-002
 -3.4665476e-002
 -1.0836819e-001
 -1.8431202e-001
 -2.6252226e-001
 -3.4349857e-001
 -4.2806541e-001
 -5.1718765e-001
 -6.1177125e-001
 -7.1246968e-001
 -8.1951510e-001
 -9.3258994e-001
 -1.0507497e+000
 -1.1724018e+000
 -1.2953400e+000
 -1.4168278e+000
 -1.5337208e+000
 -1.6426145e+000
 -1.7400041e+000
 -1.8224418e+000
 -1.8866808e+000
 -1.9297975e+000
 -1.9492877e+000
 -1.9431352e+000
 -1.9098559e+000
 -1.8485225e+000
 -1.7587750e+000
 -1.6408237e+000
 -1.4954501e+000
 -1.3240076e+000
 -1.1284239e+000
 -9.1120143e-001
 -6.7541230e-001
 -4.2468144e-001
 -1.6315103e-001
  1.0457977e-001
  3.7354445e-001
  6.3853034e-001
  8.9423006e-001
  1.1354188e+000
  1.3571498e+000
  1.5549568e+000
  1.7250522e+000
  1.8645053e+000
  1.9713908e+000
  2.0448928e+000
  2.0853575e+000
  2.0942877e+000
  2.0742784e+000
  2.0288940e+000
  1.9624948e+000
  1.8800208e+000
  1.7867452e+000
  1.6880117e+000
  1.5889696e+000
  1.4943231e+000
  1.4081065e+000
  1.3335000e+000
  1.2726936e+000
  1.2268089e+000
  1.1958799e+000
  1.1788959e+000
  1.1739006e+000
  1.1781436e+000
  1.1882724e+000
  1.2005546e+000
  1.2111149e+000
  1.2161733e+000
  1.2122683e+000
  1.1964521e+000
  1.1664457e+000
  1.1207453e+000
  1.0586753e+000
  9.8038664e-001
  8.8680480e-001
  7.7953502e-001
  6.6073548e-001
  5.3297176e-001
  3.9906677e-001
  2.6195944e-001
  1.2458367e-001
 -1.0224304e-002
 -1.3978598e-001
 -2.6160889e-001
 -3.7338778e-001
 -4.7298759e-001
 -5.5841928e-001
 -6.2782077e-001
 -6.7945441e-001
 -7.1173004e-001
 -7.2325872e-001
 -7.1293730e-001
 -6.8005887e-001
 -6.2443883e-001
 -5.4654252e-001
 -4.4759771e-001
 -3.2967457e-001
 -1.9571766e-001
 -4.9517672e-002
  1.0438328e-001
  2.6085315e-001
  4.1439088e-001
  5.5939312e-001
  6.9044730e-001
  8.0262826e-001
  8.9177391e-001
  9.5471693e-001
  9.8945284e-001
  9.9523076e-001
  9.7256007e-001
  9.2313422e-001
  8.4968043e-001
  7.5575050e-001
  6.4547298e-001
  5.2328901e-001
  3.9369470e-001
  2.6101005e-001
  1.2919047e-001
  1.6906889e-003
 -1.1861518e-001
 -2.2946035e-001
 -3.2916699e-001
 -4.1659484e-001
 -4.9107093e-001
 -5.5231429e-001
 -6.0036771e-001
 -6.3554493e-001
 -6.5839732e-001
 -6.6969932e-001
 -6.7044786e-001
 -6.6186740e-001
 -6.4541116e-001
 -6.2274845e-001
 -5.9573045e-001
 -5.6632934e-001
 -5.3655023e-001
 -5.0831970e-001
 -4.8335872e-001
 -4.6305147e-001
 -4.4832314e-001
 -4.3954027e-001
 -4.3644577e-001
 -4.3813784e-001
 -4.4309773e-001
 -4.4926682e-001
 -4.5416819e-001
 -4.5506399e-001
 -4.4913626e-001
 -4.3367689e-001
 -4.0627236e-001
 -3.6496946e-001
 -3.0841099e-001
 -2.3593351e-001
 -1.4762302e-001
 -4.4328110e-002
  7.2366471e-002
  2.0020059e-001
  3.3632696e-001
  4.7741946e-001
  6.1979460e-001
  7.5954000e-001
  8.9264536e-001
  1.0151323e+000
  1.1231811e+000
  1.2132514e+000
  1.2821972e+000
  1.3273711e+000
  1.3467174e+000
  1.3388479e+000
  1.3030982e+000
  1.2395579e+000
  1.1490729e+000
  1.0332150e+000
  8.9422159e-001
  7.3490404e-001
  5.5853274e-001
  3.6870429e-001
  1.6920104e-001
 -3.6147211e-002
 -2.4358914e-001
 -4.4955709e-001
 -6.5074551e-001
 -8.4416010e-001
 -1.0271389e+000
 -1.1973503e+000
 -1.3527752e+000
 -1.4916841e+000
 -1.6126176e+000
 -1.7143804e+000
 -1.7960536e+000
 -1.8570290e+000
 -1.8970609e+000
 -1.9163307e+000
 -1.9155120e+000
 -1.8958234e+000
 -1.8590557e+000
 -1.8075593e+000
 -1.7441848e+000
 -1.6721704e+000
 -1.5949799e+000
 -1.5160995e+000
 -1.4388085e+000
 -1.3659447e+000
 -1.2996860e+000
 -1.2413727e+000
 -1.1913918e+000
 -1.1491366e+000
 -1.1130535e+000
 -1.0807739e+000
 -1.0493220e+000
 -1.0153843e+000
 -9.7561277e-001
 -9.2693727e-001
 -8.6685622e-001
 -7.9367881e-001
 -7.0669670e-001
 -6.0627036e-001
 -4.9382448e-001
 -3.7175574e-001
 -2.4326579e-001
 -1.1213875e-001
  1.7512333e-002
  1.4150418e-001
  2.5582259e-001
  3.5682209e-001
  4.4137197e-001
  5.0694285e-001
  5.5163561e-001
  5.7416199e-001
  5.7379168e-001
  5.5028377e-001
  5.0382076e-001
  4.3496109e-001
  3.4462094e-001
  2.3409023e-001
  1.0507998e-001
 -4.0208252e-002
 -1.9900589e-001
 -3.6791223e-001
 -5.4285993e-001
 -7.1912849e-001
 -8.9141829e-001
 -1.0539913e+000
 -1.2008763e+000
 -1.3261296e+000
 -1.4241319e+000
 -1.4899005e+000
 -1.5193895e+000
 -1.5097511e+000
 -1.4595355e+000
 -1.3688096e+000
 -1.2391838e+000
 -1.0737440e+000
 -8.7689534e-001
 -6.5412993e-001
 -4.1174040e-001
 -1.5650168e-001
  1.0465308e-001
  3.6493906e-001
  6.1798869e-001
  8.5806867e-001
  1.0802370e+000
  1.2804390e+000
  1.4555469e+000
  1.6033526e+000
  1.7225256e+000
  1.8125504e+000
  1.8736540e+000
  1.9067337e+000
  1.9132921e+000
  1.8953793e+000
  1.8555411e+000
  1.7967687e+000
  1.7224422e+000
  1.6362612e+000
  1.5421567e+000
  1.4441812e+000
  1.3463774e+000
  1.2526288e+000
  1.1665007e+000
  1.0910810e+000
  1.0288334e+000
  9.8147552e-001
  9.4989212e-001
  9.3409288e-001
  9.3321939e-001
  9.4560234e-001
  9.6886573e-001
  1.0000711e+000
  1.0358916e+000
  1.0728042e+000
  1.1072871e+000
  1.1360105e+000
  1.1560093e+000
  1.1648308e+000
  1.1606491e+000
  1.1423451e+000
  1.1095501e+000
  1.0626536e+000
  1.0027786e+000
  9.3172665e-001
  8.5189555e-001
  7.6617456e-001
  6.7781886e-001
  5.9030767e-001
  5.0718981e-001
  4.3192136e-001
  3.6770126e-001
  3.1731161e-001
  2.8297082e-001
  2.6620804e-001
  2.6776763e-001
  2.8755140e-001
  3.2460494e-001
  3.7715145e-001
  4.4267335e-001
  5.1803823e-001
  5.9966185e-001
  6.8369752e-001
  7.6623871e-001
  8.4352029e-001
  9.1210370e-001
  9.6903303e-001
  1.0119515e+000
  1.0391722e+000
  1.0496997e+000
  1.0432080e+000
  1.0199773e+000
  9.8080412e-001
  9.2689352e-001
  8.5974732e-001
  7.8105989e-001
  6.9263018e-001
  5.9629598e-001
  4.9389206e-001
  3.8723003e-001
  2.7809449e-001
  1.6824746e-001
  5.9432205e-002
 -4.6631927e-002
 -1.4827040e-001
 -2.4389366e-001
 -3.3205657e-001
 -4.1153317e-001
 -4.8139947e-001
 -5.4111422e-001
 -5.9058670e-001
 -6.3022048e-001
 -6.6092427e-001
 -6.8408403e-001
 -7.0149480e-001
 -7.1525516e-001
 -7.2763210e-001
 -7.4090738e-001
 -7.5721934e-001
 -7.7841491e-001
 -8.0592573e-001
 -8.4067985e-001
 -8.8305675e-001
 -9.3288835e-001
 -9.8950398e-001
 -1.0518122e+000
 -1.1184089e+000
 -1.1876978e+000
 -1.2580101e+000
 -1.3277094e+000
 -1.3952717e+000
 -1.4593343e+000
 -1.5187104e+000
 -1.5723731e+000
 -1.6194163e+000
 -1.6590012e+000
 -1.6903019e+000
 -1.7124619e+000
 -1.7245722e+000
 -1.7256781e+000
 -1.7148183e+000
 -1.6910957e+000
 -1.6537719e+000
 -1.6023773e+000
 -1.5368229e+000
 -1.4574995e+000
 -1.3653512e+000
 -1.2619117e+000
 -1.1492943e+000
 -1.0301341e+000
 -9.0748336e-001
 -7.8466658e-001
 -6.6510671e-001
 -5.5213692e-001
 -4.4881324e-001
 -3.5774390e-001
 -2.8094918e-001
 -2.1976267e-001
 -1.7478037e-001
 -1.4585998e-001
 -1.3216743e-001
 -1.3226443e-001
 -1.4422683e-001
 -1.6578247e-001
 -1.9445586e-001
 -2.2770846e-001
 -2.6306450e-001
 -2.9821547e-001
 -3.3109906e-001
 -3.5995173e-001
 -3.8333651e-001
 -4.0015004e-001
 -4.0961392e-001
 -4.1125597e-001
 -4.0488651e-001
 -3.9057373e-001
 -3.6862071e-001
 -3.3954510e-001
 -3.0406074e-001
 -2.6305964e-001
 -2.1759185e-001
 -1.6884073e-001
 -1.1809170e-001
 -6.6693315e-002
 -1.6010831e-002
  3.2626305e-002
  7.7980531e-002
  1.1896232e-001
  1.5468249e-001
  1.8449684e-001
  2.0803963e-001
  2.2524339e-001
  2.3634362e-001
  2.4186809e-001
  2.4261175e-001
  2.3959912e-001
  2.3403671e-001
  2.2725848e-001
  2.2066722e-001
  2.1567466e-001
  2.1364257e-001
  2.1582667e-001
  2.2332473e-001
  2.3702989e-001
  2.5759017e-001
  2.8537485e-001
  3.2044905e-001
  3.6255742e-001
  4.1111861e-001
  4.6523172e-001
  5.2369600e-001
  5.8504454e-001
  6.4759190e-001
  7.0949465e-001
  7.6882280e-001
  8.2363880e-001
  8.7208003e-001
  9.1243999e-001
  9.4324306e-001
  9.6330800e-001
  9.7179620e-001
  9.6824172e-001
  9.5256169e-001
  9.2504743e-001
  8.8633801e-001
  8.3737983e-001
  7.7937619e-001
  7.1373192e-001
  6.4199746e-001
  5.6581665e-001
  4.8688076e-001
  4.0689049e-001
  3.2752556e-001
  2.5042047e-001
  1.7714385e-001
  1.0917821e-001
  4.7897026e-002
 -5.4632965e-003
 -4.9837751e-002
 -8.4373036e-002
 -1.0847170e-001
 -1.2183634e-001
 -1.2450889e-001
 -1.1689905e-001
 -9.9796351e-002
 -7.4360707e-002
 -4.2088238e-002
 -4.7512017e-003
  3.5686519e-002
  7.7174155e-002
  1.1769238e-001
  1.5537660e-001
  1.8863536e-001
  2.1625390e-001
  2.3747370e-001
  2.5204044e-001
  2.6021593e-001
  2.6275198e-001
  2.6082845e-001
  2.5596010e-001
  2.4988032e-001
  2.4441145e-001
  2.4133235e-001
  2.4225416e-001
  2.4851351e-001
  2.6109099e-001
  2.8055947e-001
  3.0706413e-001
  3.4033297e-001
  3.7971362e-001
  4.2423053e-001
  4.7265491e-001
  5.2357992e-001
  5.7549362e-001
  6.2684386e-001
  6.7609118e-001
  7.2174767e-001
  7.6240239e-001
  7.9673559e-001
  8.2352547e-001
  8.4165204e-001
  8.5010264e-001
  8.4798294e-001
  8.3453608e-001
  8.0917077e-001
  7.7149750e-001
  7.2136998e-001
  6.5892777e-001
  5.8463492e-001
  4.9930911e-001
  4.0413632e-001
  3.0066674e-001
  1.9078947e-001
  7.6685225e-002
 -3.9241935e-002
 -1.5445041e-001
 -2.6635991e-001
 -3.7245724e-001
 -4.7040251e-001
 -5.5812901e-001
 -6.3393063e-001
 -6.9653156e-001
 -7.4513432e-001
 -7.7944391e-001
 -7.9966713e-001
 -8.0648795e-001
 -8.0102111e-001
 -7.8474701e-001
 -7.5943197e-001
 -7.2703839e-001
 -6.8962935e-001
 -6.4927237e-001
 -6.0794683e-001
 -5.6745893e-001
 -5.2936798e-001
 -4.9492696e-001
 -4.6503984e-001
 -4.4023740e-001
 -4.2067249e-001
 -4.0613496e-001
 -3.9608524e-001
 -3.8970493e-001
 -3.8596164e-001
 -3.8368435e-001
 -3.8164498e-001
 -3.7864129e-001
 -3.7357611e-001
 -3.6552794e-001
 -3.5380877e-001
 -3.3800551e-001
 -3.1800314e-001
 -2.9398852e-001
 -2.6643572e-001
 -2.3607479e-001
 -2.0384739e-001
 -1.7085295e-001
 -1.3829018e-001
 -1.0739793e-001
 -7.9399421e-002
 -5.5452733e-002
 -3.6609402e-002
 -2.3781786e-002
 -1.7718697e-002
 -1.8987934e-002
 -2.7963779e-002
 -4.4817410e-002
 -6.9508482e-002
 -1.0177683e-001
 -1.4113423e-001
 -1.8685721e-001
 -2.3798290e-001
 -2.9331086e-001
 -3.5141385e-001
 -4.1066080e-001
 -4.6925410e-001
 -5.2528259e-001
 -5.7678949e-001
 -6.2185322e-001
 -6.5867666e-001
 -6.8567925e-001
 -7.0158487e-001
 -7.0549804e-001
 -6.9696133e-001
 -6.7598784e-001
 -6.4306447e-001
 -5.9912431e-001
 -5.4548890e-001
 -4.8378435e-001
 -4.1583760e-001
 -3.4356138e-001
 -2.6883740e-001
 -1.9340798e-001
 -1.1878525e-001
 -4.6185492e-002
  2.3506178e-002
  8.9738911e-002
  1.5226815e-001
  2.1110101e-001
  2.6642210e-001
  3.1850864e-001
  3.6764487e-001
  4.1404529e-001
  4.5779530e-001
  4.9881540e-001
  5.3685237e-001
  5.7149775e-001
  6.0223036e-001
  6.2847728e-001
  6.4968504e-001
  6.6539206e-001
  6.7529276e-001
  6.7928510e-001
  6.7749506e-001
  6.7027423e-001
  6.5817002e-001
  6.4187091e-001
  6.2213256e-001
  5.9969263e-001
  5.7518387e-001
  5.4905541e-001
  5.2151160e-001
  4.9247617e-001
  4.6158681e-001
  4.2822237e-001
  3.9156143e-001
  3.5066778e-001
  3.0459556e-001
  2.5250474e-001
  1.9377635e-001
  1.2811692e-001
  5.5642297e-002
 -2.3067020e-002
 -1.0694443e-001
 -1.9445209e-001
 -2.8363131e-001
 -3.7218475e-001
 -4.5758410e-001
 -5.3719514e-001
 -6.0841076e-001
 -6.6878255e-001
 -7.1614192e-001
 -7.4870324e-001
 -7.6514327e-001
 -7.6465340e-001
 -7.4696342e-001
 -7.1233807e-001
 -6.6154909e-001
 -5.9582718e-001
 -5.1679911e-001
 -4.2641541e-001
 -3.2687392e-001
 -2.2054372e-001
 -1.0989296e-001
  2.5770624e-003
  1.1439055e-001
  2.2314849e-001
  3.2657345e-001
  4.2254928e-001
  5.0915717e-001
  5.8470966e-001
  6.4778325e-001
  6.9725008e-001
  7.3230792e-001
  7.5250722e-001
  7.5777300e-001
  7.4841909e-001
  7.2515189e-001
  6.8906089e-001
  6.4159395e-001
  5.8451577e-001
  5.1984954e-001
  4.4980259e-001
  3.7667871e-001
  3.0278084e-001
  2.3030934e-001
  1.6126163e-001
  9.7339853e-002
  3.9872965e-002
 -1.0240611e-002
 -5.2564923e-002
 -8.7129518e-002
 -1.1440213e-001
 -1.3523182e-001
 -1.5076563e-001
 -1.6234421e-001
 -1.7138360e-001
 -1.7925205e-001
 -1.8715133e-001
 -1.9601228e-001
 -2.0641312e-001
 -2.1852807e-001
 -2.3211077e-001
 -2.4651483e-001
 -2.6075025e-001
 -2.7357151e-001
 -2.8359007e-001
 -2.8940201e-001
 -2.8971949e-001
 -2.8349481e-001
 -2.7002580e-001
 -2.4903314e-001
 -2.2070269e-001
 -1.8568883e-001
 -1.4507879e-001
 -1.0032120e-001
 -5.3125559e-002
 -5.3420803e-003
  4.1167209e-002
  8.4654314e-002
  1.2359705e-001
  1.5678736e-001
  1.8338934e-001
  2.0296358e-001
  2.1545778e-001
  2.2116717e-001
  2.2067123e-001
  2.1475515e-001
  2.0432586e-001
  1.9033201e-001
  1.7369637e-001
  1.5526673e-001
  1.3578857e-001
  1.1589960e-001
  9.6143052e-002
  7.6994121e-002
  5.8892015e-002
  4.2269400e-002
  2.7571492e-002
  1.5258579e-002
  5.7883371e-003
 -4.2253135e-004
 -3.0544137e-003
 -1.9524874e-003
  2.8027040e-003
  1.0832086e-002
  2.1412891e-002
  3.3461038e-002
  4.5548238e-002
  5.5957574e-002
  6.2777166e-002
  6.4027130e-002
  5.7810879e-002
  4.2478432e-002
  1.6787153e-002
 -1.9955427e-002
 -6.7781210e-002
 -1.2599567e-001
 -1.9316490e-001
 -2.6715930e-001
 -3.4525236e-001
 -4.2426795e-001
 -5.0076502e-001
 -5.7124519e-001
 -6.3236655e-001
 -6.8114688e-001
 -7.1514040e-001
 -7.3257525e-001
 -7.3244234e-001
 -7.1453123e-001
 -6.7941319e-001
 -6.2837618e-001
 -5.6332040e-001
 -4.8662544e-001
 -4.0100180e-001
 -3.0933917e-001
 -2.1456295e-001
 -1.1950789e-001
 -2.6815190e-002
  6.1144339e-002
  1.4232096e-001
  2.1501354e-001
  2.7787853e-001
  3.2992589e-001
  3.7050771e-001
  3.9930414e-001
  4.1631002e-001
  4.2182360e-001
  4.1643709e-001
  4.0102686e-001
  3.7674029e-001
  3.4497564e-001
  3.0735142e-001
  2.6566307e-001
  2.2182570e-001
  1.7780387e-001
  1.3553093e-001
  9.6822258e-002
  6.3288103e-002
  3.6252107e-002
  1.6681942e-002
  5.1375957e-003
  1.7416548e-003
  6.1742210e-003
  1.7693107e-002
  3.5177982e-002
  5.7195327e-002
  8.2079595e-002
  1.0802501e-001
  1.3318198e-001
  1.5575225e-001
  1.7407741e-001
  1.8671619e-001
  1.9250742e-001
  1.9061624e-001
  1.8056279e-001
  1.6223319e-001
  1.3587379e-001
  1.0207026e-001
  6.1713201e-002
  1.5952906e-002
 -3.3854468e-002
 -8.6206539e-002
 -1.3951734e-001
 -1.9218008e-001
 -2.4262707e-001
 -2.8938396e-001
 -3.3111579e-001
 -3.6666256e-001
 -3.9506297e-001
 -4.1556580e-001
 -4.2762931e-001
 -4.3091030e-001
 -4.2524543e-001
 -4.1062832e-001
 -3.8718625e-001
 -3.5516050e-001
 -3.1489377e-001
 -2.6682712e-001
 -2.1150742e-001
 -1.4960470e-001
 -8.1936714e-002
 -9.4965728e-003
  6.6521947e-002
  1.4470766e-001
  2.2342973e-001
  3.0085496e-001
  3.7498806e-001
  4.4373572e-001
  5.0499277e-001
  5.5674576e-001
  5.9718672e-001
  6.2482797e-001
  6.3860769e-001
  6.3797598e-001
  6.2295237e-001
  5.9414802e-001
  5.5274869e-001
  5.0045851e-001
  4.3940815e-001
  3.7203469e-001
  3.0094286e-001
  2.2875953e-001
  1.5799348e-001
  9.0911749e-002
  2.9441836e-002
 -2.4894082e-002
 -7.1010255e-002
 -1.0825501e-001
 -1.3637954e-001
 -1.5548525e-001
 -1.6595862e-001
 -1.6840303e-001
 -1.6357627e-001
 -1.5234018e-001
 -1.3562640e-001
 -1.1441890e-001
 -8.9750521e-002
 -6.2708642e-002
 -3.4442765e-002
 -6.1664916e-003
  2.0853089e-002
  4.5323775e-002
  6.5976760e-002
  8.1634306e-002
  9.1292149e-002
  9.4209100e-002
  8.9994058e-002
  7.8679585e-002
  6.0771478e-002
  3.7265537e-002
  9.6256471e-003
 -2.0278778e-002
 -5.0273647e-002
 -7.8012687e-002
 -1.0113129e-001
 -1.1740879e-001
 -1.2492500e-001
 -1.2219723e-001
 -1.0828580e-001
 -8.2859229e-002
 -4.6214344e-002
  7.4877559e-004
  5.6592958e-002
  1.1944308e-001
  1.8710747e-001
  2.5720937e-001
  3.2731634e-001
  3.9505694e-001
  4.5821654e-001
  5.1480747e-001
  5.6311244e-001
  6.0170340e-001
  6.2944094e-001
  6.4546113e-001
  6.4915719e-001
  6.4016291e-001
  6.1834314e-001
  5.8379400e-001
  5.3685300e-001
  4.7811626e-001
  4.0845788e-001
  3.2904508e-001
  2.4134225e-001
  1.4709795e-001
  4.8310575e-002
 -5.2829028e-002
 -1.5401660e-001
 -2.5293080e-001
 -3.4733989e-001
 -4.3520965e-001
 -5.1480314e-001
 -5.8476267e-001
 -6.4416627e-001
 -6.9255331e-001
 -7.2991709e-001
 -7.5666549e-001
 -7.7355447e-001
 -7.8160136e-001
 -7.8198723e-001
 -7.7595803e-001
 -7.6473396e-001
 -7.4943489e-001
 -7.3102739e-001
 -7.1029603e-001
 -6.8783850e-001
 -6.6408143e-001
 -6.3931149e-001
 -6.1371504e-001
 -5.8741921e-001
 -5.6052793e-001
 -5.3314790e-001
 -5.0540141e-001
 -4.7742551e-001
 -4.4935920e-001
 -4.2132224e-001
 -3.9339050e-001
 -3.6557349e-001
 -3.3779901e-001
 -3.0990914e-001
 -2.8166988e-001
 -2.5279488e-001
 -2.2298144e-001
 -1.9195531e-001
 -1.5951939e-001
 -1.2560069e-001
 -9.0290089e-002
 -5.3869993e-002
 -1.6826536e-002
  2.0155462e-002
  5.6214616e-002
  9.0350262e-002
  1.2147155e-001
  1.4845402e-001
  1.7019905e-001
  1.8569156e-001
  1.9405242e-001
  1.9458275e-001
  1.8679870e-001
  1.7045644e-001
  1.4556819e-001
  1.1241043e-001
  7.1526041e-002
  2.3721510e-002
 -2.9939934e-002
 -8.8149367e-002
 -1.4936818e-001
 -2.1185056e-001
 -2.7367439e-001
 -3.3278219e-001
 -3.8703364e-001
 -4.3426988e-001
 -4.7238880e-001
 -4.9942890e-001
 -5.1365795e-001
 -5.1366149e-001
 -4.9842521e-001
 -4.6740518e-001
 -4.2058002e-001
 -3.5848007e-001
 -2.8219013e-001
 -1.9332411e-001
 -9.3971931e-002
  1.3378773e-002
  1.2594200e-001
  2.4074797e-001
  3.5476634e-001
  4.6503104e-001
  5.6875985e-001
  6.6346272e-001
  7.4703369e-001
  8.1782282e-001
  8.7468573e-001
  9.1701001e-001
  9.4471854e-001
  9.5825113e-001
  9.5852630e-001
  9.4688550e-001
  9.2502258e-001
  8.9490115e-001
  8.5866284e-001
  8.1852955e-001
  7.7670306e-001
  7.3526551e-001
  6.9608471e-001
  6.6072841e-001
  6.3039175e-001
  6.0584202e-001
  5.8738432e-001
  5.7485104e-001
  5.6761684e-001
  5.6463934e-001
  5.6452414e-001
  5.6561106e-001
  5.6607666e-001
  5.6404707e-001
  5.5771395e-001
  5.4544596e-001
  5.2588861e-001
  4.9804581e-001
  4.6133802e-001
  4.1563360e-001
  3.6125215e-001
  2.9894043e-001
  2.2982397e-001
  1.5533870e-001
  7.7148481e-002
 -2.9450335e-003
 -8.3093589e-002
 -1.6148850e-001
 -2.3643662e-001
 -3.0642226e-001
 -3.7015274e-001
 -4.2658683e-001
 -4.7494673e-001
 -5.1471558e-001
 -5.4562331e-001
 -5.6762409e-001
 -5.8086904e-001
 -5.8567720e-001
 -5.8250775e-001
 -5.7193526e-001
 -5.5462947e-001
 -5.3133975e-001
 -5.0288396e-001
 -4.7014080e-001
 -4.3404412e-001
 -3.9557751e-001
 -3.5576757e-001
 -3.1567420e-001
 -2.7637671e-001
 -2.3895502e-001
 -2.0446555e-001
 -1.7391236e-001
 -1.4821430e-001
 -1.2816977e-001
 -1.1442104e-001
 -1.0742049e-001
 -1.0740115e-001
 -1.1435435e-001
 -1.2801643e-001
 -1.4786670e-001
 -1.7313771e-001
 -2.0283840e-001
 -2.3578971e-001
 -2.7067122e-001
 -3.0607668e-001
 -3.4057533e-001
 -3.7277561e-001
 -4.0138734e-001
 -4.2527873e-001
 -4.4352479e-001
 -4.5544452e-001
 -4.6062496e-001
 -4.5893137e-001
 -4.5050375e-001
 -4.3574089e-001
 -4.1527375e-001
 -3.8993081e-001
 -3.6069772e-001
 -3.2867382e-001
 -2.9502758e-001
 -2.6095246e-001
 -2.2762400e-001
 -1.9615854e-001
 -1.6757347e-001
 -1.4274882e-001
 -1.2239007e-001
 -1.0699263e-001
 -9.6809103e-002
 -9.1820947e-002
 -9.1717321e-002
 -9.5884051e-002
 -1.0340607e-001
 -1.1308634e-001
 -1.2348352e-001
 -1.3296933e-001
 -1.3980498e-001
 -1.4223380e-001
 -1.3858569e-001
 -1.2738657e-001
 -1.0746531e-001
 -7.8049386e-002
 -3.8840817e-002
  9.9349218e-003
  6.7512852e-002
  1.3260835e-001
  2.0347309e-001
  2.7798398e-001
  3.5375921e-001
  4.2829254e-001
  4.9909591e-001
  5.6383879e-001
  6.2047392e-001
  6.6733959e-001
  7.0323167e-001
  7.2744092e-001
  7.3975490e-001
  7.4042685e-001
  7.3011702e-001
  7.0981391e-001
  6.8074469e-001
  6.4428383e-001
  6.0186856e-001
  5.5492822e-001
  5.0483182e-001
  4.5285589e-001
  4.0017168e-001
  3.4784841e-001
  2.9686752e-001
  2.4814154e-001
  2.0253147e-001
  1.6085685e-001
  1.2389431e-001
  9.2362671e-002
  6.6894399e-002
  4.7995983e-002
  3.6001387e-002
  3.1024240e-002
  3.2915022e-002
  4.1229396e-002
  5.5212943e-002
  7.3806041e-002
  9.5670725e-002
  1.1923917e-001
  1.4278144e-001
  1.6448816e-001
  1.8256276e-001
  1.9531667e-001
  2.0126119e-001
  1.9918991e-001
  1.8824646e-001
  1.6797393e-001
  1.3834341e-001
  9.9760990e-002
  5.3053535e-002
 -5.6486230e-004
 -5.9543315e-002
 -1.2205826e-001
 -1.8608789e-001
 -2.4949332e-001
 -3.1010333e-001
 -3.6579930e-001
 -4.1459758e-001
 -4.5472655e-001
 -4.8469591e-001
 -5.0335602e-001
 -5.0994510e-001
 -5.0412273e-001
 -4.8598817e-001
 -4.5608252e-001
 -4.1537435e-001
 -3.6522921e-001
 -3.0736366e-001
 -2.4378563e-001
 -1.7672323e-001
 -1.0854456e-001
 -4.1671684e-002
  2.1508285e-002
  7.8731700e-002
  1.2794358e-001
  1.6737660e-001
  1.9562134e-001
  2.1168532e-001
  2.1503864e-001
  2.0564411e-001
  1.8396995e-001
  1.5098315e-001
  1.0812219e-001
  5.7247970e-002
  5.7302681e-004
 -5.9430230e-002
 -1.2013978e-001
 -1.7890891e-001
 -2.3320015e-001
 -2.8072113e-001
 -3.1955399e-001
 -3.4826920e-001
 -3.6601480e-001
 -3.7257292e-001
 -3.6837706e-001
 -3.5448637e-001
 -3.3251648e-001
 -3.0452975e-001
 -2.7289191e-001
 -2.4010514e-001
 -2.0863021e-001
 -1.8071200e-001
 -1.5822280e-001
 -1.4253653e-001
 -1.3444453e-001
 -1.3411997e-001
 -1.4113303e-001
 -1.5451462e-001
 -1.7286153e-001
 -1.9447181e-001
 -2.1749683e-001
 -2.4009476e-001
 -2.6057067e-001
 -2.7749062e-001
 -2.8976002e-001
 -2.9666127e-001
 -2.9785022e-001
 -2.9331575e-001
 -2.8331093e-001
 -2.6826699e-001
 -2.4870281e-001
 -2.2514242e-001
 -1.9805132e-001
 -1.6779914e-001
 -1.3465232e-001
 -9.8795981e-002
 -6.0380045e-002
 -1.9581203e-002
  2.3329959e-002
  6.7928024e-002
  1.1358859e-001
  1.5946917e-001
  2.0452012e-001
  2.4752619e-001
  2.8717550e-001
  3.2214853e-001
  3.5121722e-001
  3.7334253e-001
  3.8775898e-001
  3.9403629e-001
  3.9211078e-001
  3.8228334e-001
  3.6518485e-001
  3.4171369e-001
  3.1295386e-001
  2.8008401e-001
  2.4428859e-001
  2.0668179e-001
  1.6825260e-001
  1.2983611e-001
  9.2112469e-002
  5.5630672e-002
  2.0850992e-002
 -1.1802880e-002
 -4.1892197e-002
 -6.8922111e-002
 -9.2319727e-002
 -1.1143689e-001
 -1.2557968e-001
 -1.3406264e-001
 -1.3628165e-001
 -1.3179677e-001
 -1.2041394e-001
 -1.0225423e-001
 -7.7800337e-002
 -4.7912266e-002
 -1.3807818e-002
  2.2992528e-002
  6.0752458e-002
  9.7630777e-002
  1.3180600e-001
  1.6160255e-001
  1.8560630e-001
  2.0275872e-001
  2.1242121e-001
  2.1440478e-001
  2.0896404e-001
  1.9675836e-001
  1.7878600e-001
  1.5629988e-001
  1.3071403e-001
  1.0351038e-001
  7.6153809e-002
  5.0021444e-002
  2.6349392e-002
  6.1974756e-003
 -9.5700928e-003
 -2.0291852e-002
 -2.5508781e-002
 -2.4961177e-002
 -1.8586438e-002
 -6.5197962e-003
  1.0901917e-002
  3.3135422e-002
  5.9428572e-002
  8.8824825e-002
  1.2017907e-001
  1.5218838e-001
  1.8343952e-001
  2.1247262e-001
  2.3785803e-001
  2.5828057e-001
  2.7262397e-001
  2.8004685e-001
  2.8004192e-001
  2.7247132e-001
  2.5757316e-001
  2.3593757e-001
  2.0845389e-001
  1.7623424e-001
  1.4052134e-001
  1.0259064e-001
  6.3657401e-002
  2.4798847e-002
 -1.3100661e-002
 -4.9376142e-002
 -8.3578925e-002
 -1.1544644e-001
 -1.4485096e-001
 -1.7173607e-001
 -1.9605129e-001
 -2.1769534e-001
 -2.3647725e-001
 -2.5210176e-001
 -2.6418208e-001
 -2.7227885e-001
 -2.7596007e-001
 -2.7487377e-001
 -2.6882247e-001
 -2.5782805e-001
 -2.4217619e-001
 -2.2243196e-001
 -1.9942168e-001
 -1.7418036e-001
 -1.4786891e-001
 -1.2166915e-001
 -9.6668371e-002
 -7.3746743e-002
 -5.3481350e-002
 -3.6079093e-002
 -2.1347643e-002
 -8.7093762e-003
  2.7417397e-003
  1.4145411e-002
  2.6752034e-002
  4.1784500e-002
  6.0299711e-002
  8.3064871e-002
  1.1046197e-001
  1.4243070e-001
  1.7845560e-001
  2.1759826e-001
  2.5857046e-001
  2.9983951e-001
  3.3975376e-001
  3.7667465e-001
  4.0910111e-001
  4.3577386e-001
  4.5574998e-001
  4.6844201e-001
  4.7362033e-001
  4.7138176e-001
  4.6209131e-001
  4.4630661e-001
  4.2469592e-001
  3.9796058e-001
  3.6677148e-001
  3.3172617e-001
  2.9333042e-001
  2.5200391e-001
  2.0810670e-001
  1.6198014e-001
  1.1399419e-001
  6.4592431e-002
  1.4326789e-002
 -3.6124528e-002
 -8.5959610e-002
 -1.3427683e-001
 -1.8011805e-001
 -2.2252606e-001
 -2.6060958e-001
 -2.9360767e-001
 -3.2094583e-001
 -3.4227689e-001
 -3.5750178e-001
 -3.6676768e-001
 -3.7044403e-001
 -3.6907919e-001
 -3.6334309e-001
 -3.5396257e-001
 -3.4165666e-001
 -3.2707903e-001
 -3.1077347e-001
 -2.9314677e-001
 -2.7446085e-001
 -2.5484401e-001
 -2.3431869e-001
 -2.1284168e-001
 -1.9035123e-001
 -1.6681544e-001
 -1.4227613e-001
 -1.1688356e-001
 -9.0918476e-002
 -6.4799740e-002
 -3.9077147e-002
 -1.4410791e-002
  8.4606400e-003
  2.8759416e-002
  4.5712615e-002
  5.8596764e-002
  6.6780165e-002
  6.9760386e-002
  6.7195095e-002
  5.8925058e-002
  4.4988685e-002
  2.5627863e-002
  1.2850843e-003
 -2.7408081e-002
 -5.9651009e-002
 -9.4502353e-002
 -1.3091628e-001
 -1.6778593e-001
 -2.0399272e-001
 -2.3845986e-001
 -2.7020717e-001
 -2.9840413e-001
 -3.2241716e-001
 -3.4184728e-001
 -3.5655407e-001
 -3.6666281e-001
 -3.7255253e-001
 -3.7482445e-001
 -3.7425172e-001
 -3.7171354e-001
 -3.6811837e-001
 -3.6432237e-001
 -3.6105016e-001
 -3.5882519e-001
 -3.5791665e-001
 -3.5830824e-001
 -3.5969276e-001
 -3.6149352e-001
 -3.6291142e-001
 -3.6299372e-001
 -3.6071835e-001
 -3.5508601e-001
 -3.4521139e-001
 -3.3040480e-001
 -3.1023663e-001
 -2.8457854e-001
 -2.5361799e-001
 -2.1784500e-001
 -1.7801353e-001
 -1.3508165e-001
 -9.0137423e-002
 -4.4318286e-002
  1.2677710e-003
  4.5611430e-002
  8.7855321e-002
  1.2732705e-001
  1.6355021e-001
  1.9623424e-001
  2.2524644e-001
  2.5057149e-001
  2.7226513e-001
  2.9040894e-001
  3.0507296e-001
  3.1629141e-001
  3.2405489e-001
  3.2832010e-001
  3.2903560e-001
  3.2617967e-001
  3.1980478e-001
  3.1008172e-001
  2.9733619e-001
  2.8207157e-001
  2.6497255e-001
  2.4688678e-001
  2.2878429e-001
  2.1169690e-001
  1.9664272e-001
  1.8454283e-001
  1.7613831e-001
  1.7191684e-001
  1.7205686e-001
  1.7639637e-001
  1.8443083e-001
  1.9534193e-001
  2.0805572e-001
  2.2132580e-001
  2.3383418e-001
  2.4430098e-001
  2.5159255e-001
  2.5481798e-001
  2.5340476e-001
  2.4714629e-001
  2.3621702e-001
  2.2115355e-001
  2.0280412e-001
  1.8225137e-001
  1.6071625e-001
  1.3945251e-001
  1.1964220e-001
  1.0230211e-001
  8.8209945e-002
  7.7856795e-002
  7.1429674e-002
  6.8824627e-002
  6.9687873e-002
  7.3479518e-002
  7.9552162e-002
  8.7235418e-002
  9.5916894e-002
  1.0511089e-001
  1.1450758e-001
  1.2399776e-001
  1.3367095e-001
  1.4378785e-001
  1.5473047e-001
  1.6693632e-001
  1.8082396e-001
  1.9671868e-001
  2.1478652e-001
  2.3498407e-001
  2.5702954e-001
  2.8039827e-001
  3.0434332e-001
  3.2793883e-001
  3.5014184e-001
  3.6986600e-001
  3.8605990e-001
  3.9778213e-001
  4.0426600e-001
  4.0496787e-001
  3.9959528e-001
  3.8811295e-001
  3.7072753e-001
  3.4785369e-001
  3.2006650e-001
  2.8804580e-001
  2.5251918e-001
  2.1420964e-001
  1.7379350e-001
  1.3187214e-001
  8.8959834e-002
  4.5487461e-002
  1.8202324e-003
 -4.1714327e-002
 -8.4792936e-002
 -1.2706315e-001
 -1.6811538e-001
 -2.0746504e-001
 -2.4454836e-001
 -2.7873354e-001
 -3.0934746e-001
 -3.3571570e-001
 -3.5721267e-001
 -3.7331658e-001
 -3.8366395e-001
 -3.8809749e-001
 -3.8670214e-001
 -3.7982465e-001
 -3.6807378e-001
 -3.5229985e-001
 -3.3355423e-001
 -3.1303140e-001
 -2.9199764e-001
 -2.7171176e-001
 -2.5334419e-001
 -2.3790072e-001
 -2.2615704e-001
 -2.1860933e-001
 -2.1544476e-001
 -2.1653414e-001
 -2.2144732e-001
 -2.2948982e-001
 -2.3975771e-001
 -2.5120622e-001
 -2.6272664e-001
 -2.7322538e-001
 -2.8169915e-001
 -2.8730054e-001
 -2.8938939e-001
 -2.8756636e-001
 -2.8168693e-001
 -2.7185552e-001
 -2.5840124e-001
 -2.4183820e-001
 -2.2281448e-001
 -2.0205488e-001
 -1.8030258e-001
 -1.5826528e-001
 -1.3657011e-001
 -1.1573113e-001
 -9.6131685e-002
 -7.8022221e-002
 -6.1532770e-002
 -4.6697713e-002
 -3.3489167e-002
 -2.1854527e-002
 -1.1753262e-002
 -3.1882028e-003
  3.7728118e-003
  8.9879591e-003
  1.2246711e-002
  1.3289295e-002
  1.1838586e-002
  7.6411162e-003
  5.1269671e-004
 -9.6166331e-003
 -2.2663806e-002
 -3.8365155e-002
 -5.6264165e-002
 -7.5717196e-002
 -9.5917999e-002
 -1.1593989e-001
 -1.3479254e-001
 -1.5148863e-001
 -1.6511450e-001
 -1.7489813e-001
 -1.8026816e-001
 -1.8089781e-001
 -1.7672965e-001
 -1.6797824e-001
 -1.5511047e-001
 -1.3880496e-001
 -1.1989459e-001
 -9.9297315e-002
 -7.7941857e-002
 -5.6695247e-002
 -3.6298790e-002
 -1.7318162e-002
 -1.1177895e-004
  1.5180398e-002
  2.8627526e-002
  4.0480015e-002
  5.1126915e-002
  6.1043636e-002
  7.0735794e-002
  8.0685027e-002
  9.1301988e-002
  1.0289059e-001
  1.1562601e-001
  1.2954715e-001
  1.4456266e-001
  1.6046797e-001
  1.7696974e-001
  1.9371374e-001
  2.1031194e-001
  2.2636536e-001
  2.4148019e-001
  2.5527617e-001
  2.6738735e-001
  2.7745714e-001
  2.8513021e-001
  2.9004470e-001
  2.9182811e-001
  2.9009993e-001
  2.8448284e-001
  2.7462338e-001
  2.6022102e-001
  2.4106345e-001
  2.1706422e-001
  1.8829848e-001
  1.5503173e-001
  1.1773721e-001
  7.7098160e-002
  3.3992925e-002
 -1.0537729e-002
 -5.5339378e-002
 -9.9205470e-002
 -1.4094661e-001
 -1.7946156e-001
 -2.1380352e-001
 -2.4323539e-001
 -2.6726887e-001
 -2.8568363e-001
 -2.9852482e-001
 -3.0607925e-001
 -3.0883280e-001
 -3.0741339e-001
 -3.0252495e-001
 -2.9487914e-001
 -2.8513079e-001
 -2.7382318e-001
 -2.6134752e-001
 -2.4791960e-001
 -2.3357482e-001
 -2.1818059e-001
 -2.0146400e-001
 -1.8305090e-001
 -1.6251210e-001
 -1.3941202e-001
 -1.1335560e-001
 -8.4029714e-002
 -5.1236729e-002
 -1.4918745e-002
  2.4827763e-002
  6.7746233e-002
  1.1342199e-001
  1.6129037e-001
  2.1064957e-001
  2.6067714e-001
  3.1044951e-001
  3.5896463e-001
  4.0516807e-001
  4.4798319e-001
  4.8634606e-001
  5.1924499e-001
  5.4576412e-001
  5.6512950e-001
  5.7675495e-001
  5.8028428e-001
  5.7562581e-001
  5.6297488e-001
  5.4282062e-001
  5.1593396e-001
  4.8333551e-001
  4.4624373e-001
  4.0600571e-001
  3.6401526e-001
  3.2162429e-001
  2.8005498e-001
  2.4032060e-001
  2.0316260e-001
  1.6901022e-001
  1.3796726e-001
  1.0982791e-001
  8.4120731e-002
  6.0177202e-002
  3.7218500e-002
  1.4452334e-002
 -8.8295148e-003
 -3.3162477e-002
 -5.8838003e-002
 -8.5856853e-002
 -1.1391135e-001
 -1.4239814e-001
 -1.7045991e-001
 -1.9705163e-001
 -2.2102462e-001
 -2.4121989e-001
 -2.5656182e-001
 -2.6614348e-001
 -2.6929581e-001
 -2.6563545e-001
 -2.5508780e-001
 -2.3788516e-001
 -2.1454188e-001
 -1.8581097e-001
 -1.5262789e-001
 -1.1604809e-001
 -7.7184859e-002
 -3.7153106e-002
  2.9766206e-003
  4.2211396e-002
  7.9655914e-002
  1.1452043e-001
  1.4611927e-001
  1.7386351e-001
  1.9725157e-001
  2.1586121e-001
  2.2934556e-001
  2.3743463e-001
  2.3994218e-001
  2.3677668e-001
  2.2795398e-001
  2.1360860e-001
  1.9400040e-001
  1.6951401e-001
  1.4064905e-001
  1.0800054e-001
  7.2230447e-002
  3.4032380e-002
 -5.9069610e-003
 -4.6945608e-002
 -8.8518988e-002
 -1.3016342e-001
 -1.7152736e-001
 -2.1236849e-001
 -2.5253668e-001
 -2.9194402e-001
 -3.3052538e-001
 -3.6819349e-001
 -4.0479387e-001
 -4.4006492e-001
 -4.7360800e-001
 -5.0487167e-001
 -5.3315271e-001
 -5.5761479e-001
 -5.7732433e-001
 -5.9130084e-001
 -5.9857816e-001
 -5.9827173e-001
 -5.8964648e-001
 -5.7218016e-001
 -5.4561697e-001
 -5.1000764e-001
 -4.6573280e-001
 -4.1350814e-001
 -3.5437080e-001
 -2.8964805e-001
 -2.2090993e-001
 -1.4990871e-001
 -7.8508425e-002
 -8.6080854e-003
  5.7937587e-002
  1.1939621e-001
  1.7423090e-001
  2.2116524e-001
  2.5923694e-001
  2.8783755e-001
  3.0673605e-001
  3.1608478e-001
  3.1640672e-001
  3.0856427e-001
  2.9371029e-001
  2.7322358e-001
  2.4863163e-001
  2.2152482e-001
  1.9346685e-001
  1.6590671e-001
  1.4009790e-001
  1.1703002e-001
  9.7377688e-002
  8.1470148e-002
  6.9283922e-002
  6.0458994e-002
  5.4337337e-002
  5.0020941e-002
  4.6444998e-002
  4.2460855e-002
  3.6922685e-002
  2.8771743e-002
  1.7112450e-002
  1.2754518e-003
 -1.9135996e-002
 -4.4218493e-002
 -7.3760442e-002
 -1.0725269e-001
 -1.4391577e-001
 -1.8274084e-001
 -2.2254067e-001
 -2.6200709e-001
 -2.9977122e-001
 -3.3446351e-001
 -3.6477092e-001
 -3.8948947e-001
 -4.0757099e-001
 -4.1816315e-001
 -4.2064257e-001
 -4.1464066e-001
 -4.0006193e-001
 -3.7709440e-001
 -3.4621156e-001
 -3.0816523e-001
 -2.6396858e-001
 -2.1486888e-001
 -1.6230969e-001
 -1.0788289e-001
 -5.3271544e-002
 -1.8534035e-004
  4.9708924e-002
  9.4858660e-002
  1.3389501e-001
  1.6569675e-001
  1.8944484e-001
  2.0466409e-001
  2.1124928e-001
  2.0947363e-001
  1.9997875e-001
  1.8374609e-001
  1.6205109e-001
  1.3640223e-001
  1.0846778e-001
  7.9994184e-002
  5.2719890e-002
  2.8289238e-002
  8.1706070e-003
 -6.4168631e-003
 -1.4564140e-002
 -1.5717399e-002
 -9.7046899e-003
  3.2576500e-003
  2.2579699e-002
  4.7333533e-002
  7.6308271e-002
  1.0808198e-001
  1.4110663e-001
  1.7380134e-001
  2.0464823e-001
  2.3228471e-001
  2.5558611e-001
  2.7373266e-001
  2.8625604e-001
  2.9306167e-001
  2.9442499e-001
  2.9096177e-001
  2.8357472e-001
  2.7338046e-001
  2.6162285e-001
  2.4957972e-001
  2.3847066e-001
  2.2937339e-001
  2.2315540e-001
  2.2042598e-001
  2.2151180e-001
  2.2645672e-001
  2.3504439e-001
  2.4683972e-001
  2.6124391e-001
  2.7755619e-001
  2.9503572e-001
  3.1295691e-001
  3.3065314e-001
  3.4754527e-001
  3.6315373e-001
  3.7709494e-001
  3.8906493e-001
  3.9881465e-001
  4.0612229e-001
  4.1076812e-001
  4.1251684e-001
  4.1111116e-001
  4.0627846e-001
  3.9775060e-001
  3.8529460e-001
  3.6875045e-001
  3.4807091e-001
  3.2335773e-001
  2.9488882e-001
  2.6313175e-001
  2.2874085e-001
  1.9253654e-001
  1.5546829e-001
  1.1856396e-001
  8.2870332e-002
  4.9390397e-002
  1.9023481e-002
 -7.4863033e-003
 -2.9588718e-002
 -4.6950284e-002
 -5.9460365e-002
 -6.7221384e-002
 -7.0525778e-002
 -6.9823656e-002
 -6.5685748e-002
 -5.8766351e-002
 -4.9770311e-002
 -3.9426974e-002
 -2.8472557e-002
 -1.7640748e-002
 -7.6598488e-003
  7.4639647e-004
  6.8578474e-003
  9.9605080e-003
  9.3556898e-003
  4.3778703e-003
 -5.5780936e-003
 -2.1021333e-002
 -4.2323394e-002
 -6.9674475e-002
 -1.0304206e-001
 -1.4213681e-001
 -1.8639019e-001
 -2.3494757e-001
 -2.8667896e-001
 -3.4020815e-001
 -3.9395933e-001
 -4.4621849e-001
 -4.9520598e-001
 -5.3915553e-001
 -5.7639487e-001
 -6.0542309e-001
 -6.2498066e-001
 -6.3410876e-001
 -6.3219549e-001
 -6.1900786e-001
 -5.9470887e-001
 -5.5986007e-001
 -5.1541002e-001
 -4.6266943e-001
 -4.0327358e-001
 -3.3913274e-001
 -2.7237088e-001
 -2.0525369e-001
 -1.4010673e-001
 -7.9225648e-002
 -2.4781045e-002
  2.1278381e-002
  5.7319618e-002
  8.2110608e-002
  9.4891014e-002
  9.5422616e-002
  8.4014135e-002
  6.1516673e-002
  2.9287857e-002
 -1.0874845e-002
 -5.6828591e-002
 -1.0620187e-001
 -1.5652572e-001
 -2.0537022e-001
 -2.5047622e-001
 -2.8987270e-001
 -3.2197099e-001
 -3.4562961e-001
 -3.6018576e-001
 -3.6545287e-001
 -3.6168661e-001
 -3.4952466e-001
 -3.2990753e-001
 -3.0398928e-001
 -2.7304709e-001
 -2.3839804e-001
 -2.0132976e-001
 -1.6304939e-001
 -1.2465260e-001
 -8.7111586e-002
 -5.1278736e-002
 -1.7900724e-002
  1.2363192e-002
  3.8924865e-002
  6.1258368e-002
  7.8902243e-002
  9.1474477e-002
  9.8699356e-002
  1.0044303e-001
  9.6752740e-002
  8.7893392e-002
  7.4374837e-002
  5.6963708e-002
  3.6675090e-002
  1.4741369e-002
 -7.4418492e-003
 -2.8390218e-002
 -4.6620509e-002
 -6.0748834e-002
 -6.9588955e-002
 -7.2242002e-002
 -6.8169411e-002
 -5.7242256e-002
 -3.9762210e-002
 -1.6451834e-002
  1.1585369e-002
  4.2932131e-002
  7.5946574e-002
  1.0886639e-001
  1.3992014e-001
  1.6743740e-001
  1.8995021e-001
  2.0627893e-001
  2.1559765e-001
  2.1747562e-001
  2.1189358e-001
  1.9923511e-001
  1.8025534e-001
  1.5603009e-001
  1.2788979e-001
  9.7342985e-002
  6.5994181e-002
  3.5461063e-002
  7.2954044e-003
 -1.7088362e-002
 -3.6473693e-002
 -4.9889157e-002
 -5.6640710e-002
 -5.6328289e-002
 -4.8846914e-002
 -3.4373314e-002
 -1.3340010e-002
  1.3600574e-002
  4.5618762e-002
  8.1753566e-002
  1.2095833e-001
  1.6214283e-001
  2.0420915e-001
  2.4607943e-001
  2.8671499e-001
  3.2512707e-001
  3.6038104e-001
  3.9159649e-001
  4.1794672e-001
  4.3866077e-001
  4.5303131e-001
  4.6043063e-001
  4.6033564e-001
  4.5236147e-001
  4.3630134e-001
  4.1216872e-001
  3.8023698e-001
  3.4107051e-001
  2.9554166e-001
  2.4482845e-001
  1.9038964e-001
  1.3391575e-001
  7.7257210e-002
  2.2333492e-002
 -2.8970596e-002
 -7.4913236e-002
 -1.1399931e-001
 -1.4507005e-001
 -1.6737012e-001
 -1.8058555e-001
 -1.8484857e-001
 -1.8070888e-001
 -1.6907407e-001
 -1.5112525e-001
 -1.2821669e-001
 -1.0176956e-001
 -7.3170765e-002
 -4.3686760e-002
 -1.4400632e-002
  1.3822431e-002
  4.0339514e-002
  6.4706232e-002
  8.6630345e-002
  1.0591108e-001
  1.2237420e-001
  1.3581346e-001
  1.4594815e-001
  1.5240434e-001
  1.5472432e-001
  1.5240485e-001
  1.4496094e-001
  1.3200790e-001
  1.1335193e-001
  8.9077077e-002
  5.9616544e-002
  2.5796990e-002
 -1.1152860e-002
 -4.9634489e-002
 -8.7753548e-002
 -1.2343171e-001
 -1.5454824e-001
 -1.7909950e-001
 -1.9536208e-001
 -2.0204441e-001
 -1.9841198e-001
 -1.8437366e-001
 -1.6051982e-001
 -1.2810745e-001
 -8.8992235e-002
 -4.5512453e-002
 -3.3399530e-004
  4.3730817e-002
  8.3915675e-002
  1.1768828e-001
  1.4291895e-001
  1.5801681e-001
  1.6202392e-001
  1.5466144e-001
  1.3632626e-001
  1.0804076e-001
  7.1362153e-002
  2.8260555e-002
 -1.9022814e-002
 -6.8125319e-002
 -1.1670876e-001
 -1.6259094e-001
 -2.0385468e-001
 -2.3892858e-001
 -2.6663678e-001
 -2.8621776e-001
 -2.9731483e-001
 -2.9994279e-001
 -2.9443695e-001
 -2.8139106e-001
 -2.6159083e-001
 -2.3594923e-001
 -2.0544844e-001
 -1.7109210e-001
 -1.3386972e-001
 -9.4733799e-002
 -5.4588544e-002
 -1.4288108e-002
  2.5358644e-002
  6.3580128e-002
  9.9634147e-002
  1.3280303e-001
  1.6239407e-001
  1.8774671e-001
  2.0824664e-001
  2.2334632e-001
  2.3259015e-001
  2.3564192e-001
  2.3231157e-001
  2.2257829e-001
  2.0660677e-001
  1.8475432e-001
  1.5756703e-001
  1.2576432e-001
  9.0212202e-002
  5.1886915e-002
  1.1831473e-002
 -2.8891504e-002
 -6.9246758e-002
 -1.0826922e-001
 -1.4509909e-001
 -1.7900631e-001
 -2.0940267e-001
 -2.3584121e-001
 -2.5800389e-001
 -2.7568004e-001
 -2.8873919e-001
 -2.9710248e-001
 -3.0071750e-001
 -2.9954063e-001
 -2.9353053e-001
 -2.8265474e-001
 -2.6690980e-001
 -2.4635343e-001
 -2.2114526e-001
 -1.9159140e-001
 -1.5818644e-001
 -1.2164666e-001
 -8.2928070e-002
 -4.3224045e-002
 -3.9391868e-003
  3.3361776e-002
  6.7028595e-002
  9.5419469e-002
  1.1700782e-001
  1.3049339e-001
  1.3490812e-001
  1.2970678e-001
  1.1483352e-001
  9.0756712e-002
  5.8467330e-002
  1.9439104e-002
 -2.4447989e-002
 -7.1015896e-002
 -1.1792047e-001
 -1.6279705e-001
 -2.0340825e-001
 -2.3778201e-001
 -2.6432916e-001
 -2.8193126e-001
 -2.8999220e-001
 -2.8845056e-001
 -2.7775262e-001
 -2.5878997e-001
 -2.3280802e-001
 -2.0129432e-001
 -1.6585688e-001
 -1.2810294e-001
 -8.9528124e-002
 -5.1424437e-002
 -1.4813191e-002
  1.9593509e-002
  5.1402017e-002
  8.0519078e-002
  1.0711067e-001
  1.3154372e-001
  1.5431762e-001
  1.7599279e-001
  1.9712293e-001
  2.1819663e-001
  2.3959236e-001
  2.6154929e-001
  2.8415420e-001
  3.0734357e-001
  3.3091818e-001
  3.5456694e-001
  3.7789595e-001
  4.0045935e-001
  4.2178814e-001
  4.4141490e-001
  4.5889235e-001
  4.7380535e-001
  4.8577649e-001
  4.9446631e-001
  4.9956969e-001
  5.0081017e-001
  4.9793412e-001
  4.9070622e-001
  4.7890767e-001
  4.6233794e-001
  4.4082045e-001
  4.1421219e-001
  3.8241698e-001
  3.4540158e-001
  3.0321408e-001
  2.5600339e-001
  2.0403887e-001
  1.4772884e-001
  8.7636748e-002
  2.4493445e-002
 -4.0795894e-002
 -1.0715189e-001
 -1.7332967e-001
 -2.3793763e-001
 -2.9946724e-001
 -3.5633433e-001
 -4.0693168e-001
 -4.4969137e-001
 -4.8315471e-001
 -5.0604631e-001
 -5.1734785e-001
 -5.1636665e-001
 -5.0279367e-001
 -4.7674574e-001
 -4.3878785e-001
 -3.8993186e-001
 -3.3161035e-001
 -2.6562582e-001
 -1.9407756e-001
 -1.1927061e-001
 -4.3612863e-002
  3.0492532e-002
  1.0075170e-001
  1.6507402e-001
  2.2164900e-001
  2.6900115e-001
  3.0602017e-001
  3.3196613e-001
  3.4645179e-001
  3.4940652e-001
  3.4102768e-001
  3.2172660e-001
  2.9207604e-001
  2.5276547e-001
  2.0456879e-001
  1.4832705e-001
  8.4946187e-002
  1.5407411e-002
 -5.9214423e-002
 -1.3773046e-001
 -2.1882234e-001
 -3.0103795e-001
 -3.8280373e-001
 -4.6245652e-001
 -5.3829547e-001
 -6.0865133e-001
 -6.7196797e-001
 -7.2688816e-001
 -7.7233465e-001
 -8.0757706e-001
 -8.3227563e-001
 -8.4649541e-001
 -8.5068703e-001
 -8.4563397e-001
 -8.3237012e-001
 -8.1207519e-001
 -7.8595821e-001
 -7.5514144e-001
 -7.2055744e-001
 -6.8287102e-001
 -6.4243530e-001
 -5.9928762e-001
 -5.5318637e-001
 -5.0368531e-001
 -4.5023728e-001
 -3.9231554e-001
 -3.2953862e-001
 -2.6178377e-001
 -1.8927479e-001
 -1.1263297e-001
 -3.2883548e-002
  4.8584686e-002
  1.3010377e-001
  2.0984673e-001
  2.8597118e-001
  3.5677073e-001
  4.2081756e-001
  4.7708015e-001
  5.2500240e-001
  5.6453479e-001
  5.9611336e-001
  6.2058801e-001
  6.3910741e-001
  6.5297281e-001
  6.6347626e-001
  6.7174126e-001
  6.7858293e-001
  6.8440359e-001
  6.8913504e-001
  6.9223458e-001
  6.9273533e-001
  6.8934617e-001
  6.8059110e-001
  6.6497373e-001
  6.4115029e-001
  6.0809379e-001
  5.6523309e-001
  5.1255356e-001
  4.5065028e-001
  3.8072939e-001
  3.0455869e-001
  2.2437342e-001
  1.4274681e-001
  6.2438375e-002
 -1.3766475e-002
 -8.3211654e-002
 -1.4350846e-001
 -1.9264720e-001
 -2.2907647e-001
 -2.5174801e-001
 -2.6012849e-001
 -2.5418259e-001
 -2.3433378e-001
 -2.0141030e-001
 -1.5658375e-001
 -1.0130695e-001
 -3.7255701e-002
  3.3722470e-002
  1.0965215e-001
  1.8846760e-001
  2.6804665e-001
  3.4624443e-001
  4.2093021e-001
  4.9003004e-001
  5.5157669e-001
  6.0376660e-001
  6.4502201e-001
  6.7405479e-001
  6.8992735e-001
  6.9210535e-001
  6.8049698e-001
  6.5547410e-001
  6.1787181e-001
  5.6896458e-001
  5.1041894e-001
  4.4422453e-001
  3.7260695e-001
  2.9792753e-001
  2.2257543e-001
  1.4885877e-001
  7.8900509e-002
  1.4545094e-002
 -4.2719528e-002
 -9.1820722e-002
 -1.3213832e-001
 -1.6351884e-001
 -1.8626677e-001
 -2.0111384e-001
 -2.0916835e-001
 -2.1184723e-001
 -2.1079442e-001
 -2.0778942e-001
 -2.0465057e-001
 -2.0313761e-001
 -2.0485842e-001
 -2.1118458e-001
 -2.2318012e-001
 -2.4154724e-001
 -2.6659194e-001
 -2.9821119e-001
 -3.3590232e-001
 -3.7879342e-001
 -4.2569257e-001
 -4.7515204e-001
 -5.2554286e-001
 -5.7513455e-001
 -6.2217439e-001
 -6.6496136e-001
 -7.0191049e-001
 -7.3160468e-001
 -7.5283264e-001
 -7.6461303e-001
 -7.6620651e-001
 -7.5711845e-001
 -7.3709583e-001
 -7.0612204e-001
 -6.6441256e-001
 -6.1241410e-001
 -5.5080771e-001
 -4.8051545e-001
 -4.0270814e-001
 -3.1881066e-001
 -2.3050040e-001
 -1.3969414e-001
 -4.8519183e-002
  4.0734236e-002
  1.2568051e-001
  2.0392517e-001
  2.7316695e-001
  3.3130995e-001
  3.7657811e-001
  4.0762372e-001
  4.2362047e-001
  4.2433292e-001
  4.1015486e-001
  3.8211212e-001
  3.4182730e-001
  2.9144772e-001
  2.3354041e-001
  1.7096097e-001
  1.0670520e-001
  4.3753563e-002
 -1.5080783e-002
 -6.7290510e-002
 -1.1079047e-001
 -1.4400536e-001
 -1.6592461e-001
 -1.7612309e-001
 -1.7474893e-001
 -1.6248168e-001
 -1.4046611e-001
 -1.1022780e-001
 -7.3577101e-002
 -3.2508073e-002
  1.0902009e-002
  5.4587660e-002
  9.6581240e-002
  1.3508764e-001
  1.6854631e-001
  1.9568020e-001
  2.1553159e-001
  2.2748532e-001
  2.3127980e-001
  2.2700624e-001
  2.1509637e-001
  1.9629912e-001
  1.7164635e-001
  1.4240852e-001
  1.1004123e-001
  7.6124143e-002
  4.2294484e-002
  1.0177693e-002
 -1.8681634e-002
 -4.2885317e-002
 -6.1240408e-002
 -7.2808377e-002
 -7.6942277e-002
 -7.3310324e-002
 -6.1905127e-002
 -4.3038746e-002
 -1.7324548e-002
  1.4352493e-002
  5.0874941e-002
  9.0939147e-002
  1.3310623e-001
  1.7585561e-001
  2.1763914e-001
  2.5693428e-001
  2.9229495e-001
  3.2239908e-001
  3.4609179e-001
  3.6242329e-001
  3.7068050e-001
  3.7041118e-001
  3.6143944e-001
  3.4387141e-001
  3.1809021e-001
  2.8473949e-001
  2.4469575e-001
  1.9902999e-001
  1.4896038e-001
  9.5798343e-002
  4.0890952e-002
 -1.4436594e-002
 -6.8934862e-002
 -1.2147682e-001
 -1.7109423e-001
 -2.1700170e-001
 -2.5860733e-001
 -2.9551015e-001
 -3.2748588e-001
 -3.5446330e-001
 -3.7649477e-001
 -3.9372430e-001
 -4.0635688e-001
 -4.1463241e-001
 -4.1880622e-001
 -4.1913783e-001
 -4.1588778e-001
 -4.0932152e-001
 -3.9971826e-001
 -3.8738214e-001
 -3.7265254e-001
 -3.5591086e-001
 -3.3758128e-001
 -3.1812418e-001
 -2.9802178e-001
 -2.7775685e-001
 -2.5778619e-001
 -2.3851169e-001
 -2.2025194e-001
 -2.0321779e-001
 -1.8749457e-001
 -1.7303354e-001
 -1.5965362e-001
 -1.4705381e-001
 -1.3483550e-001
 -1.2253266e-001
 -1.0964761e-001
 -9.5689086e-002
 -8.0209754e-002
 -6.2840096e-002
 -4.3316442e-002
 -2.1501453e-002
  2.6037599e-003
  2.8855933e-002
  5.6973713e-002
  8.6548345e-002
  1.1705956e-001
  1.4789514e-001
  1.7837290e-001
  2.0776380e-001
  2.3531566e-001
  2.6027690e-001
  2.8192008e-001
  2.9956531e-001
  3.1260334e-001
  3.2051819e-001
  3.2290872e-001
  3.1950855e-001
  3.1020326e-001
  2.9504366e-001
  2.7425392e-001
  2.4823353e-001
  2.1755215e-001
  1.8293710e-001
  1.4525353e-001
  1.0547807e-001
  6.4667014e-002
  2.3920879e-002
 -1.5653010e-002
 -5.2977779e-002
 -8.7042368e-002
 -1.1693341e-001
 -1.4186250e-001
 -1.6118801e-001
 -1.7443143e-001
 -1.8128801e-001
 -1.8163226e-001
 -1.7551874e-001
 -1.6317841e-001
 -1.4501110e-001
 -1.2157398e-001
 -9.3566066e-002
 -6.1808683e-002
 -2.7221499e-002
  9.2057183e-003
  4.6445461e-002
  8.3468225e-002
  1.1928046e-001
  1.5296305e-001
  1.8370811e-001
  2.1085184e-001
  2.3390079e-001
  2.5254953e-001
  2.6668764e-001
  2.7639533e-001
  2.8192732e-001
  2.8368587e-001
  2.8218489e-001
  2.7800778e-001
  2.7176219e-001
  2.6403545e-001
  2.5535414e-001
  2.4615096e-001
  2.3674147e-001
  2.2731205e-001
  2.1791973e-001
  2.0850314e-001
  1.9890308e-001
  1.8889026e-001
  1.7819739e-001
  1.6655255e-001
  1.5371091e-001
  1.3948228e-001
  1.2375250e-001
  1.0649759e-001
  8.7790215e-002
  6.7798714e-002
  4.6779587e-002
  2.5064780e-002
  3.0451974e-003
 -1.8848002e-002
 -4.0162919e-002
 -6.0446072e-002
 -7.9260283e-002
 -9.6200658e-002
 -1.1090826e-001
 -1.2308119e-001
 -1.3248299e-001
 -1.3894818e-001
 -1.4238479e-001
 -1.4277393e-001
 -1.4016623e-001
 -1.3467532e-001
 -1.2646862e-001
 -1.1575592e-001
 -1.0277666e-001
 -8.7786815e-002
 -7.1046762e-002
 -5.2811271e-002
 -3.3322881e-002
 -1.2809551e-002
  8.5129712e-003
  3.0434136e-002
  5.2737676e-002
  7.5188126e-002
  9.7516625e-002
  1.1940820e-001
  1.4049277e-001
  1.6034196e-001
  1.7847326e-001
  1.9436244e-001
  2.0746407e-001
  2.1723918e-001
  2.2318810e-001
  2.2488573e-001
  2.2201607e-001
  2.1440260e-001
  2.0203140e-001
  1.8506455e-001
  1.6384188e-001
  1.3887080e-001
  1.1080456e-001
  8.0410664e-002
  4.8532144e-002
  1.6044750e-002
 -1.6186312e-002
 -4.7346820e-002
 -7.6708234e-002
 -1.0365454e-001
 -1.2770010e-001
 -1.4849826e-001
 -1.6584160e-001
 -1.7965514e-001
 -1.8998464e-001
 -1.9698185e-001
 -2.0088883e-001
 -2.0202261e-001
 -2.0076111e-001
 -1.9753057e-001
 -1.9279379e-001
 -1.8703850e-001
 -1.8076453e-001
 -1.7446885e-001
 -1.6862760e-001
 -1.6367520e-001
 -1.5998097e-001
 -1.5782478e-001
 -1.5737377e-001
 -1.5866265e-001
 -1.6158039e-001
 -1.6586563e-001
 -1.7111284e-001
 -1.7679022e-001
 -1.8226918e-001
 -1.8686417e-001
 -1.8988020e-001
 -1.9066464e-001
 -1.8865910e-001
 -1.8344688e-001
 -1.7479194e-001
 -1.6266556e-001
 -1.4725833e-001
 -1.2897612e-001
 -1.0842025e-001
 -8.6353465e-002
 -6.3654448e-002
 -4.1264767e-002
 -2.0132433e-002
 -1.1565116e-003
  1.4863145e-002
  2.7267682e-002
  3.5570113e-002
  3.9473986e-002
  3.8879675e-002
  3.3879147e-002
  2.4740904e-002
  1.1887329e-002
 -4.1330600e-003
 -2.2675991e-002
 -4.3032245e-002
 -6.4457149e-002
 -8.6197511e-002
 -1.0751530e-001
 -1.2770784e-001
 -1.4612456e-001
 -1.6218068e-001
 -1.7536808e-001
 -1.8526367e-001
 -1.9153550e-001
 -1.9394651e-001
 -1.9235590e-001
 -1.8671807e-001
 -1.7707893e-001
 -1.6356977e-001
 -1.4639897e-001
 -1.2584204e-001
 -1.0223074e-001
 -7.5942180e-002
 -4.7388761e-002
 -1.7009793e-002
  1.4734668e-002
  4.7367538e-002
  8.0396202e-002
  1.1331239e-001
  1.4559146e-001
  1.7669229e-001
  2.0605912e-001
  2.3312655e-001
  2.5732856e-001
  2.7811195e-001
  2.9495406e-001
  3.0738387e-001
  3.1500514e-001
  3.1751965e-001
  3.1474846e-001
  3.0664902e-001
  2.9332609e-001
  2.7503507e-001
  2.5217702e-001
  2.2528500e-001
  1.9500287e-001
  1.6205772e-001
  1.2722813e-001
  9.1310610e-002
  5.5086821e-002
  1.9293783e-002
 -1.5400857e-002
 -4.8417200e-002
 -7.9274439e-002
 -1.0759521e-001
 -1.3310366e-001
 -1.5561837e-001
 -1.7504180e-001
 -1.9134768e-001
 -2.0456808e-001
 -2.1478120e-001
 -2.2210091e-001
 -2.2666836e-001
 -2.2864559e-001
 -2.2821086e-001
 -2.2555504e-001
 -2.2087843e-001
 -2.1438735e-001
 -2.0629018e-001
 -1.9679270e-001
 -1.8609294e-001
 -1.7437596e-001
 -1.6180919e-001
 -1.4853911e-001
 -1.3468980e-001
 -1.2036386e-001
 -1.0564576e-001
 -9.0607450e-002
 -7.5315684e-002
 -5.9840074e-002
 -4.4260984e-002
 -2.8676084e-002
 -1.3204641e-002
  2.0111627e-003
  1.6808211e-002
  3.1007651e-002
  4.4422762e-002
  5.6868610e-002
  6.8172327e-002
  7.8182775e-002
  8.6778403e-002
  9.3872357e-002
  9.9414271e-002
  1.0338859e-001
  1.0580976e-001
  1.0671514e-001
  1.0615652e-001
  1.0419176e-001
  1.0087756e-001
  9.6264652e-002
  9.0395988e-002
  8.3308347e-002
  7.5037169e-002
  6.5624006e-002
  5.5125598e-002
  4.3623361e-002
  3.1231986e-002
  1.8105950e-002
  4.4430165e-003
 -9.5158269e-003
 -2.3490119e-002
 -3.7167005e-002
 -5.0210940e-002
 -6.2275011e-002
 -7.3012756e-002
 -8.2089426e-002
 -8.9191767e-002
 -9.4035791e-002
 -9.6372314e-002
 -9.5990487e-002
 -9.2719843e-002
 -8.6431631e-002
 -7.7040301e-002
 -6.4505888e-002
 -4.8837852e-002
 -3.0100535e-002
 -8.4199689e-003
  1.6008655e-002
  4.2913950e-002
  7.1943079e-002
  1.0265971e-001
  1.3454650e-001
  1.6701312e-001
  1.9941035e-001
  2.3105012e-001
  2.6123074e-001
  2.8926599e-001
  3.1451594e-001
  3.3641738e-001
  3.5451124e-001
  3.6846468e-001
  3.7808591e-001
  3.8333018e-001
  3.8429639e-001
  3.8121440e-001
  3.7442394e-001
  3.6434699e-001
  3.5145581e-001
  3.3623934e-001
  3.1917074e-001
  3.0067865e-001
  2.8112447e-001
  2.6078715e-001
  2.3985650e-001
  2.1843508e-001
  1.9654792e-001
  1.7415884e-001
  1.5119152e-001
  1.2755308e-001
  1.0315804e-001
  7.7950431e-002
  5.1922414e-002
  2.5127893e-002
 -2.3095452e-003
 -3.0194636e-002
 -5.8264057e-002
 -8.6194862e-002
 -1.1361664e-001
 -1.4012603e-001
 -1.6530235e-001
 -1.8872293e-001
 -2.0997731e-001
 -2.2867939e-001
 -2.4447732e-001
 -2.5706090e-001
 -2.6616687e-001
 -2.7158259e-001
 -2.7314845e-001
 -2.7076008e-001
 -2.6437040e-001
 -2.5399237e-001
 -2.3970226e-001
 -2.2164358e-001
 -2.0003109e-001
 -1.7515454e-001
 -1.4738115e-001
 -1.1715618e-001
 -8.5000582e-002
 -5.1505121e-002
 -1.7320455e-002
  1.6857091e-002
  5.0303838e-002
  8.2290658e-002
  1.1210753e-001
  1.3908954e-001
  1.6264275e-001
  1.8226842e-001
  1.9758380e-001
  2.0833806e-001
  2.1442204e-001
  2.1587093e-001
  2.1285954e-001
  2.0569011e-001
  1.9477359e-001
  1.8060530e-001
  1.6373675e-001
  1.4474552e-001
  1.2420524e-001
  1.0265783e-001
  8.0589849e-002
  5.8414619e-002
  3.6461103e-002
  1.4970189e-002
 -5.9017420e-003
 -2.6072643e-002
 -4.5519218e-002
 -6.4257593e-002
 -8.2322170e-002
 -9.9744692e-002
 -1.1653550e-001
 -1.3266868e-001
 -1.4807244e-001
 -1.6262550e-001
 -1.7615976e-001
 -1.8846880e-001
 -1.9932147e-001
 -2.0847902e-001
 -2.1571428e-001
 -2.2083096e-001
 -2.2368127e-001
 -2.2418021e-001
 -2.2231530e-001
 -2.1815074e-001
 -2.1182577e-001
 -2.0354729e-001
 -1.9357750e-001
 -1.8221762e-001
 -1.6978916e-001
 -1.5661429e-001
 -1.4299713e-001
 -1.2920727e-001
 -1.1546705e-001
 -1.0194347e-001
 -8.8745113e-002
 -7.5924410e-002
 -6.3484538e-002
 -5.1390368e-002
 -3.9582217e-002
 -2.7991101e-002
 -1.6554052e-002
 -5.2281393e-003
  5.9980195e-003
  1.7096182e-002
  2.7994418e-002
  3.8577257e-002
  4.8689848e-002
  5.8145569e-002
  6.6736278e-002
  7.4244135e-002
  8.0453918e-002
  8.5164729e-002
  8.8200156e-002
  8.9416173e-002
  8.8706352e-002
  8.6004287e-002
  8.1283434e-002
  7.4554848e-002
  6.5863502e-002
  5.5283975e-002
  4.2916290e-002
  2.8882609e-002
  1.3325248e-002
 -3.5937323e-003
 -2.1691440e-002
 -4.0761932e-002
 -6.0573480e-002
 -8.0866103e-002
 -1.0135027e-001
 -1.2170756e-001
 -1.4159403e-001
 -1.6064662e-001
 -1.7849273e-001
 -1.9476259e-001
 -2.0910383e-001
 -2.2119705e-001
 -2.3077127e-001
 -2.3761777e-001
 -2.4160093e-001
 -2.4266501e-001
 -2.4083582e-001
 -2.3621709e-001
 -2.2898143e-001
 -2.1935663e-001
 -2.0760851e-001
 -1.9402161e-001
 -1.7887978e-001
 -1.6244834e-001
 -1.4495971e-001
 -1.2660388e-001
 -1.0752474e-001
 -8.7822685e-002
 -6.7563227e-002
 -4.6790756e-002
 -2.5545948e-002
 -3.8849425e-003
  1.8101874e-002
  4.0273672e-002
  6.2427583e-002
  8.4293287e-002
  1.0553483e-001
  1.2575999e-001
  1.4453676e-001
  1.6141582e-001
  1.7595719e-001
  1.8775881e-001
  1.9648460e-001
  2.0188936e-001
  2.0383833e-001
  2.0231939e-001
  1.9744691e-001
  1.8945643e-001
  1.7869080e-001
  1.6557869e-001
  1.5060716e-001
  1.3429076e-001
  1.1713945e-001
  9.9628138e-002
  8.2170158e-002
  6.5096810e-002
  4.8644379e-002
  3.2949466e-002
  1.8052694e-002
  3.9101168e-003
 -9.5889376e-003
 -2.2599388e-002
 -3.5295385e-002
 -4.7844993e-002
 -6.0386704e-002
 -7.3009670e-002
 -8.5739109e-002
 -9.8527829e-002
 -1.1125422e-001
 -1.2372651e-001
 -1.3569258e-001
 -1.4685414e-001
 -1.5688395e-001
 -1.6544433e-001
 -1.7220567e-001
 -1.7686331e-001
 -1.7915180e-001
 -1.7885569e-001
 -1.7581654e-001
 -1.6993608e-001
 -1.6117585e-001
 -1.4955409e-001
 -1.3514055e-001
 -1.1805024e-001
 -9.8437048e-002
 -7.6487860e-002
 -5.2418011e-002
 -2.6468216e-002
  1.0968117e-003
  2.9988297e-002
  5.9892296e-002
  9.0468162e-002
  1.2134728e-001
  1.5213284e-001
  1.8240128e-001
  2.1170602e-001
  2.3958376e-001
  2.6556347e-001
  2.8917795e-001
  3.0997750e-001
  3.2754495e-001
  3.4151143e-001
  3.5157161e-001
  3.5749771e-001
  3.5915105e-001
  3.5649049e-001
  3.4957697e-001
  3.3857392e-001
  3.2374323e-001
  3.0543712e-001
  2.8408625e-001
  2.6018490e-001
  2.3427387e-001
  2.0692233e-001
  1.7870943e-001
  1.5020668e-001
  1.2196194e-001
  9.4485628e-002
  6.8239467e-002
  4.3628131e-002
  2.0993552e-002
  6.1175530e-004
 -1.7308195e-002
 -3.2623567e-002
 -4.5256101e-002
 -5.5189314e-002
 -6.2465215e-002
 -6.7180584e-002
 -6.9482772e-002
 -6.9564860e-002
 -6.7659934e-002
 -6.4034178e-002
 -5.8978537e-002
 -5.2798813e-002
 -4.5804237e-002
 -3.8294757e-002
 -3.0547568e-002
 -2.2803606e-002
 -1.5254921e-002
 -8.0339851e-003
 -1.2059770e-003
  5.2349967e-003
  1.1364988e-002
  1.7324167e-002
  2.3305608e-002
  2.9539289e-002
  3.6272141e-002
  4.3745371e-002
  5.2170603e-002
  6.1706590e-002
  7.2438280e-002
  8.4359923e-002
  9.7363678e-002
  1.1123475e-001
  1.2565361e-001
  1.4020544e-001
  1.5439610e-001
  1.6767381e-001
  1.7945506e-001
  1.8915297e-001
  1.9620649e-001
  2.0010835e-001
  2.0043031e-001
  1.9684426e-001
  1.8913812e-001
  1.7722601e-001
  1.6115252e-001
  1.4109122e-001
  1.1733808e-001
  9.0300502e-002
  6.0482960e-002
  2.8470145e-002
 -5.0913448e-003
 -3.9512021e-002
 -7.4078500e-002
 -1.0807198e-001
 -1.4078585e-001
 -1.7154211e-001
 -1.9970663e-001
 -2.2470297e-001
 -2.4602485e-001
 -2.6324700e-001
 -2.7603442e-001
 -2.8414988e-001
 -2.8745928e-001
 -2.8593501e-001
 -2.7965689e-001
 -2.6881069e-001
 -2.5368418e-001
 -2.3466076e-001
 -2.1221074e-001
 -1.8688047e-001
 -1.5927956e-001
 -1.3006643e-001
 -9.9932521e-002
 -6.9585344e-002
 -3.9730823e-002
 -1.1055108e-002
  1.5793723e-002
  4.0223704e-002
  6.1716267e-002
  7.9842224e-002
  9.4275788e-002
  1.0480590e-001
  1.1134411e-001
  1.1392831e-001
  1.1272162e-001
  1.0800607e-001
  1.0017086e-001
  8.9695324e-002
  7.7127218e-002
  6.3057208e-002
  4.8090858e-002
  3.2819717e-002
  1.7793277e-002
  3.4936038e-003
 -9.6856413e-003
 -2.1454357e-002
 -3.1634304e-002
 -4.0160048e-002
 -4.7072588e-002
 -5.2506345e-002
 -5.6670676e-002
 -5.9827536e-002
 -6.2267178e-002
 -6.4283885e-002
 -6.6153651e-002
 -6.8115444e-002
 -7.0357306e-002
 -7.3007996e-002
 -7.6134362e-002
 -7.9744044e-002
 -8.3792683e-002
 -8.8194415e-002
 -9.2834265e-002
 -9.7580982e-002
 -1.0229902e-001
 -1.0685860e-001
 -1.1114310e-001
 -1.1505360e-001
 -1.1851048e-001
 -1.2145267e-001
 -1.2383519e-001
 -1.2562570e-001
 -1.2680111e-001
 -1.2734475e-001
 -1.2724476e-001
 -1.2649394e-001
 -1.2509103e-001
 -1.2304313e-001
 -1.2036882e-001
 -1.1710129e-001
 -1.1329099e-001
 -1.0900702e-001
 -1.0433702e-001
 -9.9385178e-002
 -9.4268459e-002
 -8.9111231e-002
 -8.4038674e-002
 -7.9169547e-002
 -7.4608894e-002
 -7.0441271e-002
 -6.6725016e-002
 -6.3487947e-002
 -6.0724715e-002
 -5.8395911e-002
 -5.6428874e-002
 -5.4720036e-002
 -5.3138631e-002
 -5.1531505e-002
 -4.9728860e-002
 -4.7550738e-002
 -4.4814136e-002
 -4.1340640e-002
 -3.6964489e-002
 -3.1540908e-002
 -2.4954542e-002
 -1.7127648e-002
 -8.0276894e-003
  2.3261779e-003
  1.3858261e-002
  2.6433658e-002
  3.9858255e-002
  5.3881716e-002
  6.8203659e-002
  8.2482902e-002
  9.6349484e-002
  1.0941885e-001
  1.2130744e-001
  1.3164874e-001
  1.4010878e-001
  1.4640026e-001
  1.5029428e-001
  1.5162927e-001
  1.5031667e-001
  1.4634325e-001
  1.3977039e-001
  1.3073053e-001
  1.1942151e-001
  1.0609923e-001
  9.1069267e-002
  7.4677903e-002
  5.7302798e-002
  3.9343451e-002
  2.1211415e-002
  3.3201073e-003
 -1.3925961e-002
 -3.0142648e-002
 -4.4978316e-002
 -5.8126394e-002
 -6.9337878e-002
 -7.8433031e-002
 -8.5311333e-002
 -8.9958638e-002
 -9.2450485e-002
 -9.2950670e-002
 -9.1704496e-002
 -8.9026495e-002
 -8.5282971e-002
 -8.0870197e-002
 -7.6189640e-002
 -7.1621988e-002
 -6.7502007e-002
 -6.4096350e-002
 -6.1586288e-002
 -6.0056985e-002
 -5.9494398e-002
 -5.9790240e-002
 -6.0754667e-002
 -6.2135670e-002
 -6.3643457e-002
 -6.4977681e-002
 -6.5855053e-002
 -6.6034861e-002
 -6.5340138e-002
 -6.3672642e-002
 -6.1020442e-002
 -5.7457626e-002
 -5.3136402e-002
 -4.8272593e-002
 -4.3126124e-002
 -3.7978506e-002
 -3.3109535e-002
 -2.8775404e-002
 -2.5190166e-002
 -2.2512060e-002
 -2.0835658e-002
 -2.0190154e-002
 -2.0543485e-002
 -2.1811445e-002
 -2.3870460e-002
 -2.6572485e-002
 -2.9760315e-002
 -3.3281742e-002
 -3.7001167e-002
 -4.0807676e-002
 -4.4619001e-002
 -4.8381234e-002
 -5.2064632e-002
 -5.5656178e-002
 -5.9149892e-002
 -6.2536023e-002
 -6.5790306e-002
 -6.8864425e-002
 -7.1678643e-002
 -7.4117366e-002
 -7.6028093e-002
 -7.7223967e-002
 -7.7489803e-002
 -7.6591257e-002
 -7.4286551e-002
 -7.0340003e-002
 -6.4536508e-002
 -5.6696036e-002
 -4.6687208e-002
 -3.4439069e-002
 -1.9950229e-002
 -3.2947239e-003
  1.5375921e-002
  3.5834705e-002
  5.7785301e-002
  8.0872164e-002
  1.0469412e-001
  1.2882081e-001
  1.5281102e-001
  1.7623192e-001
  1.9867807e-001
  2.1978896e-001
  2.3926406e-001
  2.5687453e-001
  2.7247060e-001
  2.8598460e-001
  2.9742917e-001
  3.0689112e-001
  3.1452141e-001
  3.2052199e-001
  3.2513063e-001
  3.2860468e-001
  3.3120503e-001
  3.3318113e-001
  3.3475800e-001
  3.3612582e-001
  3.3743255e-001
  3.3877952e-001
  3.4021995e-001
  3.4176010e-001
  3.4336241e-001
  3.4495031e-001
  3.4641395e-001
  3.4761658e-001
  3.4840103e-001
  3.4859627e-001
  3.4802372e-001
  3.4650352e-001
  3.4386063e-001
  3.3993104e-001
  3.3456793e-001
  3.2764799e-001
  3.1907756e-001
  3.0879849e-001
  2.9679341e-001
  2.8308981e-001
  2.6776280e-001
  2.5093579e-001
  2.3277915e-001
  2.1350632e-001
  1.9336760e-001
  1.7264182e-001
  1.5162610e-001
  1.3062455e-001
  1.0993639e-001
  8.9844463e-002
  7.0604780e-002
  5.2437861e-002
  3.5522431e-002
  1.9991813e-002
  5.9331287e-003
 -6.6108171e-003
 -1.7637334e-002
 -2.7177893e-002
 -3.5291127e-002
 -4.2055545e-002
 -4.7562738e-002
 -5.1911718e-002
 -5.5204924e-002
 -5.7546171e-002
 -5.9040604e-002
 -5.9796460e-002
 -5.9928193e-002
 -5.9560347e-002
 -5.8831431e-002
 -5.7896994e-002
 -5.6931140e-002
 -5.6125852e-002
 -5.5687699e-002
 -5.5831740e-002
 -5.6772767e-002
 -5.8714330e-002
 -6.1836267e-002
 -6.6281724e-002
 -7.2144803e-002
 -7.9460053e-002
 -8.8194958e-002
 -9.8246465e-002
 -1.0944226e-001
 -1.2154721e-001
 -1.3427495e-001
 -1.4730407e-001
 -1.6029808e-001
 -1.7292776e-001
 -1.8489432e-001
 -1.9595155e-001
 -2.0592515e-001
 -2.1472764e-001
 -2.2236715e-001
 -2.2894948e-001
 -2.3467256e-001
 -2.3981370e-001
 -2.4471010e-001
 -2.4973406e-001
 -2.5526453e-001
 -2.6165697e-001
 -2.6921399e-001
 -2.7815879e-001
 -2.8861357e-001
 -3.0058448e-001
 -3.1395440e-001
 -3.2848408e-001
 -3.4382151e-001
 -3.5951901e-001
 -3.7505655e-001
 -3.8986983e-001
 -4.0338096e-001
 -4.1502960e-001
 -4.2430259e-001
 -4.3075999e-001
 -4.3405614e-001
 -4.3395449e-001
 -4.3033577e-001
 -4.2319928e-001
 -4.1265785e-001
 -3.9892723e-001
 -3.8231116e-001
 -3.6318343e-001
 -3.4196845e-001
 -3.1912161e-001
 -2.9511077e-001
 -2.7039984e-001
 -2.4543508e-001
 -2.2063455e-001
 -1.9638069e-001
 -1.7301588e-001
 -1.5084042e-001
 -1.3011244e-001
 -1.1104889e-001
 -9.3827163e-002
 -7.8586565e-002
 -6.5429297e-002
 -5.4420654e-002
 -4.5588364e-002
 -3.8921227e-002
 -3.4367342e-002
 -3.1832401e-002
 -3.1178573e-002
 -3.2224553e-002
 -3.4747289e-002
 -3.8485821e-002
 -4.3147458e-002
 -4.8416370e-002
 -5.3964398e-002
 -5.9463672e-002
 -6.4600422e-002
 -6.9089162e-002
 -7.2686352e-002
 -7.5202577e-002
 -7.6512321e-002
 -7.6560556e-002
 -7.5365554e-002
 -7.3017571e-002
 -6.9673375e-002
 -6.5546871e-002
 -6.0896387e-002
 -5.6009395e-002
 -5.1185669e-002
 -4.6719915e-002
 -4.2884963e-002
 -3.9916494e-002
 -3.8000099e-002
 -3.7261273e-002
 -3.7758657e-002
 -3.9480607e-002
 -4.2344912e-002
 -4.6201319e-002
 -5.0836404e-002
 -5.5980293e-002
 -6.1314760e-002
 -6.6482351e-002
 -7.1096298e-002
 -7.4751129e-002
 -7.7034018e-002
 -7.7536982e-002
 -7.5870044e-002
 -7.1675409e-002
 -6.4642554e-002
 -5.4523918e-002
 -4.1150631e-002
 -2.4447472e-002
 -4.4460263e-003
  1.8705127e-002
  4.4734399e-002
  7.3246447e-002
  1.0372759e-001
  1.3555788e-001
  1.6802987e-001
  2.0037366e-001
  2.3178706e-001
  2.6146952e-001
  2.8865775e-001
  3.1266087e-001
  3.3289284e-001
  3.4890003e-001
  3.6038184e-001
  3.6720327e-001
  3.6939833e-001
  3.6716428e-001
  3.6084732e-001
  3.5092057e-001
  3.3795642e-001
  3.2259501e-001
  3.0551117e-001
  2.8738210e-001
  2.6885774e-001
  2.5053555e-001
  2.3294083e-001
  2.1651342e-001
  2.0160071e-001
  1.8845661e-001
  1.7724579e-001
  1.6805190e-001
  1.6088859e-001
  1.5571203e-001
  1.5243360e-001
  1.5093187e-001
  1.5106304e-001
  1.5266947e-001
  1.5558605e-001
  1.5964465e-001
  1.6467693e-001
  1.7051595e-001
  1.7699713e-001
  1.8395902e-001
  1.9124439e-001
  1.9870179e-001
  2.0618781e-001
  2.1357008e-001
  2.2073074e-001
  2.2757023e-001
  2.3401108e-001
  2.4000122e-001
  2.4551658e-001
  2.5056255e-001
  2.5517408e-001
  2.5941413e-001
  2.6337047e-001
  2.6715072e-001
  2.7087573e-001
  2.7467153e-001
  2.7866006e-001
  2.8294916e-001
  2.8762219e-001
  2.9272789e-001
  2.9827107e-001
  3.0420477e-001
  3.1042445e-001
  3.1676490e-001
  3.2300027e-001
  3.2884757e-001
  3.3397389e-001
  3.3800714e-001
  3.4055017e-001
  3.4119767e-001
  3.3955506e-001
  3.3525848e-001
  3.2799480e-001
  3.1752037e-001
  3.0367747e-001
  2.8640737e-001
  2.6575907e-001
  2.4189299e-001
  2.1507945e-001
  1.8569163e-001
  1.5419351e-001
  1.2112327e-001
  8.7073004e-002
  5.2666031e-002
  1.8532764e-002
 -1.4713345e-002
 -4.6498627e-002
 -7.6309603e-002
 -1.0370999e-001
 -1.2835357e-001
 -1.4999246e-001
 -1.6848062e-001
 -1.8377260e-001
 -1.9591814e-001
 -2.0505291e-001
 -2.1138642e-001
 -2.1518784e-001
 -2.1677066e-001
 -2.1647718e-001
 -2.1466345e-001
 -2.1168558e-001
 -2.0788771e-001
 -2.0359218e-001
 -1.9909177e-001
 -1.9464428e-001
 -1.9046898e-001
 -1.8674484e-001
 -1.8361009e-001
 -1.8116275e-001
 -1.7946191e-001
 -1.7852944e-001
 -1.7835198e-001
 -1.7888333e-001
 -1.8004713e-001
 -1.8174017e-001
 -1.8383641e-001
 -1.8619197e-001
 -1.8865107e-001
 -1.9105323e-001
 -1.9324113e-001
 -1.9506936e-001
 -1.9641314e-001
 -1.9717670e-001
 -1.9730063e-001
 -1.9676732e-001
 -1.9560423e-001
 -1.9388412e-001
 -1.9172231e-001
 -1.8927079e-001
 -1.8670952e-001
 -1.8423541e-001
 -1.8204993e-001
 -1.8034608e-001
 -1.7929599e-001
 -1.7903998e-001
 -1.7967801e-001
 -1.8126420e-001
 -1.8380469e-001
 -1.8725890e-001
 -1.9154391e-001
 -1.9654115e-001
 -2.0210490e-001
 -2.0807136e-001
 -2.1426744e-001
 -2.2051855e-001
 -2.2665457e-001
 -2.3251387e-001
 -2.3794526e-001
 -2.4280811e-001
 -2.4697142e-001
 -2.5031229e-001
 -2.5271490e-001
 -2.5407041e-001
 -2.5427865e-001
 -2.5325169e-001
 -2.5091936e-001
 -2.4723622e-001
 -2.4218948e-001
 -2.3580660e-001
 -2.2816182e-001
 -2.1938026e-001
 -2.0963879e-001
 -1.9916292e-001
 -1.8821950e-001
 -1.7710523e-001
 -1.6613174e-001
 -1.5560811e-001
 -1.4582228e-001
 -1.3702280e-001
 -1.2940256e-001
 -1.2308595e-001
 -1.1812067e-001
 -1.1447489e-001
 -1.1204031e-001
 -1.1064067e-001
 -1.1004527e-001
 -1.0998624e-001
 -1.1017826e-001
 -1.1033900e-001
 -1.1020882e-001
 -1.0956815e-001
 -1.0825118e-001
 -1.0615526e-001
 -1.0324511e-001
 -9.9552195e-002
 -9.5169176e-002
 -9.0240471e-002
 -8.4949631e-002
 -7.9504732e-002
 -7.4122923e-002
 -6.9015246e-002
 -6.4372745e-002
 -6.0354673e-002
 -5.7079419e-002
 -5.4618502e-002
 -5.2993786e-002
 -5.2177816e-002
 -5.2097031e-002
 -5.2637423e-002
 -5.3652134e-002
 -5.4970391e-002
 -5.6407146e-002
 -5.7772806e-002
 -5.8882434e-002
 -5.9563900e-002
 -5.9664525e-002
 -5.9055897e-002
 -5.7636649e-002
 -5.5333196e-002
 -5.2098527e-002
 -4.7909371e-002
 -4.2762135e-002
 -3.6668185e-002
 -2.9649035e-002
 -2.1732067e-002
 -1.2947303e-002
 -3.3256679e-003
  7.1010328e-003
  1.8298380e-002
  3.0226048e-002
  4.2833370e-002
  5.6054363e-002
  6.9802924e-002
  8.3968978e-002
  9.8416292e-002
  1.1298255e-001
  1.2748207e-001
  1.4171132e-001
  1.5545697e-001
  1.6850609e-001
  1.8065781e-001
  1.9173534e-001
  2.0159759e-001
  2.1014914e-001
  2.1734785e-001
  2.2320919e-001
  2.2780708e-001
  2.3127085e-001
  2.3377868e-001
  2.3554791e-001
  2.3682292e-001
  2.3786157e-001
  2.3892094e-001
  2.4024353e-001
  2.4204462e-001
  2.4450157e-001
  2.4774542e-001
  2.5185520e-001
  2.5685496e-001
  2.6271330e-001
  2.6934542e-001
  2.7661707e-001
  2.8435026e-001
  2.9233033e-001
  3.0031395e-001
  3.0803800e-001
  3.1522884e-001
  3.2161193e-001
  3.2692149e-001
  3.3090994e-001
  3.3335686e-001
  3.3407720e-001
  3.3292817e-001
  3.2981473e-001
  3.2469305e-001
  3.1757193e-001
  3.0851180e-001
  2.9762150e-001
  2.8505282e-001
  2.7099325e-001
  2.5565735e-001
  2.3927735e-001
  2.2209366e-001
  2.0434581e-001
  1.8626456e-001
  1.6806543e-001
  1.4994416e-001
  1.3207391e-001
  1.1460435e-001
  9.7662275e-002
  8.1353343e-002
  6.5764580e-002
  5.0967167e-002
  3.7019151e-002
  2.3967790e-002
  1.1851396e-002
  7.0061966e-004
 -9.4607121e-003
 -1.8615063e-002
 -2.6750765e-002
 -3.3861545e-002
 -3.9945876e-002
 -4.5006167e-002
 -4.9047848e-002
 -5.2078564e-002
 -5.4107696e-002
 -5.5146477e-002
 -5.5208923e-002
 -5.4313681e-002
 -5.2486795e-002
 -4.9765179e-002
 -4.6200456e-002
 -4.1862664e-002
 -3.6843253e-002
 -3.1256775e-002
 -2.5240754e-002
 -1.8953381e-002
 -1.2568882e-002
 -6.2707192e-003
 -2.4303902e-004
  5.3389435e-003
  1.0318729e-002
  1.4567497e-002
  1.7991246e-002
  2.0535261e-002
  2.2185276e-002
  2.2965038e-002
  2.2930387e-002
  2.2160324e-002
  2.0745946e-002
  1.8778377e-002
  1.6336984e-002
  1.3479215e-002
  1.0233226e-002
  6.5942096e-003
  2.5249800e-003
 -2.0391414e-003
 -7.1815106e-003
 -1.2992264e-002
 -1.9554533e-002
 -2.6930194e-002
 -3.5146668e-002
 -4.4186204e-002
 -5.3978824e-002
 -6.4399803e-002
 -7.5272045e-002
 -8.6373276e-002
 -9.7447476e-002
 -1.0821958e-001
 -1.1841212e-001
 -1.2776243e-001
 -1.3603881e-001
 -1.4305432e-001
 -1.4867713e-001
 -1.5283658e-001
 -1.5552454e-001
 -1.5679226e-001
 -1.5674300e-001
 -1.5552127e-001
 -1.5329981e-001
 -1.5026533e-001
 -1.4660432e-001
 -1.4249002e-001
 -1.3807152e-001
 -1.3346572e-001
 -1.2875257e-001
 -1.2397374e-001
 -1.1913471e-001
 -1.1420971e-001
 -1.0914911e-001
 -1.0388850e-001
 -9.8358588e-002
 -9.2495333e-002
 -8.6249284e-002
 -7.9593696e-002
 -7.2530759e-002
 -6.5095609e-002
 -5.7357903e-002
 -4.9420919e-002
 -4.1418320e-002
 -3.3508876e-002
 -2.5869545e-002
 -1.8687448e-002
 -1.2151288e-002
 -6.4428358e-003
 -1.7290197e-003
  1.8448543e-003
  4.1603776e-003
  5.1295436e-003
  4.6963844e-003
  2.8368039e-003
 -4.4317653e-004
 -5.1104082e-003
 -1.1108399e-002
 -1.8361395e-002
 -2.6778279e-002
 -3.6255842e-002
 -4.6681104e-002
 -5.7932507e-002
 -6.9879925e-002
 -8.2383655e-002
 -9.5292663e-002
 -1.0844248e-001
 -1.2165328e-001
 -1.3472849e-001
 -1.4745463e-001
 -1.5960250e-001
 -1.7093009e-001
 -1.8118720e-001
 -1.9012176e-001
 -1.9748738e-001
 -2.0305197e-001
 -2.0660658e-001
 -2.0797418e-001
 -2.0701756e-001
 -2.0364597e-001
 -1.9781993e-001
 -1.8955401e-001
 -1.7891743e-001
 -1.6603232e-001
 -1.5107008e-001
 -1.3424581e-001
 -1.1581147e-001
 -9.6047940e-002
 -7.5256746e-002
 -5.3751570e-002
 -3.1850180e-002
 -9.8669887e-003
  1.1893504e-002
  3.3142235e-002
  5.3610030e-002
  7.3051006e-002
  9.1245019e-002
  1.0799931e-001
  1.2314950e-001
  1.3656009e-001
  1.4812468e-001
  1.5776587e-001
  1.6543512e-001
  1.7111232e-001
  1.7480530e-001
  1.7654892e-001
  1.7640376e-001
  1.7445427e-001
  1.7080614e-001
  1.6558289e-001
  1.5892156e-001
  1.5096766e-001
  1.4186950e-001
  1.3177211e-001
  1.2081126e-001
  1.0910795e-001
  9.6763895e-002
  8.3858595e-002
  7.0448253e-002
  5.6567053e-002
  4.2230808e-002
  2.7442975e-002
  1.2202684e-002
 -3.4857531e-003
 -1.9602619e-002
 -3.6102774e-002
 -5.2906831e-002
 -6.9894498e-002
 -8.6900932e-002
 -1.0371672e-001
 -1.2009183e-001
 -1.3574348e-001
 -1.5036750e-001
 -1.6365246e-001
 -1.7529542e-001
 -1.8501816e-001
 -1.9258235e-001
 -1.9780258e-001
 -2.0055601e-001
 -2.0078787e-001
 -1.9851252e-001
 -1.9380992e-001
 -1.8681820e-001
 -1.7772313e-001
 -1.6674555e-001
 -1.5412822e-001
 -1.4012334e-001
 -1.2498194e-001
 -1.0894606e-001
 -9.2244249e-002
 -7.5090402e-002
 -5.7685768e-002
 -4.0223210e-002
 -2.2892786e-002
 -5.8874140e-003
  1.0592589e-002
  2.6337181e-002
  4.1127283e-002
  5.4738916e-002
  6.6950766e-002
  7.7554715e-002
  8.6368465e-002
  9.3249077e-002
  9.8106046e-002
  1.0091250e-001
  1.0171325e-001
  1.0062860e-001
  9.7853290e-002
  9.3650338e-002
  8.8339956e-002
  8.2284246e-002
  7.5868697e-002
  6.9481789e-002
  6.3494161e-002
  5.8238805e-002
  5.3993655e-002
  5.0967703e-002
  4.9291505e-002
  4.9012555e-002
  5.0095688e-002
  5.2428291e-002
  5.5829844e-002
  6.0065015e-002
  6.4859430e-002
  6.9917096e-002
  7.4938432e-002
  7.9637925e-002
  8.3760469e-002
  8.7095579e-002
  8.9488816e-002
  9.0849912e-002
  9.1157256e-002
  9.0458593e-002
  8.8867965e-002
  8.6559103e-002
  8.3755686e-002
  8.0719021e-002
  7.7733869e-002
  7.5093233e-002
  7.3082998e-002
  7.1967335e-002
  7.1975678e-002
  7.3292026e-002
  7.6047093e-002
  8.0313635e-002
  8.6105008e-002
  9.3376790e-002
  1.0203103e-001
  1.1192256e-001
  1.2286654e-001
  1.3464672e-001
  1.4702339e-001
  1.5974074e-001
  1.7253309e-001
  1.8512980e-001
  1.9725910e-001
  2.0865097e-001
  2.1903961e-001
  2.2816595e-001
  2.3578087e-001
  2.4164941e-001
  2.4555628e-001
  2.4731277e-001
  2.4676465e-001
  2.4380075e-001
  2.3836137e-001
  2.3044582e-001
  2.2011797e-001
  2.0750931e-001
  1.9281856e-001
  1.7630761e-001
  1.5829364e-001
  1.3913769e-001
  1.1923031e-001
  9.8975085e-002
  7.8771236e-002
  5.8996417e-002
  3.9990908e-002
  2.2044268e-002
  5.3852933e-003
 -9.8241666e-003
 -2.3491312e-002
 -3.5590513e-002
 -4.6157857e-002
 -5.5282770e-002
 -6.3097531e-002
 -6.9765554e-002
 -7.5469315e-002
 -8.0398705e-002
 -8.4740425e-002
 -8.8668870e-002
 -9.2338728e-002
 -9.5879367e-002
 -9.9390886e-002
 -1.0294166e-001
 -1.0656709e-001
 -1.1026932e-001
 -1.1401777e-001
 -1.1775016e-001
 -1.2137420e-001
 -1.2476984e-001
 -1.2779219e-001
 -1.3027525e-001
 -1.3203672e-001
 -1.3288374e-001
 -1.3262000e-001
 -1.3105378e-001
 -1.2800719e-001
 -1.2332600e-001
 -1.1689000e-001
 -1.0862313e-001
 -9.8503109e-002
 -8.6569706e-002
 -7.2931170e-002
 -5.7768143e-002
 -4.1334527e-002
 -2.3954870e-002
 -6.0179755e-003
  1.2033322e-002
  2.9716084e-002
  4.6524483e-002
  6.1949653e-002
  7.5501261e-002
  8.6729677e-002
  9.5247492e-002
  1.0074902e-001
  1.0302647e-001
  1.0198164e-001
  9.7632083e-002
  9.0111205e-002
  7.9662090e-002
  6.6625206e-002
  5.1420780e-002
  3.4526939e-002
  1.6455105e-002
 -2.2756311e-003
 -2.1163348e-002
 -3.9745601e-002
 -5.7617669e-002
 -7.4445609e-002
 -8.9973412e-002
 -1.0402414e-001
 -1.1649547e-001
 -1.2735045e-001
 -1.3660495e-001
 -1.4431317e-001
 -1.5055293e-001
 -1.5541236e-001
 -1.5897914e-001
 -1.6133331e-001
 -1.6254402e-001
 -1.6267011e-001
 -1.6176395e-001
 -1.5987765e-001
 -1.5707020e-001
 -1.5341433e-001
 -1.4900174e-001
 -1.4394553e-001
 -1.3837932e-001
 -1.3245249e-001
 -1.2632204e-001
 -1.2014159e-001
 -1.1404860e-001
 -1.0815125e-001
 -1.0251635e-001
 -9.7159779e-002
 -9.2040605e-002
 -8.7059857e-002
 -8.2064332e-002
 -7.6855461e-002
 -7.1202717e-002
 -6.4860635e-002
 -5.7588194e-002
 -4.9169073e-002
 -3.9431234e-002
 -2.8264338e-002
 -1.5633677e-002
 -1.5896083e-003
  1.3728201e-002
  3.0092005e-002
  4.7192597e-002
  6.4650869e-002
  8.2033574e-002
  9.8872320e-002
  1.1468467e-001
  1.2899613e-001
  1.4136186e-001
  1.5138694e-001
  1.5874411e-001
  1.6318822e-001
  1.6456660e-001
  1.6282502e-001
  1.5800882e-001
  1.5025946e-001
  1.3980663e-001
  1.2695648e-001
  1.1207666e-001
  9.5579143e-002
  7.7901811e-002
  5.9489908e-002
  4.0778428e-002
  2.2176424e-002
  4.0540277e-003
 -1.3267243e-002
 -2.9520606e-002
 -4.4496575e-002
 -5.8042276e-002
 -7.0058055e-002
 -8.0492122e-002
 -8.9334071e-002
 -9.6608082e-002
 -1.0236655e-001
 -1.0668467e-001
 -1.0965629e-001
 -1.1139105e-001
 -1.1201257e-001
 -1.1165725e-001
 -1.1047315e-001
 -1.0861823e-001
 -1.0625754e-001
 -1.0355885e-001
 -1.0068677e-001
 -9.7795326e-002
 -9.5019628e-002
 -9.2467306e-002
 -9.0210598e-002
 -8.8280112e-002
 -8.6661170e-002
 -8.5293492e-002
 -8.4074661e-002
 -8.2867442e-002
 -8.1510616e-002
 -7.9832583e-002
 -7.7666645e-002
 -7.4866652e-002
 -7.1321597e-002
 -6.6967781e-002
 -6.1797408e-002
 -5.5862776e-002
 -4.9275666e-002
 -4.2202009e-002
 -3.4852352e-002
 -2.7469066e-002
 -2.0311510e-002
 -1.3640532e-002
 -7.7036833e-003
 -2.7223828e-003
  1.1180135e-003
  3.6746451e-003
  4.8498995e-003
  4.5907122e-003
  2.8850015e-003
 -2.4390905e-004
 -4.7438750e-003
 -1.0540495e-002
 -1.7542729e-002
 -2.5646865e-002
 -3.4738396e-002
 -4.4691729e-002
 -5.5367939e-002
 -6.6611100e-002
 -7.8243922e-002
 -9.0063570e-002
 -1.0183855e-001
 -1.1330747e-001
 -1.2418035e-001
 -1.3414285e-001
 -1.4286363e-001
 -1.5000458e-001
 -1.5523360e-001
 -1.5823907e-001
 -1.5874535e-001
 -1.5652806e-001
 -1.5142816e-001
 -1.4336384e-001
 -1.3233911e-001
 -1.1844843e-001
 -1.0187667e-001
 -8.2894313e-002
 -6.1847601e-002
 -3.9144301e-002
 -1.5235518e-002
  9.4053513e-003
  3.4305321e-002
  5.9014723e-002
  8.3128806e-002
  1.0630647e-001
  1.2828474e-001
  1.4888789e-001
  1.6803024e-001
  1.8571259e-001
  2.0201213e-001
  2.1706679e-001
  2.3105514e-001
  2.4417345e-001
  2.5661187e-001
  2.6853172e-001
  2.8004592e-001
  2.9120423e-001
  3.0198466e-001
  3.1229170e-001
  3.2196149e-001
  3.3077342e-001
  3.3846680e-001
  3.4476108e-001
  3.4937749e-001
  3.5206003e-001
  3.5259380e-001
  3.5081900e-001
  3.4663940e-001
  3.4002486e-001
  3.3100792e-001
  3.1967538e-001
  3.0615617e-001
  2.9060729e-001
  2.7319972e-001
  2.5410612e-001
  2.3349187e-001
  2.1151062e-001
  1.8830472e-001
  1.6401036e-001
  1.3876672e-001
  1.1272760e-001
  8.6073977e-002
  5.9025430e-002
  3.1848795e-002
  4.8623713e-003
 -2.1565323e-002
 -4.7022742e-002
 -7.1068270e-002
 -9.3248132e-002
 -1.1311791e-001
 -1.3026587e-001
 -1.4433624e-001
 -1.5505029e-001
 -1.6222363e-001
 -1.6577817e-001
 -1.6574797e-001
 -1.6227848e-001
 -1.5561941e-001
 -1.4611208e-001
 -1.3417212e-001
 -1.2026914e-001
 -1.0490475e-001
 -8.8590409e-002
 -7.1826595e-002
 -5.5084167e-002
 -3.8788894e-002
 -2.3309527e-002
 -8.9496004e-003
  4.0571251e-003
  1.5547887e-002
  2.5429220e-002
  3.3672818e-002
  4.0309457e-002
  4.5421433e-002
  4.9133941e-002
  5.1605761e-002
  5.3019561e-002
  5.3572123e-002
  5.3464755e-002
  5.2894161e-002
  5.2044028e-002
  5.1077576e-002
  5.0131292e-002
  4.9310035e-002
  4.8683620e-002
  4.8284942e-002
  4.8109622e-002
  4.8117087e-002
  4.8232956e-002
  4.8352579e-002
  4.8345581e-002
  4.8061257e-002
  4.7334748e-002
  4.5993915e-002
  4.3866876e-002
  4.0790160e-002
  3.6617405e-002
  3.1228426e-002
  2.4538399e-002
  1.6506748e-002
  7.1452147e-003
 -3.4755292e-003
 -1.5221444e-002
 -2.7893535e-002
 -4.1229739e-002
 -5.4910690e-002
 -6.8569534e-002
 -8.1805620e-002
 -9.4201532e-002
 -1.0534259e-001
 -1.1483761e-001
 -1.2233954e-001
 -1.2756446e-001
 -1.3030747e-001
 -1.3045423e-001
 -1.2798720e-001
 -1.2298607e-001
 -1.1562241e-001
 -1.0614896e-001
 -9.4884597e-002
 -8.2196269e-002
 -6.8479429e-002
 -5.4138655e-002
 -3.9569925e-002
 -2.5145857e-002
 -1.1204791e-002
  1.9558468e-003
  1.4081953e-002
  2.4961432e-002
  3.4420039e-002
  4.2315525e-002
  4.8531301e-002
  5.2970834e-002
  5.5553754e-002
  5.6214358e-002
  5.4902829e-002
  5.1589047e-002
  4.6268510e-002
  3.8969550e-002
  2.9760818e-002
  1.8757906e-002
  6.1280238e-003
 -7.9081945e-003
 -2.3078442e-002
 -3.9064380e-002
 -5.5511153e-002
 -7.2040414e-002
 -8.8266137e-002
 -1.0381228e-001
 -1.1833114e-001
 -1.3152116e-001
 -1.4314298e-001
 -1.5303259e-001
 -1.6111055e-001
 -1.6738664e-001
 -1.7195928e-001
 -1.7500975e-001
 -1.7679113e-001
 -1.7761261e-001
 -1.7781976e-001
 -1.7777196e-001
 -1.7781818e-001
 -1.7827258e-001
 -1.7939156e-001
 -1.8135379e-001
 -1.8424457e-001
 -1.8804605e-001
 -1.9263387e-001
 -1.9778109e-001
 -2.0316903e-001
 -2.0840478e-001
 -2.1304419e-001
 -2.1661871e-001
 -2.1866438e-001
 -2.1875065e-001
 -2.1650694e-001
 -2.1164502e-001
 -2.0397541e-001
 -1.9341669e-001
 -1.7999733e-001
 -1.6384999e-001
 -1.4519934e-001
 -1.2434458e-001
 -1.0163882e-001
 -7.7467107e-002
 -5.2225421e-002
 -2.6302442e-002
 -6.5590608e-005
  2.6147763e-002
  5.2033669e-002
  7.7319984e-002
  1.0176078e-001
  1.2512828e-001
  1.4720406e-001
  1.6777124e-001
  1.8660938e-001
  2.0349313e-001
  2.1819531e-001
  2.3049452e-001
  2.4018650e-001
  2.4709816e-001
  2.5110265e-001
  2.5213362e-001
  2.5019685e-001
  2.4537779e-001
  2.3784359e-001
  2.2783932e-001
  2.1567814e-001
  2.0172623e-001
  1.8638368e-001
  1.7006291e-001
  1.5316651e-001
  1.3606644e-001
  1.1908620e-001
  1.0248746e-001
  8.6461907e-002
  7.1128812e-002
  5.6538036e-002
  4.2677850e-002
  2.9486503e-002
  1.6866263e-002
  4.6985580e-003
 -7.1411106e-003
 -1.8769594e-002
 -3.0284726e-002
 -4.1756691e-002
 -5.3222321e-002
 -6.4682253e-002
 -7.6100623e-002
 -8.7406826e-002
 -9.8498831e-002
 -1.0924752e-001
 -1.1950158e-001
 -1.2909271e-001
 -1.3784074e-001
 -1.4555872e-001
 -1.5205790e-001
 -1.5715261e-001
 -1.6066509e-001
 -1.6243038e-001
 -1.6230128e-001
 -1.6015323e-001
 -1.5588933e-001
 -1.4944515e-001
 -1.4079343e-001
 -1.2994838e-001
 -1.1696968e-001
 -1.0196575e-001
 -8.5096340e-002
 -6.6574135e-002
 -4.6665033e-002
 -2.5686894e-002
 -4.0063371e-003
  1.7966752e-002
  3.9787298e-002
  6.0985900e-002
  8.1082487e-002
  9.9602553e-002
  1.1609546e-001
  1.3015398e-001
  1.4143401e-001
  1.4967311e-001
  1.5470642e-001
  1.5647846e-001
  1.5504961e-001
  1.5059612e-001
  1.4340330e-001
  1.3385168e-001
  1.2239705e-001
  1.0954528e-001
  9.5824007e-002
  8.1753074e-002
  6.7816225e-002
  5.4436257e-002
  4.1955698e-002
  3.0624536e-002
  2.0595864e-002
  1.1929575e-002
  4.6034234e-003
 -1.4699258e-003
 -6.4218236e-003
 -1.0404852e-002
 -1.3570757e-002
 -1.6051360e-002
 -1.7944314e-002
 -1.9304952e-002
 -2.0144756e-002
 -2.0436179e-002
 -2.0122863e-002
 -1.9133647e-002
 -1.7398421e-002
 -1.4863668e-002
 -1.1505690e-002
 -7.3398008e-003
 -2.4243249e-003
  3.1411252e-003
  9.2229116e-003
  1.5665342e-002
  2.2305961e-002
  2.8992399e-002
  3.5598844e-002
  4.2040232e-002
  4.8282542e-002
  5.4347949e-002
  6.0314168e-002
  6.6307874e-002
  7.2492702e-002
  7.9052776e-002
  8.6173187e-002
  9.4019030e-002
  1.0271473e-001
  1.1232535e-001
  1.2284139e-001
  1.3416822e-001
  1.4612113e-001
  1.5842636e-001
  1.7072824e-001
  1.8260210e-001
  1.9357243e-001
  2.0313511e-001
  2.1078277e-001
  2.1603174e-001
  2.1844909e-001
  2.1767831e-001
  2.1346181e-001
  2.0565911e-001
  1.9425906e-001
  1.7938550e-001
  1.6129540e-001
  1.4036954e-001
  1.1709606e-001
  9.2047673e-002
  6.5854065e-002
  3.9171201e-002
  1.2649703e-002
 -1.3095475e-002
 -3.7511890e-002
 -6.0131056e-002
 -8.0583047e-002
 -9.8603413e-002
 -1.1403226e-001
 -1.2680611e-001
 -1.3694378e-001
 -1.4452815e-001
 -1.4968585e-001
 -1.5256733e-001
 -1.5332921e-001
 -1.5212081e-001
 -1.4907589e-001
 -1.4431018e-001
 -1.3792412e-001
 -1.3001012e-001
 -1.2066248e-001
 -1.0998822e-001
 -9.8116703e-002
 -8.5206337e-002
 -7.1446787e-002
 -5.7056052e-002
 -4.2272285e-002
 -2.7341064e-002
 -1.2499507e-002
  2.0409156e-003
  1.6110704e-002
  2.9595665e-002
  4.2445375e-002
  5.4675461e-002
  6.6363033e-002
  7.7635455e-002
  8.8653371e-002
  9.9589629e-002
  1.1060622e-001
  1.2183161e-001
  1.3334072e-001
  1.4513978e-001
  1.5715733e-001
  1.6924241e-001
  1.8116981e-001
  1.9265191e-001
  2.0335558e-001
  2.1292251e-001
  2.2099086e-001
  2.2721618e-001
  2.3128996e-001
  2.3295417e-001
  2.3201117e-001
  2.2832855e-001
  2.2183938e-001
  2.1253843e-001
  2.0047578e-001
  1.8574873e-001
  1.6849369e-001
  1.4887875e-001
  1.2709811e-001
  1.0336849e-001
  7.7927816e-002
  5.1035694e-002
  2.2975165e-002
 -5.9450884e-003
 -3.5388949e-002
 -6.4992337e-002
 -9.4364644e-002
 -1.2309265e-001
 -1.5074720e-001
 -1.7689265e-001
 -2.0109881e-001
 -2.2295504e-001
 -2.4208567e-001
 -2.5816609e-001
 -2.7093858e-001
 -2.8022683e-001
 -2.8594811e-001
 -2.8812228e-001
 -2.8687640e-001
 -2.8244440e-001
 -2.7516100e-001
 -2.6544970e-001
 -2.5380475e-001
 -2.4076779e-001
 -2.2689989e-001
 -2.1275071e-001
 -1.9882653e-001
 -1.8555951e-001
 -1.7328060e-001
 -1.6219855e-001
 -1.5238720e-001
 -1.4378261e-001
 -1.3619115e-001
 -1.2930834e-001
 -1.2274765e-001
 -1.1607713e-001
 -1.0886115e-001
 -1.0070359e-001
 -9.1288807e-002
 -8.0416383e-002
 -6.8026370e-002
 -5.4212413e-002
 -3.9221241e-002
 -2.3438368e-002
 -7.3611554e-003
  8.4382767e-003
  2.3356796e-002
  3.6806447e-002
  4.8258621e-002
  5.7281955e-002
  6.3570410e-002
  6.6959011e-002
  6.7426117e-002
  6.5082514e-002
  6.0149053e-002
  5.2925767e-002
  4.3756257e-002
  3.2991547e-002
  2.0957559e-002
  7.9297894e-003
 -5.8821681e-003
 -2.0338855e-002
 -3.5363919e-002
 -5.0927158e-002
 -6.7020154e-002
 -8.3627854e-002
 -1.0069990e-001
 -1.1812551e-001
 -1.3571523e-001
 -1.5319205e-001
 -1.7019326e-001
 -1.8628327e-001
 -2.0097611e-001
 -2.1376572e-001
 -2.2416074e-001
 -2.3172068e-001
 -2.3608973e-001
 -2.3702512e-001
 -2.3441752e-001
 -2.2830172e-001
 -2.1885684e-001
 -2.0639663e-001
 -1.9135071e-001
 -1.7423894e-001
 -1.5564124e-001
 -1.3616532e-001
 -1.1641493e-001
 -9.6960788e-002
 -7.8315787e-002
 -6.0915801e-002
 -4.5106480e-002
 -3.1136143e-002
 -1.9154307e-002
 -9.2151088e-003
 -1.2847084e-003
  4.7483104e-003
  9.0604705e-003
  1.1879675e-002
  1.3470896e-002
  1.4121806e-002
  1.4128752e-002
  1.3783406e-002
  1.3360350e-002
  1.3105862e-002
  1.3228143e-002
  1.3889234e-002
  1.5198829e-002
  1.7210179e-002
  1.9918164e-002
  2.3259583e-002
  2.7115568e-002
  3.1315983e-002
  3.5645607e-002
  3.9851845e-002
  4.3653765e-002
  4.6752259e-002
  4.8841185e-002
  4.9619397e-002
  4.8803567e-002
  4.6141700e-002
  4.1427129e-002
  3.4512653e-002
  2.5324289e-002
  1.3873920e-002
  2.6990302e-004
 -1.5275396e-002
 -3.2442233e-002
 -5.0805284e-002
 -6.9841395e-002
 -8.8943675e-002
 -1.0744188e-001
 -1.2462845e-001
 -1.3978897e-001
 -1.5223535e-001
 -1.6133955e-001
 -1.6656546e-001
 -1.6749653e-001
 -1.6385700e-001
 -1.5552494e-001
 -1.4253606e-001
 -1.2507794e-001
 -1.0347529e-001
 -7.8167446e-002
 -4.9680205e-002
 -1.8594392e-002
  1.4486088e-002
  4.8964103e-002
  8.4274693e-002
  1.1990425e-001
  1.5540237e-001
  1.9038614e-001
  2.2453733e-001
  2.5759373e-001
  2.8933625e-001
  3.1957411e-001
  3.4812986e-001
  3.7482660e-001
  3.9947873e-001
  4.2188750e-001
  4.4184170e-001
  4.5912361e-001
  4.7351921e-001
  4.8483181e-001
  4.9289732e-001
  4.9759970e-001
  4.9888490e-001
  4.9677169e-001
  4.9135825e-001
  4.8282356e-001
  4.7142319e-001
  4.5747929e-001
  4.4136543e-001
  4.2348682e-001
  4.0425723e-001
  3.8407402e-001
  3.6329295e-001
  3.4220468e-001
  3.2101474e-001
  2.9982901e-001
  2.7864601e-001
  2.5735756e-001
  2.3575844e-001
  2.1356512e-001
  1.9044318e-001
  1.6604167e-001
  1.4003265e-001
  1.1215275e-001
  8.2243536e-002
  5.0287179e-002
  1.6433786e-002
 -1.8982583e-002
 -5.5441542e-002
 -9.2248901e-002
 -1.2856402e-001
 -1.6344063e-001
 -1.9587833e-001
 -2.2488093e-001
 -2.4951700e-001
 -2.6897748e-001
 -2.8262563e-001
 -2.9003483e-001
 -2.9101123e-001
 -2.8559949e-001
 -2.7407144e-001
 -2.5689932e-001
 -2.3471662e-001
 -2.0827073e-001
 -1.7837225e-001
 -1.4584602e-001
 -1.1148825e-001
 -7.6033512e-002
 -4.0133701e-002
 -4.3496974e-003
  3.0845185e-002
  6.5052265e-002
  9.7928421e-002
  1.2916480e-001
  1.5846724e-001
  1.8554189e-001
  2.1008843e-001
  2.3180214e-001
  2.5038461e-001
  2.6556143e-001
  2.7710431e-001
  2.8485409e-001
  2.8874117e-001
  2.8879991e-001
  2.8517448e-001
  2.7811478e-001
  2.6796234e-001
  2.5512723e-001
  2.4005873e-001
  2.2321270e-001
  2.0501946e-001
  1.8585570e-001
  1.6602344e-001
  1.4573801e-001
  1.2512606e-001
  1.0423310e-001
  8.3039071e-002
  6.1479552e-002
  3.9469562e-002
  1.6926986e-002
 -6.2071203e-003
 -2.9953342e-002
 -5.4284929e-002
 -7.9125079e-002
 -1.0434964e-001
 -1.2979359e-001
 -1.5525941e-001
 -1.8052520e-001
 -2.0535106e-001
 -2.2948257e-001
 -2.5265121e-001
 -2.7457244e-001
 -2.9494261e-001
 -3.1343671e-001
 -3.2970874e-001
 -3.4339649e-001
 -3.5413172e-001
 -3.6155598e-001
 -3.6534139e-001
 -3.6521454e-001
 -3.6098113e-001
 -3.5254855e-001
 -3.3994342e-001
 -3.2332184e-001
 -3.0297069e-001
 -2.7929945e-001
 -2.5282352e-001
 -2.2414071e-001
 -1.9390375e-001
 -1.6279221e-001
 -1.3148690e-001
 -1.0064958e-001
 -7.0909678e-002
 -4.2858603e-002
 -1.7050556e-002
  5.9921665e-003
  2.5772585e-002
  4.1814703e-002
  5.3664791e-002
  6.0900891e-002
  6.3151747e-002
  6.0124714e-002
  5.1640322e-002
  3.7669525e-002
  1.8368414e-002
 -5.8953894e-003
 -3.4530215e-002
 -6.6726141e-002
 -1.0148170e-001
 -1.3765164e-001
 -1.7401321e-001
 -2.0934574e-001
 -2.4251628e-001
 -2.7256241e-001
 -2.9876324e-001
 -3.2069017e-001
 -3.3823090e-001
 -3.5158299e-001
 -3.6121650e-001
 -3.6780917e-001
 -3.7216035e-001
 -3.7509323e-001
 -3.7735590e-001
 -3.7953260e-001
 -3.8197516e-001
 -3.8476240e-001
 -3.8769236e-001
 -3.9030762e-001
 -3.9195079e-001
 -3.9184308e-001
 -3.8917628e-001
 -3.8320697e-001
 -3.7334156e-001
 -3.5920202e-001
 -3.4066473e-001
 -3.1786829e-001
 -2.9119023e-001
 -2.6119630e-001
 -2.2856961e-001
 -1.9402917e-001
 -1.5824869e-001
 -1.2178610e-001
 -8.5032810e-002
 -4.8188696e-002
 -1.1265629e-002
  2.5881668e-002
  6.3502124e-002
  1.0187974e-001
  1.4125928e-001
  1.8177618e-001
  2.2339969e-001
  2.6589641e-001
  3.0881843e-001
  3.5151695e-001
  3.9317890e-001
  4.3288117e-001
  4.6965512e-001
  5.0255278e-001
  5.3070682e-001
  5.5337746e-001
  5.6998183e-001
  5.8010419e-001
  5.8348830e-001
  5.8001577e-001
  5.6967630e-001
  5.5253639e-001
  5.2871315e-001
  4.9835838e-001
  4.6165624e-001
  4.1883499e-001
  3.7019056e-001
  3.1611751e-001
  2.5714103e-001
  1.9394286e-001
  1.2737462e-001
  5.8453273e-002
 -1.1664015e-002
 -8.1725454e-002
 -1.5044748e-001
 -2.1658881e-001
 -2.7902766e-001
 -3.3683310e-001
 -3.8932161e-001
 -4.3609152e-001
 -4.7703036e-001
 -5.1229362e-001
 -5.4225659e-001
