 -5.9567461e-001
 -5.9077145e-001
 -5.8101835e-001
 -5.6606244e-001
 -5.4583990e-001
 -5.2054597e-001
 -4.9057211e-001
 -4.5642063e-001
 -4.1861071e-001
 -3.7759087e-001
 -3.3367174e-001
 -2.8699043e-001
 -2.3751240e-001
 -1.8507168e-001
 -1.2944383e-001
 -7.0441291e-002
 -8.0167840e-003
  5.7640934e-002
  1.2603425e-001
  1.9631894e-001
  2.6730905e-001
  3.3752569e-001
  4.0528524e-001
  4.6881613e-001
  5.2638974e-001
  5.7644828e-001
  6.1771307e-001
  6.4925908e-001
  6.7054652e-001
  6.8140638e-001
  6.8198329e-001
  6.7264560e-001
  6.5387721e-001
  6.2616855e-001
  5.8992416e-001
  5.4540216e-001
  4.9269593e-001
  4.3176195e-001
  3.6249093e-001
  2.8481204e-001
  1.9881496e-001
  1.0487085e-001
  3.7327422e-003
 -1.0340187e-001
 -2.1487881e-001
 -3.2863100e-001
 -4.4227599e-001
 -5.5325752e-001
 -6.5901437e-001
 -7.5715593e-001
 -8.4562193e-001
 -9.2280586e-001
 -9.8762592e-001
 -1.0395347e+000
 -1.0784669e+000
 -1.1047340e+000
 -1.1188806e+000
 -1.1215253e+000
 -1.1132100e+000
 -1.0942793e+000
 -1.0648111e+000
 -1.0246090e+000
 -9.7325816e-001
 -9.1024017e-001
 -8.3508810e-001
 -7.4756073e-001
 -6.4780847e-001
 -5.3650444e-001
 -4.1491778e-001
 -2.8491388e-001
 -1.4887546e-001
 -9.5501489e-003
  1.3015977e-001
  2.6744036e-001
  3.9981145e-001
  5.2534209e-001
  6.4280673e-001
  7.5175935e-001
  8.5251320e-001
  9.4602581e-001
  1.0337015e+000
  1.1171349e+000
  1.1978270e+000
  1.2769107e+000
  1.3549190e+000
  1.4316295e+000
  1.5060029e+000
  1.5762256e+000
  1.6398518e+000
  1.6940260e+000
  1.7357586e+000
  1.7622183e+000
  1.7710051e+000
  1.7603686e+000
  1.7293452e+000
  1.6778005e+000
  1.6063733e+000
  1.5163341e+000
  1.4093830e+000
  1.2874174e+000
  1.1523080e+000
  1.0057163e+000
  8.4898248e-001
  6.8310161e-001
  5.0879152e-001
  3.2664211e-001
  1.3732284e-001
 -5.8185339e-002
 -2.5837219e-001
 -4.6103297e-001
 -6.6318832e-001
 -8.6111068e-001
 -1.0504641e+000
 -1.2265487e+000
 -1.3846244e+000
 -1.5202776e+000
 -1.6297849e+000
 -1.7104274e+000
 -1.7607132e+000
 -1.7804749e+000
 -1.7708282e+000
 -1.7339906e+000
 -1.6729817e+000
 -1.5912423e+000
 -1.4922188e+000
 -1.3789690e+000
 -1.2538420e+000
 -1.1182752e+000
 -9.7273991e-001
 -8.1684491e-001
 -6.4958786e-001
 -4.6972383e-001
 -2.7620369e-001
 -6.8624012e-002
  1.5237290e-001
  3.8480602e-001
  6.2521447e-001
  8.6869462e-001
  1.1091202e+000
  1.3395268e+000
  1.5526201e+000
  1.7413533e+000
  1.8995068e+000
  2.0222030e+000
  2.1062986e+000
  2.1506060e+000
  2.1559233e+000
  2.1248682e+000
  2.0615409e+000
  1.9710574e+000
  1.8590125e+000
  1.7309369e+000
  1.5918124e+000
  1.4457010e+000
  1.2955261e+000
  1.1430226e+000
  9.8885229e-001
  8.3285561e-001
  6.7439723e-001
  5.1274831e-001
  3.4744715e-001
  1.7858398e-001
  6.9682336e-003
 -1.6584525e-001
 -3.3767319e-001
 -5.0594470e-001
 -6.6802791e-001
 -8.2159081e-001
 -9.6493898e-001
 -1.0972747e+000
 -1.2188325e+000
 -1.3308619e+000
 -1.4354509e+000
 -1.5352049e+000
 -1.6328173e+000
 -1.7305847e+000
 -1.8299308e+000
 -1.9310016e+000
 -2.0323919e+000
 -2.1310445e+000
 -2.2223467e+000
 -2.3004220e+000
 -2.3585917e+000
 -2.3899617e+000
 -2.3880709e+000
 -2.3475317e+000
 -2.2645929e+000
 -2.1375640e+000
 -1.9670550e+000
 -1.7560100e+000
 -1.5095316e+000
 -1.2345219e+000
 -9.3918130e-001
 -6.3242163e-001
 -3.2325745e-001
 -2.0237202e-002
  2.6903247e-001
  5.3823046e-001
  7.8251254e-001
  9.9854957e-001
  1.1844299e+000
  1.3394575e+000
  1.4638877e+000
  1.5586419e+000
  1.6250437e+000
  1.6646057e+000
  1.6788866e+000
  1.6694222e+000
  1.6377219e+000
  1.5853112e+000
  1.5137939e+000
  1.4249072e+000
  1.3205459e+000
  1.2027417e+000
  1.0735924e+000
  9.3514915e-001
  7.8928047e-001
  6.3753871e-001
  4.8105771e-001
  3.2050870e-001
  1.5613374e-001
 -1.2135281e-002
 -1.8447783e-001
 -3.6092632e-001
 -5.4108039e-001
 -7.2383504e-001
 -9.0716596e-001
 -1.0880128e+000
 -1.2622905e+000
 -1.4250447e+000
 -1.5707483e+000
 -1.6937172e+000
 -1.7886050e+000
 -1.8509244e+000
 -1.8775334e+000
 -1.8670264e+000
 -1.8199783e+000
 -1.7390034e+000
 -1.6286136e+000
 -1.4948814e+000
 -1.3449387e+000
 -1.1863614e+000
 -1.0265056e+000
 -8.7186658e-001
 -7.2753127e-001
 -5.9678515e-001
 -4.8091477e-001
 -3.7922650e-001
 -2.8927559e-001
 -2.0727584e-001
 -1.2863936e-001
 -4.8582010e-002
  3.7276002e-002
  1.3238237e-001
  2.3885452e-001
  3.5725054e-001
  4.8652644e-001
  6.2417414e-001
  7.6651264e-001
  9.0908771e-001
  1.0471250e+000
  1.1759780e+000
  1.2915173e+000
  1.3904196e+000
  1.4703300e+000
  1.5298928e+000
  1.5686622e+000
  1.5869217e+000
  1.5854517e+000
  1.5652897e+000
  1.5275239e+000
  1.4731535e+000
  1.4030354e+000
  1.3179211e+000
  1.2185699e+000
  1.1059145e+000
  9.8124092e-001
  8.4634512e-001
  7.0363082e-001
  5.5612019e-001
  4.0736530e-001
  2.6126226e-001
  1.2178724e-001
 -7.3131189e-003
 -1.2283550e-001
 -2.2239291e-001
 -3.0460624e-001
 -3.6918322e-001
 -4.1686904e-001
 -4.4927068e-001
 -4.6857527e-001
 -4.7719888e-001
 -4.7741322e-001
 -4.7100260e-001
 -4.5900077e-001
 -4.4154741e-001
 -4.1788827e-001
 -3.8652318e-001
 -3.4548552e-001
 -2.9271702e-001
 -2.2648783e-001
 -1.4580316e-001
 -5.0738001e-002
  5.7350535e-002
  1.7576856e-001
  3.0060319e-001
  4.2700461e-001
  5.4960171e-001
  6.6300210e-001
  7.6231462e-001
  8.4362851e-001
  9.0438758e-001
  9.4361083e-001
  9.6193036e-001
  9.6144113e-001
  9.4538161e-001
  9.1768675e-001
  8.8247133e-001
  8.4351100e-001
  8.0378832e-001
  7.6516231e-001
  7.2820319e-001
  6.9221152e-001
  6.5541622e-001
  6.1532172e-001
  5.6915442e-001
  5.1434587e-001
  4.4898520e-001
  3.7217837e-001
  2.8426519e-001
  1.8686500e-001
  8.2746088e-002
 -2.4461671e-002
 -1.3066950e-001
 -2.3179056e-001
 -3.2419391e-001
 -4.0508792e-001
 -4.7278007e-001
 -5.2677762e-001
 -5.6771708e-001
 -5.9713477e-001
 -6.1711401e-001
 -6.2986258e-001
 -6.3728426e-001
 -6.4061013e-001
 -6.4014664e-001
 -6.3518162e-001
 -6.2406643e-001
 -6.0446737e-001
 -5.7375422e-001
 -5.2947314e-001
 -4.6983755e-001
 -3.9416574e-001
 -3.0319963e-001
 -1.9925359e-001
 -8.6164194e-002
  3.0961413e-002
  1.4617376e-001
  2.5323635e-001
  3.4624053e-001
  4.2020272e-001
  4.7156829e-001
  4.9855680e-001
  5.0130396e-001
  4.8178133e-001
  4.4350403e-001
  3.9106392e-001
  3.2954900e-001
  2.6392395e-001
  1.9845178e-001
  1.3623024e-001
  7.8901027e-002
  2.6566079e-002
 -2.2082923e-002
 -6.9444253e-002
 -1.1854318e-001
 -1.7249317e-001
 -2.3395751e-001
 -3.0468670e-001
 -3.8519542e-001
 -4.7462259e-001
 -5.7079226e-001
 -6.7046416e-001
 -7.6973650e-001
 -8.6454187e-001
 -9.5116441e-001
 -1.0267034e+000
 -1.0894166e+000
 -1.1388935e+000
 -1.1760329e+000
 -1.2028290e+000
 -1.2219944e+000
 -1.2364759e+000
 -1.2489322e+000
 -1.2612500e+000
 -1.2741700e+000
 -1.2870799e+000
 -1.2980069e+000
 -1.3038174e+000
 -1.3005981e+000
 -1.2841701e+000
 -1.2506665e+000
 -1.1970934e+000
 -1.1217964e+000
 -1.0247664e+000
 -9.0773841e-001
 -7.7406716e-001
 -6.2839306e-001
 -4.7614061e-001
 -3.2291626e-001
 -1.7388684e-001
 -3.3223413e-002
  9.6312499e-002
  2.1358230e-001
  3.1905227e-001
  4.1454479e-001
  5.0279187e-001
  5.8685171e-001
  6.6946954e-001
  7.5247279e-001
  8.3628823e-001
  9.1965317e-001
  9.9956815e-001
  1.0715064e+000
  1.1298611e+000
  1.1685778e+000
  1.1818954e+000
  1.1651004e+000
  1.1151966e+000
  1.0314025e+000
  9.1540589e-001
  7.7134023e-001
  6.0547790e-001
  4.2567463e-001
  2.4062985e-001
  5.9051514e-002
 -1.1117348e-001
 -2.6370322e-001
 -3.9427248e-001
 -5.0097031e-001
 -5.8423420e-001
 -6.4656759e-001
 -6.9202217e-001
 -7.2551583e-001
 -7.5207652e-001
 -7.7611007e-001
 -8.0078495e-001
 -8.2760971e-001
 -8.5625226e-001
 -8.8461756e-001
 -9.0916619e-001
 -9.2542510e-001
 -9.2861804e-001
 -9.1432912e-001
 -8.7911113e-001
 -8.2095980e-001
 -7.3959547e-001
 -6.3652092e-001
 -5.1485497e-001
 -3.7897168e-001
 -2.3400024e-001
 -8.5257324e-002
  6.2309139e-002
  2.0459080e-001
  3.3864452e-001
  4.6283581e-001
  5.7679005e-001
  6.8116940e-001
  7.7731779e-001
  8.6683418e-001
  9.5114309e-001
  1.0311296e+000
  1.1068952e+000
  1.1776698e+000
  1.2418935e+000
  1.2974513e+000
  1.3420244e+000
  1.3734995e+000
  1.3903725e+000
  1.3920773e+000
  1.3791868e+000
  1.3534473e+000
  1.3176334e+000
  1.2752377e+000
  1.2300343e+000
  1.1855741e+000
  1.1446845e+000
  1.1090441e+000
  1.0788978e+000
  1.0529596e+000
  1.0285217e+000
  1.0017666e+000
  9.6824545e-001
  9.2346432e-001
  8.6350439e-001
  7.8559455e-001
  6.8856040e-001
  5.7308849e-001
  4.4176806e-001
  2.9890151e-001
  1.5010507e-001
  1.7487584e-003
 -1.3969423e-001
 -2.6830630e-001
 -3.7930940e-001
 -4.6950106e-001
 -5.3748941e-001
 -5.8370085e-001
 -6.1016453e-001
 -6.2010727e-001
 -6.1741755e-001
 -6.0605393e-001
 -5.8947985e-001
 -5.7020197e-001
 -5.4947413e-001
 -5.2720525e-001
 -5.0208112e-001
 -4.7187978e-001
 -4.3393356e-001
 -3.8567027e-001
 -3.2515512e-001
 -2.5155493e-001
 -1.6545668e-001
 -6.8992749e-002
  3.4248398e-002
  1.3951765e-001
  2.4137004e-001
  3.3423887e-001
  4.1304377e-001
  4.7375280e-001
  5.1382426e-001
  5.3247042e-001
  5.3070875e-001
  5.1119515e-001
  4.7786215e-001
  4.3541127e-001
  3.8872733e-001
  3.4229212e-001
  2.9967410e-001
  2.6315908e-001
  2.3356729e-001
  2.1027578e-001
  1.9143736e-001
  1.7436038e-001
  1.5599232e-001
  1.3343689e-001
  1.0443116e-001
  6.7715716e-002
  2.3247252e-002
 -2.7774213e-002
 -8.3064811e-002
 -1.3957775e-001
 -1.9393789e-001
 -2.4292628e-001
 -2.8394469e-001
 -3.1539288e-001
 -3.3690474e-001
 -3.4940911e-001
 -3.5500653e-001
 -3.5667920e-001
 -3.5787486e-001
 -3.6202347e-001
 -3.7205494e-001
 -3.8998584e-001
 -4.1663372e-001
 -4.5149937e-001
 -4.9283402e-001
 -5.3788222e-001
 -5.8326670e-001
 -6.2546132e-001
 -6.6128575e-001
 -6.8835240e-001
 -7.0540250e-001
 -7.1248378e-001
 -7.1094378e-001
 -7.0323901e-001
 -6.9258540e-001
 -6.8249794e-001
 -6.7628301e-001
 -6.7655344e-001
 -6.8483410e-001
 -7.0131282e-001
 -7.2477242e-001
 -7.5271428e-001
 -7.8165810e-001
 -8.0757806e-001
 -8.2641724e-001
 -8.3461124e-001
 -8.2955085e-001
 -8.0992191e-001
 -7.7587739e-001
 -7.2901940e-001
 -6.7219480e-001
 -6.0913327e-001
 -5.4397758e-001
 -4.8077014e-001
 -4.2296522e-001
 -3.7303171e-001
 -3.3219852e-001
 -3.0037422e-001
 -2.7624849e-001
 -2.5755750e-001
 -2.4147304e-001
 -2.2505860e-001
 -2.0572677e-001
 -1.8163306e-001
 -1.5195086e-001
 -1.1698957e-001
 -7.8140454e-002
 -3.7659456e-002
  1.6807178e-003
  3.7018291e-002
  6.5847631e-002
  8.6417159e-002
  9.8021749e-002
  1.0114616e-001
  9.7436972e-002
  8.9504672e-002
  8.0581418e-002
  7.4080625e-002
  7.3118579e-002
  8.0064178e-002
  9.6179592e-002
  1.2140269e-001
  1.5430303e-001
  1.9221983e-001
  2.3156561e-001
  2.6825669e-001
  2.9821468e-001
  3.1787304e-001
  3.2462253e-001
  3.1713716e-001
  2.9553853e-001
  2.6137800e-001
  2.1744056e-001
  1.6739773e-001
  1.1535682e-001
  6.5366783e-002
  2.0946273e-002
 -1.5304658e-002
 -4.1959912e-002
 -5.8858971e-002
 -6.7026721e-002
 -6.8436657e-002
 -6.5653644e-002
 -6.1408044e-002
 -5.8161402e-002
 -5.7723855e-002
 -6.0975162e-002
 -6.7725990e-002
 -7.6736000e-002
 -8.5883314e-002
 -9.2459010e-002
 -9.3543452e-002
 -8.6410680e-002
 -6.8904172e-002
 -3.9732400e-002
  1.3552030e-003
  5.3533686e-002
  1.1501091e-001
  1.8326007e-001
  2.5534038e-001
  3.2825832e-001
  3.9931661e-001
  4.6640127e-001
  5.2816694e-001
  5.8409596e-001
  6.3442624e-001
  6.7996192e-001
  7.2179866e-001
  7.6100772e-001
  7.9832944e-001
  8.3392513e-001
  8.6722822e-001
  8.9692061e-001
  9.2104218e-001
  9.3722116e-001
  9.4299532e-001
  9.3617932e-001
  9.1522628e-001
  8.7953044e-001
  8.2962537e-001
  7.6724520e-001
  6.9523511e-001
  6.1731741e-001
  5.3773966e-001
  4.6084777e-001
  3.9063755e-001
  3.3034204e-001
  2.8210758e-001
  2.4680009e-001
  2.2396627e-001
  2.1195367e-001
  2.0817295e-001
  2.0946672e-001
  2.1253566e-001
  2.1436569e-001
  2.1260009e-001
  2.0580902e-001
  1.9362310e-001
  1.7671652e-001
  1.5664612e-001
  1.3557185e-001
  1.1590046e-001
  9.9903478e-002
  8.9363831e-002
  8.5300256e-002
  8.7807194e-002
  9.6031196e-002
  1.0828539e-001
  1.2228413e-001
  1.3546324e-001
  1.4533944e-001
  1.4985751e-001
  1.4767587e-001
  1.3835025e-001
  1.2238987e-001
  1.0117874e-001
  7.6773645e-002
  5.1607903e-002
  2.8143054e-002
  8.5177757e-003
 -5.7564769e-003
 -1.4010415e-002
 -1.6512570e-002
 -1.4432699e-002
 -9.6786980e-003
 -4.6305690e-003
 -1.8094100e-003
 -3.5283805e-003
 -1.1574937e-002
 -2.6968983e-002
 -4.9830640e-002
 -7.9375665e-002
 -1.1403834e-001
 -1.5170355e-001
 -1.9001417e-001
 -2.2670933e-001
 -2.5994464e-001
 -2.8854793e-001
 -3.1217351e-001
 -3.3133212e-001
 -3.4729153e-001
 -3.6186128e-001
 -3.7709169e-001
 -3.9492975e-001
 -4.1688093e-001
 -4.4372573e-001
 -4.7533249e-001
 -5.1059494e-001
 -5.4750568e-001
 -5.8335825e-001
 -6.1505215e-001
 -6.3946107e-001
 -6.5381535e-001
 -6.5604753e-001
 -6.4505445e-001
 -6.2084075e-001
 -5.8452440e-001
 -5.3820378e-001
 -4.8470459e-001
 -4.2724098e-001
 -3.6903709e-001
 -3.1296013e-001
 -2.6121434e-001
 -2.1513661e-001
 -1.7512006e-001
 -1.4067438e-001
 -1.1061227e-001
 -8.3334277e-002
 -5.7170388e-002
 -3.0729016e-002
 -3.2029892e-003
  2.5411835e-002
  5.4217644e-002
  8.1451118e-002
  1.0465224e-001
  1.2094409e-001
  1.2738679e-001
  1.2135863e-001
  1.0091319e-001
  6.5064554e-002
  1.3962312e-002
 -5.1067261e-002
 -1.2761950e-001
 -2.1243616e-001
 -3.0172697e-001
 -3.9154585e-001
 -4.7817254e-001
 -5.5845090e-001
 -6.3004140e-001
 -6.9155777e-001
 -7.4257433e-001
 -7.8350804e-001
 -8.1539692e-001
 -8.3960999e-001
 -8.5753294e-001
 -8.7027630e-001
 -8.7844854e-001
 -8.8202687e-001
 -8.8034374e-001
 -8.7218994e-001
 -8.5601855e-001
 -8.3021877e-001
 -7.9341874e-001
 -7.4477191e-001
 -6.8418339e-001
 -6.1244112e-001
 -5.3122970e-001
 -4.4302146e-001
 -3.5085604e-001
 -2.5803642e-001
 -1.6778044e-001
 -8.2874340e-002
 -5.3747997e-003
  6.3600152e-002
  1.2396230e-001
  1.7661330e-001
  2.2327782e-001
  2.6623089e-001
  3.0795481e-001
  3.5077024e-001
  3.9648972e-001
  4.4613861e-001
  4.9977966e-001
  5.5646351e-001
  6.1431100e-001
  6.7071574e-001
  7.2264014e-001
  7.6696595e-001
  8.0085441e-001
  8.2207015e-001
  8.2922908e-001
  8.2194094e-001
  8.0083177e-001
  7.6744756e-001
  7.2405556e-001
  6.7337281e-001
  6.1825944e-001
  5.6141767e-001
  5.0513470e-001
  4.5109990e-001
  4.0031528e-001
  3.5310422e-001
  3.0920970e-001
  2.6796103e-001
  2.2847949e-001
  1.8988926e-001
  1.5150121e-001
  1.1294299e-001
  7.4218381e-002
  3.5691153e-002
 -1.9991807e-003
 -3.8071209e-002
 -7.1758742e-002
 -1.0246125e-001
 -1.2985891e-001
 -1.5396932e-001
 -1.7513254e-001
 -1.9392321e-001
 -2.1100034e-001
 -2.2691728e-001
 -2.4192135e-001
 -2.5577711e-001
 -2.6764515e-001
 -2.7604239e-001
 -2.7889915e-001
 -2.7371515e-001
 -2.5780231e-001
 -2.2858939e-001
 -1.8395315e-001
 -1.2253527e-001
 -4.4003967e-002
  5.0775704e-002
  1.5968825e-001
  2.7944287e-001
  4.0577328e-001
  5.3374297e-001
  6.5812326e-001
  7.7380262e-001
  8.7618170e-001
  9.6151069e-001
  1.0271330e+000
  1.0716115e+000
  1.0947284e+000
  1.0973658e+000
  1.0812890e+000
  1.0488640e+000
  1.0027518e+000
  9.4561813e-001
  8.7989640e-001
  8.0763095e-001
  7.3041532e-001
  6.4942508e-001
  5.6553104e-001
  4.7946675e-001
  3.9201630e-001
  3.0418594e-001
  2.1732589e-001
  1.3317668e-001
  5.3826101e-002
 -1.8422702e-002
 -8.1257685e-002
 -1.3261178e-001
 -1.7092866e-001
 -1.9540098e-001
 -2.0614390e-001
 -2.0427378e-001
 -1.9187403e-001
 -1.7184488e-001
 -1.4764960e-001
 -1.2298387e-001
 -1.0140665e-001
 -8.5976823e-002
 -7.8940494e-002
 -8.1508463e-002
 -9.3752470e-002
 -1.1463413e-001
 -1.4216373e-001
 -1.7366942e-001
 -2.0614336e-001
 -2.3662120e-001
 -2.6254718e-001
 -2.8207911e-001
 -2.9429512e-001
 -2.9927712e-001
 -2.9806177e-001
 -2.9246706e-001
 -2.8481848e-001
 -2.7761180e-001
 -2.7315704e-001
 -2.7325062e-001
 -2.7891821e-001
 -2.9026128e-001
 -3.0642659e-001
 -3.2570156e-001
 -3.4572198e-001
 -3.6376436e-001
 -3.7708457e-001
 -3.8325894e-001
 -3.8048456e-001
 -3.6780173e-001
 -3.4521203e-001
 -3.1367991e-001
 -2.7502070e-001
 -2.3169286e-001
 -1.8652372e-001
 -1.4240586e-001
 -1.0200361e-001
 -6.7506090e-002
 -4.0455703e-002
 -2.1669344e-002
 -1.1256338e-002
 -8.7235729e-003
 -1.3146656e-002
 -2.3377542e-002
 -3.8255262e-002
 -5.6787414e-002
 -7.8275744e-002
 -1.0236859e-001
 -1.2903469e-001
 -1.5846525e-001
 -1.9092210e-001
 -2.2655851e-001
 -2.6524298e-001
 -3.0641681e-001
 -3.4901076e-001
 -3.9143818e-001
 -4.3167029e-001
 -4.6738763e-001
 -4.9619008e-001
 -5.1583897e-001
 -5.2449973e-001
 -5.2095270e-001
 -5.0474346e-001
 -4.7625205e-001
 -4.3667130e-001
 -3.8789658e-001
 -3.3234143e-001
 -2.7270345e-001
 -2.1171134e-001
 -1.5188626e-001
 -9.5348260e-002
 -4.3691691e-002
  2.0565336e-003
  4.1394231e-002
  7.4227446e-002
  1.0070170e-001
  1.2101036e-001
  1.3521300e-001
  1.4309550e-001
  1.4409773e-001
  1.3732504e-001
  1.2164710e-001
  9.5874915e-002
  5.8994117e-002
  1.0423194e-002
 -4.9740147e-002
 -1.2052201e-001
 -1.9995772e-001
 -2.8508338e-001
 -3.7204488e-001
 -4.5632085e-001
 -5.3304178e-001
 -5.9737461e-001
 -6.4493301e-001
 -6.7216931e-001
 -6.7670476e-001
 -6.5756127e-001
 -6.1526848e-001
 -5.5183383e-001
 -4.7057883e-001
 -3.7585931e-001
 -2.7270034e-001
 -1.6638478e-001
 -6.2038701e-002
  3.5744721e-002
  1.2320719e-001
  1.9762775e-001
  2.5741314e-001
  3.0207667e-001
  3.3211937e-001
  3.4883697e-001
  3.5408310e-001
  3.5002097e-001
  3.3889415e-001
  3.2284049e-001
  3.0376496e-001
  2.8327656e-001
  2.6268481e-001
  2.4304230e-001
  2.2521450e-001
  2.0995526e-001
  1.9796800e-001
  1.8993699e-001
  1.8652033e-001
  1.8830445e-001
  1.9572810e-001
  2.0899060e-001
  2.2796348e-001
  2.5212529e-001
  2.8053710e-001
  3.1187068e-001
  3.4449311e-001
  3.7660266e-001
  4.0640225e-001
  4.3228893e-001
  4.5303431e-001
  4.6792930e-001
  4.7687023e-001
  4.8036977e-001
  4.7948583e-001
  4.7567247e-001
  4.7056821e-001
  4.6574644e-001
  4.6245971e-001
  4.6141192e-001
  4.6259086e-001
  4.6518742e-001
  4.6761735e-001
  4.6764933e-001
  4.6262916e-001
  4.4977738e-001
  4.2652703e-001
  3.9086217e-001
  3.4161585e-001
  2.7869004e-001
  2.0316814e-001
  1.1730317e-001
  2.4378961e-002
 -7.1542877e-002
 -1.6596398e-001
 -2.5434107e-001
 -3.3248536e-001
 -3.9692514e-001
 -4.4519162e-001
 -4.7599735e-001
 -4.8928938e-001
 -4.8617432e-001
 -4.6872771e-001
 -4.3971344e-001
 -4.0224908e-001
 -3.5945842e-001
 -3.1415276e-001
 -2.6857759e-001
 -2.2425168e-001
 -1.8191329e-001
 -1.4157372e-001
 -1.0266501e-001
 -6.4256403e-002
 -2.5306583e-002
  1.5085369e-002
  5.7465581e-002
  1.0187703e-001
  1.4779672e-001
  1.9416572e-001
  2.3950633e-001
  2.8210866e-001
  3.2025941e-001
  3.5248029e-001
  3.7774194e-001
  3.9562316e-001
  4.0639261e-001
  4.1100069e-001
  4.1098148e-001
  4.0827687e-001
  4.0500500e-001
  4.0320283e-001
  4.0457568e-001
  4.1028563e-001
  4.2080538e-001
  4.3585510e-001
  4.5442941e-001
  4.7490911e-001
  4.9524207e-001
  5.1316847e-001
  5.2646092e-001
  5.3314838e-001
  5.3169610e-001
  5.2112042e-001
  5.0102684e-001
  4.7157041e-001
  4.3334864e-001
  3.8724591e-001
  3.3425513e-001
  2.7530475e-001
  2.1111823e-001
  1.4212751e-001
  6.8454154e-002
 -1.0038628e-002
 -9.3630499e-002
 -1.8258211e-001
 -2.7695133e-001
 -3.7641610e-001
 -4.8013225e-001
 -5.8665074e-001
 -6.9391116e-001
 -7.9931823e-001
 -8.9989671e-001
 -9.9250926e-001
 -1.0741127e+000
 -1.1420216e+000
 -1.1941476e+000
 -1.2291817e+000
 -1.2466979e+000
 -1.2471615e+000
 -1.2318397e+000
 -1.2026242e+000
 -1.1617865e+000
 -1.1116939e+000
 -1.0545242e+000
 -9.9201170e-001
 -9.2525848e-001
 -8.5463511e-001
 -7.7978412e-001
 -6.9972726e-001
 -6.1306464e-001
 -5.1824208e-001
 -4.1385445e-001
 -2.9894792e-001
 -1.7328386e-001
 -3.7531324e-002
  1.0663669e-001
  2.5655648e-001
  4.0869711e-001
  5.5888177e-001
  7.0258336e-001
  8.3526248e-001
  9.5271117e-001
  1.0513660e+000
  1.1285583e+000
  1.1826766e+000
  1.2132281e+000
  1.2207971e+000
  1.2069092e+000
  1.1738233e+000
  1.1242755e+000
  1.0612087e+000
  9.8751647e-001
  9.0582916e-001
  8.1836090e-001
  7.2682917e-001
  6.3244703e-001
  5.3597984e-001
  4.3785039e-001
  3.3827127e-001
  2.3738184e-001
  1.3536854e-001
  3.2551503e-002
 -7.0572622e-002
 -1.7333426e-001
 -2.7493575e-001
 -3.7452571e-001
 -4.7128656e-001
 -5.6451727e-001
 -6.5369421e-001
 -7.3849692e-001
 -8.1879162e-001
 -8.9457221e-001
 -9.6586611e-001
 -1.0326185e+000
 -1.0945731e+000
 -1.1511691e+000
 -1.2014741e+000
 -1.2441664e+000
 -1.2775773e+000
 -1.2997916e+000
 -1.3088011e+000
 -1.3026943e+000
 -1.2798611e+000
 -1.2391879e+000
 -1.1802189e+000
 -1.1032613e+000
 -1.0094183e+000
 -9.0054435e-001
 -7.7912328e-001
 -6.4808147e-001
 -5.1055674e-001
 -3.6964811e-001
 -2.2817554e-001
 -8.8477516e-002
  4.7729947e-002
  1.7941639e-001
  3.0621522e-001
  4.2832056e-001
  5.4631600e-001
  6.6095710e-001
  7.7293498e-001
  8.8265077e-001
  9.9002948e-001
  1.0943964e+000
  1.1944323e+000
  1.2882122e+000
  1.3733254e+000
  1.4470598e+000
  1.5066313e+000
  1.5494286e+000
  1.5732473e+000
  1.5764837e+000
  1.5582694e+000
  1.5185321e+000
  1.4579783e+000
  1.3780037e+000
  1.2805469e+000
  1.1679052e+000
  1.0425400e+000
  9.0689481e-001
  7.6324981e-001
  6.1362894e-001
  4.5976771e-001
  3.0314165e-001
  1.4504625e-001
 -1.3288349e-002
 -1.7056919e-001
 -3.2532227e-001
 -4.7580630e-001
 -6.1997588e-001
 -7.5550475e-001
 -8.7987103e-001
 -9.9049770e-001
 -1.0849334e+000
 -1.1610520e+000
 -1.2172473e+000
 -1.2525960e+000
 -1.2669696e+000
 -1.2610770e+000
 -1.2364307e+000
 -1.1952385e+000
 -1.1402296e+000
 -1.0744340e+000
 -1.0009392e+000
 -9.2264959e-001
 -8.4207541e-001
 -7.6117226e-001
 -6.8124739e-001
 -6.0293988e-001
 -5.2627309e-001
 -4.5076942e-001
 -3.7561023e-001
 -2.9981919e-001
 -2.2244577e-001
 -1.4272658e-001
 -6.0206749e-002
  2.5190481e-002
  1.1315009e-001
  2.0300396e-001
  2.9381156e-001
  3.8446687e-001
  4.7381345e-001
  5.6074931e-001
  6.4430596e-001
  7.2369097e-001
  7.9828965e-001
  8.6762826e-001
  9.3130760e-001
  9.8892061e-001
  1.0399704e+000
  1.0838054e+000
  1.1195862e+000
  1.1462925e+000
  1.1627758e+000
  1.1678513e+000
  1.1604215e+000
  1.1396143e+000
  1.1049169e+000
  1.0562867e+000
  9.9422132e-001
  9.1977506e-001
  8.3451560e-001
  7.4042332e-001
  6.3974209e-001
  5.3479828e-001
  4.2780896e-001
  3.2070287e-001
  2.1497649e-001
  1.1160408e-001
  1.1013759e-002
 -8.6865957e-002
 -1.8249412e-001
 -2.7655282e-001
 -3.6975035e-001
 -4.6261669e-001
 -5.5531736e-001
 -6.4750997e-001
 -7.3826291e-001
 -8.2604821e-001
 -9.0881187e-001
 -9.8411542e-001
 -1.0493340e+000
 -1.1018891e+000
 -1.1394905e+000
 -1.1603601e+000
 -1.1634128e+000
 -1.1483747e+000
 -1.1158263e+000
 -1.0671667e+000
 -1.0045032e+000
 -9.3048087e-001
 -8.4806973e-001
 -7.6033315e-001
 -6.7020169e-001
 -5.8027397e-001
 -4.9266240e-001
 -4.0889518e-001
 -3.2987931e-001
 -2.5592204e-001
 -1.8680227e-001
 -1.2187910e-001
 -6.0221972e-002
 -7.4712501e-004
  5.7653624e-002
  1.1600214e-001
  1.7514760e-001
  2.3570642e-001
  2.9802661e-001
  3.6217205e-001
  4.2792073e-001
  4.9477157e-001
  5.6195552e-001
  6.2844951e-001
  6.9299432e-001
  7.5411983e-001
  8.1018264e-001
  8.5942117e-001
  9.0003186e-001
  9.3026740e-001
  9.4855394e-001
  9.5361977e-001
  9.4462409e-001
  9.2127124e-001
  8.8389453e-001
  8.3349467e-001
  7.7172095e-001
  7.0078871e-001
  6.2333385e-001
  5.4221274e-001
  4.6026376e-001
  3.8005320e-001
  3.0363227e-001
  2.3233337e-001
  1.6663142e-001
  1.0609067e-001
  4.9408691e-002
 -5.4411500e-003
 -6.0978637e-002
 -1.1991803e-001
 -1.8483137e-001
 -2.5780937e-001
 -3.4015701e-001
 -4.3215895e-001
 -5.3294275e-001
 -6.4045810e-001
 -7.5157757e-001
 -8.6231105e-001
 -9.6811330e-001
 -1.0642535e+000
 -1.1462087e+000
 -1.2100405e+000
 -1.2527155e+000
 -1.2723393e+000
 -1.2682789e+000
 -1.2411672e+000
 -1.1927915e+000
 -1.1258829e+000
 -1.0438351e+000
 -9.5038338e-001
 -8.4928372e-001
 -7.4402313e-001
 -6.3759178e-001
 -5.3233497e-001
 -4.2989348e-001
 -3.3122845e-001
 -2.3671744e-001
 -1.4629955e-001
 -5.9643939e-002
  2.3685241e-002
  1.0409062e-001
  1.8184707e-001
  2.5705925e-001
  3.2966990e-001
  3.9950951e-001
  4.6637037e-001
  5.3008508e-001
  5.9058858e-001
  6.4794668e-001
  7.0233993e-001
  7.5400042e-001
  8.0310801e-001
  8.4966109e-001
  8.9334339e-001
  9.3341147e-001
  9.6862710e-001
  9.9725426e-001
  1.0171324e+000
  1.0258273e+000
  1.0208500e+000
  9.9992195e-001
  9.6125816e-001
  9.0383249e-001
  8.2759055e-001
  7.3357850e-001
  6.2396523e-001
  5.0194710e-001
  3.7153866e-001
  2.3726729e-001
  1.0380213e-001
 -2.4442610e-002
 -1.4368546e-001
 -2.5109274e-001
 -3.4499345e-001
 -4.2496772e-001
 -4.9179742e-001
 -5.4728385e-001
 -5.9395393e-001
 -6.3468980e-001
 -6.7232627e-001
 -7.0926505e-001
 -7.4715214e-001
 -7.8665735e-001
 -8.2738186e-001
 -8.6790389e-001
 -9.0595496e-001
 -9.3870307e-001
 -9.6310575e-001
 -9.7628739e-001
 -9.7589281e-001
 -9.6037236e-001
 -9.2916376e-001
 -8.8274897e-001
 -8.2258179e-001
 -7.5089812e-001
 -6.7043674e-001
 -5.8410936e-001
 -4.9466534e-001
 -4.0439630e-001
 -3.1491994e-001
 -2.2707104e-001
 -1.4091285e-001
 -5.5864992e-002
  2.9071750e-002
  1.1502707e-001
  2.0295123e-001
  2.9332874e-001
  3.8595772e-001
  4.7982794e-001
  5.7311737e-001
  6.6331047e-001
  7.4742487e-001
  8.2231784e-001
  8.8503267e-001
  9.3313896e-001
  9.6502127e-001
  9.8007652e-001
  9.7879269e-001
  9.6269673e-001
  9.3417677e-001
  8.9620075e-001
  8.5196717e-001
  8.0453299e-001
  7.5646685e-001
  7.0957266e-001
  6.6471913e-001
  6.2179717e-001
  5.7980971e-001
  5.3708131e-001
  4.9155856e-001
  4.4116070e-001
  3.8413292e-001
  3.1935476e-001
  2.4656205e-001
  1.6645282e-001
  8.0662990e-002
 -8.3844239e-003
 -9.7736011e-002
 -1.8423558e-001
 -2.6487821e-001
 -3.3714283e-001
 -3.9925841e-001
 -4.5036801e-001
 -4.9056909e-001
 -5.2082527e-001
 -5.4276277e-001
 -5.5838017e-001
 -5.6971278e-001
 -5.7849872e-001
 -5.8589417e-001
 -5.9227848e-001
 -5.9717776e-001
 -5.9931913e-001
 -5.9681017e-001
 -5.8742016e-001
 -5.6892581e-001
 -5.3947434e-001
 -4.9791383e-001
 -4.4404439e-001
 -3.7875355e-001
 -3.0401444e-001
 -2.2274332e-001
 -1.3853179e-001
 -5.5285804e-002
  2.3183473e-002
  9.3565271e-002
  1.5339933e-001
  2.0132549e-001
  2.3720057e-001
  2.6206723e-001
  2.7797907e-001
  2.8770461e-001
  2.9434854e-001
  3.0093968e-001
  3.1003862e-001
  3.2341592e-001
  3.4184158e-001
  3.6501195e-001
  3.9162182e-001
  4.1957016e-001
  4.4627012e-001
  4.6902050e-001
  4.8538762e-001
  4.9354573e-001
  4.9252965e-001
  4.8236588e-001
  4.6406445e-001
  4.3947331e-001
  4.1101541e-001
  3.8134470e-001
  3.5296845e-001
  3.2788801e-001
  3.0730761e-001
  2.9145214e-001
  2.7952005e-001
  2.6977944e-001
  2.5979619e-001
  2.4676527e-001
  2.2790181e-001
  2.0084097e-001
  1.6399313e-001
  1.1680722e-001
  5.9906178e-002
 -4.9246865e-003
 -7.4896585e-002
 -1.4650455e-001
 -2.1590754e-001
 -2.7935369e-001
 -3.3359750e-001
 -3.7625651e-001
 -4.0606337e-001
 -4.2298262e-001
 -4.2817886e-001
 -4.2384240e-001
 -4.1289627e-001
 -3.9862327e-001
 -3.8426150e-001
 -3.7261965e-001
 -3.6576007e-001
 -3.6478760e-001
 -3.6976758e-001
 -3.7977944e-001
 -3.9309384e-001
 -4.0744606e-001
 -4.2036601e-001
 -4.2951898e-001
 -4.3301143e-001
 -4.2962180e-001
 -4.1892809e-001
 -4.0131862e-001
 -3.7788923e-001
 -3.5024542e-001
 -3.2024124e-001
 -2.8969451e-001
 -2.6012052e-001
 -2.3252299e-001
 -2.0727181e-001
 -1.8408440e-001
 -1.6211195e-001
 -1.4011675e-001
 -1.1671316e-001
 -9.0635883e-002
 -6.0994761e-002
 -2.7477267e-002
  9.5329393e-003
  4.8941089e-002
  8.9035000e-002
  1.2767674e-001
  1.6256733e-001
  1.9154874e-001
  2.1290118e-001
  2.2559378e-001
  2.2945193e-001
  2.2521581e-001
  2.1447850e-001
  1.9950882e-001
  1.8297953e-001
  1.6763464e-001
  1.5593869e-001
  1.4975363e-001
  1.5008611e-001
  1.5693943e-001
  1.6929072e-001
  1.8519796e-001
  2.0202451e-001
  2.1675317e-001
  2.2635041e-001
  2.2813431e-001
  2.2009965e-001
  2.0115880e-001
  1.7126827e-001
  1.3142579e-001
  8.3539494e-002
  3.0187648e-002
 -2.5698572e-002
 -8.1186935e-002
 -1.3368420e-001
 -1.8121988e-001
 -2.2263733e-001
 -2.5766830e-001
 -2.8688320e-001
 -3.1152589e-001
 -3.3325749e-001
 -3.5384599e-001
 -3.7484516e-001
 -3.9730820e-001
 -4.2157620e-001
 -4.4717146e-001
 -4.7281134e-001
 -4.9654208e-001
 -5.1597529e-001
 -5.2859613e-001
 -5.3210201e-001
 -5.2472628e-001
 -5.0550288e-001
 -4.7443565e-001
 -4.3254796e-001
 -3.8180432e-001
 -3.2491215e-001
 -2.6502769e-001
 -2.0540271e-001
 -1.4901658e-001
 -9.8240249e-002
 -5.4574857e-002
 -1.8498078e-002
  1.0562315e-002
  3.4124501e-002
  5.4431623e-002
  7.4141904e-002
  9.5969065e-002
  1.2231824e-001
  1.5496271e-001
  1.9480122e-001
  2.4172493e-001
  2.9460892e-001
  3.5142737e-001
  4.0947594e-001
  4.6567177e-001
  5.1689261e-001
  5.6031234e-001
  5.9369208e-001
  6.1559247e-001
  6.2548416e-001
  6.2374691e-001
  6.1156249e-001
  5.9071995e-001
  5.6336237e-001
  5.3171093e-001
  4.9780328e-001
  4.6328015e-001
  4.2924597e-001
  3.9621811e-001
  3.6416694e-001
  3.3263566e-001
  3.0091860e-001
  2.6826849e-001
  2.3410055e-001
  1.9816187e-001
  1.6064079e-001
  1.2219969e-001
  8.3926391e-002
  4.7210851e-002
  1.3565148e-002
 -1.5587298e-002
 -3.9122541e-002
 -5.6396017e-002
 -6.7364629e-002
 -7.2631901e-002
 -7.3407504e-002
 -7.1384184e-002
 -6.8546373e-002
 -6.6934212e-002
 -6.8392904e-002
 -7.4339564e-002
 -8.5577658e-002
 -1.0218310e-001
 -1.2347684e-001
 -1.4808765e-001
 -1.7409733e-001
 -1.9924996e-001
 -2.2119902e-001
 -2.3776169e-001
 -2.4714908e-001
 -2.4814510e-001
 -2.4021341e-001
 -2.2352195e-001
 -1.9888514e-001
 -1.6763440e-001
 -1.3143687e-001
 -9.2087790e-002
 -5.1304990e-002
 -1.0552260e-002
  2.9086388e-002
  6.6967358e-002
  1.0287829e-001
  1.3696424e-001
  1.6960337e-001
  2.0125290e-001
  2.3229006e-001
  2.6287265e-001
  2.9284074e-001
  3.2167459e-001
  3.4851553e-001
  3.7224737e-001
  3.9162700e-001
  4.0544548e-001
  4.1269679e-001
  4.1272962e-001
  4.0535998e-001
  3.9092767e-001
  3.7028701e-001
  3.4473167e-001
  3.1586191e-001
  2.8541109e-001
  2.5505351e-001
  2.2621862e-001
  1.9993596e-001
  1.7673112e-001
  1.5658646e-001
  1.3897169e-001
  1.2294032e-001
  1.0727926e-001
  9.0691692e-002
  7.1989335e-002
  5.0268729e-002
  2.5048489e-002
 -3.6503564e-003
 -3.5291301e-002
 -6.8878111e-002
 -1.0307193e-001
 -1.3635436e-001
 -1.6721519e-001
 -1.9434061e-001
 -2.1677761e-001
 -2.3405375e-001
 -2.4623747e-001
 -2.5393163e-001
 -2.5820193e-001
 -2.6044984e-001
 -2.6224673e-001
 -2.6515016e-001
 -2.7052549e-001
 -2.7939421e-001
 -2.9232676e-001
 -3.0939106e-001
 -3.3016085e-001
 -3.5377983e-001
 -3.7907083e-001
 -4.0467378e-001
 -4.2919335e-001
 -4.5133691e-001
 -4.7002567e-001
 -4.8446658e-001
 -4.9417858e-001
 -4.9897379e-001
 -4.9890037e-001
 -4.9415940e-001
 -4.8501108e-001
 -4.7168681e-001
 -4.5432204e-001
 -4.3292103e-001
 -4.0735969e-001
 -3.7742600e-001
 -3.4289190e-001
 -3.0360501e-001
 -2.5958547e-001
 -2.1111161e-001
 -1.5877949e-001
 -1.0352478e-001
 -4.6600550e-002
  1.0489304e-002
  6.6094682e-002
  1.1855012e-001
  1.6631583e-001
  2.0811093e-001
  2.4302136e-001
  2.7056785e-001
  2.9072435e-001
  3.0388361e-001
  3.1077389e-001
  3.1233681e-001
  3.0958251e-001
  3.0344070e-001
  2.9462786e-001
  2.8354852e-001
  2.7024440e-001
  2.5439932e-001
  2.3540027e-001
  2.1244756e-001
  1.8470065e-001
  1.5144080e-001
  1.1222961e-001
  6.7042056e-002
  1.6355750e-002
 -3.8816740e-002
 -9.6958885e-002
 -1.5614296e-001
 -2.1417550e-001
 -2.6877964e-001
 -3.1779414e-001
 -3.5936635e-001
 -3.9211737e-001
 -4.1526071e-001
 -4.2866121e-001
 -4.3282836e-001
 -4.2884551e-001
 -4.1824404e-001
 -4.0283782e-001
 -3.8453713e-001
 -3.6516342e-001
 -3.4628486e-001
 -3.2908986e-001
 -3.1431004e-001
 -3.0219787e-001
 -2.9255719e-001
 -2.8481864e-001
 -2.7814694e-001
 -2.7156384e-001
 -2.6406988e-001
 -2.5474952e-001
 -2.4284773e-001
 -2.2781115e-001
 -2.0929254e-001
 -1.8712289e-001
 -1.6126051e-001
 -1.3172921e-001
 -9.8559449e-002
 -6.1744991e-002
 -2.1225121e-002
  2.3102162e-002
  7.1335758e-002
  1.2350118e-001
  1.7946445e-001
  2.3884385e-001
  3.0093450e-001
  3.6466045e-001
  4.2856611e-001
  4.9085415e-001
  5.4947126e-001
  6.0223694e-001
  6.4700407e-001
  6.8183549e-001
  7.0517743e-001
  7.1600997e-001
  7.1395625e-001
  6.9933613e-001
  6.7315589e-001
  6.3703242e-001
  5.9305810e-001
  5.4361910e-001
  4.9118573e-001
  4.3809663e-001
  3.8635983e-001
  3.3749192e-001
  2.9241258e-001
  2.5140537e-001
  2.1414867e-001
  1.7981254e-001
  1.4721010e-001
  1.1498604e-001
  8.1820895e-002
  4.6628319e-002
  8.7234337e-003
 -3.2055794e-002
 -7.5286961e-002
 -1.1996727e-001
 -1.6458180e-001
 -2.0722753e-001
 -2.4577901e-001
 -2.7807729e-001
 -3.0212203e-001
 -3.1624714e-001
 -3.1926285e-001
 -3.1055162e-001
 -2.9011088e-001
 -2.5854163e-001
 -2.1698779e-001
 -1.6703608e-001
 -1.1058965e-001
 -4.9730283e-002
  1.3416249e-002
  7.6798944e-002
  1.3853518e-001
  1.9697402e-001
  2.5072848e-001
  2.9868021e-001
  3.3996320e-001
  3.7393503e-001
  4.0014499e-001
  4.1830708e-001
  4.2828419e-001
  4.3008628e-001
  4.2388246e-001
  4.1002323e-001
  3.8906659e-001
  3.6180040e-001
  3.2925252e-001
  2.9268180e-001
  2.5354490e-001
  2.1343710e-001
  1.7400916e-001
  1.3686565e-001
  1.0345356e-001
  7.4952218e-002
  5.2176203e-002
  3.5502862e-002
  2.4833674e-002
  1.9595726e-002
  1.8785438e-002
  2.1052138e-002
  2.4814782e-002
  2.8401341e-002
  3.0197791e-002
  2.8792364e-002
  2.3101132e-002
  1.2462794e-002
 -3.3062206e-003
 -2.3901106e-002
 -4.8562666e-002
 -7.6151532e-002
 -1.0525424e-001
 -1.3430978e-001
 -1.6174368e-001
 -1.8609621e-001
 -2.0613297e-001
 -2.2092821e-001
 -2.2991498e-001
 -2.3289985e-001
 -2.3004424e-001
 -2.2181749e-001
 -2.0892966e-001
 -1.9225364e-001
 -1.7274622e-001
 -1.5137698e-001
 -1.2907186e-001
 -1.0667550e-001
 -8.4933426e-002
 -6.4492199e-002
 -4.5913047e-002
 -2.9692824e-002
 -1.6285425e-002
 -6.1171480e-003
  4.0915904e-004
  2.9241066e-003
  1.1162364e-003
 -5.2315371e-003
 -1.6198495e-002
 -3.1682524e-002
 -5.1364115e-002
 -7.4685530e-002
 -1.0085145e-001
 -1.2885513e-001
 -1.5753109e-001
 -1.8563206e-001
 -2.1192440e-001
 -2.3529359e-001
 -2.5484912e-001
 -2.7001733e-001
 -2.8061120e-001
 -2.8686762e-001
 -2.8944578e-001
 -2.8938385e-001
 -2.8801553e-001
 -2.8685223e-001
 -2.8744063e-001
 -2.9120816e-001
 -2.9931073e-001
 -3.1249757e-001
 -3.3100654e-001
 -3.5450095e-001
 -3.8205500e-001
 -4.1219070e-001
 -4.4296401e-001
 -4.7209370e-001
 -4.9712208e-001
 -5.1559414e-001
 -5.2523997e-001
 -5.2414509e-001
 -5.1089502e-001
 -4.8468257e-001
 -4.4537054e-001
 -3.9350614e-001
 -3.3028812e-001
 -2.5749157e-001
 -1.7735852e-001
 -9.2464833e-002
 -5.5751061e-003
  8.0503011e-002
  1.6305468e-001
  2.3957573e-001
  3.0786701e-001
  3.6610257e-001
  4.1287167e-001
  4.4719733e-001
  4.6853511e-001
  4.7675721e-001
  4.7212651e-001
  4.5526474e-001
  4.2711741e-001
  3.8891689e-001
  3.4214330e-001
  2.8848188e-001
  2.2977490e-001
  1.6796602e-001
  1.0503609e-001
  4.2930374e-002
 -1.6520761e-002
 -7.1683986e-002
 -1.2120238e-001
 -1.6406528e-001
 -1.9966142e-001
 -2.2780834e-001
 -2.4875278e-001
 -2.6313872e-001
 -2.7194297e-001
 -2.7638131e-001
 -2.7779185e-001
 -2.7750486e-001
 -2.7671078e-001
 -2.7633893e-001
 -2.7695913e-001
 -2.7871703e-001
 -2.8131062e-001
 -2.8401176e-001
 -2.8573216e-001
 -2.8512819e-001
 -2.8073533e-001
 -2.7111909e-001
 -2.5502784e-001
 -2.3153207e-001
 -2.0013595e-001
 -1.6084969e-001
 -1.1421523e-001
 -6.1282580e-002
 -3.5389719e-003
  5.7201692e-002
  1.1893805e-001
  1.7963502e-001
  2.3737669e-001
  2.9050367e-001
  3.3772178e-001
  3.7817297e-001
  4.1146296e-001
  4.3764560e-001
  4.5716796e-001
  4.7078450e-001
  4.7945144e-001
  4.8421375e-001
  4.8609739e-001
  4.8601761e-001
  4.8471149e-001
  4.8269944e-001
  4.8027615e-001
  4.7752814e-001
  4.7437152e-001
  4.7060199e-001
  4.6594795e-001
  4.6011826e-001
  4.5283798e-001
  4.4386792e-001
  4.3300712e-001
  4.2008048e-001
  4.0491646e-001
  3.8732190e-001
  3.6706143e-001
  3.4384880e-001
  3.1735543e-001
  2.8723909e-001
  2.5319207e-001
  2.1500494e-001
  1.7263880e-001
  1.2629668e-001
  7.6483728e-002
  2.4045990e-002
 -2.9820590e-002
 -8.3596319e-002
 -1.3550063e-001
 -1.8358880e-001
 -2.2587549e-001
 -2.6047440e-001
 -2.8574086e-001
 -3.0040340e-001
 -3.0367052e-001
 -2.9530175e-001
 -2.7563513e-001
 -2.4556816e-001
 -2.0649401e-001
 -1.6019964e-001
 -1.0873633e-001
 -5.4275961e-002
  1.0325704e-003
  5.5193068e-002
  1.0646611e-001
  1.5343945e-001
  1.9506094e-001
  2.3063482e-001
  2.5978660e-001
  2.8240520e-001
  2.9857308e-001
  3.0849598e-001
  3.1244259e-001
  3.1070226e-001
  3.0356540e-001
  2.9132721e-001
  2.7431113e-001
  2.5290543e-001
  2.2760363e-001
  1.9903875e-001
  1.6800201e-001
  1.3543868e-001
  1.0241726e-001
  7.0072039e-002
  3.9523751e-002
  1.1786300e-002
 -1.2329072e-002
 -3.2299786e-002
 -4.7955801e-002
 -5.9511111e-002
 -6.7556065e-002
 -7.3008306e-002
 -7.7025176e-002
 -8.0885416e-002
 -8.5852155e-002
 -9.3031978e-002
 -1.0324599e-001
 -1.1692787e-001
 -1.3406134e-001
 -1.5416493e-001
 -1.7632692e-001
 -1.9928734e-001
 -2.2155857e-001
 -2.4157153e-001
 -2.5783163e-001
 -2.6906733e-001
 -2.7435544e-001
 -2.7320976e-001
 -2.6562429e-001
 -2.5206756e-001
 -2.3343016e-001
 -2.1093294e-001
 -1.8600768e-001
 -1.6016446e-001
 -1.3486123e-001
 -1.1138963e-001
 -9.0788801e-002
 -7.3794440e-002
 -6.0825946e-002
 -5.2009271e-002
 -4.7228855e-002
 -4.6198700e-002
 -4.8540794e-002
 -5.3859024e-002
 -6.1798177e-002
 -7.2080585e-002
 -8.4516730e-002
 -9.8990392e-002
 -1.1542285e-001
 -1.3372387e-001
 -1.5373909e-001
 -1.7520398e-001
 -1.9771343e-001
 -2.2071356e-001
 -2.4351894e-001
 -2.6535444e-001
 -2.8541713e-001
 -3.0295025e-001
 -3.1731936e-001
 -3.2807976e-001
 -3.3502541e-001
 -3.3821154e-001
 -3.3794665e-001
 -3.3475378e-001
 -3.2930482e-001
 -3.2233565e-001
 -3.1455258e-001
 -3.0654177e-001
 -2.9869356e-001
 -2.9115136e-001
 -2.8379238e-001
 -2.7624282e-001
 -2.6792618e-001
 -2.5813903e-001
 -2.4614492e-001
 -2.3127502e-001
 -2.1302305e-001
 -1.9112301e-001
 -1.6560023e-001
 -1.3678987e-001
 -1.0532099e-001
 -7.2068453e-002
 -3.8079177e-002
 -4.4816779e-003
  2.7609957e-002
  5.7186590e-002
  8.3419036e-002
  1.0571000e-001
  1.2371876e-001
  1.3735797e-001
  1.4676582e-001
  1.5225943e-001
  1.5427760e-001
  1.5332158e-001
  1.4990227e-001
  1.4450004e-001
  1.3754134e-001
  1.2939289e-001
  1.2037127e-001
  1.1076331e-001
  1.0085094e-001
  9.0933496e-002
  8.1341218e-002
  7.2435325e-002
  6.4592401e-002
  5.8173931e-002
  5.3484551e-002
  5.0725028e-002
  4.9947483e-002
  5.1020753e-002
  5.3612944e-002
  5.7196292e-002
  6.1076557e-002
  6.4445892e-002
  6.6454778e-002
  6.6295734e-002
  6.3289561e-002
  5.6964059e-002
  4.7115738e-002
  3.3846829e-002
  1.7572805e-002
 -1.0008633e-003
 -2.0930239e-002
 -4.1106871e-002
 -6.0345655e-002
 -7.7476624e-002
 -9.1430511e-002
 -1.0130916e-001
 -1.0643419e-001
 -1.0637054e-001
 -1.0092493e-001
 -9.0122858e-002
 -7.4170297e-002
 -5.3407950e-002
 -2.8266521e-002
  7.6964081e-004
  3.3185104e-002
  6.8439668e-002
  1.0595924e-001
  1.4511525e-001
  1.8519911e-001
  2.2539966e-001
  2.6479170e-001
  3.0234244e-001
  3.3694014e-001
  3.6744595e-001
  3.9276590e-001
  4.1193643e-001
  4.2421394e-001
  4.2915689e-001
  4.2668895e-001
  4.1713298e-001
  4.0120884e-001
  3.7999196e-001
  3.5483476e-001
  3.2725759e-001
  2.9882045e-001
  2.7098951e-001
  2.4501362e-001
  2.2182568e-001
  2.0198047e-001
  1.8563685e-001
  1.7258621e-001
  1.6232363e-001
  1.5415234e-001
  1.4730774e-001
  1.4108458e-001
  1.3495012e-001
  1.2862798e-001
  1.2214075e-001
  1.1580535e-001
  1.1018096e-001
  1.0597599e-001
  1.0392645e-001
  1.0466191e-001
  1.0857767e-001
  1.1573115e-001
  1.2577807e-001
  1.3795862e-001
  1.5113799e-001
  1.6389804e-001
  1.7467052e-001
  1.8189611e-001
  1.8419025e-001
  1.8049504e-001
  1.7019802e-001
  1.5320255e-001
  1.2994022e-001
  1.0132324e-001
  6.8642152e-002
  3.3421263e-002
 -2.7501317e-003
 -3.8389724e-002
 -7.2275570e-002
 -1.0356143e-001
 -1.3183938e-001
 -1.5714173e-001
 -1.7988202e-001
 -2.0074282e-001
 -2.2052486e-001
 -2.3997744e-001
 -2.5963243e-001
 -2.7966412e-001
 -2.9979438e-001
 -3.1925692e-001
 -3.3682726e-001
 -3.5091736e-001
 -3.5972529e-001
 -3.6142410e-001
 -3.5436886e-001
 -3.3729860e-001
 -3.0951022e-001
 -2.7098461e-001
 -2.2245061e-001
 -1.6537932e-001
 -1.0190881e-001
 -3.4706958e-002
  3.3213756e-002
  9.8711032e-002
  1.5873634e-001
  2.1054663e-001
  2.5188579e-001
  2.8112168e-001
  2.9732993e-001
  3.0032139e-001
  2.9061596e-001
  2.6936999e-001
  2.3826787e-001
  1.9939006e-001
  1.5507002e-001
  1.0775093e-001
  5.9851203e-002
  1.3644429e-002
 -2.8842764e-002
 -6.5914239e-002
 -9.6269766e-002
 -1.1905348e-001
 -1.3388622e-001
 -1.4088155e-001
 -1.4064410e-001
 -1.3424780e-001
 -1.2319088e-001
 -1.0932514e-001
 -9.4758146e-002
 -8.1729596e-002
 -7.2466005e-002
 -6.9021591e-002
 -7.3116345e-002
 -8.5984835e-002
 -1.0825052e-001
 -1.3983990e-001
 -1.7994844e-001
 -2.2706635e-001
 -2.7906645e-001
 -3.3335038e-001
 -3.8704262e-001
 -4.3721609e-001
 -4.8112877e-001
 -5.1644852e-001
 -5.4144332e-001
 -5.5511728e-001
 -5.5727771e-001
 -5.4852570e-001
 -5.3017066e-001
 -5.0407764e-001
 -4.7246347e-001
 -4.3766355e-001
 -4.0189414e-001
 -3.6703548e-001
 -3.3445863e-001
 -3.0491346e-001
 -2.7848853e-001
 -2.5464499e-001
 -2.3231871e-001
 -2.1007699e-001
 -1.8631082e-001
 -1.5944023e-001
 -1.2810979e-001
 -9.1353518e-002
 -4.8712827e-002
 -2.9760206e-004
  5.3212564e-002
  1.1062291e-001
  1.7032364e-001
  2.3042119e-001
  2.8888379e-001
  3.4368471e-001
  3.9292869e-001
  4.3495099e-001
  4.6838360e-001
  4.9218800e-001
  5.0565902e-001
  5.0840747e-001
  5.0033117e-001
  4.8158428e-001
  4.5255258e-001
  4.1383995e-001
  3.6626694e-001
  3.1087855e-001
  2.4895513e-001
  1.8201807e-001
  1.1182137e-001
  4.0321556e-002
 -3.0378713e-002
 -9.8114302e-002
 -1.6076441e-001
 -2.1637429e-001
 -2.6327999e-001
 -3.0022196e-001
 -3.2643361e-001
 -3.4169237e-001
 -3.4632500e-001
 -3.4116400e-001
 -3.2745785e-001
 -3.0674409e-001
 -2.8069884e-001
 -2.5098001e-001
 -2.1908242e-001
 -1.8622184e-001
 -1.5326124e-001
 -1.2068716e-001
 -8.8637497e-002
 -5.6974876e-002
 -2.5394022e-002
  6.4534766e-003
  3.8835618e-002
  7.1836092e-002
  1.0528550e-001
  1.3873797e-001
  1.7149670e-001
  2.0268477e-001
  2.3135046e-001
  2.5659123e-001
  2.7767714e-001
  2.9415433e-001
  3.0591160e-001
  3.1319839e-001
  3.1658947e-001
  3.1689963e-001
  3.1505947e-001
  3.1196953e-001
  3.0835457e-001
  3.0464006e-001
  3.0087139e-001
  2.9669043e-001
  2.9137657e-001
  2.8394998e-001
  2.7332569e-001
  2.5849895e-001
  2.3873638e-001
  2.1374555e-001
  1.8379643e-001
  1.4977413e-001
  1.1314999e-001
  7.5869498e-002
  4.0166317e-002
  8.3227717e-003
 -1.7594485e-002
 -3.5990005e-002
 -4.5951938e-002
 -4.7390915e-002
 -4.1083239e-002
 -2.8607698e-002
 -1.2178740e-002
  5.6075949e-003
  2.2086576e-002
  3.4859263e-002
  4.2106991e-002
  4.2845167e-002
  3.7081845e-002
  2.5857320e-002
  1.1155145e-002
 -4.3091759e-003
 -1.7400094e-002
 -2.4939569e-002
 -2.4106165e-002
 -1.2807714e-002
  1.0018423e-002
  4.4215715e-002
  8.8355025e-002
  1.3982697e-001
  1.9507228e-001
  2.4992564e-001
  3.0003473e-001
  3.4130676e-001
  3.7033140e-001
  3.8473135e-001
  3.8340068e-001
  3.6660409e-001
  3.3592689e-001
  2.9408316e-001
  2.4460593e-001
  1.9145694e-001
  1.3860208e-001
  8.9601593e-002
  4.7261346e-002
  1.3382502e-002
 -1.1365547e-002
 -2.7440002e-002
 -3.6294244e-002
 -4.0143961e-002
 -4.1663063e-002
 -4.3649408e-002
 -4.8701886e-002
 -5.8946446e-002
 -7.5840159e-002
 -1.0007044e-001
 -1.3155305e-001
 -1.6951908e-001
 -2.1267005e-001
 -2.5937228e-001
 -3.0785869e-001
 -3.5640751e-001
 -4.0347342e-001
 -4.4775611e-001
 -4.8820216e-001
 -5.2394824e-001
 -5.5422306e-001
 -5.7823305e-001
 -5.9505929e-001
 -6.0359192e-001
 -6.0252244e-001
 -5.9040467e-001
 -5.6578419e-001
 -5.2738386e-001
 -4.7432258e-001
 -4.0633715e-001
 -3.2397328e-001
 -2.2871355e-001
 -1.2301628e-001
 -1.0249376e-002
  1.0548339e-001
  2.1961232e-001
  3.2744313e-001
  4.2453416e-001
  5.0706784e-001
  5.7217298e-001
  6.1815947e-001
  6.4463572e-001
  6.5249304e-001
  6.4375672e-001
  6.2131969e-001
  5.8858930e-001
  5.4908835e-001
  5.0605746e-001
  4.6210606e-001
  4.1895318e-001
  3.7728847e-001
  3.3676890e-001
  2.9614994e-001
  2.5353340e-001
  2.0669980e-001
  1.5348279e-001
  9.2138483e-002
  2.1663238e-002
 -5.7979547e-002
 -1.4575142e-001
 -2.3956260e-001
 -3.3642372e-001
 -4.3270650e-001
 -5.2448076e-001
 -6.0788678e-001
 -6.7949816e-001
 -7.3663284e-001
 -7.7757702e-001
 -8.0169865e-001
 -8.0944120e-001
 -8.0220349e-001
 -7.8212522e-001
 -7.5180846e-001
 -7.1401218e-001
 -6.7135830e-001
 -6.2608443e-001
 -5.7987055e-001
 -5.3375576e-001
 -4.8814854e-001
 -4.4292135e-001
 -3.9756946e-001
 -3.5140631e-001
 -3.0376438e-001
 -2.5417115e-001
 -2.0247545e-001
 -1.4890740e-001
 -9.4066356e-002
 -3.8841855e-002
  1.5717152e-002
  6.8562115e-002
  1.1880700e-001
  1.6586598e-001
  2.0954388e-001
  2.5006399e-001
  2.8802705e-001
  3.2430602e-001
  3.5989059e-001
  3.9570336e-001
  4.3241405e-001
  4.7027899e-001
  5.0902993e-001
  5.4782995e-001
  5.8530489e-001
  6.1964845e-001
  6.4878935e-001
  6.7059968e-001
  6.8311851e-001
  6.8476211e-001
  6.7449409e-001
  6.5193378e-001
  6.1738979e-001
  5.7181523e-001
  5.1669168e-001
  4.5385835e-001
  3.8530989e-001
  3.1299006e-001
  2.3860886e-001
  1.6350676e-001
  8.8582987e-002
  1.4295967e-002
 -5.9266468e-002
 -1.3225873e-001
 -2.0491083e-001
 -2.7734829e-001
 -3.4942544e-001
 -4.2059662e-001
 -4.8984491e-001
 -5.5567989e-001
 -6.1620646e-001
 -6.6925750e-001
 -7.1257405e-001
 -7.4401098e-001
 -7.6174255e-001
 -7.6444241e-001
 -7.5141642e-001
 -7.2267298e-001
 -6.7892361e-001
 -6.2151607e-001
 -5.5231033e-001
 -4.7351507e-001
 -3.8750630e-001
 -2.9665140e-001
 -2.0315949e-001
 -1.0897452e-001
 -1.5720675e-002
  7.5298604e-002
  1.6305424e-001
  2.4671090e-001
  3.2552986e-001
  3.9877475e-001
  4.6563860e-001
  5.2520676e-001
  5.7646393e-001
  6.1834679e-001
  6.4983560e-001
  6.7007228e-001
  6.7848724e-001
  6.7491550e-001
  6.5968308e-001
  6.3364848e-001
  5.9818963e-001
  5.5513396e-001
  5.0663712e-001
  4.5502281e-001
  4.0260177e-001
  3.5149072e-001
  3.0345275e-001
  2.5977759e-001
  2.2121525e-001
  1.8796958e-001
  1.5975059e-001
  1.3587670e-001
  1.1541199e-001
  9.7319374e-002
  8.0608956e-002
  6.4462432e-002
  4.8318170e-002
  3.1907711e-002
  1.5241585e-002
 -1.4503285e-003
 -1.7812177e-002
 -3.3472865e-002
 -4.8155455e-002
 -6.1767028e-002
 -7.4453879e-002
 -8.6612195e-002
 -9.8851103e-002
 -1.1191211e-001
 -1.2655569e-001
 -1.4343073e-001
 -1.6294583e-001
 -1.8516125e-001
 -2.0971849e-001
 -2.3581916e-001
 -2.6225881e-001
 -2.8751381e-001
 -3.0987232e-001
 -3.2759457e-001
 -3.3908345e-001
 -3.4304504e-001
 -3.3861993e-001
 -3.2546971e-001
 -3.0380900e-001
 -2.7437997e-001
 -2.3837397e-001
 -1.9731086e-001
 -1.5289203e-001
 -1.0684566e-001
 -6.0783056e-002
 -1.6082537e-002
  2.6186819e-002
  6.5295399e-002
  1.0083743e-001
  1.3267596e-001
  1.6086010e-001
  1.8552919e-001
  2.0682002e-001
  2.2479145e-001
  2.3937788e-001
  2.5037769e-001
  2.5747748e-001
  2.6030677e-001
  2.5851354e-001
  2.5184747e-001
  2.4023658e-001
  2.2384414e-001
  2.0309557e-001
  1.7866975e-001
  1.5145458e-001
  1.2247213e-001
  9.2783630e-002
  6.3387575e-002
  3.5125857e-002
  8.6117123e-003
 -1.5809529e-002
 -3.8060614e-002
 -5.8292804e-002
 -7.6811841e-002
 -9.3979920e-002
 -1.1010805e-001
 -1.2535506e-001
 -1.3964902e-001
 -1.5264443e-001
 -1.6372349e-001
 -1.7204434e-001
 -1.7663224e-001
 -1.7650372e-001
 -1.7080875e-001
 -1.5897299e-001
 -1.4082126e-001
 -1.1666518e-001
 -8.7342049e-002
 -5.4197483e-002
 -1.9011296e-002
  1.6127019e-002
  4.8980756e-002
  7.7349266e-002
  9.9252403e-002
  1.1309644e-001
  1.1780406e-001
  1.1289541e-001
  9.8513212e-002
  7.5391212e-002
  4.4772066e-002
  8.2858707e-003
 -3.2195430e-002
 -7.4710849e-002
 -1.1735389e-001
 -1.5839281e-001
 -1.9635774e-001
 -2.3008984e-001
 -2.5875307e-001
 -2.8181394e-001
 -2.9899822e-001
 -3.1023581e-001
 -3.1560494e-001
 -3.1528571e-001
 -3.0952959e-001
 -2.9864795e-001
 -2.8301830e-001
 -2.6310336e-001
 -2.3947504e-001
 -2.1283441e-001
 -1.8401878e-001
 -1.5398900e-001
 -1.2379354e-001
 -9.4509468e-002
 -6.7165225e-002
 -4.2653389e-002
 -2.1644512e-002
 -4.5141269e-003
  8.7056002e-003
  1.8340573e-002
  2.5050671e-002
  2.9766616e-002
  3.3592719e-002
  3.7685237e-002
  4.3119746e-002
  5.0763043e-002
  6.1165176e-002
  7.4485282e-002
  9.0461182e-002
  1.0842751e-001
  1.2738130e-001
  1.4608817e-001
  1.6321697e-001
  1.7748752e-001
  1.8781385e-001
  1.9342628e-001
  1.9395786e-001
  1.8948521e-001
  1.8051918e-001
  1.6794694e-001
  1.5293269e-001
  1.3678930e-001
  1.2083596e-001
  1.0625872e-001
  9.3989606e-002
  8.4617404e-002
  7.8339167e-002
  7.4955973e-002
  7.3911331e-002
  7.4365491e-002
  7.5295086e-002
  7.5605121e-002
  7.4239739e-002
  7.0279354e-002
  6.3014421e-002
  5.1989897e-002
  3.7018737e-002
  1.8166960e-002
 -4.2836332e-003
 -2.9886626e-002
 -5.8086579e-002
 -8.8270056e-002
 -1.1980494e-001
 -1.5206362e-001
 -1.8442908e-001
 -2.1628608e-001
 -2.4700249e-001
 -2.7590772e-001
 -3.0227569e-001
 -3.2531927e-001
 -3.4420099e-001
 -3.5806246e-001
 -3.6607130e-001
 -3.6748158e-001
 -3.6170080e-001
 -3.4835503e-001
 -3.2734310e-001
 -2.9887170e-001
 -2.6346524e-001
 -2.2194748e-001
 -1.7539520e-001
 -1.2506809e-001
 -7.2322020e-002
 -1.8515083e-002
  3.5083090e-002
  8.7368674e-002
  1.3745919e-001
  1.8472162e-001
  2.2877092e-001
  2.6944063e-001
  3.0673064e-001
  3.4074011e-001
  3.7159514e-001
  3.9938122e-001
  4.2408955e-001
  4.4558415e-001
  4.6359364e-001
  4.7772826e-001
  4.8751896e-001
  4.9247271e-001
  4.9213606e-001
  4.8615789e-001
  4.7434292e-001
  4.5668887e-001
  4.3340257e-001
  4.0489351e-001
  3.7174628e-001
  3.3467634e-001
  2.9447549e-001
  2.5195477e-001
  2.0789238e-001
  1.6299324e-001
  1.1786465e-001
  7.3010271e-002
  2.8841323e-002
 -1.4298214e-002
 -5.6097997e-002
 -9.6245933e-002
 -1.3439781e-001
 -1.7015786e-001
 -2.0307446e-001
 -2.3265265e-001
 -2.5838261e-001
 -2.7978066e-001
 -2.9643718e-001
 -3.0806477e-001
 -3.1453961e-001
 -3.1592949e-001
 -3.1250395e-001
 -3.0472400e-001
 -2.9321164e-001
 -2.7870205e-001
 -2.6198349e-001
 -2.4383181e-001
 -2.2494662e-001
 -2.0589658e-001
 -1.8707950e-001
 -1.6870137e-001
 -1.5077581e-001
 -1.3314332e-001
 -1.1550689e-001
 -9.7479306e-002
 -7.8635993e-002
 -5.8567451e-002
 -3.6925606e-002
 -1.3459927e-002
  1.1959194e-002
  3.9330304e-002
  6.8522751e-002
  9.9287809e-002
  1.3127553e-001
  1.6405358e-001
  1.9712478e-001
  2.2994119e-001
  2.6191368e-001
  2.9241775e-001
  3.2079717e-001
  3.4636833e-001
  3.6842799e-001
  3.8626728e-001
  3.9919342e-001
  4.0655957e-001
  4.0780139e-001
  4.0247758e-001
  3.9031012e-001
  3.7121938e-001
  3.4534926e-001
  3.1307807e-001
  2.7501246e-001
  2.3196338e-001
  1.8490544e-001
  1.3492306e-001
  8.3148511e-002
  3.0698371e-002
 -2.1385065e-002
 -7.2181069e-002
 -1.2092166e-001
 -1.6700387e-001
 -2.0998265e-001
 -2.4954665e-001
 -2.8548118e-001
 -3.1762450e-001
 -3.4582433e-001
 -3.6990160e-001
 -3.8962698e-001
 -4.0471453e-001
 -4.1483370e-001
 -4.1963875e-001
 -4.1881189e-001
 -4.1211435e-001
 -3.9943841e-001
 -3.8085294e-001
 -3.5663573e-001
 -3.2728740e-001
 -2.9352410e-001
 -2.5624863e-001
 -2.1650281e-001
 -1.7540581e-001
 -1.3408537e-001
 -9.3609465e-002
 -5.4925927e-002
 -1.8816391e-002
  1.4130899e-002
  4.3527483e-002
  6.9170960e-002
  9.1014367e-002
  1.0912397e-001
  1.2363200e-001
  1.3469125e-001
  1.4243787e-001
  1.4696715e-001
  1.4832512e-001
  1.4651622e-001
  1.4152504e-001
  1.3334795e-001
  1.2202911e-001
  1.0769467e-001
  9.0579331e-002
  7.1040653e-002
  4.9558040e-002
  2.6715881e-002
  3.1723291e-003
 -2.0382616e-002
 -4.3274615e-002
 -6.4892156e-002
 -8.4727572e-002
 -1.0240690e-001
 -1.1770517e-001
 -1.3054567e-001
 -1.4098387e-001
 -1.4917873e-001
 -1.5535550e-001
 -1.5976540e-001
 -1.6264732e-001
 -1.6419646e-001
 -1.6454333e-001
 -1.6374522e-001
 -1.6178984e-001
 -1.5860982e-001
 -1.5410452e-001
 -1.4816534e-001
 -1.4070034e-001
 -1.3165422e-001
 -1.2102100e-001
 -1.0884809e-001
 -9.5232018e-002
 -8.0307433e-002
 -6.4232408e-002
 -4.7173390e-002
 -2.9293300e-002
 -1.0745593e-002
  8.3241004e-003
  2.7768590e-002
  4.7423424e-002
  6.7087729e-002
  8.6505384e-002
  1.0535077e-001
  1.2322299e-001
  1.3965140e-001
  1.5411403e-001
  1.6606808e-001
  1.7499035e-001
  1.8042309e-001
  1.8202008e-001
  1.7958684e-001
  1.7310933e-001
  1.6276654e-001
  1.4892442e-001
  1.3211046e-001
  1.1297115e-001
  9.2216628e-002
  7.0558608e-002
  4.8648948e-002
  2.7026141e-002
  6.0763651e-003
 -1.3986038e-002
 -3.3116138e-002
 -5.1414269e-002
 -6.9083104e-002
 -8.6371328e-002
 -1.0351098e-001
 -1.2065636e-001
 -1.3783231e-001
 -1.5489822e-001
 -1.7153263e-001
 -1.8724005e-001
 -2.0137949e-001
 -2.1321114e-001
 -2.2195556e-001
 -2.2685862e-001
 -2.2725450e-001
 -2.2262011e-001
 -2.1261528e-001
 -1.9710521e-001
 -1.7616428e-001
 -1.5006235e-001
 -1.1923709e-001
 -8.4257219e-002
 -4.5782169e-002
 -4.5237369e-003
  3.8785897e-002
  8.3416822e-002
  1.2865373e-001
  1.7379891e-001
  2.1816852e-001
  2.6108604e-001
  3.0187696e-001
  3.3986885e-001
  3.7439934e-001
  4.0483348e-001
  4.3058958e-001
  4.5117103e-001
  4.6619995e-001
  4.7544759e-001
  4.7885632e-001
  4.7654857e-001
  4.6881991e-001
  4.5611501e-001
  4.3898821e-001
  4.1805216e-001
  3.9392038e-001
  3.6715070e-001
  3.3819663e-001
  3.0737350e-001
  2.7484420e-001
  2.4062713e-001
  2.0462612e-001
  1.6667925e-001
  1.2662060e-001
  8.4347546e-002
  3.9884728e-002
 -6.5635562e-003
 -5.4579808e-002
 -1.0352348e-001
 -1.5254686e-001
 -2.0063536e-001
 -2.4666807e-001
 -2.8949161e-001
 -3.2799879e-001
 -3.6120330e-001
 -3.8830181e-001
 -4.0871720e-001
 -4.2211874e-001
 -4.2841833e-001
 -4.2774523e-001
 -4.2040401e-001
 -4.0682290e-001
 -3.8750044e-001
 -3.6295823e-001
 -3.3370615e-001
 -3.0022438e-001
 -2.6296358e-001
 -2.2236155e-001
 -1.7887211e-001
 -1.3299964e-001
 -8.5331914e-002
 -3.6563630e-002
  1.2495507e-002
  6.0932172e-002
  1.0776138e-001
  1.5197693e-001
  1.9261522e-001
  2.2882499e-001
  2.5993415e-001
  2.8550467e-001
  3.0536762e-001
  3.1963265e-001
  3.2866939e-001
  3.3306181e-001
  3.3353992e-001
  3.3089657e-001
  3.2589892e-001
  3.1920506e-001
  3.1129595e-001
  3.0243071e-001
  2.9263072e-001
  2.8169417e-001
  2.6923888e-001
  2.5476782e-001
  2.3774871e-001
  2.1769754e-001
  1.9425561e-001
  1.6725043e-001
  1.3673336e-001
  1.0298990e-001
  6.6522239e-002
  2.8007228e-002
 -1.1763912e-002
 -5.1955640e-002
 -9.1758499e-002
 -1.3045077e-001
 -1.6744388e-001
 -2.0230664e-001
 -2.3476659e-001
 -2.6469010e-001
 -2.9204579e-001
 -3.1685812e-001
 -3.3915923e-001
 -3.5894690e-001
 -3.7615551e-001
 -3.9064426e-001
 -4.0220442e-001
 -4.1058399e-001
 -4.1552549e-001
 -4.1681027e-001
 -4.1430175e-001
 -4.0798002e-001
 -3.9796135e-001
 -3.8449868e-001
 -3.6796185e-001
 -3.4879981e-001
 -3.2748974e-001
 -3.0448058e-001
 -2.8013964e-001
 -2.5471067e-001
 -2.2829102e-001
 -2.0083242e-001
 -1.7216709e-001
 -1.4205713e-001
 -1.1026127e-001
 -7.6610924e-002
 -4.1084812e-002
 -3.8718034e-003
  3.4587899e-002
  7.3590412e-002
  1.1218846e-001
  1.4924398e-001
  1.8350852e-001
  2.1372316e-001
  2.3872706e-001
  2.5756213e-001
  2.6956182e-001
  2.7441349e-001
  2.7218697e-001
  2.6332625e-001
  2.4860515e-001
  2.2905276e-001
  2.0585743e-001
  1.8026101e-001
  1.5345553e-001
  1.2649417e-001
  1.0022589e-001
  7.5259911e-002
  5.1962244e-002
  3.0481938e-002
  1.0801209e-002
 -7.1994741e-003
 -2.3671839e-002
 -3.8736374e-002
 -5.2434280e-002
 -6.4701426e-002
 -7.5367468e-002
 -8.4179415e-002
 -9.0845281e-002
 -9.5090455e-002
 -9.6717612e-002
 -9.5660435e-002
 -9.2022393e-002
 -8.6093982e-002
 -7.8344987e-002
 -6.9391973e-002
 -5.9944784e-002
 -5.0738911e-002
 -4.2462630e-002
 -3.5688610e-002
 -3.0819110e-002
 -2.8051958e-002
 -2.7371620e-002
 -2.8566142e-002
 -3.1267125e-002
 -3.5006718e-002
 -3.9283266e-002
 -4.3626178e-002
 -4.7650782e-002
 -5.1095564e-002
 -5.3836824e-002
 -5.5879196e-002
 -5.7324078e-002
 -5.8321350e-002
 -5.9012289e-002
 -5.9472990e-002
 -5.9667642e-002
 -5.9419668e-002
 -5.8406243e-002
 -5.6178315e-002
 -5.2204555e-002
 -4.5934100e-002
 -3.6870047e-002
 -2.4643884e-002
 -9.0805633e-003
  9.7550661e-003
  3.1537483e-002
  5.5689093e-002
  8.1418068e-002
  1.0778146e-001
  1.3376624e-001
  1.5837846e-001
  1.8072994e-001
  2.0011170e-001
  2.1604578e-001
  2.2830952e-001
  2.3693025e-001
  2.4215216e-001
  2.4438095e-001
  2.4411432e-001
  2.4186838e-001
  2.3811007e-001
  2.3320456e-001
  2.2738442e-001
  2.2074370e-001
  2.1325669e-001
  2.0481735e-001
  1.9529248e-001
  1.8457980e-001
  1.7266137e-001
  1.5964360e-001
  1.4577711e-001
  1.3145275e-001
  1.1717343e-001
  1.0350534e-001
  9.1014822e-002
  8.0199787e-002
  7.1425098e-002
  6.4871270e-002
  6.0503893e-002
  5.8068483e-002
  5.7111982e-002
  5.7028469e-002
  5.7123354e-002
  5.6687784e-002
  5.5073662e-002
  5.1759638e-002
  4.6399781e-002
  3.8849097e-002
  2.9163323e-002
  1.7574061e-002
  4.4436704e-003
 -9.7928743e-003
 -2.4690277e-002
 -3.9850105e-002
 -5.4964527e-002
 -6.9840436e-002
 -8.4400814e-002
 -9.8663685e-002
 -1.1270243e-001
 -1.2659407e-001
 -1.4036414e-001
 -1.5393713e-001
 -1.6710127e-001
 -1.7949378e-001
 -1.9061041e-001
 -1.9983924e-001
 -2.0651504e-001
 -2.0998781e-001
 -2.0969633e-001
 -2.0523715e-001
 -1.9641927e-001
 -1.8329711e-001
 -1.6617658e-001
 -1.4559321e-001
 -1.2226471e-001
 -9.7023795e-002
 -7.0740104e-002
 -4.4241147e-002
 -1.8242530e-002
  6.7036606e-003
  3.0235996e-002
  5.2183462e-002
  7.2538769e-002
  9.1409854e-002
  1.0895722e-001
  1.2532679e-001
  1.4058838e-001
  1.5468937e-001
  1.6743051e-001
  1.7846801e-001
  1.8734208e-001
  1.9352819e-001
  1.9650415e-001
  1.9582367e-001
  1.9118590e-001
  1.8249095e-001
  1.6987327e-001
  1.5370749e-001
  1.3458521e-001
  1.1326529e-001
  9.0603489e-002
  6.7470560e-002
  4.4669075e-002
  2.2859790e-002
  2.5068267e-003
 -1.6151536e-002
 -3.3103190e-002
 -4.8534284e-002
 -6.2777570e-002
 -7.6244620e-002
 -8.9351671e-002
 -1.0244954e-001
 -1.1576726e-001
 -1.2937713e-001
 -1.4318544e-001
 -1.5694975e-001
 -1.7031942e-001
 -1.8289295e-001
 -1.9428321e-001
 -2.0418062e-001
 -2.1240442e-001
 -2.1893421e-001
 -2.2391657e-001
 -2.2764532e-001
 -2.3051775e-001
 -2.3297267e-001
 -2.3541903e-001
 -2.3816504e-001
 -2.4135814e-001
 -2.4494457e-001
 -2.4865483e-001
 -2.5201778e-001
 -2.5440217e-001
 -2.5508071e-001
 -2.5330860e-001
 -2.4840661e-001
 -2.3983784e-001
 -2.2726855e-001
 -2.1060534e-001
 -1.9000427e-001
 -1.6585126e-001
 -1.3871712e-001
 -1.0929382e-001
 -7.8320951e-002
 -4.6512703e-002
 -1.4495122e-002
  1.7238058e-002
  4.8345687e-002
  7.8633714e-002
  1.0802591e-001
  1.3651623e-001
  1.6411074e-001
  1.9076888e-001
  2.1635337e-001
  2.4059724e-001
  2.6309361e-001
  2.8331075e-001
  3.0063081e-001
  3.1440757e-001
  3.2403527e-001
  3.2901902e-001
  3.2903689e-001
  3.2398464e-001
  3.1399656e-001
  2.9943907e-001
  2.8087738e-001
  2.5901955e-001
  2.3464518e-001
  2.0852830e-001
  1.8136486e-001
  1.5371457e-001
  1.2596487e-001
  9.8321644e-002
  7.0827745e-002
  4.3406159e-002
  1.5921392e-002
 -1.1750107e-002
 -3.9650972e-002
 -6.7685755e-002
 -9.5584385e-002
 -1.2289222e-001
 -1.4898897e-001
 -1.7313479e-001
 -1.9453792e-001
 -2.1243530e-001
 -2.2617546e-001
 -2.3529281e-001
 -2.3956319e-001
 -2.3903302e-001
 -2.3401810e-001
 -2.2507156e-001
 -2.1292524e-001
 -1.9841150e-001
 -1.8237573e-001
 -1.6559029e-001
 -1.4868087e-001
 -1.3207414e-001
 -1.1597265e-001
 -1.0035947e-001
 -8.5030606e-002
 -6.9650232e-002
 -5.3820170e-002
 -3.7153926e-002
 -1.9344998e-002
 -2.2037985e-004
  2.0227473e-002
  4.1833680e-002
  6.4278823e-002
  8.7127948e-002
  1.0988405e-001
  1.3204743e-001
  1.5317188e-001
  1.7290905e-001
  1.9103471e-001
  2.0745329e-001
  2.2218052e-001
  2.3530742e-001
  2.4695192e-001
  2.5720609e-001
  2.6608793e-001
  2.7350609e-001
  2.7924380e-001
  2.8296576e-001
  2.8424805e-001
  2.8262775e-001
  2.7766586e-001
  2.6901472e-001
  2.5648046e-001
  2.4007101e-001
  2.2002227e-001
  1.9679756e-001
  1.7105937e-001
  1.4361595e-001
  1.1534900e-001
  8.7131371e-002
  5.9745119e-002
  3.3810672e-002
  9.7361830e-003
 -1.2306182e-002
 -3.2373939e-002
 -5.0718827e-002
 -6.7726973e-002
 -8.3842726e-002
 -9.9486411e-002
 -1.1497708e-001
 -1.3047063e-001
 -1.4592170e-001
 -1.6107434e-001
 -1.7548284e-001
 -1.8855983e-001
 -1.9964522e-001
 -2.0808682e-001
 -2.1332190e-001
 -2.1494890e-001
 -2.1278010e-001
 -2.0686832e-001
 -1.9750473e-001
 -1.8518841e-001
 -1.7057209e-001
 -1.5439194e-001
 -1.3739072e-001
 -1.2024472e-001
 -1.0350392e-001
 -8.7552873e-002
 -7.2596474e-002
 -5.8671614e-002
 -4.5681625e-002
 -3.3447546e-002
 -2.1767836e-002
 -1.0477195e-002
  5.0454786e-004
  1.1140880e-002
  2.1269113e-002
  3.0614323e-002
  3.8824588e-002
  4.5522179e-002
  5.0362960e-002
  5.3094961e-002
  5.3607139e-002
  5.1960661e-002
  4.8397508e-002
  4.3324419e-002
  3.7273728e-002
  3.0845968e-002
  2.4641807e-002
  1.9192472e-002
  1.4898173e-002
  1.1983022e-002
  1.0472758e-002
  1.0198491e-002
  1.0826101e-002
  1.1907445e-002
  1.2946460e-002
  1.3471246e-002
  1.3102340e-002
  1.1607907e-002
  8.9383687e-003
  5.2357943e-003
  8.1680199e-004
 -3.8686457e-003
 -8.2969306e-003
 -1.1940838e-002
 -1.4340523e-002
 -1.5165850e-002
 -1.4261859e-002
 -1.1671412e-002
 -7.6322955e-003
 -2.5494857e-003
  3.0533377e-003
  8.5962117e-003
  1.3510661e-002
  1.7303685e-002
  1.9609533e-002
  2.0222734e-002
  1.9108568e-002
  1.6390434e-002
  1.2316787e-002
  7.2131687e-003
  1.4268201e-003
 -4.7277465e-003
 -1.1014152e-002
 -1.7303956e-002
 -2.3586699e-002
 -2.9958987e-002
 -3.6594559e-002
 -4.3700114e-002
 -5.1463741e-002
 -6.0003949e-002
 -6.9327203e-002
 -7.9300664e-002
 -8.9644664e-002
 -9.9946590e-002
 -1.0969478e-001
 -1.1832812e-001
 -1.2529476e-001
 -1.3011199e-001
 -1.3241910e-001
 -1.3201597e-001
 -1.2888205e-001
 -1.2317322e-001
 -1.1519690e-001
 -1.0536899e-001
 -9.4158519e-002
 -8.2027842e-002
 -6.9376503e-002
 -5.6496587e-002
 -4.3545589e-002
 -3.0540411e-002
 -1.7373093e-002
 -3.8458402e-003
  1.0279796e-002
  2.5226714e-002
  4.1147126e-002
  5.8076429e-002
  7.5902768e-002
  9.4356753e-002
  1.1302304e-001
  1.3137242e-001
  1.4881026e-001
  1.6473487e-001
  1.7859817e-001
  1.8996053e-001
  1.9853284e-001
  2.0420024e-001
  2.0702502e-001
  2.0722844e-001
  2.0515469e-001
  2.0122196e-001
  1.9586774e-001
  1.8949569e-001
  1.8243112e-001
  1.7489089e-001
  1.6697093e-001
  1.5865248e-001
  1.4982515e-001
  1.4032249e-001
  1.2996448e-001
  1.1860005e-001
  1.0614315e-001
  9.2597164e-002
  7.8063969e-002
  6.2736706e-002
  4.6877645e-002
  3.0784836e-002
  1.4752989e-002
 -9.6515396e-004
 -1.6190697e-002
 -3.0838495e-002
 -4.4921643e-002
 -5.8539408e-002
 -7.1849985e-002
 -8.5031777e-002
 -9.8238697e-002
 -1.1155604e-001
 -1.2496353e-001
 -1.3831131e-001
 -1.5131293e-001
 -1.6355700e-001
 -1.7453689e-001
 -1.8369481e-001
 -1.9047530e-001
 -1.9438113e-001
 -1.9502470e-001
 -1.9216841e-001
 -1.8574896e-001
 -1.7588269e-001
 -1.6285162e-001
 -1.4707248e-001
 -1.2905305e-001
 -1.0934199e-001
 -8.8478777e-002
 -6.6950459e-002
 -4.5160549e-002
 -2.3413611e-002
 -1.9167834e-003
  1.9203061e-002
  3.9869997e-002
  6.0022821e-002
  7.9578023e-002
  9.8398148e-002
  1.1627081e-001
  1.3290196e-001
  1.4792498e-001
  1.6092449e-001
  1.7147199e-001
  1.7916821e-001
  1.8368634e-001
  1.8481001e-001
  1.8246054e-001
  1.7670962e-001
  1.6777560e-001
  1.5600374e-001
  1.4183328e-001
  1.2575598e-001
  1.0827167e-001
  8.9847171e-002
  7.0884035e-002
  5.1699289e-002
  3.2521431e-002
  1.3501569e-002
 -5.2626883e-003
 -2.3694931e-002
 -4.1704897e-002
 -5.9156810e-002
 -7.5846821e-002
 -9.1493988e-002
 -1.0574726e-001
 -1.1820851e-001
 -1.2846939e-001
 -1.3615728e-001
 -1.4098446e-001
 -1.4279352e-001
 -1.4159252e-001
 -1.3757420e-001
 -1.3111594e-001
 -1.2275908e-001
 -1.1316929e-001
 -1.0308192e-001
 -9.3238454e-002
 -8.4321163e-002
 -7.6893574e-002
 -7.1353573e-002
 -6.7904386e-002
 -6.6546454e-002
 -6.7090606e-002
 -6.9190322e-002
 -7.2388543e-002
 -7.6172879e-002
 -8.0032229e-002
 -8.3507919e-002
 -8.6233555e-002
 -8.7959458e-002
 -8.8559861e-002
 -8.8023397e-002
 -8.6429657e-002
 -8.3916334e-002
 -8.0642528e-002
 -7.6753980e-002
 -7.2355416e-002
 -6.7493815e-002
 -6.2154588e-002
 -5.6270584e-002
 -4.9741856e-002
 -4.2462514e-002
 -3.4349972e-002
 -2.5371648e-002
 -1.5564641e-002
 -5.0451020e-003
  5.9943451e-003
  1.7298882e-002
  2.8575394e-002
  3.9522418e-002
  4.9861605e-002
  5.9365971e-002
  6.7880638e-002
  7.5332980e-002
  8.1730655e-002
  8.7147932e-002
  9.1702506e-002
  9.5526494e-002
  9.8736282e-002
  1.0140612e-001
  1.0354986e-001
  1.0511408e-001
  1.0598416e-001
  1.0600280e-001
  1.0499879e-001
  1.0282178e-001
  9.9378271e-002
  9.4663016e-002
  8.8781076e-002
  8.1956412e-002
  7.4524950e-002
  6.6912004e-002
  5.9596128e-002
  5.3063390e-002
  4.7757433e-002
  4.4031417e-002
  4.2107792e-002
  4.2050966e-002
  4.3756321e-002
  4.6957014e-002
  5.1247743e-002
  5.6122581e-002
  6.1022275e-002
  6.5385354e-002
  6.8697060e-002
  7.0530667e-002
  7.0576891e-002
  6.8658876e-002
  6.4732215e-002
  5.8871460e-002
  5.1246282e-002
  4.2091613e-002
  3.1676593e-002
  2.0276939e-002
  8.1544443e-003
 -4.4540988e-003
 -1.7337940e-002
 -3.0304520e-002
 -4.3165328e-002
 -5.5719133e-002
 -6.7736608e-002
 -7.8950162e-002
 -8.9051860e-002
 -9.7700975e-002
 -1.0454104e-001
 -1.0922468e-001
 -1.1144301e-001
 -1.1095559e-001
 -1.0761654e-001
 -1.0139273e-001
 -9.2371186e-002
 -8.0754141e-002
 -6.6842001e-002
 -5.1006342e-002
 -3.3656437e-002
 -1.5203917e-002
  3.9695428e-003
  2.3536982e-002
  4.3239905e-002
  6.2889194e-002
  8.2353271e-002
  1.0153555e-001
  1.2034495e-001
  1.3866434e-001
  1.5632236e-001
  1.7307370e-001
  1.8859176e-001
  2.0247600e-001
  2.1427411e-001
  2.2351706e-001
  2.2976278e-001
  2.3264321e-001
  2.3190833e-001
  2.2746112e-001
  2.1937832e-001
  2.0791366e-001
  1.9348239e-001
  1.7662840e-001
  1.5797768e-001
  1.3818357e-001
  1.1787050e-001
  9.7583029e-002
  7.7746561e-002
  5.8644219e-002
  4.0412492e-002
  2.3055515e-002
  6.4754290e-003
 -9.4859599e-003
 -2.5000468e-002
 -4.0208659e-002
 -5.5183347e-002
 -6.9906740e-002
 -8.4264455e-002
 -9.8057180e-002
 -1.1102811e-001
 -1.2290194e-001
 -1.3342952e-001
 -1.4243122e-001
 -1.4983226e-001
 -1.5568428e-001
 -1.6016920e-001
 -1.6358422e-001
 -1.6630906e-001
 -1.6875955e-001
 -1.7133337e-001
 -1.7435533e-001
 -1.7802940e-001
 -1.8240444e-001
 -1.8735831e-001
 -1.9260302e-001
 -1.9771065e-001
 -2.0215686e-001
 -2.0537665e-001
 -2.0682521e-001
 -2.0603611e-001
 -2.0266953e-001
 -1.9654440e-001
 -1.8765087e-001
 -1.7614196e-001
 -1.6230630e-001
 -1.4652632e-001
 -1.2922826e-001
 -1.1083144e-001
 -9.1703955e-002
 -7.2131331e-002
 -5.2302245e-002
 -3.2313089e-002
 -1.2190236e-002
  8.0737927e-003
  2.8476220e-002
  4.8959168e-002
  6.9371518e-002
  8.9444062e-002
  1.0878269e-001
  1.2688181e-001
  1.4315725e-001
  1.5699506e-001
  1.6781021e-001
  1.7510758e-001
  1.7853701e-001
  1.7793489e-001
  1.7334643e-001
  1.6502497e-001
  1.5340821e-001
  1.3907381e-001
  1.2268014e-001
  1.0489941e-001
  8.6352116e-002
  6.7550983e-002
  4.8861768e-002
  3.0485734e-002
  1.2465765e-002
 -5.2851671e-003
 -2.2937536e-002
 -4.0687620e-002
 -5.8697026e-002
 -7.7038126e-002
 -9.5653303e-002
 -1.1433400e-001
 -1.3272282e-001
 -1.5033864e-001
 -1.6662170e-001
 -1.8099252e-001
 -1.9291676e-001
 -2.0196733e-001
 -2.0787507e-001
 -2.1056111e-001
 -2.1014644e-001
 -2.0693716e-001
 -2.0138724e-001
 -1.9404378e-001
 -1.8548176e-001
 -1.7623709e-001
 -1.6674657e-001
 -1.5730260e-001
 -1.4802829e-001
 -1.3887599e-001
 -1.2964884e-001
 -1.2004192e-001
 -1.0969720e-001
 -9.8264268e-002
 -8.5458526e-002
 -7.1108923e-002
 -5.5188847e-002
 -3.7826292e-002
 -1.9292363e-002
  2.9774541e-005
  1.9690699e-002
  3.9228472e-002
  5.8222524e-002
  7.6339967e-002
  9.3367852e-002
  1.0922697e-001
  1.2396554e-001
  1.3773395e-001
  1.5074467e-001
  1.6322320e-001
  1.7535755e-001
  1.8725371e-001
  1.9890363e-001
  2.1017055e-001
  2.2079395e-001
  2.3041347e-001
  2.3860851e-001
  2.4494809e-001
  2.4904379e-001
  2.5059849e-001
  2.4944407e-001
  2.4556285e-001
  2.3908992e-001
  2.3029613e-001
  2.1955451e-001
  2.0729482e-001
  1.9395297e-001
  1.7992251e-001
  1.6551503e-001
  1.5093503e-001
  1.3627270e-001
  1.2151513e-001
  1.0657430e-001
  9.1327119e-002
  7.5661546e-002
  5.9521496e-002
  4.2943743e-002
  2.6080909e-002
  9.2067949e-003
 -7.2972103e-003
 -2.2973118e-002
 -3.7330668e-002
 -4.9898963e-002
 -6.0278247e-002
 -6.8184574e-002
 -7.3481059e-002
 -7.6191240e-002
 -7.6492590e-002
 -7.4690992e-002
 -7.1179688e-002
 -6.6388402e-002
 -6.0729736e-002
 -5.4550314e-002
 -4.8093505e-002
 -4.1478883e-002
 -3.4701222e-002
 -2.7649024e-002
 -2.0139802e-002
 -1.1966914e-002
 -2.9510846e-003
  7.0109588e-003
  1.7907954e-002
  2.9591489e-002
  4.1772915e-002
  5.4040658e-002
  6.5895949e-002
  7.6802379e-002
  8.6242767e-002
  9.3775741e-002
  9.9084507e-002
  1.0201130e-001
  1.0257299e-001
  1.0095598e-001
  9.7491269e-002
  9.2613238e-002
  8.6808116e-002
  8.0559060e-002
  7.4295370e-002
  6.8352523e-002
  6.2948017e-002
  5.8175682e-002
  5.4018361e-002
  5.0376197e-002
  4.7105515e-002
  4.4061798e-002
  4.1139735e-002
  3.8303832e-002
  3.5604606e-002
  3.3177565e-002
  3.1224878e-002
  2.9982318e-002
  2.9676371e-002
  3.0478045e-002
  3.2460566e-002
  3.5567756e-002
  3.9598490e-002
  4.4210410e-002
  4.8943336e-002
  5.3259989e-002
  5.6599071e-002
  5.8433896e-002
  5.8328778e-002
  5.5985590e-002
  5.1274087e-002
  4.4241792e-002
  3.5101968e-002
  2.4201269e-002
  1.1971448e-002
 -1.1282380e-003
 -1.4669959e-002
 -2.8309401e-002
 -4.1823760e-002
 -5.5130321e-002
 -6.8283059e-002
 -8.1447742e-002
 -9.4859111e-002
 -1.0876626e-001
 -1.2337409e-001
 -1.3878924e-001
 -1.5497867e-001
 -1.7174682e-001
 -1.8873547e-001
 -2.0544656e-001
 -2.2128562e-001
 -2.3562025e-001
 -2.4784608e-001
 -2.5745145e-001
 -2.6407242e-001
 -2.6753049e-001
 -2.6784830e-001
 -2.6524115e-001
 -2.6008553e-001
 -2.5286908e-001
 -2.4412875e-001
 -2.3438546e-001
 -2.2408403e-001
 -2.1354632e-001
 -2.0294349e-001
 -1.9229076e-001
 -1.8146464e-001
 -1.7023970e-001
 -1.5833912e-001
 -1.4549138e-001
 -1.3148481e-001
 -1.1621203e-001
 -9.9697848e-002
 -8.2106810e-002
 -6.3729393e-002
 -4.4949087e-002
 -2.6195389e-002
 -7.8897788e-003
  9.6071890e-003
  2.6039672e-002
  4.1284507e-002
  5.5358930e-002
  6.8406524e-002
  8.0663100e-002
  9.2407103e-002
  1.0390153e-001
  1.1533566e-001
  1.2677508e-001
  1.3812750e-001
  1.4912977e-001
  1.5935850e-001
  1.6826369e-001
  1.7522137e-001
  1.7959862e-001
  1.8082268e-001
  1.7844516e-001
  1.7219297e-001
  1.6199936e-001
  1.4801122e-001
  1.3057190e-001
  1.1018228e-001
  8.7445515e-002
  6.3003380e-002
  3.7472913e-002
  1.1392064e-002
 -1.4818363e-002
 -4.0871581e-002
 -6.6608674e-002
 -9.1970954e-002
 -1.1695542e-001
 -1.4156040e-001
 -1.6572993e-001
 -1.8930560e-001
 -2.1199368e-001
 -2.3335313e-001
 -2.5280738e-001
 -2.6967900e-001
 -2.8324370e-001
 -2.9279676e-001
 -2.9772348e-001
 -2.9756446e-001
 -2.9206704e-001
 -2.8121602e-001
 -2.6523954e-001
 -2.4458924e-001
 -2.1989715e-001
 -1.9191506e-001
 -1.6144408e-001
 -1.2926366e-001
 -9.6068935e-002
 -6.2424359e-002
 -2.8738917e-002
  4.7345817e-003
  3.7877165e-002
  7.0662438e-002
  1.0310316e-001
  1.3519401e-001
  1.6685933e-001
  1.9791389e-001
  2.2804260e-001
  2.5680273e-001
  2.8364843e-001
  3.0797465e-001
  3.2917452e-001
  3.4670225e-001
  3.6013304e-001
  3.6921159e-001
  3.7388259e-001
  3.7429873e-001
  3.7080518e-001
  3.6390238e-001
  3.5419211e-001
  3.4231393e-001
  3.2888038e-001
  3.1441926e-001
  2.9933044e-001
  2.8386231e-001
  2.6811040e-001
  2.5203743e-001
  2.3551118e-001
  2.1835426e-001
  2.0039812e-001
  1.8153333e-001
  1.6174891e-001
  1.4115509e-001
  1.1998634e-001
  9.8584719e-002
  7.7366012e-002
  5.6774004e-002
  3.7229729e-002
  1.9083282e-002
  2.5753625e-003
 -1.2185726e-002
 -2.5228175e-002
 -3.6701192e-002
 -4.6842139e-002
 -5.5931020e-002
 -6.4238939e-002
 -7.1978047e-002
 -7.9260365e-002
 -8.6071628e-002
 -9.2264200e-002
 -9.7570431e-002
 -1.0163490e-001
 -1.0406133e-001
 -1.0446781e-001
 -1.0254284e-001
 -9.8094317e-002
 -9.1084834e-002
 -8.1648200e-002
 -7.0084854e-002
 -5.6836658e-002
 -4.2444354e-002
 -2.7493362e-002
 -1.2555118e-002
  1.8682892e-003
  1.5388947e-002
  2.7761699e-002
  3.8893075e-002
  4.8829909e-002
  5.7729804e-002
  6.5818091e-002
  7.3337721e-002
  8.0499435e-002
  8.7439365e-002
  9.4190080e-002
  1.0066908e-001
  1.0668616e-001
  1.1196841e-001
  1.1619906e-001
  1.1906425e-001
  1.2030116e-001
  1.1974013e-001
  1.1733484e-001
  1.1317612e-001
  1.0748719e-001
  1.0060099e-001
  9.2922727e-002
  8.4882739e-002
  7.6886190e-002
  6.9266575e-002
  6.2249301e-002
  5.5930236e-002
  5.0271941e-002
  4.5117800e-002
  4.0221737e-002
  3.5289055e-002
  3.0022430e-002
  2.4166422e-002
  1.7544210e-002
  1.0081442e-002
  1.8139923e-003
 -7.1211674e-003
 -1.6510392e-002
 -2.6099239e-002
 -3.5634346e-002
 -4.4905047e-002
 -5.3778489e-002
 -6.2223064e-002
 -7.0316611e-002
 -7.8238108e-002
 -8.6243954e-002
 -9.4632134e-002
 -1.0369932e-001
 -1.1369694e-001
 -1.2479237e-001
 -1.3704068e-001
 -1.5037082e-001
 -1.6458795e-001
 -1.7939165e-001
 -1.9440708e-001
 -2.0922466e-001
 -2.2344265e-001
 -2.3670660e-001
 -2.4874021e-001
 -2.5936365e-001
 -2.6849698e-001
 -2.7614875e-001
 -2.8239201e-001
 -2.8733169e-001
 -2.9106860e-001
 -2.9366581e-001
 -2.9512260e-001
 -2.9536022e-001
 -2.9422165e-001
 -2.9148569e-001
 -2.8689338e-001
 -2.8018292e-001
 -2.7112808e-001
 -2.5957435e-001
 -2.4546766e-001
 -2.2887117e-001
 -2.0996786e-001
 -1.8904820e-001
 -1.6648489e-001
 -1.4269807e-001
 -1.1811613e-001
 -9.3137891e-002
 -6.8101398e-002
 -4.3264081e-002
 -1.8796914e-002
  5.2066268e-003
  2.8708328e-002
  5.1693266e-002
  7.4133141e-002
  9.5950740e-002
  1.1699135e-001
  1.3700593e-001
  1.5564935e-001
  1.7249474e-001
  1.8706268e-001
  1.9886197e-001
  2.0743657e-001
  2.1241283e-001
  2.1354048e-001
  2.1072184e-001
  2.0402531e-001
  1.9368112e-001
  1.8005976e-001
  1.6363609e-001
  1.4494380e-001
  1.2452631e-001
  1.0289065e-001
  8.0470395e-002
  5.7602306e-002
  3.4519447e-002
  1.1361084e-002
 -1.1802683e-002
 -3.4935744e-002
 -5.7995950e-002
 -8.0896597e-002
 -1.0347556e-001
 -1.2547706e-001
 -1.4654926e-001
 -1.6625849e-001
 -1.8411842e-001
 -1.9963057e-001
 -2.1233037e-001
 -2.2183256e-001
 -2.2786949e-001
 -2.3031688e-001
 -2.2920340e-001
 -2.2470255e-001
 -2.1710800e-001
 -2.0679575e-001
 -1.9417830e-001
 -1.7965740e-001
 -1.6358176e-001
 -1.4621566e-001
 -1.2772276e-001
 -1.0816708e-001
 -8.7530757e-002
 -6.5745662e-002
 -4.2733981e-002
 -1.8451486e-002
  7.0731892e-003
  3.3709389e-002
  6.1210116e-002
  8.9215098e-002
  1.1727129e-001
  1.4486832e-001
  1.7148408e-001
  1.9663426e-001
  2.1991876e-001
  2.4105848e-001
  2.5991700e-001
  2.7650396e-001
  2.9095932e-001
  3.0352065e-001
  3.1447759e-001
  3.2412003e-001
  3.3268700e-001
  3.4032359e-001
  3.4705204e-001
  3.5276121e-001
  3.5721600e-001
  3.6008584e-001
  3.6098827e-001
  3.5954174e-001
  3.5542056e-001
  3.4840413e-001
  3.3841403e-001
  3.2553342e-001
  3.1000640e-001
  2.9221723e-001
  2.7265227e-001
  2.5185007e-001
  2.3034629e-001
  2.0862125e-001
  1.8705712e-001
  1.6591059e-001
  1.4530460e-001
  1.2523984e-001
  1.0562407e-001
  8.6314654e-002
  6.7167844e-002
  4.8087347e-002
  2.9064843e-002
  1.0206250e-002
 -8.2604238e-003
 -2.5997145e-002
 -4.2586446e-002
 -5.7576484e-002
 -7.0534338e-002
 -8.1100063e-002
 -8.9033837e-002
 -9.4249387e-002
 -9.6828754e-002
 -9.7016054e-002
 -9.5190775e-002
 -9.1824041e-002
 -8.7423688e-002
 -8.2475551e-002
 -7.7388959e-002
 -7.2453852e-002
 -6.7815330e-002
 -6.3469010e-002
 -5.9277665e-002
 -5.5006619e-002
 -5.0372741e-002
 -4.5099941e-002
 -3.8973163e-002
 -3.1883055e-002
 -2.3854800e-002
 -1.5056813e-002
 -5.7878602e-003
  3.5558215e-003
  1.2528942e-002
  2.0694459e-002
  2.7681784e-002
  3.3237736e-002
  3.7263009e-002
  3.9828924e-002
  4.1171876e-002
  4.1665977e-002
  4.1777389e-002
  4.2006321e-002
  4.2824371e-002
  4.4615498e-002
  4.7628367e-002
  5.1946214e-002
  5.7477950e-002
  6.3971267e-002
  7.1045496e-002
  7.8239297e-002
  8.5066297e-002
  9.1070806e-002
  9.5875918e-002
  9.9217482e-002
  1.0095964e-001
  1.0109029e-001
  9.9697882e-002
  9.6933524e-002
  9.2964670e-002
  8.7927745e-002
  8.1887238e-002
  7.4807838e-002
  6.6544229e-002
  5.6850616e-002
  4.5409074e-002
  3.1873092e-002
  1.5920331e-002
 -2.6927484e-003
 -2.4082190e-002
 -4.8200813e-002
 -7.4820760e-002
 -1.0353715e-001
 -1.3379271e-001
 -1.6492045e-001
 -1.9619877e-001
 -2.2691185e-001
 -2.5640736e-001
 -2.8414392e-001
 -3.0972230e-001
 -3.3289654e-001
 -3.5356420e-001
 -3.7173764e-001
 -3.8750131e-001
 -4.0096158e-001
 -4.1219697e-001
 -4.2121641e-001
 -4.2793208e-001
 -4.3215116e-001
 -4.3358801e-001
 -4.3189561e-001
 -4.2671188e-001
 -4.1771454e-001
 -4.0467672e-001
 -3.8751535e-001
 -3.6632517e-001
 -3.4139331e-001
 -3.1319162e-001
 -2.8234748e-001
 -2.4959630e-001
 -2.1572174e-001
 -1.8149121e-001
 -1.4759492e-001
 -1.1459612e-001
 -8.2898783e-002
 -5.2736431e-002
 -2.4182908e-002
  2.8170517e-003
  2.8402339e-002
  5.2741895e-002
  7.5980885e-002
  9.8194342e-002
  1.1935481e-001
  1.3931841e-001
  1.5783103e-001
  1.7455345e-001
  1.8910150e-001
  2.0109509e-001
  2.1020899e-001
  2.1621768e-001
  2.1902790e-001
  2.1869390e-001
  2.1541346e-001
  2.0950497e-001
  2.0136913e-001
  1.9144063e-001
  1.8013687e-001
  1.6781099e-001
  1.5471608e-001
  1.4098537e-001
  1.2663136e-001
  1.1156371e-001
  9.5623162e-002
  7.8626398e-002
  6.0415190e-002
  4.0902550e-002
  2.0109100e-002
 -1.8156941e-003
 -2.4590546e-002
 -4.7818048e-002
 -7.1016732e-002
 -9.3664770e-002
 -1.1524887e-001
 -1.3531114e-001
 -1.5348712e-001
 -1.6952924e-001
 -1.8331244e-001
 -1.9482119e-001
 -2.0411997e-001
 -2.1131191e-001
 -2.1649210e-001
 -2.1970299e-001
 -2.2089929e-001
 -2.1992835e-001
 -2.1653005e-001
 -2.1035725e-001
 -2.0101493e-001
 -1.8811344e-001
 -1.7132882e-001
 -1.5046213e-001
 -1.2548949e-001
 -9.6595462e-002
 -6.4184613e-002
 -2.8868890e-002
  8.5684533e-003
  4.7228394e-002
  8.6164580e-002
  1.2445636e-001
  1.6127743e-001
  1.9595176e-001
  2.2799012e-001
  2.5710328e-001
  2.8319099e-001
  3.0630924e-001
  3.2662114e-001
  3.4433897e-001
  3.5966604e-001
  3.7274668e-001
  3.8363179e-001
  3.9226451e-001
  3.9848800e-001
  4.0207388e-001
  4.0276675e-001
  4.0033815e-001
  3.9464142e-001
  3.8565927e-001
  3.7353629e-001
  3.5859125e-001
  3.4130650e-001
  3.2229523e-001
  3.0225043e-001
  2.8188217e-001
  2.6185125e-001
  2.4270814e-001
  2.2484524e-001
  2.0846887e-001
  1.9359445e-001
  1.8006530e-001
  1.6759216e-001
  1.5580765e-001
  1.4432784e-001
  1.3281222e-001
  1.2101372e-001
  1.0881166e-001
  9.6223475e-002
  8.3393732e-002
  7.0562579e-002
  5.8018647e-002
  4.6043741e-002
  3.4857949e-002
  2.4573717e-002
  1.5166262e-002
  6.4653256e-003
 -1.8297838e-003
 -1.0113316e-002
 -1.8819030e-002
 -2.8356246e-002
 -3.9044844e-002
 -5.1058417e-002
 -6.4383830e-002
 -7.8803314e-002
 -9.3902203e-002
 -1.0910195e-001
 -1.2371455e-001
 -1.3701165e-001
 -1.4829937e-001
 -1.5698928e-001
 -1.6265631e-001
 -1.6507616e-001
 -1.6423773e-001
 -1.6032920e-001
 -1.5370047e-001
 -1.4480738e-001
 -1.3414596e-001
 -1.2218619e-001
 -1.0931457e-001
 -9.5793650e-002
 -8.1743993e-002
 -6.7151057e-002
 -5.1895503e-002
 -3.5802361e-002
 -1.8701524e-002
 -4.9044723e-004
  1.8810523e-002
  3.9018782e-002
  5.9772472e-002
  8.0539163e-002
  1.0064990e-001
  1.1935475e-001
  1.3589283e-001
  1.4956788e-001
  1.5981918e-001
  1.6627868e-001
  1.6880646e-001
  1.6749986e-001
  1.6267507e-001
  1.5482361e-001
  1.4454957e-001
  1.3249599e-001
  1.1927009e-001
  1.0537735e-001
  9.1172722e-002
  7.6835198e-002
  6.2368376e-002
  4.7626209e-002
  3.2359531e-002
  1.6276193e-002
 -8.9419047e-004
 -1.9340394e-002
 -3.9123293e-002
 -6.0149764e-002
 -8.2170424e-002
 -1.0480136e-001
 -1.2756658e-001
 -1.4995485e-001
 -1.7148263e-001
 -1.9175378e-001
 -2.1050737e-001
 -2.2764646e-001
 -2.4324350e-001
 -2.5752134e-001
 -2.7081241e-001
 -2.8350143e-001
 -2.9595991e-001
 -3.0848126e-001
 -3.2122590e-001
 -3.3418372e-001
 -3.4715958e-001
 -3.5978352e-001
 -3.7154466e-001
 -3.8184388e-001
 -3.9005828e-001
 -3.9560846e-001
 -3.9801968e-001
 -3.9696862e-001
 -3.9230991e-001
 -3.8407918e-001
 -3.7247313e-001
 -3.5781001e-001
 -3.4047694e-001
 -3.2087231e-001
 -2.9935177e-001
 -2.7618622e-001
 -2.5153791e-001
 -2.2545824e-001
 -1.9790760e-001
 -1.6879418e-001
 -1.3802595e-001
 -1.0556770e-001
 -7.1494663e-002
 -3.6033937e-002
  4.1281118e-004
  3.7269775e-002
  7.3811468e-002
  1.0920884e-001
  1.4259161e-001
  1.7311889e-001
  2.0004926e-001
  2.2280107e-001
  2.4099540e-001
  2.5447617e-001
  2.6330537e-001
  2.6773441e-001
  2.6815608e-001
  2.6504423e-001
  2.5888977e-001
  2.5014196e-001
  2.3916312e-001
  2.2620287e-001
  2.1139488e-001
  1.9477607e-001
  1.7632458e-001
  1.5601032e-001
  1.3384992e-001
  1.0995709e-001
  8.4580427e-002
  5.8121902e-002
  3.1132601e-002
  4.2851768e-003
 -2.1673941e-002
 -4.5986646e-002
 -6.7951454e-002
 -8.6988880e-002
 -1.0269509e-001
 -1.1487647e-001
 -1.2356045e-001
 -1.2898098e-001
 -1.3154064e-001
 -1.3175460e-001
 -1.3018379e-001
 -1.2736652e-001
 -1.2375744e-001
 -1.1968193e-001
 -1.1531153e-001
 -1.1066310e-001
 -1.0562092e-001
 -9.9977737e-002
 -9.3488104e-002
 -8.5925602e-002
 -7.7135182e-002
 -6.7072610e-002
 -5.5825013e-002
 -4.3609354e-002
 -3.0749006e-002
 -1.7631833e-002
 -4.6560364e-003
  7.8281526e-003
  1.9572096e-002
  3.0469470e-002
  4.0577639e-002
  5.0115983e-002
  5.9440785e-002
  6.8999690e-002
  7.9271712e-002
  9.0700944e-002
  1.0363312e-001
  1.1826386e-001
  1.3460591e-001
  1.5247999e-001
  1.7153065e-001
  1.9126496e-001
  2.1110862e-001
  2.3047173e-001
  2.4881487e-001
  2.6570637e-001
  2.8086264e-001
  2.9416604e-001
  3.0565800e-001
  3.1550850e-001
  3.2396669e-001
  3.3129998e-001
  3.3773077e-001
  3.4338043e-001
  3.4822901e-001
  3.5209718e-001
  3.5465355e-001
  3.5544709e-001
  3.5396051e-001
  3.4967763e-001
  3.4215545e-001
  3.3109087e-001
  3.1637273e-001
  2.9811154e-001
  2.7664244e-001
  2.5250047e-001
  2.2637116e-001
  1.9902285e-001
  1.7122945e-001
  1.4369414e-001
  1.1698392e-001
  9.1483751e-002
  6.7376064e-002
  4.4648113e-002
  2.3125512e-002
  2.5268891e-003
 -1.7468478e-002
 -3.7149887e-002
 -5.6711537e-002
 -7.6205119e-002
 -9.5515471e-002
 -1.1436277e-001
 -1.3233090e-001
 -1.4891788e-001
 -1.6360110e-001
 -1.7590775e-001
 -1.8548050e-001
 -1.9212846e-001
 -1.9585623e-001
 -1.9686636e-001
 -1.9553466e-001
 -1.9236148e-001
 -1.8790573e-001
 -1.8271055e-001
 -1.7723115e-001
 -1.7177497e-001
 -1.6646238e-001
 -1.6121372e-001
 -1.5576447e-001
 -1.4970657e-001
 -1.4255010e-001
 -1.3379692e-001
 -1.2301595e-001
 -1.0990960e-001
 -9.4362403e-002
 -7.6464959e-002
 -5.6510243e-002
 -3.4962983e-002
 -1.2406702e-002
  1.0523804e-002
  3.3214811e-002
  5.5140379e-002
  7.5913884e-002
  9.5317009e-002
  1.1330214e-001
  1.2996797e-001
  1.4551197e-001
  1.6016701e-001
  1.7413130e-001
  1.8750258e-001
  2.0022621e-001
  2.1206560e-001
  2.2259982e-001
  2.3124971e-001
  2.3732956e-001
  2.4011794e-001
  2.3893830e-001
  2.3323870e-001
  2.2265973e-001
  2.0708164e-001
  1.8664416e-001
  1.6173632e-001
  1.3295795e-001
  1.0105791e-001
  6.6857970e-002
  3.1172451e-002
 -5.2650984e-003
 -4.1858485e-002
 -7.8181212e-002
 -1.1398069e-001
 -1.4915451e-001
 -1.8370290e-001
 -2.1766523e-001
 -2.5105031e-001
 -2.8377170e-001
 -3.1559801e-001
 -3.4612671e-001
 -3.7478595e-001
 -4.0086552e-001
 -4.2357330e-001
 -4.4211042e-001
 -4.5575497e-001
 -4.6394317e-001
 -4.6633691e-001
 -4.6286817e-001
 -4.5375417e-001
 -4.3948075e-001
 -4.2075592e-001
 -3.9843952e-001
 -3.7345818e-001
 -3.4671650e-001
 -3.1901617e-001
 -2.9099316e-001
 -2.6308072e-001
 -2.3550223e-001
 -2.0829373e-001
 -1.8135178e-001
 -1.5449886e-001
 -1.2755621e-001
 -1.0041295e-001
 -7.3081078e-002
 -4.5728289e-002
 -1.8683552e-002
  7.5852945e-003
  3.2518714e-002
  5.5530454e-002
  7.6080805e-002
  9.3747286e-002
  1.0828226e-001
  1.1964876e-001
  1.2802900e-001
  1.3380378e-001
  1.3750527e-001
  1.3974965e-001
  1.4115854e-001
  1.4228039e-001
  1.4352254e-001
  1.4510354e-001
  1.4703225e-001
  1.4911657e-001
  1.5100034e-001
  1.5222298e-001
  1.5229331e-001
  1.5076663e-001
  1.4731416e-001
  1.4177464e-001
  1.3418065e-001
  1.2475598e-001
  1.1388431e-001
  1.0205398e-001
  8.9786915e-002
  7.7562302e-002
  6.5746350e-002
  5.4538827e-002
  4.3944620e-002
  3.3775058e-002
  2.3679445e-002
  1.3202857e-002
  1.8623607e-003
 -1.0769006e-002
 -2.4982456e-002
 -4.0869487e-002
 -5.8283296e-002
 -7.6831735e-002
 -9.5903590e-002
 -1.1472538e-001
 -1.3244150e-001
 -1.4820718e-001
 -1.6128192e-001
 -1.7111066e-001
 -1.7738183e-001
 -1.8005410e-001
 -1.7934854e-001
 -1.7570700e-001
 -1.6972274e-001
 -1.6205306e-001
 -1.5332601e-001
 -1.4405441e-001
 -1.3456930e-001
 -1.2498208e-001
 -1.1518078e-001
 -1.0486092e-001
 -9.3586617e-002
 -8.0872998e-002
 -6.6278267e-002
 -4.9491827e-002
 -3.0405597e-002
 -9.1577376e-003
  1.3858186e-002
  3.8020765e-002
  6.2542056e-002
  8.6554837e-002
  1.0921426e-001
  1.2980011e-001
  1.4780566e-001
  1.6300059e-001
  1.7545894e-001
  1.8554779e-001
  1.9387730e-001
  2.0121864e-001
  2.0840000e-001
  2.1619463e-001
  2.2521543e-001
  2.3583033e-001
  2.4810958e-001
  2.6181205e-001
  2.7641228e-001
  2.9116466e-001
  3.0519615e-001
  3.1761492e-001
  3.2762053e-001
  3.3460089e-001
  3.3820313e-001
  3.3836910e-001
  3.3533126e-001
  3.2956962e-001
  3.2173626e-001
  3.1255775e-001
  3.0272914e-001
  2.9281388e-001
  2.8316333e-001
  2.7386659e-001
  2.6473735e-001
  2.5533912e-001
  2.4504523e-001
  2.3312522e-001
  2.1884572e-001
  2.0157246e-001
  1.8085953e-001
  1.5651474e-001
  1.2863265e-001
  9.7592076e-002
  6.4019217e-002
  2.8722709e-002
 -7.3897511e-003
 -4.3401129e-002
 -7.8468573e-002
 -1.1188950e-001
 -1.4314183e-001
 -1.7189401e-001
 -1.9798508e-001
 -2.2137943e-001
 -2.4210467e-001
 -2.6018359e-001
 -2.7557167e-001
 -2.8811114e-001
 -2.9750955e-001
 -3.0334746e-001
 -3.0511511e-001
 -3.0227356e-001
 -2.9433206e-001
 -2.8093036e-001
 -2.6191396e-001
 -2.3739076e-001
 -2.0775985e-001
 -1.7370704e-001
 -1.3616613e-001
 -9.6249814e-002
 -5.5158119e-002
 -1.4075973e-002
  2.5927293e-002
  6.3983494e-002
  9.9485140e-002
  1.3211137e-001
  1.6181713e-001
  1.8878731e-001
  2.1336254e-001
  2.3594689e-001
  2.5691038e-001
  2.7649985e-001
  2.9477070e-001
  3.1154891e-001
  3.2642906e-001
  3.3880866e-001
  3.4795467e-001
  3.5309323e-001
  3.5351097e-001
  3.4865413e-001
  3.3821245e-001
  3.2217668e-001
  3.0086175e-001
  2.7489272e-001
  2.4515496e-001
  2.1271504e-001
  1.7872218e-001
  1.4430280e-001
  1.1046092e-001
  7.7996605e-002
  4.7451489e-002
  1.9087082e-002
 -7.1032228e-003
 -3.1351733e-002
 -5.4050864e-002
 -7.5674289e-002
 -9.6696076e-002
 -1.1751870e-001
 -1.3841908e-001
 -1.5951865e-001
 -1.8078000e-001
 -2.0202823e-001
 -2.2299217e-001
 -2.4335732e-001
 -2.6282152e-001
 -2.8114384e-001
 -2.9817892e-001
 -3.1389125e-001
 -3.2834752e-001
 -3.4168822e-001
 -3.5408361e-001
 -3.6568108e-001
 -3.7655284e-001
 -3.8665251e-001
 -3.9578843e-001
 -4.0361857e-001
 -4.0966915e-001
 -4.1337536e-001
 -4.1413942e-001
 -4.1139840e-001
 -4.0469278e-001
 -3.9372662e-001
 -3.7841080e-001
 -3.5888360e-001
 -3.3550560e-001
 -3.0882940e-001
 -2.7954846e-001
 -2.4843155e-001
 -2.1625189e-001
 -1.8372016e-001
 -1.5143007e-001
 -1.1982337e-001
 -8.9178135e-002
 -5.9621010e-002
 -3.1160580e-002
 -3.7361240e-003
  2.2726090e-002
  4.8257738e-002
  7.2803069e-002
  9.6190124e-002
  1.1812296e-001
  1.3819614e-001
  1.5592950e-001
  1.7081822e-001
  1.8239116e-001
  1.9026891e-001
  1.9421366e-001
  1.9416349e-001
  1.9024659e-001
  1.8277337e-001
  1.7220766e-001
  1.5912127e-001
  1.4413804e-001
  1.2787537e-001
  1.1089079e-001
  9.3640717e-002
  7.6456154e-002
  5.9537683e-002
  4.2969207e-002
  2.6746987e-002
  1.0818452e-002
 -4.8761141e-003
 -2.0366125e-002
 -3.5623756e-002
 -5.0551958e-002
 -6.4989390e-002
 -7.8731422e-002
 -9.1563707e-002
 -1.0330271e-001
 -1.1383629e-001
 -1.2315719e-001
 -1.3138335e-001
 -1.3876050e-001
 -1.4564545e-001
 -1.5247094e-001
 -1.5969623e-001
 -1.6774927e-001
 -1.7696822e-001
 -1.8755014e-001
 -1.9951386e-001
 -2.1268240e-001
 -2.2668753e-001
 -2.4099602e-001
 -2.5495442e-001
 -2.6784642e-001
 -2.7895537e-001
 -2.8762378e-001
 -2.9330235e-001
 -2.9558254e-001
 -2.9420923e-001
 -2.8907311e-001
 -2.8018502e-001
 -2.6763761e-001
 -2.5156096e-001
 -2.3208001e-001
 -2.0928095e-001
 -1.8319241e-001
 -1.5378489e-001
 -1.2098890e-001
 -8.4729393e-002
 -4.4971381e-002
 -1.7696480e-003
  4.4685239e-002
  9.4032246e-002
  1.4572263e-001
  1.9902387e-001
  2.5304564e-001
  3.0678528e-001
  3.5918781e-001
  4.0921307e-001
  4.5590162e-001
  4.9843120e-001
  5.3615695e-001
  5.6863055e-001
  5.9559703e-001
  6.1697056e-001
  6.3279418e-001
  6.4319008e-001
  6.4830891e-001
  6.4828612e-001
  6.4321262e-001
  6.3312423e-001
  6.1801200e-001
  5.9785152e-001
  5.7264675e-001
  5.4248112e-001
  5.0756731e-001
  4.6828701e-001
  4.2521308e-001
  3.7910896e-001
  3.3090321e-001
  2.8164077e-001
  2.3241605e-001
  1.8429546e-001
  1.3823929e-001
  9.5032695e-002
  5.5234991e-002
  1.9153979e-002
 -1.3151301e-002
 -4.1839735e-002
 -6.7233476e-002
 -8.9746968e-002
 -1.0980944e-001
 -1.2779156e-001
 -1.4394628e-001
 -1.5837201e-001
 -1.7100276e-001
 -1.8162644e-001
 -1.8992792e-001
 -1.9555028e-001
 -1.9816471e-001
 -1.9753835e-001
 -1.9358954e-001
 -1.8642172e-001
 -1.7633023e-001
 -1.6378041e-001
 -1.4935934e-001
 -1.3370767e-001
 -1.1744110e-001
 -1.0107264e-001
 -8.4946995e-002
 -6.9197025e-002
 -5.3728997e-002
 -3.8239688e-002
 -2.2263691e-002
 -5.2450836e-003
  1.3375970e-002
  3.4073341e-002
  5.7154082e-002
  8.2697796e-002
  1.1052471e-001
  1.4019704e-001
  1.7105364e-001
  2.0227320e-001
  2.3295747e-001
  2.6222294e-001
  2.8928829e-001
  3.1354574e-001
  3.3460636e-001
  3.5231343e-001
  3.6672240e-001
  3.7805086e-001
  3.8660620e-001
  3.9270206e-001
  3.9657626e-001
  3.9832268e-001
  3.9784800e-001
  3.9486015e-001
  3.8889126e-001
  3.7935269e-001
  3.6561491e-001
  3.4710160e-001
  3.2338467e-001
  2.9426695e-001
  2.5984038e-001
  2.2051115e-001
  1.7698737e-001
  1.3023017e-001
  8.1374203e-002
  3.1627492e-002
 -1.7836280e-002
 -6.5979126e-002
 -1.1198072e-001
 -1.5529066e-001
 -1.9564497e-001
 -2.3304581e-001
 -2.6770844e-001
 -2.9998423e-001
 -3.3027147e-001
 -3.5892768e-001
 -3.8619626e-001
 -4.1215839e-001
 -4.3671687e-001
 -4.5961402e-001
 -4.8048029e-001
 -4.9890578e-001
 -5.1452314e-001
 -5.2708855e-001
 -5.3654755e-001
 -5.4307453e-001
 -5.4707864e-001
 -5.4917341e-001
 -5.5011310e-001
 -5.5070354e-001
 -5.5169930e-001
 -5.5370122e-001
 -5.5706870e-001
 -5.6185917e-001
 -5.6780386e-001
 -5.7432370e-001
 -5.8058385e-001
 -5.8557982e-001
 -5.8824389e-001
