 -4.2711998e-001
 -3.9002375e-001
 -3.5638084e-001
 -3.2610049e-001
 -2.9882030e-001
 -2.7435197e-001
 -2.5237305e-001
 -2.3274938e-001
 -2.1527806e-001
 -1.9992254e-001
 -1.8657318e-001
 -1.7519982e-001
 -1.6562261e-001
 -1.5761898e-001
 -1.5072315e-001
 -1.4432795e-001
 -1.3752430e-001
 -1.2921937e-001
 -1.1805006e-001
 -1.0255519e-001
 -8.1155871e-002
 -5.2361363e-002
 -1.4795928e-002
  3.2581274e-002
  9.0433670e-002
  1.5885010e-001
  2.3734593e-001
  3.2474764e-001
  4.1926673e-001
  5.1847598e-001
  6.1948455e-001
  7.1901782e-001
  8.1364342e-001
  8.9988394e-001
  9.7447287e-001
  1.0344851e+000
  1.0775485e+000
  1.1019087e+000
  1.1065780e+000
  1.0913324e+000
  1.0567498e+000
  1.0040951e+000
  9.3526509e-001
  8.5260644e-001
  7.5881434e-001
  6.5673339e-001
  5.4923918e-001
  4.3905000e-001
  3.2869181e-001
  2.2041663e-001
  1.1617802e-001
  1.7549104e-002
 -7.4174141e-002
 -1.5792783e-001
 -2.3284816e-001
 -2.9833405e-001
 -3.5396419e-001
 -3.9946200e-001
 -4.3461471e-001
 -4.5928552e-001
 -4.7338665e-001
 -4.7694382e-001
 -4.7009251e-001
 -4.5314639e-001
 -4.2661218e-001
 -3.9126264e-001
 -3.4814200e-001
 -2.9860322e-001
 -2.4421267e-001
 -1.8668948e-001
 -1.2783730e-001
 -6.9534381e-002
 -1.3589439e-002
  3.8368619e-002
  8.5002998e-002
  1.2530671e-001
  1.5871793e-001
  1.8516289e-001
  2.0508684e-001
  2.1938932e-001
  2.2938961e-001
  2.3671161e-001
  2.4318774e-001
  2.5068594e-001
  2.6096064e-001
  2.7545744e-001
  2.9519788e-001
  3.2065901e-001
  3.5174303e-001
  3.8774264e-001
  4.2738916e-001
  4.6888988e-001
  5.1003602e-001
  5.4830210e-001
  5.8103285e-001
  6.0560485e-001
  6.1961638e-001
  6.2101618e-001
  6.0824105e-001
  5.8028659e-001
  5.3681143e-001
  4.7816303e-001
  4.0535887e-001
  3.1997462e-001
  2.2406562e-001
  1.2003489e-001
  1.0500212e-002
 -1.0187961e-001
 -2.1449329e-001
 -3.2488185e-001
 -4.3084253e-001
 -5.3054878e-001
 -6.2251140e-001
 -7.0553351e-001
 -7.7871016e-001
 -8.4144751e-001
 -8.9331299e-001
 -9.3389093e-001
 -9.6269517e-001
 -9.7918894e-001
 -9.8280545e-001
 -9.7302402e-001
 -9.4942677e-001
 -9.1176477e-001
 -8.5992718e-001
 -7.9394555e-001
 -7.1407171e-001
 -6.2091711e-001
 -5.1547784e-001
 -3.9915043e-001
 -2.7373961e-001
 -1.4147676e-001
 -4.9540392e-003
  1.3294771e-001
  2.6917547e-001
  4.0061013e-001
  5.2422672e-001
  6.3723127e-001
  7.3719870e-001
  8.2216139e-001
  8.9073971e-001
  9.4220958e-001
  9.7648744e-001
  9.9404387e-001
  9.9589588e-001
  9.8355083e-001
  9.5886639e-001
  9.2382986e-001
  8.8038327e-001
  8.3024817e-001
  7.7481496e-001
  7.1506650e-001
  6.5157486e-001
  5.8452594e-001
  5.1383701e-001
  4.3927208e-001
  3.6053521e-001
  2.7732366e-001
  1.8948937e-001
  9.7170525e-002
  8.0829510e-004
 -9.8877512e-002
 -2.0078278e-001
 -3.0336759e-001
 -4.0469238e-001
 -5.0263332e-001
 -5.9528631e-001
 -6.8136512e-001
 -7.6024733e-001
 -8.3183642e-001
 -8.9637506e-001
 -9.5429437e-001
 -1.0061210e+000
 -1.0524313e+000
 -1.0936605e+000
 -1.1299105e+000
 -1.1608438e+000
 -1.1856768e+000
 -1.2032019e+000
 -1.2118859e+000
 -1.2099530e+000
 -1.1955292e+000
 -1.1668431e+000
 -1.1224700e+000
 -1.0614912e+000
 -9.8363043e-001
 -8.8933606e-001
 -7.7984685e-001
 -6.5719291e-001
 -5.2416751e-001
 -3.8420419e-001
 -2.4121733e-001
 -9.9394636e-002
  3.7014520e-002
  1.6396028e-001
  2.7782279e-001
  3.7560314e-001
  4.5504540e-001
  5.1475921e-001
  5.5426932e-001
  5.7397919e-001
  5.7505023e-001
  5.5929730e-001
  5.2903500e-001
  4.8685837e-001
  4.3539305e-001
  3.7714040e-001
  3.1434607e-001
  2.4885525e-001
  1.8197717e-001
  1.1449415e-001
  4.6719398e-002
 -2.1494667e-002
 -9.0751982e-002
 -1.6179874e-001
 -2.3518027e-001
 -3.1140475e-001
 -3.9114745e-001
 -4.7459878e-001
 -5.6087948e-001
 -6.4861747e-001
 -7.3681346e-001
 -8.2492801e-001
 -9.1254440e-001
 -9.9886330e-001
 -1.0823051e+000
 -1.1607374e+000
 -1.2319355e+000
 -1.2934638e+000
 -1.3424339e+000
 -1.3757475e+000
 -1.3904904e+000
 -1.3840374e+000
 -1.3541235e+000
 -1.2990816e+000
 -1.2181049e+000
 -1.1113319e+000
 -9.7987906e-001
 -8.2578165e-001
 -6.5193020e-001
 -4.6205873e-001
 -2.6062743e-001
 -5.2489778e-002
  1.5745536e-001
  3.6481300e-001
  5.6597021e-001
  7.5728195e-001
  9.3426476e-001
  1.0925095e+000
  1.2290062e+000
  1.3420495e+000
  1.4306238e+000
  1.4946317e+000
  1.5352406e+000
  1.5545766e+000
  1.5552994e+000
  1.5406343e+000
  1.5143854e+000
  1.4805882e+000
  1.4429628e+000
  1.4043343e+000
  1.3662291e+000
  1.3290691e+000
  1.2925751e+000
  1.2558421e+000
  1.2173057e+000
  1.1750058e+000
  1.1269253e+000
  1.0712534e+000
  1.0065910e+000
  9.3212847e-001
  8.4773922e-001
  7.5403053e-001
  6.5231006e-001
  5.4448581e-001
  4.3288985e-001
  3.2011233e-001
  2.0880908e-001
  1.0148296e-001
  2.7878833e-004
 -9.3064033e-002
 -1.7722195e-001
 -2.5136520e-001
 -3.1523124e-001
 -3.6902163e-001
 -4.1324385e-001
 -4.4857224e-001
 -4.7571995e-001
 -4.9527995e-001
 -5.0757670e-001
 -5.1247961e-001
 -5.0928752e-001
 -4.9677635e-001
 -4.7336020e-001
 -4.3721429e-001
 -3.8643696e-001
 -3.1929821e-001
 -2.3453383e-001
 -1.3153975e-001
 -1.0526931e-002
  1.2727427e-001
  2.7948033e-001
  4.4274616e-001
  6.1300847e-001
  7.8549913e-001
  9.5473121e-001
  1.1147403e+000
  1.2594748e+000
  1.3832935e+000
  1.4814265e+000
  1.5502053e+000
  1.5871487e+000
  1.5911514e+000
  1.5626136e+000
  1.5033464e+000
  1.4163321e+000
  1.3055287e+000
  1.1756393e+000
  1.0316887e+000
  8.7859592e-001
  7.2112385e-001
  5.6382946e-001
  4.1054656e-001
  2.6384643e-001
  1.2504858e-001
 -5.4868064e-003
 -1.2802295e-001
 -2.4314049e-001
 -3.5165362e-001
 -4.5461326e-001
 -5.5284699e-001
 -6.4645250e-001
 -7.3509569e-001
 -8.1842767e-001
 -8.9540422e-001
 -9.6367759e-001
 -1.0205687e+000
 -1.0643957e+000
 -1.0945784e+000
 -1.1112027e+000
 -1.1148268e+000
 -1.1064162e+000
 -1.0873094e+000
 -1.0592095e+000
 -1.0241130e+000
 -9.8409697e-001
 -9.4073723e-001
 -8.9466347e-001
 -8.4590100e-001
 -7.9444953e-001
 -7.4032064e-001
 -6.8333208e-001
 -6.2294767e-001
 -5.5823132e-001
 -4.8807851e-001
 -4.1156468e-001
 -3.2799193e-001
 -2.3685815e-001
 -1.3801992e-001
 -3.1880536e-002
  8.0565961e-002
  1.9774920e-001
  3.1766319e-001
  4.3798611e-001
  5.5594519e-001
  6.6818722e-001
  7.7111279e-001
  8.6132485e-001
  9.3574118e-001
  9.9158226e-001
  1.0265754e+000
  1.0391640e+000
  1.0285375e+000
  9.9457816e-001
  9.3787968e-001
  8.5973945e-001
  7.6203683e-001
  6.4706528e-001
  5.1747407e-001
  3.7619822e-001
  2.2624518e-001
  7.0454088e-002
 -8.8543640e-002
 -2.4829824e-001
 -4.0662921e-001
 -5.6169751e-001
 -7.1183988e-001
 -8.5536738e-001
 -9.9055944e-001
 -1.1157331e+000
 -1.2291763e+000
 -1.3290853e+000
 -1.4136481e+000
 -1.4812039e+000
 -1.5302965e+000
 -1.5597213e+000
 -1.5687577e+000
 -1.5573892e+000
 -1.5261222e+000
 -1.4758057e+000
 -1.4079418e+000
 -1.3250749e+000
 -1.2306867e+000
 -1.1288342e+000
 -1.0238200e+000
 -9.1987090e-001
 -8.2079752e-001
 -7.2974979e-001
 -6.4907335e-001
 -5.8023995e-001
 -5.2382079e-001
 -4.7949256e-001
 -4.4601473e-001
 -4.2128571e-001
 -4.0261333e-001
 -3.8707664e-001
 -3.7173785e-001
 -3.5382027e-001
 -3.3099968e-001
 -3.0168454e-001
 -2.6509658e-001
 -2.2126288e-001
 -1.7104689e-001
 -1.1613929e-001
 -5.8857450e-002
 -1.8817211e-003
  5.1908827e-002
  9.9582362e-002
  1.3846401e-001
  1.6641872e-001
  1.8189503e-001
  1.8385278e-001
  1.7186648e-001
  1.4624955e-001
  1.0782890e-001
  5.7643134e-002
 -2.7767876e-003
 -7.1205416e-002
 -1.4558416e-001
 -2.2494803e-001
 -3.0899847e-001
 -3.9723782e-001
 -4.8891859e-001
 -5.8326184e-001
 -6.7917861e-001
 -7.7495900e-001
 -8.6840357e-001
 -9.5706899e-001
 -1.0381734e+000
 -1.1085021e+000
 -1.1647679e+000
 -1.2040526e+000
 -1.2237717e+000
 -1.2215433e+000
 -1.1954376e+000
 -1.1443267e+000
 -1.0679278e+000
 -9.6675933e-001
 -8.4224672e-001
 -6.9681313e-001
 -5.3372700e-001
 -3.5687144e-001
 -1.7061012e-001
  2.0320080e-002
  2.1112346e-001
  3.9730243e-001
  5.7470780e-001
  7.3955994e-001
  8.8902482e-001
  1.0216799e+000
  1.1370091e+000
  1.2346688e+000
  1.3145099e+000
  1.3768984e+000
  1.4228016e+000
  1.4537360e+000
  1.4716165e+000
  1.4785519e+000
  1.4768014e+000
  1.4687764e+000
  1.4569701e+000
  1.4438223e+000
  1.4315534e+000
  1.4220665e+000
  1.4169065e+000
  1.4172411e+000
  1.4241383e+000
  1.4386511e+000
  1.4609239e+000
  1.4893086e+000
  1.5209130e+000
  1.5526096e+000
  1.5812360e+000
  1.6034918e+000
  1.6161330e+000
  1.6162693e+000
  1.6017338e+000
  1.5713772e+000
  1.5250881e+000
  1.4636074e+000
  1.3882097e+000
  1.3004409e+000
  1.2022771e+000
  1.0963422e+000
  9.8564647e-001
  8.7317074e-001
  7.6182295e-001
  6.5448834e-001
  5.5388210e-001
  4.6235958e-001
  3.8187883e-001
  3.1401421e-001
  2.5992697e-001
  2.2032973e-001
  1.9558077e-001
  1.8574332e-001
  1.9043270e-001
  2.0864766e-001
  2.3887376e-001
  2.7928136e-001
  3.2785189e-001
  3.8244713e-001
  4.4081713e-001
  5.0058871e-001
  5.5947409e-001
  6.1549260e-001
  6.6685054e-001
  7.1178701e-001
  7.4884018e-001
  7.7711529e-001
  7.9617407e-001
  8.0573905e-001
  8.0535449e-001
  7.9419758e-001
  7.7145827e-001
  7.3682068e-001
  6.9032143e-001
  6.3202159e-001
  5.6219171e-001
  4.8160930e-001
  3.9150124e-001
  2.9337375e-001
  1.8903000e-001
  8.0599392e-002
 -2.9591782e-002
 -1.3919798e-001
 -2.4589638e-001
 -3.4744189e-001
 -4.4190317e-001
 -5.2793179e-001
 -6.0481001e-001
 -6.7241320e-001
 -7.3127899e-001
 -7.8263927e-001
 -8.2819779e-001
 -8.6984295e-001
 -9.0952193e-001
 -9.4916306e-001
 -9.9046832e-001
 -1.0347022e+000
 -1.0826096e+000
 -1.1344101e+000
 -1.1897533e+000
 -1.2477135e+000
 -1.3069219e+000
 -1.3657356e+000
 -1.4222664e+000
 -1.4744259e+000
 -1.5201800e+000
 -1.5578647e+000
 -1.5863219e+000
 -1.6049444e+000
 -1.6137487e+000
 -1.6133857e+000
 -1.6049493e+000
 -1.5897300e+000
 -1.5690813e+000
 -1.5443222e+000
 -1.5165350e+000
 -1.4863868e+000
 -1.4540943e+000
 -1.4194829e+000
 -1.3820578e+000
 -1.3410981e+000
 -1.2957685e+000
 -1.2452344e+000
 -1.1887447e+000
 -1.1257280e+000
 -1.0559319e+000
 -9.7955908e-001
 -8.9732437e-001
 -8.1044913e-001
 -7.2059794e-001
 -6.2978220e-001
 -5.4025535e-001
 -4.5440130e-001
 -3.7455866e-001
 -3.0283779e-001
 -2.4099978e-001
 -1.9036932e-001
 -1.5168137e-001
 -1.2497875e-001
 -1.0970942e-001
 -1.0490985e-001
 -1.0924486e-001
 -1.2104720e-001
 -1.3854667e-001
 -1.6011431e-001
 -1.8425897e-001
 -2.0954568e-001
 -2.3466482e-001
 -2.5853675e-001
 -2.8024098e-001
 -2.9894218e-001
 -3.1400703e-001
 -3.2514124e-001
 -3.3231610e-001
 -3.3562419e-001
 -3.3521617e-001
 -3.3128602e-001
 -3.2402854e-001
 -3.1360951e-001
 -3.0016917e-001
 -2.8383100e-001
 -2.6463789e-001
 -2.4251684e-001
 -2.1738898e-001
 -1.8932161e-001
 -1.5854343e-001
 -1.2540853e-001
 -9.0404099e-002
 -5.4155613e-002
 -1.7357322e-002
  1.9312453e-002
  5.5251179e-002
  8.9968654e-002
  1.2314099e-001
  1.5464166e-001
  1.8451679e-001
  2.1294394e-001
  2.4025368e-001
  2.6694868e-001
  2.9366635e-001
  3.2110685e-001
  3.4998004e-001
  3.8095510e-001
  4.1462560e-001
  4.5147164e-001
  4.9181246e-001
  5.3574382e-001
  5.8310145e-001
  6.3343804e-001
  6.8600087e-001
  7.3974231e-001
  7.9343785e-001
  8.4581758e-001
  8.9560697e-001
  9.4152889e-001
  9.8236994e-001
  1.0170471e+000
  1.0446490e+000
  1.0644578e+000
  1.0759259e+000
  1.0786516e+000
  1.0724867e+000
  1.0576211e+000
  1.0344559e+000
  1.0034202e+000
  9.6497008e-001
  9.1965391e-001
  8.6813395e-001
  8.1117734e-001
  7.4963305e-001
  6.8439352e-001
  6.1640138e-001
  5.4666551e-001
  4.7624368e-001
  4.0621070e-001
  3.3766373e-001
  2.7172325e-001
  2.0948769e-001
  1.5197002e-001
  1.0010006e-001
  5.4721346e-002
  1.6518341e-002
 -1.4056907e-002
 -3.6772361e-002
 -5.1567015e-002
 -5.8489715e-002
 -5.7687525e-002
 -4.9477167e-002
 -3.4447108e-002
 -1.3512191e-002
  1.2105670e-002
  4.1039066e-002
  7.1964280e-002
  1.0365833e-001
  1.3500358e-001
  1.6510285e-001
  1.9339334e-001
  2.1964404e-001
  2.4389027e-001
  2.6638988e-001
  2.8756367e-001
  3.0790481e-001
  3.2789012e-001
  3.4793604e-001
  3.6837731e-001
  3.8946881e-001
  4.1138395e-001
  4.3419525e-001
  4.5784326e-001
  4.8214749e-001
  5.0682636e-001
  5.3148566e-001
  5.5560509e-001
  5.7859267e-001
  5.9982868e-001
  6.1863155e-001
  6.3418911e-001
  6.4555081e-001
  6.5165729e-001
  6.5137538e-001
  6.4355776e-001
  6.2718488e-001
  6.0149366e-001
  5.6599093e-001
  5.2042693e-001
  4.6486198e-001
  3.9974783e-001
  3.2593518e-001
  2.4463621e-001
  1.5740245e-001
  6.6075662e-002
 -2.7309876e-002
 -1.2064360e-001
 -2.1181778e-001
 -2.9880387e-001
 -3.7975338e-001
 -4.5311005e-001
 -5.1768530e-001
 -5.7271421e-001
 -6.1789560e-001
 -6.5339350e-001
 -6.7975161e-001
 -6.9776722e-001
 -7.0838444e-001
 -7.1260429e-001
 -7.1135215e-001
 -7.0538268e-001
 -6.9530811e-001
 -6.8166465e-001
 -6.6487753e-001
 -6.4521282e-001
 -6.2281439e-001
 -5.9777735e-001
 -5.7018806e-001
 -5.4015765e-001
 -5.0783940e-001
 -4.7344557e-001
 -4.3728948e-001
 -3.9982346e-001
 -3.6160248e-001
 -3.2322713e-001
 -2.8532525e-001
 -2.4853982e-001
 -2.1346707e-001
 -1.8059103e-001
 -1.5024649e-001
 -1.2261513e-001
 -9.7739818e-002
 -7.5564733e-002
 -5.5964834e-002
 -3.8768026e-002
 -2.3810324e-002
 -1.0989052e-002
 -1.8391439e-004
  8.7959009e-003
  1.6014338e-002
  2.1185067e-002
  2.3754319e-002
  2.3073958e-002
  1.8408886e-002
  8.8911111e-003
 -6.4514645e-003
 -2.8621091e-002
 -5.8495195e-002
 -9.6660997e-002
 -1.4335488e-001
 -1.9845214e-001
 -2.6138573e-001
 -3.3107602e-001
 -4.0597548e-001
 -4.8416950e-001
 -5.6341256e-001
 -6.4119704e-001
 -7.1495261e-001
 -7.8226206e-001
 -8.4095436e-001
 -8.8914280e-001
 -9.2525204e-001
 -9.4807772e-001
 -9.5692280e-001
 -9.5173957e-001
 -9.3312859e-001
 -9.0224663e-001
 -8.6071320e-001
 -8.1048583e-001
 -7.5363258e-001
 -6.9211436e-001
 -6.2769176e-001
 -5.6188789e-001
 -4.9587421e-001
 -4.3037461e-001
 -3.6569329e-001
 -3.0180929e-001
 -2.3844196e-001
 -1.7513363e-001
 -1.1138142e-001
 -4.6782939e-002
  1.8870139e-002
  8.5519114e-002
  1.5276391e-001
  2.1981862e-001
  2.8555081e-001
  3.4857007e-001
  4.0733711e-001
  4.6028491e-001
  5.0596538e-001
  5.4318845e-001
  5.7112875e-001
  5.8939945e-001
  5.9812797e-001
  5.9798131e-001
  5.9009156e-001
  5.7592031e-001
  5.5714626e-001
  5.3554078e-001
  5.1279450e-001
  4.9033824e-001
  4.6924282e-001
  4.5015738e-001
  4.3322319e-001
  4.1802417e-001
  4.0369748e-001
  3.8909580e-001
  3.7283903e-001
  3.5335373e-001
  3.2914252e-001
  2.9908735e-001
  2.6243681e-001
  2.1874521e-001
  1.6822978e-001
  1.1208010e-001
  5.2139347e-002
 -9.6085621e-003
 -7.1174085e-002
 -1.3054010e-001
 -1.8572350e-001
 -2.3486884e-001
 -2.7636869e-001
 -3.0899636e-001
 -3.3193492e-001
 -3.4475481e-001
 -3.4741616e-001
 -3.4025953e-001
 -3.2393016e-001
 -2.9928560e-001
 -2.6732219e-001
 -2.2911635e-001
 -1.8574024e-001
 -1.3819256e-001
 -8.7374308e-002
 -3.4090283e-002
  2.0977785e-002
  7.7276551e-002
  1.3432761e-001
  1.9163753e-001
  2.4863530e-001
  3.0462271e-001
  3.5873313e-001
  4.0992663e-001
  4.5705020e-001
  4.9892158e-001
  5.3442156e-001
  5.6256108e-001
  5.8249118e-001
  5.9351053e-001
  5.9515388e-001
  5.8730479e-001
  5.7025537e-001
  5.4470446e-001
  5.1175171e-001
  4.7283404e-001
  4.2958125e-001
  3.8370367e-001
  3.3691393e-001
  2.9084424e-001
  2.4718307e-001
  2.0766642e-001
  1.7327917e-001
  1.4349634e-001
  1.1680473e-001
  9.1627870e-002
  6.6335268e-002
  3.8987758e-002
  7.7852016e-003
 -2.8413653e-002
 -7.0218394e-002
 -1.1795736e-001
 -1.7146205e-001
 -2.2976145e-001
 -2.9112035e-001
 -3.5325328e-001
 -4.1349611e-001
 -4.6900240e-001
 -5.1700816e-001
 -5.5506876e-001
 -5.8115781e-001
 -5.9373967e-001
 -5.9191782e-001
 -5.7556290e-001
 -5.4534469e-001
 -5.0264994e-001
 -4.4930842e-001
 -3.8734389e-001
 -3.1896907e-001
 -2.4666917e-001
 -1.7320191e-001
 -1.0146909e-001
 -3.4117035e-002
  2.6858532e-002
  8.0087682e-002
  1.2463757e-001
  1.6009897e-001
  1.8671811e-001
  2.0528674e-001
  2.1695325e-001
  2.2313758e-001
  2.2544821e-001
  2.2551931e-001
  2.2484040e-001
  2.2465477e-001
  2.2591187e-001
  2.2925818e-001
  2.3505867e-001
  2.4343678e-001
  2.5431040e-001
  2.6742303e-001
  2.8235007e-001
  2.9855709e-001
  3.1549289e-001
  3.3250478e-001
  3.4876129e-001
  3.6368513e-001
  3.7728652e-001
  3.8948805e-001
  3.9931881e-001
  4.0521450e-001
  4.0568531e-001
  3.9934764e-001
  3.8475687e-001
  3.6057331e-001
  3.2577804e-001
  2.7976455e-001
  2.2242019e-001
  1.5418136e-001
  7.6087382e-002
 -1.0035275e-002
 -1.0150217e-001
 -1.9508792e-001
 -2.8747366e-001
 -3.7550756e-001
 -4.5631481e-001
 -5.2727413e-001
 -5.8598147e-001
 -6.3041863e-001
 -6.5918584e-001
 -6.7152168e-001
 -6.6723955e-001
 -6.4675955e-001
 -6.1112822e-001
 -5.6190212e-001
 -5.0099983e-001
 -4.3062042e-001
 -3.5318322e-001
 -2.7122072e-001
 -1.8726703e-001
 -1.0376085e-001
 -2.2974236e-002
  5.3018103e-002
  1.2233788e-001
  1.8334895e-001
  2.3470581e-001
  2.7530220e-001
  3.0423282e-001
  3.2095706e-001
  3.2546413e-001
  3.1819464e-001
  2.9988504e-001
  2.7154172e-001
  2.3447187e-001
  1.9034863e-001
  1.4125034e-001
  8.9508790e-002
  3.7510079e-002
 -1.2265816e-002
 -5.7215045e-002
 -9.4897371e-002
 -1.2340305e-001
 -1.4150089e-001
 -1.4865973e-001
 -1.4502481e-001
 -1.3136781e-001
 -1.0907032e-001
 -8.0106226e-002
 -4.6908045e-002
 -1.2184681e-002
  2.1218124e-002
  5.0463238e-002
  7.2933139e-002
  8.6436325e-002
  8.9349239e-002
  8.0697139e-002
  6.0184238e-002
  2.8180810e-002
 -1.4297443e-002
 -6.5649789e-002
 -1.2380258e-001
 -1.8635845e-001
 -2.5077890e-001
 -3.1455663e-001
 -3.7526906e-001
 -4.3061896e-001
 -4.7862781e-001
 -5.1785024e-001
 -5.4736830e-001
 -5.6672111e-001
 -5.7595974e-001
 -5.7566682e-001
 -5.6678540e-001
 -5.5036755e-001
 -5.2731327e-001
 -4.9821146e-001
 -4.6341422e-001
 -4.2319748e-001
 -3.7779752e-001
 -3.2738055e-001
 -2.7201031e-001
 -2.1165410e-001
 -1.4631949e-001
 -7.6236245e-002
 -1.8871146e-003
  7.6004726e-002
  1.5637300e-001
  2.3771587e-001
  3.1817970e-001
  3.9569852e-001
  4.6807258e-001
  5.3302968e-001
  5.8832899e-001
  6.3189299e-001
  6.6198062e-001
  6.7735481e-001
  6.7740631e-001
  6.6221809e-001
  6.3256423e-001
  5.8986661e-001
  5.3617909e-001
  4.7413194e-001
  4.0675602e-001
  3.3724786e-001
  2.6876448e-001
  2.0423019e-001
  1.4616787e-001
  9.6557785e-002
  5.6695382e-002
  2.7105212e-002
  7.6256288e-003
 -2.4439781e-003
 -4.2802876e-003
  5.2612527e-004
  1.0159082e-002
  2.2784447e-002
  3.6688906e-002
  5.0358021e-002
  6.2503228e-002
  7.2069946e-002
  7.8286898e-002
  8.0701439e-002
  7.9173954e-002
  7.3817120e-002
  6.4838924e-002
  5.2403100e-002
  3.6696737e-002
  1.8052246e-002
 -3.0898762e-003
 -2.6268378e-002
 -5.0967609e-002
 -7.6548206e-002
 -1.0223930e-001
 -1.2715193e-001
 -1.5023653e-001
 -1.7027083e-001
 -1.8599126e-001
 -1.9626149e-001
 -2.0008542e-001
 -1.9659418e-001
 -1.8519481e-001
 -1.6572719e-001
 -1.3841704e-001
 -1.0376410e-001
 -6.2537443e-002
 -1.5800881e-002
  3.5152302e-002
  8.8880817e-002
  1.4381739e-001
  1.9829482e-001
  2.5064700e-001
  2.9931054e-001
  3.4288275e-001
  3.8012681e-001
  4.0990679e-001
  4.3112376e-001
  4.4279114e-001
  4.4414478e-001
  4.3464071e-001
  4.1392340e-001
  3.8189051e-001
  3.3877675e-001
  2.8518765e-001
  2.2209968e-001
  1.5085081e-001
  7.3104264e-002
 -9.1972560e-003
 -9.3894072e-002
 -1.7870835e-001
 -2.6135967e-001
 -3.3961862e-001
 -4.1137347e-001
 -4.7480993e-001
 -5.2859121e-001
 -5.7187258e-001
 -6.0425954e-001
 -6.2581561e-001
 -6.3708074e-001
 -6.3906739e-001
 -6.3320699e-001
 -6.2116268e-001
 -6.0461234e-001
 -5.8514955e-001
 -5.6423883e-001
 -5.4310577e-001
 -5.2263820e-001
 -5.0337355e-001
 -4.8553259e-001
 -4.6903965e-001
 -4.5356205e-001
 -4.3859439e-001
 -4.2355712e-001
 -4.0785685e-001
 -3.9093627e-001
 -3.7234030e-001
 -3.5177436e-001
 -3.2911674e-001
 -3.0440741e-001
 -2.7782911e-001
 -2.4968147e-001
 -2.2034294e-001
 -1.9022740e-001
 -1.5973339e-001
 -1.2919763e-001
 -9.8857735e-002
 -6.8834868e-002
 -3.9141695e-002
 -9.7081886e-003
  1.9585742e-002
  4.8870346e-002
  7.8248479e-002
  1.0775610e-001
  1.3730023e-001
  1.6660135e-001
  1.9522717e-001
  2.2265410e-001
  2.4821703e-001
  2.7107316e-001
  2.9039353e-001
  3.0555635e-001
  3.1606560e-001
  3.2138700e-001
  3.2093856e-001
  3.1415889e-001
  3.0061637e-001
  2.8011095e-001
  2.5264492e-001
  2.1837999e-001
  1.7778759e-001
  1.3182717e-001
  8.1935804e-002
  2.9915036e-002
 -2.2152429e-002
 -7.2007567e-002
 -1.1738461e-001
 -1.5617799e-001
 -1.8653675e-001
 -2.0693347e-001
 -2.1624023e-001
 -2.1380295e-001
 -1.9950028e-001
 -1.7376997e-001
 -1.3754347e-001
 -9.2151904e-002
 -3.9277425e-002
  1.9089374e-002
  8.0761835e-002
  1.4349403e-001
  2.0510915e-001
  2.6361312e-001
  3.1730334e-001
  3.6485189e-001
  4.0535145e-001
  4.3832936e-001
  4.6376547e-001
  4.8206965e-001
  4.9398951e-001
  5.0049357e-001
  5.0267641e-001
  5.0169834e-001
  4.9878477e-001
  4.9520817e-001
  4.9220301e-001
  4.9083826e-001
  4.9185436e-001
  4.9555854e-001
  5.0193755e-001
  5.1080795e-001
  5.2176794e-001
  5.3408758e-001
  5.4673336e-001
  5.5847178e-001
  5.6800924e-001
  5.7413702e-001
  5.7581935e-001
  5.7223032e-001
  5.6278695e-001
  5.4716288e-001
  5.2527374e-001
  4.9723971e-001
  4.6335524e-001
  4.2405507e-001
  3.7983133e-001
  3.3117343e-001
  2.7864963e-001
  2.2299367e-001
  1.6504110e-001
  1.0561403e-001
  4.5472267e-002
 -1.4678960e-002
 -7.4110502e-002
 -1.3199515e-001
 -1.8743780e-001
 -2.3955364e-001
 -2.8751495e-001
 -3.3057108e-001
 -3.6800651e-001
 -3.9910895e-001
 -4.2326760e-001
 -4.4010138e-001
 -4.4944958e-001
 -4.5132106e-001
 -4.4592028e-001
 -4.3368941e-001
 -4.1529273e-001
 -3.9158281e-001
 -3.6357588e-001
 -3.3243153e-001
 -2.9942421e-001
 -2.6591385e-001
 -2.3331428e-001
 -2.0304441e-001
 -1.7644386e-001
 -1.5467752e-001
 -1.3864150e-001
 -1.2889222e-001
 -1.2562931e-001
 -1.2870836e-001
 -1.3761600e-001
 -1.5146918e-001
 -1.6912613e-001
 -1.8933731e-001
 -2.1081024e-001
 -2.3225434e-001
 -2.5251304e-001
 -2.7069577e-001
 -2.8616414e-001
 -2.9849023e-001
 -3.0754297e-001
 -3.1357567e-001
 -3.1714051e-001
 -3.1893811e-001
 -3.1973551e-001
 -3.2030606e-001
 -3.2133411e-001
 -3.2332544e-001
 -3.2655991e-001
 -3.3107733e-001
 -3.3666179e-001
 -3.4285713e-001
 -3.4907760e-001
 -3.5473900e-001
 -3.5925084e-001
 -3.6198997e-001
 -3.6247135e-001
 -3.6052955e-001
 -3.5621082e-001
 -3.4962125e-001
 -3.4104614e-001
 -3.3111665e-001
 -3.2074154e-001
 -3.1093385e-001
 -3.0267062e-001
 -2.9677172e-001
 -2.9380966e-001
 -2.9405356e-001
 -2.9739299e-001
 -3.0327725e-001
 -3.1074296e-001
 -3.1848543e-001
 -3.2488806e-001
 -3.2809800e-001
 -3.2622023e-001
 -3.1753326e-001
 -3.0066463e-001
 -2.7469590e-001
 -2.3909893e-001
 -1.9368750e-001
 -1.3883107e-001
 -7.5700507e-002
 -6.2358289e-003
  6.7051388e-002
  1.4133006e-001
  2.1371205e-001
  2.8141489e-001
  3.4189492e-001
  3.9310617e-001
  4.3373647e-001
  4.6325640e-001
  4.8182636e-001
  4.9015360e-001
  4.8933158e-001
  4.8067961e-001
  4.6563588e-001
  4.4579617e-001
  4.2294565e-001
  3.9886394e-001
  3.7507664e-001
  3.5283746e-001
  3.3318020e-001
  3.1682646e-001
  3.0407688e-001
  2.9484524e-001
  2.8875039e-001
  2.8517334e-001
  2.8332349e-001
  2.8237971e-001
  2.8162516e-001
  2.8049862e-001
  2.7860595e-001
  2.7575145e-001
  2.7196003e-001
  2.6747500e-001
  2.6271696e-001
  2.5818859e-001
  2.5436488e-001
  2.5160266e-001
  2.5007061e-001
  2.4976555e-001
  2.5052937e-001
  2.5192051e-001
  2.5311845e-001
  2.5310635e-001
  2.5092888e-001
  2.4580574e-001
  2.3714509e-001
  2.2448276e-001
  2.0741387e-001
  1.8571113e-001
  1.5947216e-001
  1.2901279e-001
  9.4721886e-002
  5.7194549e-002
  1.7411510e-002
 -2.3321750e-002
 -6.3530469e-002
 -1.0163490e-001
 -1.3600360e-001
 -1.6506764e-001
 -1.8744526e-001
 -2.0204847e-001
 -2.0818582e-001
 -2.0560667e-001
 -1.9452192e-001
 -1.7570022e-001
 -1.5050817e-001
 -1.2068763e-001
 -8.8101589e-002
 -5.4697018e-002
 -2.2547311e-002
  6.1599964e-003
  2.9221535e-002
  4.4724510e-002
  5.1356505e-002
  4.8378335e-002
  3.5482919e-002
  1.2897438e-002
 -1.8483063e-002
 -5.7188793e-002
 -1.0134499e-001
 -1.4878593e-001
 -1.9715861e-001
 -2.4400262e-001
 -2.8685828e-001
 -3.2350850e-001
 -3.5222552e-001
 -3.7182335e-001
 -3.8162826e-001
 -3.8151482e-001
 -3.7194455e-001
 -3.5392780e-001
 -3.2894908e-001
 -2.9886582e-001
 -2.6578526e-001
 -2.3194866e-001
 -1.9960925e-001
 -1.7084742e-001
 -1.4738748e-001
 -1.3053395e-001
 -1.2114632e-001
 -1.1949142e-001
 -1.2512598e-001
 -1.3703144e-001
 -1.5382405e-001
 -1.7379841e-001
 -1.9495813e-001
 -2.1520480e-001
 -2.3258774e-001
 -2.4551837e-001
 -2.5292817e-001
 -2.5429675e-001
 -2.4960724e-001
 -2.3934001e-001
 -2.2443665e-001
 -2.0612794e-001
 -1.8572130e-001
 -1.6444316e-001
 -1.4332876e-001
 -1.2313716e-001
 -1.0430228e-001
 -8.6910191e-002
 -7.0703913e-002
 -5.5123834e-002
 -3.9389149e-002
 -2.2601701e-002
 -3.8803301e-003
  1.7480158e-002
  4.1876371e-002
  6.9336041e-002
  9.9521986e-002
  1.3180887e-001
  1.6537407e-001
  1.9921616e-001
  2.3217162e-001
  2.6305022e-001
  2.9079984e-001
  3.1458556e-001
  3.3381685e-001
  3.4820376e-001
  3.5778896e-001
  3.6289614e-001
  3.6406675e-001
  3.6207008e-001
  3.5789624e-001
  3.5265947e-001
  3.4742786e-001
  3.4300831e-001
  3.3977739e-001
  3.3766105e-001
  3.3622009e-001
  3.3478182e-001
  3.3256504e-001
  3.2873692e-001
  3.2245390e-001
  3.1298110e-001
  2.9983039e-001
  2.8285607e-001
  2.6229034e-001
  2.3867590e-001
  2.1274851e-001
  1.8539220e-001
  1.5759791e-001
  1.3031543e-001
  1.0430568e-001
  8.0127392e-002
  5.8172145e-002
  3.8668033e-002
  2.1672286e-002
  7.0554997e-003
 -5.4905877e-003
 -1.6341575e-002
 -2.5817407e-002
 -3.4179082e-002
 -4.1673967e-002
 -4.8512447e-002
 -5.4833416e-002
 -6.0718349e-002
 -6.6215317e-002
 -7.1330727e-002
 -7.6014928e-002
 -8.0160831e-002
 -8.3611747e-002
 -8.6170687e-002
 -8.7620174e-002
 -8.7735683e-002
 -8.6298862e-002
 -8.3144510e-002
 -7.8200429e-002
 -7.1429669e-002
 -6.2775552e-002
 -5.2257774e-002
 -4.0100010e-002
 -2.6695709e-002
 -1.2528290e-002
  1.7963721e-003
  1.5512245e-002
  2.7783151e-002
  3.7825774e-002
  4.4984585e-002
  4.8779523e-002
  4.8916057e-002
  4.5284608e-002
  3.8039898e-002
  2.7649825e-002
  1.4759739e-002
  1.0307829e-005
 -1.6010157e-002
 -3.2754344e-002
 -4.9718811e-002
 -6.6458310e-002
 -8.2641224e-002
 -9.8101274e-002
 -1.1278026e-001
 -1.2664584e-001
 -1.3971152e-001
 -1.5208320e-001
 -1.6391662e-001
 -1.7535511e-001
 -1.8653168e-001
 -1.9758119e-001
 -2.0857718e-001
 -2.1945549e-001
 -2.3001898e-001
 -2.3997021e-001
 -2.4885961e-001
 -2.5605980e-001
 -2.6091293e-001
 -2.6290991e-001
 -2.6171467e-001
 -2.5713250e-001
 -2.4913255e-001
 -2.3787749e-001
 -2.2373345e-001
 -2.0724049e-001
 -1.8898296e-001
 -1.6944688e-001
 -1.4897275e-001
 -1.2775893e-001
 -1.0585828e-001
 -8.3177239e-002
 -5.9452705e-002
 -3.4258895e-002
 -7.1302660e-003
  2.2274138e-002
  5.4103564e-002
  8.8286082e-002
  1.2444264e-001
  1.6182868e-001
  1.9941758e-001
  2.3602841e-001
  2.7038745e-001
  3.0117692e-001
  3.2714149e-001
  3.4721073e-001
  3.6060552e-001
  3.6690880e-001
  3.6608829e-001
  3.5847455e-001
  3.4470447e-001
  3.2565379e-001
  3.0240379e-001
  2.7619378e-001
  2.4830727e-001
  2.1993853e-001
  1.9209146e-001
  1.6552313e-001
  1.4076365e-001
  1.1816172e-001
  9.7872003e-002
  7.9832921e-002
  6.3821906e-002
  4.9532230e-002
  3.6609386e-002
  2.4673620e-002
  1.3366619e-002
  2.3889136e-003
 -8.4790288e-003
 -1.9371103e-002
 -3.0378914e-002
 -4.1609216e-002
 -5.3133729e-002
 -6.4952758e-002
 -7.7170254e-002
 -9.0162847e-002
 -1.0444405e-001
 -1.2042714e-001
 -1.3836562e-001
 -1.5836655e-001
 -1.8032475e-001
 -2.0386006e-001
 -2.2834110e-001
 -2.5292372e-001
 -2.7653816e-001
 -2.9790187e-001
 -3.1561187e-001
 -3.2829450e-001
 -3.3480076e-001
 -3.3436771e-001
 -3.2661974e-001
 -3.1151362e-001
 -2.8937873e-001
 -2.6097943e-001
 -2.2748623e-001
 -1.9040213e-001
 -1.5147971e-001
 -1.1261750e-001
 -7.5739457e-002
 -4.2672854e-002
 -1.5018893e-002
  5.9550349e-003
  1.9367063e-002
  2.4736430e-002
  2.2006471e-002
  1.1541033e-002
 -5.9392288e-003
 -2.9445829e-002
 -5.7803340e-002
 -8.9723026e-002
 -1.2383539e-001
 -1.5872189e-001
 -1.9303122e-001
 -2.2559560e-001
 -2.5540003e-001
 -2.8153220e-001
 -3.0327083e-001
 -3.2020156e-001
 -3.3222938e-001
 -3.3953259e-001
 -3.4247712e-001
 -3.4153037e-001
 -3.3725399e-001
 -3.3031107e-001
 -3.2136464e-001
 -3.1095848e-001
 -2.9950192e-001
 -2.8730144e-001
 -2.7454851e-001
 -2.6131454e-001
 -2.4760384e-001
 -2.3341195e-001
 -2.1873611e-001
 -2.0357183e-001
 -1.8791707e-001
 -1.7179420e-001
 -1.5530369e-001
 -1.3866750e-001
 -1.2220391e-001
 -1.0626279e-001
 -9.1158330e-002
 -7.7110267e-002
 -6.4207598e-002
 -5.2384590e-002
 -4.1384343e-002
 -3.0734544e-002
 -1.9748409e-002
 -7.5680885e-003
  6.7296125e-003
  2.4007773e-002
  4.4990727e-002
  7.0203618e-002
  9.9905825e-002
  1.3402966e-001
  1.7212204e-001
  2.1332150e-001
  2.5643844e-001
  3.0007527e-001
  3.4268889e-001
  3.8265376e-001
  4.1840684e-001
  4.4860990e-001
  4.7225502e-001
  4.8872637e-001
  4.9784490e-001
  4.9987839e-001
  4.9549721e-001
  4.8569970e-001
  4.7175861e-001
  4.5514052e-001
  4.3733757e-001
  4.1968180e-001
  4.0324960e-001
  3.8881563e-001
  3.7679350e-001
  3.6719978e-001
  3.5970395e-001
  3.5371108e-001
  3.4840731e-001
  3.4282437e-001
  3.3600461e-001
  3.2718292e-001
  3.1588434e-001
  3.0196382e-001
  2.8564595e-001
  2.6753137e-001
  2.4853412e-001
  2.2978405e-001
  2.1255667e-001
  1.9817945e-001
  1.8784775e-001
  1.8242621e-001
  1.8235906e-001
  1.8763570e-001
  1.9773506e-001
  2.1160999e-001
  2.2779707e-001
  2.4458214e-001
  2.6013795e-001
  2.7265871e-001
  2.8054015e-001
  2.8254327e-001
  2.7788184e-001
  2.6625925e-001
  2.4789703e-001
  2.2353105e-001
  1.9435781e-001
  1.6193856e-001
  1.2808218e-001
  9.4705598e-002
  6.3674867e-002
  3.6649922e-002
  1.4975939e-002
 -3.9292042e-004
 -8.9868568e-003
 -1.0883479e-002
 -6.6345697e-003
  2.8500529e-003
  1.6300235e-002
  3.2103106e-002
  4.8551391e-002
  6.4132101e-002
  7.7598060e-002
  8.7946509e-002
  9.4505768e-002
  9.7008984e-002
  9.5509074e-002
  9.0253328e-002
  8.1658189e-002
  7.0289267e-002
  5.6759040e-002
  4.1596920e-002
  2.5134001e-002
  7.4374427e-003
 -1.1627327e-002
 -3.2286901e-002
 -5.4842990e-002
 -7.9663849e-002
 -1.0705334e-001
 -1.3709483e-001
 -1.6959593e-001
 -2.0408090e-001
 -2.3975517e-001
 -2.7549921e-001
 -3.0994952e-001
 -3.4161704e-001
 -3.6898363e-001
 -3.9059909e-001
 -4.0519824e-001
 -4.1182457e-001
 -4.0994446e-001
 -3.9953974e-001
 -3.8114691e-001
 -3.5584444e-001
 -3.2520700e-001
 -2.9121184e-001
 -2.5606276e-001
 -2.2199160e-001
 -1.9111755e-001
 -1.6532902e-001
 -1.4612327e-001
 -1.3446869e-001
 -1.3076518e-001
 -1.3486816e-001
 -1.4612018e-001
 -1.6341158e-001
 -1.8528636e-001
 -2.1006382e-001
 -2.3594195e-001
 -2.6109489e-001
 -2.8377367e-001
 -3.0240777e-001
 -3.1569891e-001
 -3.2270316e-001
 -3.2289093e-001
 -3.1617798e-001
 -3.0290809e-001
 -2.8379693e-001
 -2.5986873e-001
 -2.3236643e-001
 -2.0258980e-001
 -1.7173938e-001
 -1.4086161e-001
 -1.1084541e-001
 -8.2386046e-002
 -5.5959013e-002
 -3.1854247e-002
 -1.0237248e-002
  8.8037954e-003
  2.5209168e-002
  3.8886252e-002
  4.9656184e-002
  5.7235650e-002
  6.1243552e-002
  6.1221550e-002
  5.6671886e-002
  4.7118176e-002
  3.2176994e-002
  1.1630166e-002
 -1.4509441e-002
 -4.5942653e-002
 -8.2048862e-002
 -1.2187850e-001
 -1.6417638e-001
 -2.0742342e-001
 -2.4990578e-001
 -2.8982520e-001
 -3.2542079e-001
 -3.5505673e-001
 -3.7730463e-001
 -3.9104950e-001
 -3.9559245e-001
 -3.9072444e-001
 -3.7675717e-001
 -3.5448728e-001
 -3.2512612e-001
 -2.9022926e-001
 -2.5161539e-001
 -2.1126128e-001
 -1.7116836e-001
 -1.3318571e-001
 -9.8840658e-002
 -6.9242214e-002
 -4.5052378e-002
 -2.6487957e-002
 -1.3363206e-002
 -5.1833940e-003
 -1.2452884e-003
 -6.9685323e-004
 -2.5848355e-003
 -5.9262996e-003
 -9.7877481e-003
 -1.3338727e-002
 -1.5884076e-002
 -1.6876145e-002
 -1.5900549e-002
 -1.2642167e-002
 -6.8570599e-003
  1.6523242e-003
  1.3027996e-002
  2.7278522e-002
  4.4202864e-002
  6.3422936e-002
  8.4457755e-002
  1.0674469e-001
  1.2964141e-001
  1.5245336e-001
  1.7445716e-001
  1.9492336e-001
  2.1313288e-001
  2.2836250e-001
  2.3988998e-001
  2.4708016e-001
  2.4949269e-001
  2.4694292e-001
  2.3951567e-001
  2.2753593e-001
  2.1151659e-001
  1.9213108e-001
  1.7019001e-001
  1.4658174e-001
  1.2220088e-001
  9.7911864e-002
  7.4521534e-002
  5.2727684e-002
  3.3077589e-002
  1.5990682e-002
  1.7923259e-003
 -9.3036209e-003
 -1.7229950e-002
 -2.2059678e-002
 -2.3979262e-002
 -2.3269868e-002
 -2.0273735e-002
 -1.5316836e-002
 -8.6308420e-003
 -3.2505727e-004
  9.6091809e-003
  2.1299362e-002
  3.4976894e-002
  5.0922637e-002
  6.9402571e-002
  9.0624194e-002
  1.1470122e-001
  1.4162297e-001
  1.7122671e-001
  2.0316540e-001
  2.3689311e-001
  2.7170292e-001
  3.0678057e-001
  3.4124407e-001
  3.7416913e-001
  4.0459669e-001
  4.3154853e-001
  4.5410928e-001
  4.7151951e-001
  4.8319778e-001
  4.8873834e-001
  4.8795411e-001
  4.8091639e-001
  4.6794692e-001
  4.4958284e-001
  4.2652578e-001
  3.9959241e-001
  3.6969828e-001
  3.3784159e-001
  3.0505125e-001
  2.7231894e-001
  2.4053128e-001
  2.1042181e-001
  1.8258136e-001
  1.5747415e-001
  1.3539791e-001
  1.1642268e-001
  1.0036203e-001
  8.6780417e-002
  7.5047459e-002
  6.4419841e-002
  5.4120730e-002
  4.3408213e-002
  3.1638789e-002
  1.8319880e-002
  3.1535557e-003
 -1.3932279e-002
 -3.2761242e-002
 -5.2908150e-002
 -7.3742950e-002
 -9.4495869e-002
 -1.1429823e-001
 -1.3222965e-001
 -1.4740517e-001
 -1.5906695e-001
 -1.6664003e-001
 -1.6975846e-001
 -1.6826261e-001
 -1.6218561e-001
 -1.5174885e-001
 -1.3735662e-001
 -1.1956949e-001
 -9.9061366e-002
 -7.6553186e-002
 -5.2746831e-002
 -2.8295266e-002
 -3.7930711e-003
  2.0257718e-002
  4.3469505e-002
  6.5530734e-002
  8.6150340e-002
  1.0504736e-001
  1.2195015e-001
  1.3656564e-001
  1.4855021e-001
  1.5750883e-001
  1.6301961e-001
  1.6469845e-001
  1.6227106e-001
  1.5559032e-001
  1.4463911e-001
  1.2959270e-001
  1.1087211e-001
  8.9102205e-002
  6.5030685e-002
  3.9483220e-002
  1.3324329e-002
 -1.2601583e-002
 -3.7537283e-002
 -6.0876196e-002
 -8.2215547e-002
 -1.0138204e-001
 -1.1843317e-001
 -1.3363677e-001
 -1.4743791e-001
 -1.6041717e-001
 -1.7323749e-001
 -1.8658368e-001
 -2.0108934e-001
 -2.1722851e-001
 -2.3521711e-001
 -2.5499616e-001
 -2.7624876e-001
 -2.9837176e-001
 -3.2046185e-001
 -3.4139543e-001
 -3.5994807e-001
 -3.7488208e-001
 -3.8502486e-001
 -3.8937112e-001
 -3.8717864e-001
 -3.7801008e-001
 -3.6175222e-001
 -3.3866528e-001
 -3.0941076e-001
 -2.7497385e-001
 -2.3655833e-001
 -1.9554925e-001
 -1.5348941e-001
 -1.1199015e-001
 -7.2617851e-002
 -3.6798886e-002
 -5.7357801e-003
  1.9662364e-002
  3.8818972e-002
  5.1515132e-002
  5.7883208e-002
  5.8323755e-002
  5.3416685e-002
  4.3927287e-002
  3.0824689e-002
  1.5193342e-002
 -1.8917960e-003
 -1.9424812e-002
 -3.6502568e-002
 -5.2384002e-002
 -6.6539616e-002
 -7.8646721e-002
 -8.8573140e-002
 -9.6396304e-002
 -1.0242218e-001
 -1.0714512e-001
 -1.1118562e-001
 -1.1524733e-001
 -1.2007707e-001
 -1.2640046e-001
 -1.3485930e-001
 -1.4596505e-001
 -1.6006421e-001
 -1.7732014e-001
 -1.9770350e-001
 -2.2096299e-001
 -2.4661334e-001
 -2.7399294e-001
 -3.0233582e-001
 -3.3079581e-001
 -3.5845077e-001
 -3.8430460e-001
 -4.0730250e-001
 -4.2641053e-001
 -4.4070072e-001
 -4.4932719e-001
 -4.5149056e-001
 -4.4652880e-001
 -4.3403262e-001
 -4.1385817e-001
 -3.8610661e-001
 -3.5112827e-001
 -3.0954629e-001
 -2.6230910e-001
 -2.1072449e-001
 -1.5638649e-001
 -1.0105093e-001
 -4.6548558e-002
  5.2971223e-003
  5.2791748e-002
  9.4485541e-002
  1.2924822e-001
  1.5631129e-001
  1.7528086e-001
  1.8614001e-001
  1.8926048e-001
  1.8540633e-001
  1.7570854e-001
  1.6160435e-001
  1.4472743e-001
  1.2677872e-001
  1.0943562e-001
  9.4270970e-002
  8.2632543e-002
  7.5533168e-002
  7.3610163e-002
  7.7119770e-002
  8.5939816e-002
  9.9580190e-002
  1.1719457e-001
  1.3761697e-001
  1.5946619e-001
  1.8127751e-001
  2.0161112e-001
  2.1914323e-001
  2.3275265e-001
  2.4159299e-001
  2.4515614e-001
  2.4331187e-001
  2.3629873e-001
  2.2468049e-001
  2.0929914e-001
  1.9120949e-001
  1.7157755e-001
  1.5157496e-001
  1.3230675e-001
  1.1476119e-001
  9.9773233e-002
  8.8000289e-002
  7.9902255e-002
  7.5736736e-002
  7.5596323e-002
  7.9458831e-002
  8.7213935e-002
  9.8680517e-002
  1.1364160e-001
  1.3187715e-001
  1.5317728e-001
  1.7733966e-001
  2.0416748e-001
  2.3345570e-001
  2.6495285e-001
  2.9831724e-001
  3.3310402e-001
  3.6875663e-001
  4.0457321e-001
  4.3967634e-001
  4.7302434e-001
  5.0345201e-001
  5.2972892e-001
  5.5062951e-001
  5.6501092e-001
  5.7188953e-001
  5.7051549e-001
  5.6044214e-001
  5.4159059e-001
  5.1429492e-001
  4.7931872e-001
  4.3783082e-001
  3.9133758e-001
  3.4157982e-001
  2.9041721e-001
  2.3970615e-001
  1.9117492e-001
  1.4630819e-001
  1.0626595e-001
  7.1828062e-002
  4.3334458e-002
  2.0657767e-002
  3.2817502e-003
 -9.5824063e-003
 -1.8953073e-002
 -2.6025369e-002
 -3.1996877e-002
 -3.7879008e-002
 -4.4406862e-002
 -5.2016866e-002
 -6.0866187e-002
 -7.0871236e-002
 -8.1703795e-002
 -9.2802250e-002
 -1.0348803e-001
 -1.1312211e-001
 -1.2120056e-001
 -1.2741604e-001
 -1.3172294e-001
 -1.3437307e-001
 -1.3587051e-001
 -1.3689006e-001
 -1.3823551e-001
 -1.4078302e-001
 -1.4531392e-001
 -1.5234549e-001
 -1.6210572e-001
 -1.7456331e-001
 -1.8939257e-001
 -2.0594053e-001
 -2.2326557e-001
 -2.4021413e-001
 -2.5552351e-001
 -2.6792879e-001
 -2.7622327e-001
 -2.7931612e-001
 -2.7636015e-001
 -2.6688892e-001
 -2.5087170e-001
 -2.2871995e-001
 -2.0130566e-001
 -1.6994850e-001
 -1.3630917e-001
 -1.0225650e-001
 -6.9791210e-002
 -4.0972667e-002
 -1.7772017e-002
 -1.9056825e-003
  5.2860034e-003
  2.9255847e-003
 -9.3299713e-003
 -3.1253694e-002
 -6.2066828e-002
 -1.0049143e-001
 -1.4480839e-001
 -1.9294146e-001
 -2.4259377e-001
 -2.9140565e-001
 -3.3709666e-001
 -3.7759161e-001
 -4.1112754e-001
 -4.3633911e-001
 -4.5232583e-001
 -4.5868804e-001
 -4.5551544e-001
 -4.4333711e-001
 -4.2304282e-001
 -3.9578908e-001
 -3.6290285e-001
 -3.2578745e-001
 -2.8582866e-001
 -2.4431086e-001
 -2.0234895e-001
 -1.6084828e-001
 -1.2049647e-001
 -8.1787139e-002
 -4.5070247e-002
 -1.0614993e-002
  2.1345387e-002
  5.0580435e-002
  7.6802708e-002
  9.9619777e-002
  1.1858441e-001
  1.3326474e-001
  1.4320623e-001
  1.4791035e-001
  1.4699021e-001
  1.4037091e-001
  1.2837367e-001
  1.1172141e-001
  9.1512506e-002
  6.9162482e-002
  4.6347733e-002
  2.4935059e-002
  6.8481914e-003
 -6.0965487e-003
 -1.2322054e-002
 -1.0618881e-002
 -3.0898721e-004
  1.8622693e-002
  4.5512948e-002
  7.9077938e-002
  1.1748387e-001
  1.5845047e-001
  1.9940958e-001
  2.3769424e-001
  2.7073973e-001
  2.9627889e-001
  3.1250908e-001
  3.1821918e-001
  3.1286925e-001
  2.9661462e-001
  2.7028395e-001
  2.3530565e-001
  1.9356830e-001
  1.4725675e-001
  9.8721784e-002
  5.0353451e-002
  4.4193196e-003
 -3.7097060e-002
 -7.2616596e-002
 -1.0104072e-001
 -1.2177285e-001
 -1.3469651e-001
 -1.4013619e-001
 -1.3879443e-001
 -1.3164631e-001
 -1.1981836e-001
 -1.0448295e-001
 -8.6763464e-002
 -6.7641053e-002
 -4.7884127e-002
 -2.8015124e-002
 -8.3155722e-003
  1.1137633e-002
  3.0414810e-002
  4.9663908e-002
  6.9038036e-002
  8.8638516e-002
  1.0845579e-001
  1.2828757e-001
  1.4767067e-001
  1.6587145e-001
  1.8192726e-001
  1.9472953e-001
  2.0313229e-001
  2.0605875e-001
  2.0260618e-001
  1.9216721e-001
  1.7453677e-001
  1.4997223e-001
  1.1921313e-001
  8.3473116e-002
  4.4389300e-002
  3.9286873e-003
 -3.5745079e-002
 -7.2449880e-002
 -1.0417148e-001
 -1.2919876e-001
 -1.4623543e-001
 -1.5453193e-001
 -1.5398342e-001
 -1.4513450e-001
 -1.2911104e-001
 -1.0750423e-001
 -8.2223309e-002
 -5.5343706e-002
 -2.8953593e-002
 -4.9897862e-003
  1.4916710e-002
  2.9560672e-002
  3.8238639e-002
  4.0785219e-002
  3.7554144e-002
  2.9329520e-002
  1.7201285e-002
  2.4606645e-003
 -1.3506983e-002
 -2.9368152e-002
 -4.3984505e-002
 -5.6506296e-002
 -6.6428681e-002
 -7.3613708e-002
 -7.8275384e-002
 -8.0944284e-002
 -8.2386209e-002
 -8.3436593e-002
 -8.4813090e-002
 -8.6991622e-002
 -9.0136593e-002
 -9.4045730e-002
 -9.8141691e-002
 -1.0155681e-001
 -1.0325789e-001
 -1.0212235e-001
 -9.7023054e-002
 -8.7017837e-002
 -7.1538238e-002
 -5.0435216e-002
 -2.3961487e-002
  7.1957310e-003
  4.1894512e-002
  7.8611933e-002
  1.1556228e-001
  1.5080461e-001
  1.8236880e-001
  2.0842027e-001
  2.2742276e-001
  2.3827844e-001
  2.4041734e-001
  2.3378716e-001
  2.1879855e-001
  1.9632378e-001
  1.6767539e-001
  1.3446761e-001
  9.8440896e-002
  6.1332229e-002
  2.4779054e-002
 -9.7307642e-003
 -4.0898569e-002
 -6.7723472e-002
 -8.9598551e-002
 -1.0627613e-001
 -1.1778563e-001
 -1.2440624e-001
 -1.2665969e-001
 -1.2528280e-001
 -1.2118246e-001
 -1.1535548e-001
 -1.0879749e-001
 -1.0243277e-001
 -9.7062723e-002
 -9.3335737e-002
 -9.1730166e-002
 -9.2514091e-002
 -9.5724130e-002
 -1.0122567e-001
 -1.0878714e-001
 -1.1809651e-001
 -1.2874762e-001
 -1.4022655e-001
 -1.5191367e-001
 -1.6314377e-001
 -1.7328224e-001
 -1.8172903e-001
 -1.8790477e-001
 -1.9130958e-001
 -1.9158386e-001
 -1.8847982e-001
 -1.8182363e-001
 -1.7153495e-001
 -1.5768212e-001
 -1.4055127e-001
 -1.2069145e-001
 -9.8861380e-002
 -7.5933847e-002
 -5.2870306e-002
 -3.0714400e-002
 -1.0485875e-002
  6.9322644e-003
  2.0757364e-002
  3.0273913e-002
  3.5007094e-002
  3.4925690e-002
  3.0430059e-002
  2.2244909e-002
  1.1391012e-002
 -8.3941828e-004
 -1.3008237e-002
 -2.3676248e-002
 -3.1458385e-002
 -3.5081699e-002
 -3.3576467e-002
 -2.6475152e-002
 -1.3833397e-002
  3.8263451e-003
  2.5497803e-002
  4.9700351e-002
  7.4639983e-002
  9.8421477e-002
  1.1919562e-001
  1.3528551e-001
  1.4533402e-001
  1.4843475e-001
  1.4422320e-001
  1.3291186e-001
  1.1523579e-001
  9.2350870e-002
  6.5747664e-002
  3.7159851e-002
  8.4356661e-003
 -1.8603600e-002
 -4.2289397e-002
 -6.1212254e-002
 -7.4307919e-002
 -8.0910386e-002
 -8.0754254e-002
 -7.3950375e-002
 -6.0970764e-002
 -4.2614906e-002
 -1.9919075e-002
  5.9620414e-003
  3.3864020e-002
  6.2710160e-002
  9.1599048e-002
  1.1986784e-001
  1.4712333e-001
  1.7324263e-001
  1.9834744e-001
  2.2274805e-001
  2.4686393e-001
  2.7112555e-001
  2.9586190e-001
  3.2120550e-001
  3.4704183e-001
  3.7299461e-001
  3.9844532e-001
  4.2256797e-001
  4.4434278e-001
  4.6259539e-001
  4.7612742e-001
  4.8387985e-001
  4.8504934e-001
  4.7916721e-001
  4.6616318e-001
  4.4639453e-001
  4.2062751e-001
  3.8998182e-001
  3.5586092e-001
  3.1985314e-001
  2.8357325e-001
  2.4849329e-001
  2.1584299e-001
  1.8654262e-001
  1.6110695e-001
  1.3958453e-001
  1.2161265e-001
  1.0653362e-001
  9.3489366e-002
  8.1512352e-002
  6.9653873e-002
  5.7094409e-002
  4.3163293e-002
  2.7331322e-002
  9.2716250e-003
 -1.1078852e-002
 -3.3550880e-002
 -5.7804774e-002
 -8.3348957e-002
 -1.0955484e-001
 -1.3569599e-001
 -1.6100960e-001
 -1.8479114e-001
 -2.0648506e-001
 -2.2570442e-001
 -2.4220978e-001
 -2.5592686e-001
 -2.6695357e-001
 -2.7547341e-001
 -2.8166878e-001
 -2.8575192e-001
 -2.8801478e-001
 -2.8878359e-001
 -2.8832671e-001
 -2.8677991e-001
 -2.8410039e-001
 -2.8007031e-001
 -2.7434277e-001
 -2.6649944e-001
 -2.5611261e-001
 -2.4281009e-001
 -2.2634017e-001
 -2.0663893e-001
 -1.8389754e-001
 -1.5862162e-001
 -1.3166279e-001
 -1.0420323e-001
 -7.7689144e-002
 -5.3721030e-002
 -3.3918641e-002
 -1.9786380e-002
 -1.2590167e-002
 -1.3259423e-002
 -2.2312635e-002
 -3.9800486e-002
 -6.5280041e-002
 -9.7845218e-002
 -1.3619981e-001
 -1.7873703e-001
 -2.2363833e-001
 -2.6902620e-001
 -3.1311872e-001
 -3.5429545e-001
 -3.9114696e-001
 -4.2261212e-001
 -4.4810230e-001
 -4.6750879e-001
 -4.8114661e-001
 -4.8965674e-001
 -4.9389987e-001
 -4.9495830e-001
 -4.9410116e-001
 -4.9249499e-001
 -4.9087498e-001
 -4.8947691e-001
 -4.8809684e-001
 -4.8609100e-001
 -4.8239055e-001
 -4.7561585e-001
 -4.6423721e-001
 -4.4672062e-001
 -4.2170337e-001
 -3.8824248e-001
 -3.4604033e-001
 -2.9553868e-001
 -2.3791064e-001
 -1.7498762e-001
 -1.0913838e-001
 -4.3130860e-002
  2.0052355e-002
  7.7467223e-002
  1.2650266e-001
  1.6519317e-001
  1.9246747e-001
  2.0821670e-001
  2.1325690e-001
  2.0929756e-001
  1.9886276e-001
  1.8510066e-001
  1.7151155e-001
  1.6161286e-001
  1.5858675e-001
  1.6498981e-001
  1.8252427e-001
  2.1183930e-001
  2.5241643e-001
  3.0261163e-001
  3.5980380e-001
  4.2057117e-001
  4.8093197e-001
  5.3670015e-001
  5.8386723e-001
  6.1891716e-001
  6.3907518e-001
  6.4249354e-001
  6.2836904e-001
  5.9700214e-001
  5.4976942e-001
  4.8899219e-001
  4.1772246e-001
  3.3945071e-001
  2.5781103e-001
  1.7639483e-001
  9.8601684e-002
  2.7408584e-002
 -3.4846678e-002
 -8.6540478e-002
 -1.2674801e-001
 -1.5521010e-001
 -1.7225795e-001
 -1.7867161e-001
 -1.7552348e-001
 -1.6405349e-001
 -1.4556409e-001
 -1.2130631e-001
 -9.2384238e-002
 -5.9706401e-002
 -2.3977034e-002
  1.4292117e-002
  5.4735863e-002
  9.7047776e-002
  1.4087686e-001
  1.8574555e-001
  2.3098826e-001
  2.7570917e-001
  3.1877143e-001
  3.5882379e-001
  3.9436475e-001
  4.2384810e-001
  4.4580725e-001
  4.5896900e-001
  4.6235725e-001
  4.5539538e-001
  4.3799033e-001
  4.1057629e-001
  3.7412211e-001
  3.3011170e-001
  2.8048280e-001
  2.2750771e-001
  1.7364017e-001
  1.2135639e-001
  7.2997047e-002
  3.0612662e-002
 -4.1749267e-003
 -3.0283525e-002
 -4.7245618e-002
 -5.5246272e-002
 -5.5110963e-002
 -4.8227937e-002
 -3.6430841e-002
 -2.1877514e-002
 -6.9177713e-003
  6.0612930e-003
  1.4793541e-002
  1.7278732e-002
  1.1903997e-002
 -2.4694790e-003
 -2.6452018e-002
 -6.0097373e-002
 -1.0290209e-001
 -1.5382924e-001
 -2.1136042e-001
 -2.7359169e-001
 -3.3834895e-001
 -4.0329133e-001
 -4.6601754e-001
 -5.2419163e-001
 -5.7566297e-001
 -6.1856974e-001
 -6.5140448e-001
 -6.7300922e-001
 -6.8254563e-001
 -6.7951112e-001
 -6.6376427e-001
 -6.3549714e-001
 -5.9519291e-001
 -5.4361684e-001
 -4.8181150e-001
 -4.1106633e-001
 -3.3288361e-001
 -2.4895249e-001
 -1.6112758e-001
 -7.1422858e-002
  1.8006356e-002
  1.0494325e-001
  1.8720666e-001
  2.6269323e-001
  3.2941368e-001
  3.8559493e-001
  4.2979728e-001
  4.6097472e-001
  4.7851017e-001
  4.8226995e-001
  4.7263638e-001
  4.5047381e-001
  4.1706165e-001
  3.7403449e-001
  3.2331621e-001
  2.6703598e-001
  2.0743176e-001
  1.4674564e-001
  8.7119858e-002
  3.0511950e-002
 -2.1370046e-002
 -6.7118183e-002
 -1.0565595e-001
 -1.3624213e-001
 -1.5846348e-001
 -1.7223410e-001
 -1.7779170e-001
 -1.7566759e-001
 -1.6664104e-001
 -1.5170298e-001
 -1.3201235e-001
 -1.0881334e-001
 -8.3355758e-002
 -5.6873297e-002
 -3.0576244e-002
 -5.6002330e-003
  1.7059778e-002
  3.6594094e-002
  5.2408648e-002
  6.4146995e-002
  7.1701167e-002
  7.5215466e-002
  7.5082797e-002
  7.1929581e-002
  6.6583372e-002
  6.0028080e-002
  5.3343331e-002
  4.7617800e-002
  4.3866237e-002
  4.2999335e-002
  4.5808702e-002
  5.2910651e-002
  6.4686890e-002
  8.1279083e-002
  1.0260433e-001
  1.2835135e-001
  1.5797929e-001
  1.9074405e-001
  2.2573480e-001
  2.6190735e-001
  2.9812055e-001
  3.3317573e-001
  3.6586230e-001
  3.9502008e-001
  4.1959896e-001
  4.3868481e-001
  4.5151007e-001
  4.5747827e-001
  4.5618377e-001
  4.4740210e-001
  4.3107058e-001
  4.0727907e-001
  3.7626461e-001
  3.3840520e-001
  2.9421098e-001
  2.4430826e-001
  1.8942107e-001
  1.3036230e-001
  6.8027816e-002
  3.3825625e-003
 -6.2555183e-002
 -1.2872087e-001
 -1.9401430e-001
 -2.5732250e-001
 -3.1754670e-001
 -3.7363157e-001
 -4.2458877e-001
 -4.6949803e-001
 -5.0751147e-001
 -5.3789765e-001
 -5.6009330e-001
 -5.7372729e-001
 -5.7862514e-001
 -5.7480500e-001
 -5.6247189e-001
 -5.4203127e-001
 -5.1410308e-001
 -4.7950508e-001
 -4.3922049e-001
 -3.9437716e-001
 -3.4622233e-001
 -2.9607189e-001
 -2.4525216e-001
 -1.9505985e-001
 -1.4672519e-001
 -1.0135591e-001
 -5.9886797e-002
 -2.3061751e-002
  8.5641705e-003
  3.4620239e-002
  5.4913189e-002
  6.9412087e-002
  7.8229110e-002
  8.1610383e-002
  7.9921479e-002
  7.3593636e-002
  6.3078225e-002
  4.8871390e-002
  3.1559782e-002
  1.1813103e-002
 -9.6460593e-003
 -3.2049673e-002
 -5.4591045e-002
 -7.6463083e-002
 -9.6898911e-002
 -1.1518302e-001
 -1.3066643e-001
 -1.4282097e-001
 -1.5130659e-001
 -1.5602436e-001
 -1.5714389e-001
 -1.5508694e-001
 -1.5048680e-001
 -1.4416019e-001
 -1.3707249e-001
 -1.3026858e-001
 -1.2478675e-001
 -1.2157580e-001
 -1.2141646e-001
 -1.2485420e-001
 -1.3214631e-001
 -1.4322629e-001
 -1.5768947e-001
 -1.7480290e-001
 -1.9354250e-001
 -2.1266132e-001
 -2.3077553e-001
 -2.4644894e-001
 -2.5827550e-001
 -2.6496301e-001
 -2.6540827e-001
 -2.5875745e-001
 -2.4445405e-001
 -2.2226670e-001
 -1.9230285e-001
 -1.5503054e-001
 -1.1127747e-001
 -6.2160233e-002
 -8.9904662e-003
  4.6776823e-002
  1.0359048e-001
  1.5988865e-001
  2.1419826e-001
  2.6522469e-001
  3.1191939e-001
  3.5350101e-001
  3.8944680e-001
  4.1948333e-001
  4.4356775e-001
  4.6184388e-001
  4.7458647e-001
  4.8214414e-001
  4.8488373e-001
  4.8314299e-001
  4.7719335e-001
  4.6721343e-001
  4.5328120e-001
  4.3538500e-001
  4.1345516e-001
  3.8742455e-001
  3.5729329e-001
  3.2316127e-001
  2.8525209e-001
  2.4396281e-001
  1.9991141e-001
  1.5394675e-001
  1.0712919e-001
  6.0688564e-002
  1.5961414e-002
 -2.5682996e-002
 -6.2925208e-002
 -9.4592477e-002
 -1.1974959e-001
 -1.3776245e-001
 -1.4833807e-001
 -1.5154728e-001
 -1.4782436e-001
 -1.3794400e-001
 -1.2297176e-001
 -1.0417953e-001
 -8.2945973e-002
 -6.0668286e-002
 -3.8679440e-002
 -1.8162984e-002
 -7.6263160e-005
  1.4910249e-002
  2.6447911e-002
  3.4507548e-002
  3.9351306e-002
  4.1487595e-002
  4.1612912e-002
  4.0559207e-002
  3.9232296e-002
  3.8498768e-002
  3.9079431e-002
  4.1534640e-002
  4.6277001e-002
  5.3519502e-002
  6.3219399e-002
  7.5089069e-002
  8.8642209e-002
  1.0324485e-001
  1.1816969e-001
  1.3263478e-001
  1.4583842e-001
  1.5702169e-001
  1.6553136e-001
  1.7084003e-001
  1.7254972e-001
  1.7041890e-001
  1.6438548e-001
  1.5454326e-001
  1.4110226e-001
  1.2437739e-001
  1.0477512e-001
  8.2731194e-002
  5.8644140e-002
  3.2859137e-002
  5.6740314e-003
 -2.2670848e-002
 -5.1994757e-002
 -8.2154591e-002
 -1.1300433e-001
 -1.4433362e-001
 -1.7580858e-001
 -2.0695539e-001
 -2.3716360e-001
 -2.6567399e-001
 -2.9157862e-001
 -3.1386513e-001
 -3.3148791e-001
 -3.4345026e-001
 -3.4888798e-001
 -3.4713791e-001
 -3.3779447e-001
 -3.2076645e-001
 -2.9631729e-001
 -2.6506901e-001
 -2.2797520e-001
 -1.8627219e-001
 -1.4140876e-001
 -9.4960000e-002
 -4.8530910e-002
 -3.6593826e-003
  3.8274087e-002
  7.6127471e-002
  1.0905675e-001
  1.3653428e-001
  1.5834575e-001
  1.7459052e-001
  1.8566819e-001
  1.9222751e-001
  1.9508980e-001
  1.9516233e-001
  1.9334996e-001
  1.9047268e-001
  1.8720076e-001
  1.8401415e-001
  1.8118224e-001
  1.7875454e-001
  1.7656948e-001
  1.7428581e-001
  1.7143413e-001
  1.6748607e-001
  1.6192859e-001
  1.5432355e-001
  1.4435783e-001
  1.3189062e-001
  1.1698786e-001
  9.9932000e-002
  8.1206368e-002
  6.1452087e-002
  4.1406174e-002
  2.1833489e-002
  3.4594428e-003
 -1.3097749e-002
 -2.7383841e-002
 -3.9139393e-002
 -4.8313878e-002
 -5.5079797e-002
 -5.9826261e-002
 -6.3107563e-002
 -6.5565425e-002
 -6.7853008e-002
 -7.0562749e-002
 -7.4155733e-002
 -7.8905784e-002
 -8.4876073e-002
 -9.1915479e-002
 -9.9650556e-002
 -1.0749559e-001
 -1.1471676e-001
 -1.2051427e-001
 -1.2407890e-001
 -1.2464130e-001
 -1.2153762e-001
 -1.1427643e-001
 -1.0259689e-001
 -8.6506882e-002
 -6.6287906e-002
 -4.2472754e-002
 -1.5811817e-002
  1.2771050e-002
  4.2232323e-002
  7.1467419e-002
  9.9368305e-002
  1.2488112e-001
  1.4706505e-001
  1.6514266e-001
  1.7853022e-001
  1.8685241e-001
  1.8994582e-001
  1.8785287e-001
  1.8080699e-001
  1.6920588e-001
  1.5356935e-001
  1.3448757e-001
  1.1256239e-001
  8.8357052e-002
  6.2371129e-002
  3.5032820e-002
  6.6901151e-003
 -2.2390119e-002
 -5.2001184e-002
 -8.1963145e-002
 -1.1209819e-001
 -1.4220272e-001
 -1.7199745e-001
 -2.0108515e-001
 -2.2895894e-001
 -2.5503166e-001
 -2.7864764e-001
 -2.9909700e-001
 -3.1565763e-001
 -3.2765077e-001
 -3.3450101e-001
 -3.3579307e-001
 -3.3131341e-001
 -3.2107943e-001
 -3.0536492e-001
 -2.8471092e-001
 -2.5991416e-001
 -2.3199029e-001
 -2.0210869e-001
 -1.7151054e-001
 -1.4143042e-001
 -1.1301941e-001
 -8.7265056e-002
 -6.4921826e-002
 -4.6466660e-002
 -3.2079105e-002
 -2.1647559e-002
 -1.4797724e-002
 -1.0936193e-002
 -9.3069438e-003
 -9.0657746e-003
 -9.3569717e-003
 -9.3760357e-003
 -8.4224566e-003
 -5.9516119e-003
 -1.6137708e-003
  4.7266050e-003
  1.2994507e-002
  2.2931006e-002
  3.4133981e-002
  4.6098031e-002
  5.8255895e-002
  7.0018246e-002
  8.0814446e-002
  9.0140488e-002
  9.7599762e-002
  1.0290935e-001
  1.0589253e-001
  1.0648364e-001
  1.0473047e-001
  1.0077354e-001
  9.4816706e-002
  8.7094880e-002
  7.7845295e-002
  6.7297009e-002
  5.5664434e-002
  4.3114415e-002
  2.9737266e-002
  1.5565350e-002
  6.1261016e-004
 -1.5112268e-002
 -3.1592710e-002
 -4.8756851e-002
 -6.6430154e-002
 -8.4328546e-002
 -1.0206507e-001
 -1.1914980e-001
 -1.3498772e-001
 -1.4887144e-001
 -1.5999071e-001
 -1.6750056e-001
 -1.7060706e-001
 -1.6861345e-001
 -1.6095490e-001
 -1.4726096e-001
 -1.2742221e-001
 -1.0163801e-001
 -7.0440702e-002
 -3.4689083e-002
  4.4690985e-003
  4.5658407e-002
  8.7354875e-002
  1.2797349e-001
  1.6596157e-001
  1.9989594e-001
  2.2857401e-001
  2.5108542e-001
  2.6686162e-001
  2.7569764e-001
  2.7774874e-001
  2.7350439e-001
  2.6374138e-001
  2.4945514e-001
  2.3177810e-001
  2.1189065e-001
  1.9093533e-001
  1.6994377e-001
  1.4978062e-001
  1.3110076e-001
  1.1432760e-001
  9.9660137e-002
  8.7099743e-002
  7.6479700e-002
  6.7504220e-002
  5.9802098e-002
  5.2982615e-002
  4.6680615e-002
  4.0588634e-002
  3.4470917e-002
  2.8168711e-002
  2.1607045e-002
  1.4798440e-002
  7.8342509e-003
  8.6600040e-004
 -5.9253404e-003
 -1.2362184e-002
 -1.8296135e-002
 -2.3626225e-002
 -2.8313837e-002
 -3.2390100e-002
 -3.5958899e-002
 -3.9187012e-002
 -4.2273234e-002
 -4.5406139e-002
 -4.8729778e-002
 -5.2314177e-002
 -5.6126854e-002
 -6.0014674e-002
 -6.3707567e-002
 -6.6836638e-002
 -6.8959597e-002
 -6.9592340e-002
 -6.8248619e-002
 -6.4481428e-002
 -5.7923002e-002
 -4.8320184e-002
 -3.5564911e-002
 -1.9715266e-002
 -1.0054445e-003
  2.0157871e-002
  4.3209445e-002
  6.7453191e-002
  9.2102670e-002
  1.1633041e-001
  1.3931504e-001
  1.6028710e-001
  1.7857244e-001
  1.9362809e-001
  2.0506379e-001
  2.1265320e-001
  2.1633187e-001
  2.1618748e-001
  2.1245125e-001
  2.0548031e-001
  1.9570964e-001
  1.8359768e-001
  1.6959493e-001
  1.5412241e-001
  1.3754197e-001
  1.2013230e-001
  1.0207564e-001
  8.3464026e-002
  6.4336087e-002
  4.4726810e-002
  2.4696140e-002
  4.3488571e-003
 -1.6135649e-002
 -3.6479634e-002
 -5.6313501e-002
 -7.5194298e-002
 -9.2620419e-002
 -1.0804988e-001
 -1.2093484e-001
 -1.3076390e-001
 -1.3710792e-001
 -1.3966325e-001
 -1.3828351e-001
 -1.3299834e-001
 -1.2402960e-001
 -1.1179191e-001
 -9.6861738e-002
 -7.9934257e-002
 -6.1795887e-002
 -4.3296435e-002
 -2.5301483e-002
 -8.6348554e-003
  5.9730612e-003
  1.7932675e-002
  2.6834017e-002
  3.2472113e-002
  3.4855964e-002
  3.4201951e-002
  3.0907311e-002
  2.5514408e-002
  1.8676192e-002
  1.1118631e-002
  3.5875212e-003
 -3.2074703e-003
 -8.6382907e-003
 -1.2194538e-002
 -1.3516615e-002
 -1.2417074e-002
 -8.8848069e-003
 -3.0752734e-003
  4.7051485e-003
  1.4023345e-002
  2.4352098e-002
  3.5107974e-002
  4.5688371e-002
  5.5507467e-002
  6.4026907e-002
  7.0781489e-002
  7.5397661e-002
  7.7604414e-002
  7.7233449e-002
  7.4212638e-002
  6.8552454e-002
  6.0331356e-002
  4.9683851e-002
  3.6790318e-002
  2.1862491e-002
  5.1316361e-003
 -1.3158020e-002
 -3.2749258e-002
 -5.3365222e-002
 -7.4701184e-002
 -9.6426727e-002
 -1.1818974e-001
 -1.3961272e-001
 -1.6028748e-001
 -1.7977894e-001
 -1.9763291e-001
 -2.1338900e-001
 -2.2659539e-001
 -2.3682154e-001
 -2.4367331e-001
 -2.4682130e-001
 -2.4602927e-001
 -2.4117247e-001
 -2.3224549e-001
 -2.1936319e-001
 -2.0275622e-001
 -1.8277181e-001
 -1.5987179e-001
 -1.3461716e-001
 -1.0764546e-001
 -7.9657362e-002
 -5.1400132e-002
 -2.3634234e-002
  2.9041946e-003
  2.7523398e-002
  4.9591969e-002
  6.8566562e-002
  8.4020543e-002
  9.5655359e-002
  1.0330507e-001
  1.0694423e-001
  1.0669214e-001
  1.0280114e-001
  9.5638974e-002
  8.5673214e-002
  7.3454967e-002
  5.9594839e-002
  4.4736422e-002
  2.9528497e-002
  1.4597899e-002
  5.2336167e-004
 -1.2187534e-002
 -2.3122441e-002
 -3.1982255e-002
 -3.8588046e-002
 -4.2879989e-002
 -4.4916974e-002
 -4.4870974e-002
 -4.3014359e-002
 -3.9699806e-002
 -3.5335613e-002
 -3.0358865e-002
 -2.5214186e-002
 -2.0334605e-002
 -1.6123886e-002
 -1.2940063e-002
 -1.1081358e-002
 -1.0775784e-002
 -1.2181829e-002
 -1.5392311e-002
 -2.0433564e-002
 -2.7263712e-002
 -3.5779918e-002
 -4.5827405e-002
 -5.7203490e-002
 -6.9658421e-002
 -8.2899602e-002
 -9.6592436e-002
 -1.1035474e-001
 -1.2374963e-001
 -1.3628704e-001
 -1.4743260e-001
 -1.5662528e-001
 -1.6330209e-001
 -1.6692762e-001
 -1.6702441e-001
 -1.6320764e-001
 -1.5521395e-001
 -1.4291572e-001
 -1.2632762e-001
 -1.0562071e-001
 -8.1133866e-002
 -5.3371127e-002
 -2.2988691e-002
  9.2161857e-003
  4.2325653e-002
  7.5340188e-002
  1.0722637e-001
  1.3695669e-001
  1.6354879e-001
  1.8611233e-001
  2.0389706e-001
  2.1632755e-001
  2.2302998e-001
  2.2385846e-001
  2.1890802e-001
  2.0849214e-001
  1.9310568e-001
  1.7339970e-001
  1.5015642e-001
  1.2424263e-001
  9.6559980e-002
  6.8009085e-002
  3.9461902e-002
  1.1733024e-002
 -1.4444025e-002
 -3.8433885e-002
 -5.9707896e-002
 -7.7848541e-002
 -9.2547597e-002
 -1.0359618e-001
 -1.1087461e-001
 -1.1435869e-001
 -1.1412603e-001
 -1.1034399e-001
 -1.0325066e-001
 -9.3147862e-002
 -8.0398854e-002
 -6.5425038e-002
 -4.8700721e-002
 -3.0747339e-002
 -1.2123318e-002
  6.5912860e-003
  2.4812952e-002
  4.1965848e-002
  5.7495060e-002
  7.0893682e-002
  8.1734997e-002
  8.9691083e-002
  9.4549934e-002
  9.6244393e-002
  9.4879288e-002
  9.0735331e-002
  8.4259469e-002
  7.6052522e-002
  6.6848152e-002
  5.7471096e-002
  4.8786827e-002
  4.1653809e-002
  3.6875449e-002
  3.5143093e-002
  3.6983767e-002
  4.2722401e-002
  5.2460431e-002
  6.6067623e-002
  8.3188724e-002
  1.0325817e-001
  1.2552645e-001
  1.4910221e-001
  1.7300425e-001
  1.9620697e-001
  2.1768823e-001
  2.3649049e-001
  2.5177818e-001
  2.6286538e-001
  2.6922875e-001
  2.7052323e-001
  2.6659323e-001
  2.5746710e-001
  2.4334382e-001
  2.2457444e-001
  2.0164046e-001
  1.7513117e-001
  1.4571965e-001
  1.1412995e-001
  8.1107339e-002
  4.7401240e-002
  1.3757546e-002
 -1.9090107e-002
 -5.0427383e-002
 -7.9566444e-002
 -1.0585328e-001
 -1.2867838e-001
 -1.4748942e-001
 -1.6180821e-001
 -1.7125110e-001
 -1.7555369e-001
 -1.7459354e-001
 -1.6841166e-001
 -1.5722408e-001
 -1.4141577e-001
 -1.2152573e-001
 -9.8243213e-002
 -7.2399429e-002
 -4.4938087e-002
 -1.6873196e-002
  1.0748587e-002
  3.6889200e-002
  6.0566907e-002
  8.0905907e-002
  9.7179216e-002
  1.0884552e-001
  1.1557530e-001
  1.1726725e-001
  1.1405322e-001
  1.0629195e-001
  9.4547403e-002
  7.9556818e-002
  6.2189294e-002
  4.3399077e-002
  2.4174491e-002
  5.4860543e-003
 -1.1769764e-002
 -2.6821575e-002
 -3.9059878e-002
 -4.8061323e-002
 -5.3610838e-002
 -5.5709800e-002
 -5.4561369e-002
 -5.0539938e-002
 -4.4159444e-002
 -3.6037717e-002
 -2.6856421e-002
 -1.7319486e-002
 -8.1192015e-003
  9.6106589e-005
  6.7570568e-003
  1.1403886e-002
  1.3696688e-002
  1.3416997e-002
  1.0471201e-002
  4.8907853e-003
 -3.1810076e-003
 -1.3507847e-002
 -2.5782618e-002
 -3.9646734e-002
 -5.4702927e-002
 -7.0522947e-002
 -8.6659360e-002
 -1.0265548e-001
 -1.1805155e-001
 -1.3238660e-001
 -1.4519845e-001
 -1.5602307e-001
 -1.6440224e-001
 -1.6989471e-001
 -1.7208720e-001
 -1.7060848e-001
 -1.6515576e-001
 -1.5552348e-001
 -1.4162801e-001
 -1.2352719e-001
 -1.0143586e-001
 -7.5733880e-002
 -4.6972951e-002
 -1.5870839e-002
  1.6718307e-002
  4.9845997e-002
  8.2502236e-002
  1.1365057e-001
  1.4227377e-001
  1.6742557e-001
  1.8828010e-001
  2.0417671e-001
  2.1464918e-001
  2.1944433e-001
  2.1853564e-001
  2.1212815e-001
  2.0064152e-001
  1.8468196e-001
  1.6501175e-001
  1.4251230e-001
  1.1813088e-001
  9.2825406e-002
  6.7514829e-002
  4.3040628e-002
  2.0143983e-002
 -5.4761477e-004
 -1.8545099e-002
 -3.3516643e-002
 -4.5278955e-002
 -5.3777381e-002
 -5.9082975e-002
 -6.1389359e-002
 -6.0993421e-002
 -5.8268709e-002
 -5.3645702e-002
 -4.7593656e-002
 -4.0603193e-002
 -3.3168963e-002
 -2.5775785e-002
 -1.8884477e-002
 -1.2917045e-002
 -8.2430270e-003
 -5.1759585e-003
 -3.9712459e-003
 -4.8188621e-003
 -7.8326670e-003
 -1.3047494e-002
 -2.0416726e-002
 -2.9805803e-002
 -4.0986065e-002
 -5.3642477e-002
 -6.7384332e-002
 -8.1747906e-002
 -9.6199297e-002
 -1.1015721e-001
 -1.2302143e-001
 -1.3419242e-001
 -1.4309267e-001
 -1.4920693e-001
 -1.5212655e-001
 -1.5158606e-001
 -1.4748870e-001
 -1.3992401e-001
 -1.2917290e-001
 -1.1570291e-001
 -1.0015185e-001
 -8.3303891e-002
 -6.6052985e-002
 -4.9354687e-002
 -3.4168927e-002
 -2.1403951e-002
 -1.1862467e-002
 -6.1980235e-003
 -4.8800614e-003
 -8.1680191e-003
 -1.6096446e-002
 -2.8481307e-002
 -4.4937931e-002
 -6.4903132e-002
 -8.7663761e-002
 -1.1240086e-001
 -1.3823800e-001
 -1.6428728e-001
 -1.8968978e-001
 -2.1365149e-001
 -2.3547178e-001
 -2.5457032e-001
 -2.7050398e-001
 -2.8296801e-001
 -2.9178520e-001
 -2.9689554e-001
 -2.9834040e-001
 -2.9624050e-001
 -2.9077098e-001
 -2.8214201e-001
 -2.7058334e-001
 -2.5633732e-001
 -2.3965605e-001
 -2.2080218e-001
 -2.0005211e-001
 -1.7770622e-001
 -1.5409980e-001
 -1.2961498e-001
 -1.0468676e-001
 -7.9800866e-002
 -5.5482256e-002
 -3.2283618e-002
 -1.0765455e-002
  8.5356502e-003
  2.5145666e-002
  3.8685668e-002
  4.8902150e-002
  5.5691686e-002
  5.9119942e-002
  5.9431758e-002
  5.7050084e-002
  5.2551907e-002
  4.6632353e-002
  4.0067291e-002
  3.3672410e-002
  2.8247061e-002
  2.4518550e-002
  2.3097597e-002
  2.4445710e-002
  2.8846963e-002
  3.6391507e-002
  4.6971665e-002
  6.0293232e-002
  7.5895302e-002
  9.3183410e-002
  1.1147612e-001
  1.3005690e-001
  1.4821337e-001
  1.6527270e-001
  1.8064052e-001
  1.9383753e-001
  2.0452040e-001
  2.1249291e-001
  2.1770847e-001
  2.2026459e-001
  2.2038377e-001
  2.1838913e-001
  2.1467962e-001
  2.0970554e-001
  2.0393738e-001
  1.9783773e-001
  1.9184167e-001
  1.8634495e-001
  1.8169214e-001
  1.7817010e-001
  1.7600684e-001
  1.7537609e-001
  1.7640307e-001
  1.7917235e-001
  1.8373402e-001
  1.9010894e-001
  1.9828974e-001
  2.0824017e-001
  2.1989034e-001
  2.3313030e-001
  2.4780125e-001
  2.6368642e-001
  2.8049828e-001
  2.9786963e-001
  3.1535398e-001
  3.3243472e-001
  3.4853470e-001
  3.6303267e-001
  3.7528992e-001
  3.8468347e-001
  3.9063570e-001
  3.9264567e-001
  3.9032380e-001
  3.8342627e-001
  3.7187947e-001
  3.5579629e-001
  3.3548227e-001
  3.1143021e-001
  2.8429969e-001
  2.5488548e-001
  2.2407380e-001
  1.9279436e-001
  1.6197356e-001
  1.3249075e-001
  1.0513031e-001
  8.0541029e-002
  5.9210535e-002
  4.1453677e-002
  2.7404359e-002
  1.7018410e-002
  1.0091637e-002
  6.2886746e-003
  5.1683051e-003
  6.2139825e-003
  8.8744725e-003
  1.2605928e-002
  1.6898803e-002
  2.1296399e-002
  2.5406981e-002
  2.8911345e-002
  3.1563803e-002
  3.3189221e-002
  3.3670023e-002
  3.2931627e-002
  3.0930553e-002
  2.7647006e-002
  2.3074730e-002
  1.7215709e-002
  1.0081457e-002
  1.7005884e-003
 -7.8771247e-003
 -1.8573085e-002
 -3.0267792e-002
 -4.2786897e-002
 -5.5896820e-002
 -6.9304792e-002
 -8.2664988e-002
 -9.5588781e-002
 -1.0766358e-001
 -1.1847575e-001
 -1.2763996e-001
 -1.3482857e-001
 -1.3980273e-001
 -1.4243762e-001
 -1.4274014e-001
 -1.4085758e-001
 -1.3708594e-001
 -1.3186773e-001
 -1.2577381e-001
 -1.1947063e-001
 -1.1368529e-001
 -1.0916291e-001
 -1.0661704e-001
 -1.0667836e-001
 -1.0985565e-001
 -1.1650313e-001
 -1.2679485e-001
 -1.4070680e-001
 -1.5801348e-001
 -1.7829543e-001
 -2.0096357e-001
 -2.2529101e-001
 -2.5044808e-001
 -2.7553960e-001
 -2.9965286e-001
 -3.2190580e-001
 -3.4149166e-001
 -3.5771528e-001
 -3.7002328e-001
 -3.7802307e-001
 -3.8149564e-001
 -3.8039654e-001
 -3.7484493e-001
 -3.6510228e-001
 -3.5155238e-001
 -3.3467623e-001
 -3.1502202e-001
 -2.9317324e-001
 -2.6972522e-001
 -2.4526657e-001
 -2.2036919e-001
 -1.9558020e-001
 -1.7141527e-001
 -1.4835087e-001
 -1.2682241e-001
 -1.0722269e-001
 -8.9901665e-002
 -7.5163251e-002
 -6.3263968e-002
 -5.4406922e-002
 -4.8731100e-002
 -4.6297946e-002
 -4.7087808e-002
 -5.0997243e-002
 -5.7833294e-002
 -6.7306849e-002
 -7.9035757e-002
 -9.2551844e-002
 -1.0731366e-001
 -1.2272149e-001
 -1.3813835e-001
 -1.5291304e-001
 -1.6640857e-001
 -1.7803139e-001
 -1.8726483e-001
 -1.9369752e-001
 -1.9704565e-001
 -1.9716492e-001
 -1.9405670e-001
 -1.8786507e-001
 -1.7887183e-001
 -1.6748302e-001
 -1.5420469e-001
 -1.3960991e-001
 -1.2431226e-001
 -1.0893573e-001
 -9.4073351e-002
 -8.0246145e-002
 -6.7884879e-002
 -5.7320814e-002
 -4.8773826e-002
 -4.2341021e-002
 -3.7999040e-002
 -3.5610963e-002
 -3.4935256e-002
 -3.5638343e-002
 -3.7319167e-002
 -3.9534508e-002
 -4.1822837e-002
 -4.3721551e-002
 -4.4778454e-002
 -4.4559947e-002
 -4.2672210e-002
 -3.8781718e-002
 -3.2623042e-002
 -2.4000620e-002
 -1.2803176e-002
  9.8315763e-004
  1.7270855e-002
  3.5874564e-002
  5.6512666e-002
  7.8813060e-002
  1.0232075e-001
  1.2651125e-001
  1.5080663e-001
  1.7459721e-001
  1.9726300e-001
  2.1819788e-001
  2.3683085e-001
  2.5264855e-001
  2.6521434e-001
  2.7418775e-001
  2.7933866e-001
  2.8055918e-001
  2.7786792e-001
  2.7141066e-001
  2.6145208e-001
  2.4836508e-001
  2.3261974e-001
  2.1477158e-001
  1.9543762e-001
  1.7527224e-001
  1.5494891e-001
  1.3514524e-001
  1.1651946e-001
  9.9685480e-002
  8.5187048e-002
  7.3476741e-002
  6.4898270e-002
  5.9678012e-002
  5.7922908e-002
  5.9626141e-002
  6.4672574e-002
  7.2848664e-002
  8.3854493e-002
  9.7318685e-002
  1.1281160e-001
  1.2985982e-001
  1.4795431e-001
  1.6656287e-001
  1.8515290e-001
  2.0321832e-001
  2.2029345e-001
  2.3596299e-001
  2.4987262e-001
  2.6173991e-001
  2.7135903e-001
  2.7860409e-001
  2.8342746e-001
  2.8585702e-001
  2.8599063e-001
  2.8398994e-001
  2.8006830e-001
  2.7447850e-001
  2.6749990e-001
  2.5942811e-001
  2.5056239e-001
  2.4119501e-001
  2.3160132e-001
  2.2203216e-001
  2.1270233e-001
  2.0378335e-001
  1.9540288e-001
  1.8765019e-001
  1.8057669e-001
  1.7419694e-001
  1.6849060e-001
  1.6340522e-001
  1.5885105e-001
  1.5469835e-001
  1.5078157e-001
  1.4690931e-001
  1.4286904e-001
  1.3843382e-001
  1.3337060e-001
  1.2745326e-001
  1.2047538e-001
  1.1226606e-001
  1.0270416e-001
  9.1732367e-002
  7.9362734e-002
  6.5680775e-002
  5.0848717e-002
  3.5107337e-002
  1.8766881e-002
  2.1936379e-003
 -1.4209139e-002
 -3.0020430e-002
 -4.4821785e-002
 -5.8215070e-002
 -6.9844732e-002
 -7.9416453e-002
 -8.6710432e-002
 -9.1588303e-002
 -9.4002965e-002
 -9.4001893e-002
 -9.1722826e-002
 -8.7380919e-002
 -8.1256062e-002
 -7.3676649e-002
 -6.5005759e-002
 -5.5625371e-002
 -4.5921634e-002
 -3.6268773e-002
 -2.7019229e-002
 -1.8494360e-002
 -1.0978271e-002
 -4.7118835e-003
  1.0682608e-004
  3.3224573e-003
  4.8187706e-003
  4.5175395e-003
  2.3750266e-003
 -1.6188484e-003
 -7.4424381e-003
 -1.5042398e-002
 -2.4336838e-002
 -3.5214842e-002
 -4.7537428e-002
 -6.1133445e-002
 -7.5790589e-002
 -9.1247728e-002
 -1.0720634e-001
 -1.2334749e-001
 -1.3934545e-001
 -1.5487643e-001
 -1.6963044e-001
 -1.8332057e-001
 -1.9569421e-001
 -2.0654155e-001
 -2.1570314e-001
 -2.2307265e-001
 -2.2860114e-001
 -2.3229697e-001
 -2.3422222e-001
 -2.3448487e-001
 -2.3323747e-001
 -2.3067162e-001
 -2.2700486e-001
 -2.2246233e-001
 -2.1726554e-001
 -2.1162229e-001
 -2.0572086e-001
 -1.9972331e-001
 -1.9376079e-001
 -1.8792818e-001
 -1.8228546e-001
 -1.7686031e-001
 -1.7165519e-001
 -1.6665246e-001
 -1.6181958e-001
 -1.5711194e-001
 -1.5247886e-001
 -1.4786943e-001
 -1.4324408e-001
 -1.3858281e-001
 -1.3388803e-001
 -1.2918083e-001
 -1.2450098e-001
 -1.1990394e-001
 -1.1545645e-001
 -1.1122844e-001
 -1.0728776e-001
 -1.0369264e-001
 -1.0048660e-001
 -9.7692662e-002
 -9.5312243e-002
 -9.3324390e-002
 -9.1690988e-002
 -9.0360890e-002
 -8.9273378e-002
 -8.8359485e-002
 -8.7551705e-002
 -8.6792625e-002
 -8.6040263e-002
 -8.5269506e-002
 -8.4479841e-002
 -8.3699970e-002
 -8.2988375e-002
 -8.2426810e-002
 -8.2114778e-002
 -8.2158706e-002
 -8.2658340e-002
 -8.3690164e-002
 -8.5297683e-002
 -8.7481547e-002
 -9.0191443e-002
 -9.3318035e-002
 -9.6691678e-002
 -1.0008528e-001
 -1.0322857e-001
 -1.0582498e-001
 -1.0756939e-001
 -1.0816339e-001
 -1.0733466e-001
 -1.0485348e-001
 -1.0055018e-001
 -9.4326949e-002
 -8.6163406e-002
 -7.6115094e-002
 -6.4317181e-002
 -5.0981171e-002
 -3.6379431e-002
 -2.0821193e-002
 -4.6361838e-003
  1.1841892e-002
  2.8291396e-002
  4.4419031e-002
  5.9968584e-002
  7.4727431e-002
  8.8526406e-002
  1.0123825e-001
  1.1277142e-001
  1.2306448e-001
  1.3207652e-001
  1.3978013e-001
  1.4615388e-001
  1.5117946e-001
  1.5483843e-001
  1.5711432e-001
  1.5799554e-001
  1.5748360e-001
  1.5560079e-001
  1.5240104e-001
  1.4797767e-001
  1.4247132e-001
  1.3607355e-001
  1.2902907e-001
  1.2162929e-001
  1.1420387e-001
  1.0711025e-001
  1.0072128e-001
  9.5399811e-002
  9.1472132e-002
  8.9205129e-002
  8.8790033e-002
  9.0325478e-002
  9.3807605e-002
  9.9124689e-002
  1.0606111e-001
  1.1430685e-001
  1.2347623e-001
  1.3312842e-001
  1.4279444e-001
  1.5200612e-001
  1.6032777e-001
  1.6738078e-001
  1.7286617e-001
  1.7658120e-001
  1.7843233e-001
  1.7843824e-001
  1.7672690e-001
  1.7352290e-001
  1.6913032e-001
  1.6390791e-001
  1.5824367e-001
  1.5252886e-001
  1.4713517e-001
  1.4238713e-001
  1.3854150e-001
  1.3577605e-001
  1.3418903e-001
  1.3380052e-001
  1.3456012e-001
  1.3635323e-001
  1.3901412e-001
  1.4234635e-001
  1.4614708e-001
  1.5021985e-001
  1.5438246e-001
  1.5846864e-001
  1.6232875e-001
  1.6582559e-001
  1.6883114e-001
  1.7122052e-001
  1.7286692e-001
  1.7362904e-001
  1.7334300e-001
  1.7182407e-001
  1.6887709e-001
  1.6430164e-001
  1.5790189e-001
  1.4950188e-001
  1.3896736e-001
  1.2622501e-001
  1.1128264e-001
  9.4243372e-002
  7.5317585e-002
  5.4824521e-002
  3.3189697e-002
  1.0936120e-002
 -1.1330398e-002
 -3.2954609e-002
 -5.3268800e-002
 -7.1626935e-002
 -8.7433206e-002
 -1.0017512e-001
 -1.0945247e-001
 -1.1500515e-001
 -1.1673231e-001
 -1.1470530e-001
 -1.0916742e-001
 -1.0052568e-001
 -8.9329848e-002
 -7.6246672e-002
 -6.2024618e-002
 -4.7455486e-002
 -3.3330442e-002
 -2.0398994e-002
 -9.3282911e-003
 -6.7132351e-004
  5.1598868e-003
  7.9097453e-003
  7.4875072e-003
  3.9623459e-003
 -2.4481731e-003
 -1.1400470e-002
 -2.2450400e-002
 -3.5084690e-002
 -4.8751142e-002
 -6.2892273e-002
 -7.6973426e-002
 -9.0507898e-002
 -1.0307280e-001
 -1.1432154e-001
 -1.2398686e-001
 -1.3188192e-001
 -1.3789358e-001
 -1.4197312e-001
 -1.4412252e-001
 -1.4438762e-001
 -1.4285001e-001
 -1.3961976e-001
 -1.3482672e-001
 -1.2862018e-001
 -1.2116970e-001
 -1.1267192e-001
 -1.0335578e-001
 -9.3488447e-002
 -8.3375961e-002
 -7.3367120e-002
 -6.3849828e-002
 -5.5239699e-002
 -4.7959704e-002
 -4.2423805e-002
 -3.9015187e-002
 -3.8060676e-002
 -3.9799938e-002
 -4.4361027e-002
 -5.1737414e-002
 -6.1773490e-002
 -7.4155813e-002
 -8.8418646e-002
 -1.0395729e-001
 -1.2005358e-001
 -1.3590743e-001
 -1.5067949e-001
 -1.6353596e-001
 -1.7369838e-001
 -1.8048888e-001
 -1.8337280e-001
 -1.8199087e-001
 -1.7618623e-001
 -1.6601630e-001
 -1.5175243e-001
 -1.3386224e-001
 -1.1298242e-001
 -8.9879501e-002
 -6.5409364e-002
 -4.0470185e-002
 -1.5955049e-002
  7.2974854e-003
  2.8544294e-002
  4.7172786e-002
  6.2721000e-002
  7.4889043e-002
  8.3537465e-002
  8.8679655e-002
  9.0464159e-002
  8.9154109e-002
  8.5098093e-002
  7.8702761e-002
  7.0405782e-002
  6.0655904e-002
  4.9893856e-002
  3.8540705e-002
  2.6989644e-002
  1.5606219e-002
  4.7247685e-003
 -5.3485197e-003
 -1.4322211e-002
 -2.1905977e-002
 -2.7823821e-002
 -3.1832213e-002
 -3.3728347e-002
 -3.3351099e-002
 -3.0590586e-002
 -2.5398865e-002
 -1.7808946e-002
 -7.9510969e-003
  3.9367577e-003
  1.7508966e-002
  3.2312476e-002
  4.7796616e-002
  6.3328627e-002
  7.8220106e-002
  9.1757776e-002
  1.0324285e-001
  1.1203048e-001
  1.1757259e-001
  1.1945414e-001
  1.1742622e-001
  1.1143001e-001
  1.0161249e-001
  8.8320802e-002
  7.2087500e-002
  5.3610823e-002
  3.3729218e-002
  1.3374707e-002
 -6.4803980e-003
 -2.4878012e-002
 -4.0924193e-002
 -5.3841546e-002
 -6.3011454e-002
 -6.8006075e-002
 -6.8605283e-002
 -6.4806740e-002
 -5.6820905e-002
 -4.5055836e-002
 -3.0087204e-002
 -1.2621028e-002
  6.5525501e-003
  2.6602103e-002
  4.6699564e-002
  6.6060806e-002
  8.3983777e-002
  9.9873398e-002
  1.1325963e-001
  1.2380334e-001
  1.3129662e-001
  1.3565247e-001
  1.3689179e-001
  1.3512416e-001
  1.3053032e-001
  1.2334068e-001
  1.1381956e-001
  1.0225403e-001
  8.8950512e-002
  7.4226062e-002
  5.8405656e-002
  4.1826512e-002
  2.4848275e-002
  7.8525913e-003
 -8.7576033e-003
 -2.4559854e-002
 -3.9114033e-002
 -5.1976109e-002
 -6.2715469e-002
 -7.0939395e-002
 -7.6317444e-002
 -7.8610788e-002
 -7.7696744e-002
 -7.3591178e-002
 -6.6460962e-002
 -5.6633700e-002
 -4.4594025e-002
 -3.0967496e-002
 -1.6489333e-002
 -1.9722560e-003
  1.1736372e-002
  2.3806877e-002
  3.3485570e-002
  4.0139409e-002
  4.3296347e-002
  4.2679057e-002
  3.8231027e-002
  3.0122187e-002
  1.8740718e-002
  4.6644087e-003
 -1.1376916e-002
 -2.8546413e-002
 -4.5946222e-002
 -6.2672920e-002
 -7.7869538e-002
 -9.0773750e-002
 -1.0075437e-001
 -1.0734163e-001
 -1.1024237e-001
 -1.0934695e-001
 -1.0472099e-001
 -9.6588243e-002
 -8.5302458e-002
 -7.1322766e-002
 -5.5184317e-002
 -3.7465654e-002
 -1.8754016e-002
  3.7297241e-004
  1.9363388e-002
  3.7709077e-002
  5.4963561e-002
  7.0741260e-002
  8.4712570e-002
  9.6598207e-002
  1.0616704e-001
  1.1322707e-001
  1.1762161e-001
  1.1922818e-001
  1.1796529e-001
  1.1379755e-001
  1.0674658e-001
  9.6900503e-002
  8.4427549e-002
  6.9585919e-002
  5.2733980e-002
  3.4331030e-002
  1.4934252e-002
 -4.8154761e-003
 -2.4212219e-002
 -4.2514570e-002
 -5.8977791e-002
 -7.2893002e-002
 -8.3624663e-002
 -9.0652228e-002
 -9.3604435e-002
 -9.2287505e-002
 -8.6700475e-002
 -7.7046590e-002
 -6.3729624e-002
 -4.7338071e-002
 -2.8612822e-002
 -8.4093802e-003
  1.2350638e-002
  3.2729317e-002
  5.1826936e-002
  6.8830279e-002
  8.3058987e-002
  9.4000706e-002
  1.0133865e-001
  1.0496099e-001
  1.0496013e-001
  1.0161761e-001
  9.5381605e-002
  8.6829718e-002
  7.6628999e-002
  6.5491238e-002
  5.4132304e-002
  4.3230499e-002
  3.3393266e-002
  2.5125982e-002
  1.8813287e-002
  1.4709862e-002
  1.2944499e-002
  1.3525501e-002
  1.6355192e-002
  2.1246600e-002
  2.7946963e-002
  3.6158624e-002
  4.5560991e-002
  5.5822777e-002
  6.6612254e-002
  7.7599020e-002
  8.8456418e-002
  9.8860545e-002
  1.0849150e-001
  1.1702675e-001
  1.2413851e-001
  1.2949242e-001
  1.3275515e-001
  1.3360411e-001
  1.3174470e-001
  1.2692342e-001
  1.1894680e-001
  1.0770249e-001
  9.3184943e-002
  7.5512805e-002
  5.4943803e-002
  3.1878286e-002
  6.8579735e-003
 -1.9447135e-002
 -4.6257025e-002
 -7.2713682e-002
 -9.7917668e-002
 -1.2097450e-001
 -1.4104054e-001
 -1.5737309e-001
 -1.6937271e-001
 -1.7662178e-001
 -1.7890895e-001
 -1.7624585e-001
 -1.6886719e-001
 -1.5722130e-001
 -1.4194394e-001
 -1.2382560e-001
 -1.0376560e-001
 -8.2721959e-002
 -6.1654756e-002
 -4.1479036e-002
 -2.3019013e-002
 -6.9695923e-003
  6.1368563e-003
  1.5944294e-002
  2.2277824e-002
  2.5135023e-002
  2.4672500e-002
  2.1181119e-002
  1.5060053e-002
  6.7829484e-003
 -3.1324001e-003
 -1.4155420e-002
 -2.5765721e-002
 -3.7475428e-002
 -4.8841595e-002
 -5.9476546e-002
 -6.9048877e-002
 -7.7284905e-002
 -8.3963409e-002
 -8.8912637e-002
 -9.2003220e-002
 -9.3147611e-002
 -9.2297583e-002
 -8.9446633e-002
 -8.4630873e-002
 -7.7939056e-002
 -6.9520188e-002
 -5.9591989e-002
 -4.8442180e-002
 -3.6432688e-002
 -2.3994383e-002
 -1.1616186e-002
  1.7667945e-004
  1.0842487e-002
  1.9850420e-002
  2.6708831e-002
  3.0999600e-002
  3.2406229e-002
  3.0742437e-002
  2.5971951e-002
  1.8224057e-002
  7.7928659e-003
 -4.8694914e-003
 -1.9170763e-002
 -3.4400360e-002
 -4.9764300e-002
 -6.4422855e-002
 -7.7536443e-002
 -8.8308576e-002
 -9.6031106e-002
 -1.0012041e-001
 -1.0014974e-001
 -9.5868950e-002
 -8.7220877e-002
 -7.4343514e-002
 -5.7563244e-002
 -3.7373257e-002
 -1.4409173e-002
  1.0585908e-002
  3.6797936e-002
  6.3384705e-002
  8.9513271e-002
  1.1439825e-001
  1.3733079e-001
  1.5770544e-001
  1.7503662e-001
  1.8897179e-001
  1.9929209e-001
  2.0591011e-001
  2.0885820e-001
  2.0827715e-001
  2.0439911e-001
  1.9753382e-001
  1.8805036e-001
  1.7636392e-001
  1.6292010e-001
  1.4818544e-001
  1.3263581e-001
  1.1674997e-001
  1.0099957e-001
  8.5843100e-002
  7.1712724e-002
  5.9005398e-002
  4.8076027e-002
  3.9234561e-002
  3.2729373e-002
  2.8732132e-002
  2.7325452e-002
  2.8497532e-002
  3.2130487e-002
  3.7995108e-002
  4.5747517e-002
  5.4936777e-002
  6.5016147e-002
  7.5365686e-002
  8.5315594e-002
  9.4178509e-002
  1.0128201e-001
  1.0600732e-001
  1.0782285e-001
  1.0631893e-001
  1.0123262e-001
  9.2469507e-002
  8.0112723e-002
  6.4426523e-002
  4.5845495e-002
  2.4958199e-002
  2.4762171e-003
 -2.0799530e-002
 -4.4019706e-002
 -6.6325652e-002
 -8.6896328e-002
 -1.0498908e-001
 -1.1997764e-001
 -1.3137787e-001
 -1.3887051e-001
 -1.4231027e-001
 -1.4173055e-001
 -1.3733454e-001
 -1.2948142e-001
 -1.1866128e-001
 -1.0547303e-001
 -9.0594186e-002
 -7.4749217e-002
 -5.8672116e-002
 -4.3078151e-002
 -2.8635164e-002
 -1.5942271e-002
 -5.5073697e-003
  2.2653033e-003
  7.0878591e-003
  8.7950833e-003
  7.3489801e-003
  2.8255820e-003
 -4.5987081e-003
 -1.4660588e-002
 -2.7017078e-002
 -4.1260757e-002
 -5.6931640e-002
 -7.3534367e-002
 -9.0549888e-002
 -1.0744881e-001
 -1.2369854e-001
 -1.3877589e-001
 -1.5217614e-001
 -1.6342948e-001
 -1.7211371e-001
 -1.7786941e-001
 -1.8041042e-001
 -1.7954292e-001
 -1.7517945e-001
 -1.6735209e-001
 -1.5621601e-001
 -1.4205507e-001
 -1.2527703e-001
 -1.0640418e-001
 -8.6052801e-002
 -6.4915838e-002
 -4.3735890e-002
 -2.3274737e-002
 -4.2742127e-003
  1.2576668e-002
  2.6676117e-002
  3.7535342e-002
  4.4803852e-002
  4.8283234e-002
  4.7940765e-002
  4.3915695e-002
  3.6523113e-002
  2.6240069e-002
  1.3685900e-002
 -4.0897804e-004
 -1.5235096e-002
 -2.9944428e-002
 -4.3687795e-002
 -5.5657978e-002
 -6.5126130e-002
 -7.1478184e-002
 -7.4240511e-002
 -7.3103334e-002
 -6.7931048e-002
 -5.8768781e-002
 -4.5834573e-002
 -2.9506726e-002
 -1.0298543e-002
  1.1167466e-002
  3.4193751e-002
  5.8037461e-002
  8.1945999e-002
  1.0518917e-001
  1.2709414e-001
  1.4706858e-001
  1.6462187e-001
  1.7937372e-001
  1.9106092e-001
  1.9953518e-001
  2.0476134e-001
  2.0680198e-001
  2.0580475e-001
  2.0199015e-001
  1.9564419e-001
  1.8709735e-001
  1.7670720e-001
  1.6484240e-001
  1.5187694e-001
  1.3818252e-001
  1.2412859e-001
  1.1007687e-001
  9.6380548e-002
  8.3379609e-002
  7.1400316e-002
  6.0744454e-002
  5.1681988e-002
  4.4441533e-002
  3.9205006e-002
  3.6090320e-002
  3.5137625e-002
  3.6295240e-002
  3.9414800e-002
  4.4243465e-002
  5.0426751e-002
  5.7513965e-002
  6.4976352e-002
  7.2225889e-002
  7.8645420e-002
  8.3619785e-002
  8.6575006e-002
  8.7010268e-002
  8.4533215e-002
  7.8888021e-002
  6.9982815e-002
  5.7902027e-002
  4.2912711e-002
  2.5452506e-002
  6.1117537e-003
 -1.4397627e-002
 -3.5275828e-002
 -5.5681948e-002
 -7.4779445e-002
 -9.1788178e-002
 -1.0602705e-001
 -1.1695199e-001
 -1.2417867e-001
 -1.2750404e-001
 -1.2691116e-001
 -1.2256491e-001
 -1.1478967e-001
 -1.0404442e-001
 -9.0885906e-002
 -7.5934585e-002
 -5.9834405e-002
 -4.3220151e-002
 -2.6683374e-002
 -1.0749677e-002
  4.1413135e-003
  1.7638843e-002
  2.9481062e-002
  3.9485200e-002
  4.7539361e-002
  5.3584126e-002
  5.7598949e-002
  5.9584534e-002
  5.9554718e-002
  5.7528328e-002
  5.3532166e-002
  4.7601375e-002
  3.9789902e-002
  3.0180221e-002
  1.8901208e-002
  6.1387871e-003
 -7.8505555e-003
 -2.2736825e-002
 -3.8114086e-002
 -5.3511546e-002
 -6.8406366e-002
 -8.2249289e-002
 -9.4490294e-002
 -1.0461495e-001
 -1.1217626e-001
 -1.1683016e-001
 -1.1836019e-001
 -1.1670179e-001
 -1.1195126e-001
 -1.0436906e-001
 -9.4365314e-002
 -8.2480629e-002
 -6.9350784e-002
 -5.5668339e-002
 -4.2133159e-002
 -2.9408939e-002
 -1.8076159e-002
 -8.5955191e-003
 -1.2737005e-003
  3.7526507e-003
  6.5259330e-003
  7.2580838e-003
  6.3144083e-003
  4.1787724e-003
  1.4164794e-003
 -1.3718880e-003
 -3.5918310e-003
 -4.7021434e-003
 -4.2512457e-003
 -1.9112045e-003
  2.5051689e-003
  9.0346463e-003
  1.7571442e-002
  2.7876131e-002
  3.9599125e-002
  5.2308540e-002
  6.5529614e-002
  7.8776971e-002
  9.1590438e-002
  1.0356125e-001
  1.1435697e-001
  1.2372969e-001
  1.3152081e-001
  1.3765177e-001
  1.4211436e-001
  1.4494991e-001
  1.4623155e-001
  1.4603880e-001
  1.4443981e-001
  1.4147122e-001
  1.3713098e-001
  1.3137434e-001
  1.2412485e-001
  1.1528568e-001
  1.0476313e-001
  9.2488140e-002
  7.8445397e-002
  6.2693790e-002
  4.5388105e-002
  2.6786395e-002
  7.2549366e-003
 -1.2743389e-002
 -3.2663465e-002
 -5.1904310e-002
 -6.9836294e-002
 -8.5846290e-002
 -9.9378721e-002
 -1.0997355e-001
 -1.1729204e-001
 -1.2114884e-001
 -1.2153026e-001
 -1.1860531e-001
 -1.1271526e-001
 -1.0435326e-001
 -9.4124804e-002
 -8.2709734e-002
 -7.0812951e-002
 -5.9116428e-002
 -4.8226105e-002
 -3.8633635e-002
 -3.0682063e-002
 -2.4551042e-002
 -2.0248785e-002
 -1.7622547e-002
 -1.6374977e-002
 -1.6100960e-002
 -1.6326894e-002
 -1.6559323e-002
 -1.6327710e-002
 -1.5233045e-002
 -1.2982710e-002
 -9.4196864e-003
 -4.5308334e-003
  1.5531461e-003
  8.5776940e-003
  1.6187004e-002
  2.3961258e-002
  3.1453791e-002
  3.8236722e-002
  4.3936220e-002
  4.8267936e-002
  5.1056456e-002
  5.2250051e-002
  5.1916485e-002
  5.0233571e-002
  4.7461722e-002
  4.3915501e-002
  3.9925266e-002
  3.5804977e-002
  3.1814552e-002
  2.8135099e-002
  2.4847556e-002
  2.1929732e-002
  1.9258304e-002
  1.6628921e-002
  1.3778619e-002
  1.0422385e-002
  6.2874805e-003
  1.1554226e-003
 -5.1068364e-003
 -1.2516236e-002
 -2.0960041e-002
 -3.0187841e-002
 -3.9825191e-002
 -4.9392807e-002
 -5.8341182e-002
 -6.6086182e-002
 -7.2060083e-002
 -7.5757168e-002
 -7.6780422e-002
 -7.4873230e-002
 -6.9949528e-002
 -6.2104189e-002
 -5.1615367e-002
 -3.8924429e-002
 -2.4608892e-002
 -9.3367567e-003
  6.1786901e-003
  2.1234590e-002
  3.5186472e-002
  4.7497973e-002
  5.7773161e-002
  6.5783342e-002
  7.1471402e-002
  7.4948749e-002
  7.6471954e-002
  7.6414834e-002
  7.5222329e-002
  7.3366135e-002
  7.1292863e-002
  6.9383861e-002
  6.7914972e-002
  6.7035207e-002
  6.6751703e-002
  6.6936612e-002
  6.7339672e-002
  6.7620304e-002
  6.7381540e-002
  6.6217516e-002
  6.3754197e-002
  5.9694853e-002
  5.3852030e-002
  4.6176082e-002
  3.6759490e-002
  2.5834577e-002
  1.3752779e-002
  9.6117988e-004
 -1.2038413e-002
 -2.4728717e-002
 -3.6627331e-002
 -4.7326107e-002
 -5.6528329e-002
 -6.4066162e-002
 -6.9915508e-002
 -7.4189962e-002
 -7.7128028e-002
 -7.9061266e-002
 -8.0385017e-002
 -8.1516006e-002
 -8.2853078e-002
 -8.4731030e-002
 -8.7391187e-002
 -9.0953792e-002
 -9.5408482e-002
 -1.0060954e-001
 -1.0629433e-001
 -1.1210553e-001
 -1.1762975e-001
 -1.2243331e-001
 -1.2610789e-001
 -1.2830639e-001
 -1.2878272e-001
 -1.2741433e-001
 -1.2422017e-001
 -1.1935656e-001
 -1.1310765e-001
 -1.0585592e-001
 -9.8053827e-002
 -9.0180353e-002
 -8.2700392e-002
 -7.6015649e-002
 -7.0430042e-002
 -6.6116173e-002
 -6.3103121e-002
 -6.1269074e-002
 -6.0354606e-002
 -5.9979713e-002
 -5.9681732e-002
 -5.8953500e-002
 -5.7294768e-002
 -5.4255642e-002
 -4.9485362e-002
 -4.2764331e-002
 -3.4033037e-002
 -2.3398260e-002
 -1.1133098e-002
  2.3463115e-003
  1.6507855e-002
  3.0749750e-002
  4.4445898e-002
  5.7002658e-002
  6.7903106e-002
  7.6752930e-002
  8.3308087e-002
  8.7497919e-002
  8.9421938e-002
  8.9340279e-002
  8.7644843e-002
  8.4829006e-002
  8.1436890e-002
  7.8018200e-002
  7.5079863e-002
  7.3053025e-002
  7.2255848e-002
  7.2875520e-002
  7.4955619e-002
  7.8406394e-002
  8.3017733e-002
  8.8491643e-002
  9.4472387e-002
  1.0058959e-001
  1.0649257e-001
  1.1189013e-001
  1.1657167e-001
  1.2042725e-001
  1.2344893e-001
  1.2572993e-001
  1.2743895e-001
  1.2879540e-001
  1.3003575e-001
  1.3138896e-001
  1.3303741e-001
  1.3509074e-001
  1.3756314e-001
  1.4037052e-001
  1.4332246e-001
  1.4613451e-001
  1.4844781e-001
  1.4986969e-001
  1.5000794e-001
  1.4851685e-001
  1.4513394e-001
  1.3972154e-001
  1.3228788e-001
  1.2300638e-001
  1.1221248e-001
  1.0039619e-001
  8.8169999e-002
  7.6233924e-002
  6.5318893e-002
  5.6135211e-002
  4.9314544e-002
  4.5367031e-002
  4.4631723e-002
  4.7248734e-002
  5.3140399e-002
  6.2020268e-002
  7.3405178e-002
  8.6651142e-002
  1.0099134e-001
  1.1559283e-001
  1.2960581e-001
  1.4222323e-001
  1.5272703e-001
  1.6053583e-001
  1.6522785e-001
  1.6655975e-001
  1.6446171e-001
  1.5903080e-001
  1.5050422e-001
  1.3923447e-001
  1.2564612e-001
  1.1020108e-001
  9.3355764e-002
  7.5535966e-002
  5.7112706e-002
  3.8398637e-002
  1.9637727e-002
  1.0135305e-003
 -1.7341065e-002
 -3.5316996e-002
 -5.2814741e-002
 -6.9720892e-002
 -8.5897684e-002
 -1.0116655e-001
 -1.1530979e-001
 -1.2806937e-001
 -1.3916566e-001
 -1.4831241e-001
 -1.5524782e-001
 -1.5975677e-001
 -1.6170392e-001
 -1.6105222e-001
 -1.5788795e-001
 -1.5242553e-001
 -1.4501152e-001
 -1.3610509e-001
 -1.2626019e-001
 -1.1608680e-001
 -1.0621653e-001
 -9.7252253e-002
 -8.9728300e-002
 -8.4062011e-002
 -8.0524202e-002
 -7.9207976e-002
 -8.0021114e-002
 -8.2680448e-002
 -8.6733430e-002
 -9.1581355e-002
 -9.6524400e-002
 -1.0080307e-001
 -1.0365912e-001
 -1.0438531e-001
 -1.0238079e-001
 -9.7186578e-002
 -8.8525877e-002
 -7.6320606e-002
 -6.0704914e-002
 -4.2012146e-002
 -2.0761540e-002
  2.3789766e-003
  2.6625696e-002
  5.1130321e-002
  7.5023878e-002
  9.7470961e-002
  1.1770013e-001
  1.3503853e-001
  1.4893186e-001
  1.5896956e-001
  1.6488274e-001
  1.6654502e-001
  1.6395764e-001
  1.5724197e-001
  1.4661173e-001
  1.3235676e-001
  1.1481678e-001
  9.4373309e-002
  7.1437725e-002
  4.6456229e-002
  1.9895556e-002
 -7.7565121e-003
 -3.5992894e-002
 -6.4273825e-002
 -9.2032422e-002
 -1.1867399e-001
 -1.4360393e-001
 -1.6624608e-001
 -1.8605721e-001
 -2.0252871e-001
 -2.1522919e-001
 -2.2383720e-001
 -2.2816484e-001
 -2.2815497e-001
 -2.2388652e-001
 -2.1556399e-001
 -2.0353344e-001
 -1.8827862e-001
 -1.7039886e-001
 -1.5056411e-001
 -1.2950136e-001
 -1.0797530e-001
 -8.6786222e-002
 -6.6744796e-002
 -4.8627456e-002
 -3.3108373e-002
 -2.0738200e-002
 -1.1920298e-002
 -6.8790468e-003
 -5.6182867e-003
 -7.9367017e-003
 -1.3448494e-002
 -2.1606103e-002
 -3.1716498e-002
 -4.3008818e-002
 -5.4692681e-002
 -6.6000725e-002
 -7.6200361e-002
 -8.4628850e-002
 -9.0713420e-002
 -9.3996213e-002
 -9.4146137e-002
 -9.0996573e-002
 -8.4566057e-002
 -7.5081320e-002
 -6.2967462e-002
 -4.8835119e-002
 -3.3440785e-002
 -1.7657940e-002
 -2.4299583e-003
  1.1258138e-002
  2.2431570e-002
  3.0191181e-002
  3.3798812e-002
  3.2707135e-002
  2.6587181e-002
  1.5356520e-002
 -7.9120251e-004
 -2.1425895e-002
 -4.5927436e-002
 -7.3533341e-002
 -1.0336383e-001
 -1.3447254e-001
 -1.6587722e-001
 -1.9659201e-001
 -2.2564021e-001
 -2.5209348e-001
 -2.7509551e-001
 -2.9389321e-001
 -3.0784320e-001
 -3.1643088e-001
 -3.1926647e-001
 -3.1609427e-001
 -3.0678257e-001
 -2.9132790e-001
 -2.6984326e-001
 -2.4257199e-001
 -2.0988602e-001
 -1.7229275e-001
 -1.3042150e-001
 -8.5035896e-002
 -3.7024317e-002
  1.2608304e-002
  6.2778542e-002
  1.1234750e-001
  1.6016596e-001
  2.0510847e-001
  2.4612765e-001
  2.8228352e-001
  3.1279238e-001
  3.3706630e-001
  3.5476613e-001
  3.6581208e-001
  3.7039182e-001
  3.6893637e-001
  3.6210295e-001
  3.5072655e-001
  3.3578890e-001
  3.1837447e-001
  2.9964366e-001
  2.8077376e-001
  2.6291206e-001
  2.4710669e-001
  2.3426314e-001
  2.2509766e-001
  2.2012159e-001
  2.1960488e-001
  2.2356636e-001
  2.3175776e-001
  2.4368314e-001
  2.5861511e-001
  2.7564596e-001
  2.9372337e-001
  3.1171363e-001
  3.2845492e-001
  3.4283280e-001
  3.5382183e-001
  3.6054085e-001
  3.6228783e-001
  3.5858693e-001
  3.4919206e-001
  3.3409740e-001
  3.1352074e-001
  2.8790085e-001
  2.5786216e-001
  2.2419503e-001
  1.8781007e-001
  1.4971306e-001
  1.1095662e-001
  7.2615669e-002
  3.5743225e-002
  1.3529584e-003
 -2.9620993e-002
 -5.6335372e-002
 -7.8060783e-002
 -9.4177983e-002
 -1.0420621e-001
 -1.0781090e-001
 -1.0483084e-001
 -9.5277925e-002
 -7.9361106e-002
 -5.7483497e-002
 -3.0255253e-002
  1.5221489e-003
  3.6838531e-002
  7.4491649e-002
  1.1311399e-001
  1.5124050e-001
  1.8733522e-001
  2.1984898e-001
  2.4728364e-001
  2.6829435e-001
  2.8175099e-001
  2.8681564e-001
  2.8298801e-001
  2.7016013e-001
  2.4861654e-001
  2.1903721e-001
  1.8245172e-001
  1.4020115e-001
  9.3858261e-002
  4.5162978e-002
 -4.0858561e-003
 -5.2111677e-002
 -9.7252459e-002
 -1.3801422e-001
 -1.7315561e-001
 -2.0173304e-001
 -2.2315179e-001
 -2.3716518e-001
 -2.4388322e-001
 -2.4373180e-001
 -2.3742854e-001
 -2.2591594e-001
 -2.1031359e-001
 -1.9183507e-001
 -1.7173900e-001
 -1.5125419e-001
 -1.3154368e-001
 -1.1364599e-001
 -9.8458525e-002
 -8.6699106e-002
 -7.8912078e-002
 -7.5451149e-002
 -7.6501941e-002
 -8.2076369e-002
 -9.2045110e-002
 -1.0613540e-001
 -1.2396042e-001
 -1.4500918e-001
 -1.6866474e-001
 -1.9418631e-001
 -2.2073637e-001
 -2.4737675e-001
 -2.7309766e-001
 -2.9681434e-001
 -3.1741503e-001
 -3.3377968e-001
 -3.4483728e-001
 -3.4958916e-001
 -3.4717760e-001
 -3.3691912e-001
 -3.1837602e-001
 -2.9138283e-001
 -2.5610296e-001
 -2.1303083e-001
 -1.6301472e-001
 -1.0722122e-001
 -4.7130938e-002
  1.5525630e-002
  7.8818219e-002
  1.4072782e-001
  1.9921596e-001
  2.5234148e-001
  2.9834142e-001
  3.3575110e-001
  3.6345606e-001
  3.8076942e-001
  3.8744891e-001
  3.8373572e-001
  3.7030743e-001
  3.4825059e-001
  3.1897061e-001
  2.8413494e-001
  2.4554768e-001
  2.0506836e-001
  1.6448648e-001
  1.2545810e-001
  8.9402275e-002
  5.7468141e-002
  3.0469597e-002
  8.8952785e-003
 -7.1174586e-003
 -1.7733413e-002
 -2.3410865e-002
 -2.4821949e-002
 -2.2820913e-002
 -1.8350812e-002
 -1.2417885e-002
 -6.0113714e-003
 -8.9324176e-005
  4.4904224e-003
  6.9651364e-003
  6.7156067e-003
  3.2328021e-003
 -3.8558589e-003
 -1.4822397e-002
 -2.9804824e-002
 -4.8855728e-002
 -7.1917690e-002
 -9.8855621e-002
 -1.2940563e-001
 -1.6320114e-001
 -1.9972023e-001
 -2.3830955e-001
 -2.7813019e-001
 -3.1819117e-001
 -3.5731000e-001
 -3.9417695e-001
 -4.2734825e-001
 -4.5534063e-001
 -4.7664890e-001
 -4.8987326e-001
 -4.9375981e-001
 -4.8734029e-001
 -4.6996551e-001
 -4.4142608e-001
 -4.0194864e-001
 -3.5228381e-001
 -2.9365460e-001
 -2.2777919e-001
 -1.5674373e-001
 -8.2979328e-002
 -9.0931625e-003
  6.2193530e-002
  1.2825179e-001
  1.8661040e-001
  2.3515400e-001
  2.7215261e-001
  2.9642070e-001
  3.0728953e-001
  3.0471460e-001
  2.8917408e-001
  2.6171571e-001
  2.2378240e-001
  1.7721660e-001
  1.2404570e-001
  6.6485488e-002
  6.7069758e-003
 -5.3138624e-002
 -1.1114243e-001
 -1.6555486e-001
 -2.1498664e-001
 -2.5825649e-001
 -2.9457898e-001
 -3.2333903e-001
 -3.4429103e-001
 -3.5725767e-001
 -3.6238455e-001
 -3.5974960e-001
 -3.4975543e-001
 -3.3257886e-001
 -3.0888498e-001
 -2.7871023e-001
