 -4.2076303e-001
 -4.3540959e-001
 -4.4929861e-001
 -4.6300690e-001
 -4.7716630e-001
 -4.9243302e-001
 -5.0945168e-001
 -5.2881485e-001
 -5.5101986e-001
 -5.7642520e-001
 -6.0520988e-001
 -6.3733905e-001
 -6.7253967e-001
 -7.1028919e-001
 -7.4981979e-001
 -7.9013942e-001
 -8.3006927e-001
 -8.6829626e-001
 -9.0343719e-001
 -9.3411039e-001
 -9.5900963e-001
 -9.7697471e-001
 -9.8705362e-001
 -9.8855130e-001
 -9.8106197e-001
 -9.6448261e-001
 -9.3900765e-001
 -9.0510599e-001
 -8.6348318e-001
 -8.1503264e-001
 -7.6078054e-001
 -7.0182899e-001
 -6.3930196e-001
 -5.7429773e-001
 -5.0785028e-001
 -4.4090141e-001
 -3.7428344e-001
 -3.0871205e-001
 -2.4478729e-001
 -1.8300082e-001
 -1.2374704e-001
 -6.7335867e-002
 -1.4005678e-002
  3.6064943e-002
  8.2747032e-002
  1.2595269e-001
  1.6562774e-001
  2.0174495e-001
  2.3429743e-001
  2.6329175e-001
  2.8874093e-001
  3.1065776e-001
  3.2904927e-001
  3.4391345e-001
  3.5523912e-001
  3.6300991e-001
  3.6721258e-001
  3.6784946e-001
  3.6495409e-001
  3.5860824e-001
  3.4895835e-001
  3.3622881e-001
  3.2072975e-001
  3.0285731e-001
  2.8308521e-001
  2.6194726e-001
  2.4001173e-001
  2.1784950e-001
  1.9599903e-001
  1.7493176e-001
  1.5502179e-001
  1.3652372e-001
  1.1956145e-001
  1.0413020e-001
  9.0112132e-002
  7.7304702e-002
  6.5459361e-002
  5.4326864e-002
  4.3704630e-002
  3.3481190e-002
  2.3672887e-002
  1.4448717e-002
  6.1403370e-003
 -7.6422934e-004
 -5.6430128e-003
 -7.7768510e-003
 -6.3972671e-003
 -7.4123245e-004
  9.8919909e-003
  2.6086777e-002
  4.8264214e-002
  7.6645844e-002
  1.1123036e-001
  1.5178428e-001
  1.9784625e-001
  2.4874358e-001
  3.0361871e-001
  3.6146278e-001
  4.2115359e-001
  4.8149520e-001
  5.4125706e-001
  5.9921119e-001
  6.5416663e-001
  7.0500069e-001
  7.5068740e-001
  7.9032316e-001
  8.2314989e-001
  8.4857551e-001
  8.6619131e-001
  8.7578508e-001
  8.7734897e-001
  8.7108037e-001
  8.5737475e-001
  8.3680939e-001
  8.1011779e-001
  7.7815530e-001
  7.4185769e-001
  7.0219480e-001
  6.6012281e-001
  6.1653847e-001
  5.7223915e-001
  5.2789207e-001
  4.8401517e-001
  4.4097143e-001
  3.9897656e-001
  3.5811930e-001
  3.1839171e-001
  2.7972630e-001
  2.4203600e-001
  2.0525274e-001
  1.6936095e-001
  1.3442282e-001
  1.0059322e-001
  6.8123558e-002
  3.7355004e-002
  8.7027180e-003
 -1.7366440e-002
 -4.0359695e-002
 -5.9784594e-002
 -7.5172937e-002
 -8.6100357e-002
 -9.2200396e-002
 -9.3172926e-002
 -8.8787687e-002
 -7.8884456e-002
 -6.3371771e-002
 -4.2226205e-002
 -1.5493864e-002
  1.6704827e-002
  5.4166789e-002
  9.6595083e-002
  1.4358630e-001
  1.9461866e-001
  2.4904322e-001
  3.0608061e-001
  3.6482511e-001
  4.2425736e-001
  4.8326590e-001
  5.4067654e-001
  5.9528789e-001
  6.4591032e-001
  6.9140519e-001
  7.3072136e-001
  7.6292595e-001
  7.8722735e-001
  8.0298928e-001
  8.0973594e-001
  8.0714918e-001
  7.9505976e-001
  7.7343511e-001
  7.4236651e-001
  7.0205806e-001
  6.5281944e-001
  5.9506338e-001
  5.2930788e-001
  4.5618178e-001
  3.7643175e-001
  2.9092796e-001
  2.0066529e-001
  1.0675770e-001
  1.0423431e-002
 -8.7039607e-002
 -1.8428811e-001
 -2.7997554e-001
 -3.7279938e-001
 -4.6154949e-001
 -5.4515352e-001
 -6.2271500e-001
 -6.9354042e-001
 -7.5715281e-001
 -8.1329033e-001
 -8.6189046e-001
 -9.0306133e-001
 -9.3704369e-001
 -9.6416735e-001
 -9.8480698e-001
 -9.9934165e-001
 -1.0081219e+000
 -1.0114477e+000
 -1.0095575e+000
 -1.0026304e+000
 -9.9079735e-001
 -9.7416128e-001
 -9.5282059e-001
 -9.2689357e-001
 -8.9653978e-001
 -8.6197534e-001
 -8.2348076e-001
 -7.8140034e-001
 -7.3613407e-001
 -6.8812382e-001
 -6.3783630e-001
 -5.8574598e-001
 -5.3232070e-001
 -4.7801251e-001
 -4.2325512e-001
 -3.6846829e-001
 -3.1406846e-001
 -2.6048356e-001
 -2.0816933e-001
 -1.5762390e-001
 -1.0939762e-001
 -6.4095324e-002
 -2.2369436e-002
  1.5096844e-002
  4.7615415e-002
  7.4526343e-002
  9.5235125e-002
  1.0925048e-001
  1.1621884e-001
  1.1595192e-001
  1.0844456e-001
  9.3881046e-002
  7.2629451e-002
  4.5224892e-002
  1.2343836e-002
 -2.5227525e-002
 -6.6627255e-002
 -1.1095041e-001
 -1.5727733e-001
 -2.0469524e-001
 -2.5231189e-001
 -2.9926135e-001
 -3.4470345e-001
 -3.8781902e-001
 -4.2780414e-001
 -4.6386667e-001
 -4.9522798e-001
 -5.2113219e-001
 -5.4086416e-001
 -5.5377591e-001
 -5.5931999e-001
 -5.5708695e-001
 -5.4684300e-001
 -5.2856369e-001
 -5.0245900e-001
 -4.6898615e-001
 -4.2884736e-001
 -3.8297096e-001
 -3.3247621e-001
 -2.7862383e-001
 -2.2275552e-001
 -1.6622731e-001
 -1.1034216e-001
 -5.6287306e-002
 -5.0817337e-003
  4.2462122e-002
  8.5759467e-002
  1.2445590e-001
  1.5841247e-001
  1.8767527e-001
  2.1243341e-001
  2.3297018e-001
  2.4961249e-001
  2.6268406e-001
  2.7246666e-001
  2.7917306e-001
  2.8293371e-001
  2.8379755e-001
  2.8174580e-001
  2.7671616e-001
  2.6863391e-001
  2.5744528e-001
  2.4314901e-001
  2.2582185e-001
  2.0563484e-001
  1.8285828e-001
  1.5785484e-001
  1.3106156e-001
  1.0296279e-001
  7.4057392e-002
  4.4823977e-002
  1.5688239e-002
 -1.3003746e-002
 -4.1003176e-002
 -6.8165071e-002
 -9.4442964e-002
 -1.1987235e-001
 -1.4454481e-001
 -1.6857590e-001
 -1.9207039e-001
 -2.1508909e-001
 -2.3762092e-001
 -2.5956371e-001
 -2.8071565e-001
 -3.0077879e-001
 -3.1937376e-001
 -3.3606431e-001
 -3.5038872e-001
 -3.6189427e-001
 -3.7017110e-001
 -3.7488117e-001
 -3.7577940e-001
 -3.7272435e-001
 -3.6567763e-001
 -3.5469222e-001
 -3.3989149e-001
 -3.2144188e-001
 -2.9952275e-001
 -2.7429760e-001
 -2.4589045e-001
 -2.1437073e-001
 -1.7974873e-001
 -1.4198250e-001
 -1.0099541e-001
 -5.6702272e-002
 -9.0405930e-003
  4.1997195e-002
  9.6335047e-002
  1.5379235e-001
  2.1407407e-001
  2.7677411e-001
  3.4139229e-001
  4.0736363e-001
  4.7409694e-001
  5.4101834e-001
  6.0761433e-001
  6.7346888e-001
  7.3828927e-001
  8.0191637e-001
  8.6431699e-001
  9.2555739e-001
  9.8575973e-001
  1.0450450e+000
  1.1034682e+000
  1.1609517e+000
  1.2172256e+000
  1.2717807e+000
  1.3238413e+000
  1.3723616e+000
  1.4160495e+000
  1.4534153e+000
  1.4828448e+000
  1.5026914e+000
  1.5113786e+000
  1.5075078e+000
  1.4899603e+000
  1.4579869e+000
  1.4112777e+000
  1.3500069e+000
  1.2748493e+000
  1.1869686e+000
  1.0879782e+000
  9.7987838e-001
  8.6497622e-001
  7.4579235e-001
  6.2496302e-001
  5.0514269e-001
  3.8891271e-001
  2.7870027e-001
  1.7671027e-001
  8.4871353e-002
  4.7957431e-003
 -6.2248058e-002
 -1.1535183e-001
 -1.5397551e-001
 -1.7794838e-001
 -1.8746523e-001
 -1.8307822e-001
 -1.6568483e-001
 -1.3651107e-001
 -9.7089117e-002
 -4.9227924e-002
  5.0243787e-003
  6.3427254e-002
  1.2360391e-001
  1.8310630e-001
  2.3948749e-001
  2.9037905e-001
  3.3357034e-001
  3.6708611e-001
  3.8925856e-001
  3.9879006e-001
  3.9480318e-001
  3.7687526e-001
  3.4505568e-001
  2.9986490e-001
  2.4227526e-001
  1.7367462e-001
  9.5814535e-002
  1.0745425e-002
 -7.9258373e-002
 -1.7178066e-001
 -2.6434931e-001
 -3.5452302e-001
 -4.3997601e-001
 -5.1857797e-001
 -5.8846701e-001
 -6.4811349e-001
 -6.9637298e-001
 -7.3252701e-001
 -7.5631025e-001
 -7.6792351e-001
 -7.6803170e-001
 -7.5774673e-001
 -7.3859540e-001
 -7.1247262e-001
 -6.8158113e-001
 -6.4835865e-001
 -6.1539439e-001
 -5.8533683e-001
 -5.6079523e-001
 -5.4423754e-001
 -5.3788776e-001
 -5.4362609e-001
 -5.6289521e-001
 -5.9661642e-001
 -6.4511938e-001
 -7.0808897e-001
 -7.8453301e-001
 -8.7277378e-001
 -9.7046614e-001
 -1.0746440e+000
 -1.1817958e+000
 -1.2879690e+000
 -1.3889007e+000
 -1.4801724e+000
 -1.5573814e+000
 -1.6163248e+000
 -1.6531858e+000
 -1.6647149e+000
 -1.6483956e+000
 -1.6025862e+000
 -1.5266278e+000
 -1.4209134e+000
 -1.2869111e+000
 -1.1271395e+000
 -9.4509518e-001
 -7.4513557e-001
 -5.3232111e-001
 -3.1222625e-001
 -9.0727853e-002
  1.2621807e-001
  3.3280002e-001
  5.2356454e-001
  6.9360977e-001
  8.3875106e-001
  9.5565271e-001
  1.0419221e+000
  1.0961650e+000
  1.1180021e+000
  1.1080504e+000
  1.0678716e+000
  9.9989369e-001
  9.0730936e-001
  7.9395658e-001
  6.6418577e-001
  5.2271752e-001
  3.7449413e-001
  2.2452820e-001
  7.7750920e-002
 -6.1136980e-002
 -1.8780873e-001
 -2.9844585e-001
 -3.8985944e-001
 -4.5959425e-001
 -5.0601083e-001
 -5.2834160e-001
 -5.2671689e-001
 -5.0215804e-001
 -4.5653610e-001
 -3.9249618e-001
 -3.1334943e-001
 -2.2293668e-001
 -1.2546939e-001
 -2.5355056e-002
  7.2984540e-002
  1.6529372e-001
  2.4765319e-001
  3.1663244e-001
  3.6941750e-001
  4.0390919e-001
  4.1878851e-001
  4.1354814e-001
  3.8849049e-001
  3.4469465e-001
  2.8395571e-001
  2.0870064e-001
  1.2188567e-001
  2.6879871e-002
 -7.2660369e-002
 -1.7292186e-001
 -2.7006634e-001
 -3.6036017e-001
 -4.4029918e-001
 -5.0672590e-001
 -5.5693657e-001
 -5.8877533e-001
 -6.0071266e-001
 -5.9190527e-001
 -5.6223468e-001
 -5.1232163e-001
 -4.4351460e-001
 -3.5785088e-001
 -2.5799013e-001
 -1.4712161e-001
 -2.8847609e-002
  9.2952865e-002
  2.1427461e-001
  3.3114455e-001
  4.3978039e-001
  5.3674212e-001
  6.1906879e-001
  6.8439376e-001
  7.3103287e-001
  7.5804107e-001
  7.6523530e-001
  7.5318280e-001
  7.2315634e-001
  6.7705906e-001
  6.1732379e-001
  5.4679207e-001
  4.6857964e-001
  3.8593499e-001
  3.0209781e-001
  2.2016376e-001
  1.4296142e-001
  7.2946149e-002
  1.2114826e-002
 -3.8055804e-002
 -7.6645696e-002
 -1.0330250e-001
 -1.1822764e-001
 -1.2213916e-001
 -1.1621370e-001
 -1.0201101e-001
 -8.1384587e-002
 -5.6382793e-002
 -2.9144769e-002
 -1.7957376e-003
  2.3653985e-002
  4.5402142e-002
  6.1936226e-002
  7.2100647e-002
  7.5147041e-002
  7.0766142e-002
  5.9100470e-002
  4.0737894e-002
  1.6686876e-002
 -1.1665103e-002
 -4.2607883e-002
 -7.4177243e-002
 -1.0423298e-001
 -1.3054349e-001
 -1.5087380e-001
 -1.6307405e-001
 -1.6516553e-001
 -1.5542152e-001
 -1.3244052e-001
 -9.5209411e-002
 -4.3154734e-002
  2.3819687e-002
  1.0531014e-001
  2.0040632e-001
  3.0770116e-001
  4.2531703e-001
  5.5094801e-001
  6.8191709e-001
  8.1524673e-001
  9.4774070e-001
  1.0760747e+000
  1.1968931e+000
  1.3069078e+000
  1.4029979e+000
  1.4823046e+000
  1.5423206e+000
  1.5809700e+000
  1.5966759e+000
  1.5884160e+000
  1.5557614e+000
  1.4989006e+000
  1.4186450e+000
  1.3164183e+000
  1.1942275e+000
  1.0546166e+000
  9.0060416e-001
  7.3560497e-001
  5.6333744e-001
  3.8771928e-001
  2.1275368e-001
  4.2409273e-002
 -1.1950210e-001
 -2.6944572e-001
 -4.0427748e-001
 -5.2134595e-001
 -6.1857806e-001
 -6.9454429e-001
 -7.4849969e-001
 -7.8039827e-001
 -7.9087952e-001
 -7.8122718e-001
 -7.5330209e-001
 -7.0945210e-001
 -6.5240374e-001
 -5.8514077e-001
 -5.1077618e-001
 -4.3242354e-001
 -3.5307434e-001
 -2.7548674e-001
 -2.0209047e-001
 -1.3491161e-001
 -7.5519421e-002
 -2.4996174e-002
  1.6070288e-002
  4.7572695e-002
  6.9851454e-002
  8.3645591e-002
  9.0030699e-002
  9.0347209e-002
  8.6122154e-002
  7.8987425e-002
  7.0597243e-002
  6.2547317e-002
  5.6297969e-002
  5.3103343e-002
  5.3948804e-002
  5.9498532e-002
  7.0055349e-002
  8.5534656e-002
  1.0545417e-001
  1.2894077e-001
  1.5475515e-001
  1.8133434e-001
  2.0685117e-001
  2.2928875e-001
  2.4652734e-001
  2.5643958e-001
  2.5698999e-001
  2.4633358e-001
  2.2290872e-001
  1.8551952e-001
  1.3340343e-001
  6.6280737e-002
 -1.5616193e-002
 -1.1153505e-001
 -2.2021682e-001
 -3.3992883e-001
 -4.6851515e-001
 -6.0346157e-001
 -7.4197149e-001
 -8.8104935e-001
 -1.0175883e+000
 -1.1484591e+000
 -1.2705976e+000
 -1.3810892e+000
 -1.4772486e+000
 -1.5566938e+000
 -1.6174134e+000
 -1.6578260e+000
 -1.6768312e+000
 -1.6738501e+000
 -1.6488547e+000
 -1.6023829e+000
 -1.5355382e+000
 -1.4499725e+000
 -1.3478488e+000
 -1.2317858e+000
 -1.1047822e+000
 -9.7012293e-001
 -8.3127029e-001
 -6.9174338e-001
 -5.5499070e-001
 -4.2426186e-001
 -3.0248476e-001
 -1.9215447e-001
 -9.5239857e-002
 -1.3113193e-002
  5.3493339e-002
  1.0450175e-001
  1.4047219e-001
  1.6255763e-001
  1.7243196e-001
  1.7219548e-001
  1.6426297e-001
  1.5124029e-001
  1.3579570e-001
  1.2053230e-001
  1.0786722e-001
  9.9922880e-002
  9.8434515e-002
  1.0467720e-001
  1.1941464e-001
  1.4287083e-001
  1.7472504e-001
  2.1412940e-001
  2.5974804e-001
  3.0981594e-001
  3.6221520e-001
  4.1456609e-001
  4.6432965e-001
  5.0891853e-001
  5.4581211e-001
  5.7267167e-001
  5.8745147e-001
  5.8850081e-001
  5.7465297e-001
  5.4529636e-001
  5.0042442e-001
  4.4066093e-001
  3.6725883e-001
  2.8207162e-001
  1.8749769e-001
  8.6399673e-002
 -1.7998222e-002
 -1.2223013e-001
 -2.2272040e-001
 -3.1592110e-001
 -3.9844877e-001
 -4.6721387e-001
 -5.1953717e-001
 -5.5324787e-001
 -5.6675963e-001
 -5.5912184e-001
 -5.3004496e-001
 -4.7990022e-001
 -4.0969509e-001
 -3.2102695e-001
 -2.1601855e-001
 -9.7238757e-002
  3.2387228e-002
  1.6967431e-001
  3.1127700e-001
  4.5378863e-001
  5.9383776e-001
  7.2817931e-001
  8.5377875e-001
  9.6788791e-001
  1.0681111e+000
  1.1524605e+000
  1.2194000e+000
  1.2678761e+000
  1.2973355e+000
  1.3077285e+000
  1.2994973e+000
  1.2735497e+000
  1.2312181e+000
  1.1742049e+000
  1.1045162e+000
  1.0243854e+000
  9.3619035e-001
  8.4236709e-001
  7.4532374e-001
  6.4735857e-001
  5.5058563e-001
  4.5687131e-001
  3.6778421e-001
  2.8456013e-001
  2.0808312e-001
  1.3888248e-001
  7.7144775e-002
  2.2739457e-002
 -2.4744373e-002
 -6.5952333e-002
 -1.0171303e-001
 -1.3298280e-001
 -1.6078929e-001
 -1.8617593e-001
 -2.1014899e-001
 -2.3362852e-001
 -2.5740426e-001
 -2.8209720e-001
 -3.0812765e-001
 -3.3569027e-001
 -3.6473703e-001
 -3.9496860e-001
 -4.2583519e-001
 -4.5654743e-001
 -4.8609795e-001
 -5.1329391e-001
 -5.3680030e-001
 -5.5519313e-001
 -5.6702118e-001
 -5.7087401e-001
 -5.6545341e-001
 -5.4964490e-001
 -5.2258554e-001
 -4.8372412e-001
 -4.3287009e-001
 -3.7022802e-001
 -2.9641497e-001
 -2.1245932e-001
 -1.1978046e-001
 -2.0150206e-002
  8.4362600e-002
  1.9146119e-001
  2.9870041e-001
  4.0357248e-001
  5.0359481e-001
  5.9639555e-001
  6.7979315e-001
  7.5186650e-001
  8.1101321e-001
  8.5599427e-001
  8.8596409e-001
  9.0048592e-001
  8.9953296e-001
  8.8347649e-001
  8.5306206e-001
  8.0937561e-001
  7.5380106e-001
  6.8797104e-001
  6.1371235e-001
  5.3298760e-001
  4.4783461e-001
  3.6030472e-001
  2.7240180e-001
  1.8602305e-001
  1.0290361e-001
  2.4566410e-002
 -4.7720936e-002
 -1.1298039e-001
 -1.7054737e-001
 -2.2008291e-001
 -2.6157303e-001
 -2.9531497e-001
 -3.2189031e-001
 -3.4212575e-001
 -3.5704312e-001
 -3.6780060e-001
 -3.7562782e-001
 -3.8175815e-001
 -3.8736124e-001
 -3.9347955e-001
 -4.0097207e-001
 -4.1046823e-001
 -4.2233446e-001
 -4.3665532e-001
 -4.5322998e-001
 -4.7158437e-001
 -4.9099820e-001
 -5.1054524e-001
 -5.2914459e-001
 -5.4562005e-001
 -5.5876428e-001
 -5.6740425e-001
 -5.7046448e-001
 -5.6702486e-001
 -5.5637022e-001
 -5.3802945e-001
 -5.1180256e-001
 -4.7777513e-001
 -4.3631994e-001
 -3.8808677e-001
 -3.3398148e-001
 -2.7513633e-001
 -2.1287352e-001
 -1.4866404e-001
 -8.4083994e-002
 -2.0769962e-002
  3.9625012e-002
  9.5473956e-002
  1.4521640e-001
  1.8739648e-001
  2.2069880e-001
  2.4398200e-001
  2.5631028e-001
  2.5698252e-001
  2.4555867e-001
  2.2188251e-001
  1.8609961e-001
  1.3866898e-001
  8.0366947e-002
  1.2281581e-002
 -6.4203547e-002
 -1.4743698e-001
 -2.3553855e-001
 -3.2644933e-001
 -4.1799082e-001
 -5.0793110e-001
 -5.9405466e-001
 -6.7423273e-001
 -7.4649018e-001
 -8.0906568e-001
 -8.6046189e-001
 -8.9948354e-001
 -9.2526193e-001
 -9.3726546e-001
 -9.3529706e-001
 -9.1947986e-001
 -8.9023371e-001
 -8.4824489e-001
 -7.9443215e-001
 -7.2991123e-001
 -6.5596026e-001
 -5.7398695e-001
 -4.8549838e-001
 -3.9207297e-001
 -2.9533366e-001
 -1.9692123e-001
 -9.8466184e-002
 -1.5581246e-003
  9.2287988e-002
  1.8166863e-001
  2.6533051e-001
  3.4220961e-001
  4.1146779e-001
  4.7252390e-001
  5.2507630e-001
  5.6911361e-001
  6.0491158e-001
  6.3301452e-001
  6.5420135e-001
  6.6943736e-001
  6.7981427e-001
  6.8648235e-001
  6.9057903e-001
  6.9315906e-001
  6.9513118e-001
  6.9720561e-001
  6.9985621e-001
  7.0329931e-001
  7.0749050e-001
  7.1213865e-001
  7.1673546e-001
  7.2059765e-001
  7.2291809e-001
  7.2282185e-001
  7.1942324e-001
  7.1188014e-001
  6.9944270e-001
  6.8149431e-001
  6.5758350e-001
  6.2744657e-001
  5.9102090e-001
  5.4845010e-001
  5.0008165e-001
  4.4645848e-001
  3.8830504e-001
  3.2650892e-001
  2.6209825e-001
  1.9621517e-001
  1.3008557e-001
  6.4985218e-002
  2.2027395e-003
 -5.6999911e-002
 -1.1142828e-001
 -1.5999607e-001
 -2.0176365e-001
 -2.3597244e-001
 -2.6207307e-001
 -2.7974537e-001
 -2.8890884e-001
 -2.8972287e-001
 -2.8257652e-001
 -2.6806858e-001
 -2.4697956e-001
 -2.2023724e-001
 -1.8887848e-001
 -1.5400950e-001
 -1.1676717e-001
 -7.8282968e-002
 -3.9651338e-002
 -1.9029186e-003
  3.4017011e-002
  6.7265348e-002
  9.7113972e-002
  1.2295945e-001
  1.4433053e-001
  1.6089395e-001
  1.7245889e-001
  1.7897975e-001
  1.8055665e-001
  1.7743263e-001
  1.6998663e-001
  1.5872102e-001
  1.4424333e-001
  1.2724192e-001
  1.0845618e-001
  8.8642594e-002
  6.8538640e-002
  4.8826897e-002
  3.0102141e-002
  1.2844033e-002
 -2.6022812e-003
 -1.6036024e-002
 -2.7400305e-002
 -3.6771491e-002
 -4.4339621e-002
 -5.0381877e-002
 -5.5231786e-002
 -5.9247118e-002
 -6.2779410e-002
 -6.6147704e-002
 -6.9618377e-002
 -7.3392111e-002
 -7.7598100e-002
 -8.2294699e-002
 -8.7474997e-002
 -9.3075346e-002
 -9.8984733e-002
 -1.0505312e-001
 -1.1109735e-001
 -1.1690397e-001
 -1.2222912e-001
 -1.2679659e-001
 -1.3029552e-001
 -1.3237992e-001
 -1.3267219e-001
 -1.3077222e-001
 -1.2627353e-001
 -1.1878643e-001
 -1.0796771e-001
 -9.3554688e-002
 -7.5401081e-002
 -5.3511023e-002
 -2.8067608e-002
  5.4772178e-004
  3.1747972e-002
  6.4747622e-002
  9.8584704e-002
  1.3215730e-001
  1.6427245e-001
  1.9370420e-001
  2.1925660e-001
  2.3982690e-001
  2.5446426e-001
  2.6241943e-001
  2.6318218e-001
  2.5650379e-001
  2.4240383e-001
  2.2116149e-001
  1.9329306e-001
  1.5951826e-001
  1.2071875e-001
  7.7892310e-002
  3.2106461e-002
 -1.5545610e-002
 -6.3984303e-002
 -1.1217653e-001
 -1.5916166e-001
 -2.0407075e-001
 -2.4613972e-001
 -2.8471787e-001
 -3.1927324e-001
 -3.4939582e-001
 -3.7480005e-001
 -3.9532693e-001
 -4.1094600e-001
 -4.2175671e-001
 -4.2798856e-001
 -4.2999894e-001
 -4.2826760e-001
 -4.2338702e-001
 -4.1604784e-001
 -4.0701921e-001
 -3.9712441e-001
 -3.8721219e-001
 -3.7812517e-001
 -3.7066657e-001
 -3.6556689e-001
 -3.6345229e-001
 -3.6481610e-001
 -3.6999498e-001
 -3.7915085e-001
 -3.9225945e-001
 -4.0910602e-001
 -4.2928847e-001
 -4.5222784e-001
 -4.7718588e-001
 -5.0328915e-001
 -5.2955891e-001
 -5.5494591e-001
 -5.7836874e-001
 -5.9875464e-001
 -6.1508103e-001
 -6.2641609e-001
 -6.3195682e-001
 -6.3106247e-001
 -6.2328199e-001
 -6.0837377e-001
 -5.8631672e-001
 -5.5731182e-001
 -5.2177414e-001
 -4.8031549e-001
 -4.3371872e-001
 -3.8290512e-001
 -3.2889646e-001
 -2.7277395e-001
 -2.1563601e-001
 -1.5855702e-001
 -1.0254870e-001
 -4.8525790e-002
  2.7230556e-003
  5.0558382e-002
  9.4506736e-002
  1.3427117e-001
  1.6973561e-001
  2.0096339e-001
  2.2819022e-001
  2.5181195e-001
  2.7236718e-001
  2.9051501e-001
  3.0700812e-001
  3.2266138e-001
  3.3831664e-001
  3.5480456e-001
  3.7290455e-001
  3.9330465e-001
  4.1656309e-001
  4.4307386e-001
  4.7303851e-001
  5.0644631e-001
  5.4306459e-001
  5.8244049e-001
  6.2391474e-001
  6.6664708e-001
  7.0965227e-001
  7.5184470e-001
  7.9208903e-001
  8.2925376e-001
  8.6226447e-001
  8.9015361e-001
  9.1210379e-001
  9.2748251e-001
  9.3586649e-001
  9.3705503e-001
  9.3107223e-001
  9.1815893e-001
  8.9875565e-001
  8.7347817e-001
  8.4308780e-001
  8.0845809e-001
  7.7053997e-001
  7.3032666e-001
  6.8881978e-001
  6.4699737e-001
  6.0578487e-001
  5.6602909e-001
  5.2847608e-001
  4.9375280e-001
  4.6235319e-001
  4.3462900e-001
  4.1078542e-001
  3.9088204e-001
  3.7483891e-001
  3.6244761e-001
  3.5338679e-001
  3.4724123e-001
  3.4352352e-001
  3.4169672e-001
  3.4119684e-001
  3.4145366e-001
  3.4190874e-001
  3.4202993e-001
  3.4132201e-001
  3.3933369e-001
  3.3566152e-001
  3.2995191e-001
  3.2190226e-001
  3.1126254e-001
  2.9783815e-001
  2.8149481e-001
  2.6216519e-001
  2.3985694e-001
  2.1466073e-001
  1.8675678e-001
  1.5641804e-001
  1.2400813e-001
  8.9972881e-002
  5.4824353e-002
  1.9117744e-002
 -1.6578006e-002
 -5.1713858e-002
 -8.5795830e-002
 -1.1841838e-001
 -1.4929261e-001
 -1.7826607e-001
 -2.0533173e-001
 -2.3062458e-001
 -2.5440567e-001
 -2.7703468e-001
 -2.9893352e-001
 -3.2054437e-001
 -3.4228639e-001
 -3.6451542e-001
 -3.8749065e-001
 -4.1135177e-001
 -4.3610837e-001
 -4.6164240e-001
 -4.8772287e-001
 -5.1403019e-001
 -5.4018715e-001
 -5.6579212e-001
 -5.9045048e-001
 -6.1380040e-001
 -6.3553005e-001
 -6.5538467e-001
 -6.7316334e-001
 -6.8870684e-001
 -7.0187914e-001
 -7.1254628e-001
 -7.2055653e-001
 -7.2572564e-001
 -7.2783055e-001
 -7.2661343e-001
 -7.2179672e-001
 -7.1310806e-001
 -7.0031278e-001
 -6.8325011e-001
 -6.6186880e-001
 -6.3625756e-001
 -6.0666602e-001
 -5.7351331e-001
 -5.3738213e-001
 -4.9899838e-001
 -4.5919775e-001
 -4.1888234e-001
 -3.7897142e-001
 -3.4035110e-001
 -3.0382774e-001
 -2.7008932e-001
 -2.3967803e-001
 -2.1297582e-001
 -1.9020328e-001
 -1.7143037e-001
 -1.5659663e-001
 -1.4553718e-001
 -1.3801081e-001
 -1.3372639e-001
 -1.3236457e-001
 -1.3359269e-001
 -1.3707246e-001
 -1.4246061e-001
 -1.4940478e-001
 -1.5753685e-001
 -1.6646707e-001
 -1.7578178e-001
 -1.8504710e-001
 -1.9382015e-001
 -2.0166759e-001
 -2.0819081e-001
 -2.1305485e-001
 -2.1601823e-001
 -2.1695959e-001
 -2.1589741e-001
 -2.1299967e-001
 -2.0858100e-001
 -2.0308649e-001
 -1.9706260e-001
 -1.9111727e-001
 -1.8587241e-001
 -1.8191299e-001
 -1.7973747e-001
 -1.7971386e-001
 -1.8204564e-001
 -1.8675026e-001
 -1.9365201e-001
 -2.0238940e-001
 -2.1243591e-001
 -2.2313181e-001
 -2.3372386e-001
 -2.4340934e-001
 -2.5138085e-001
 -2.5686855e-001
 -2.5917750e-001
 -2.5771832e-001
 -2.5203043e-001
 -2.4179785e-001
 -2.2685827e-001
 -2.0720631e-001
 -1.8299197e-001
 -1.5451524e-001
 -1.2221737e-001
 -8.6668780e-002
 -4.8553559e-002
 -8.6498372e-003
  3.2194361e-002
  7.3090146e-002
  1.1314149e-001
  1.5148281e-001
  1.8731887e-001
  2.1996461e-001
  2.4888222e-001
  2.7371210e-001
  2.9429476e-001
  3.1068092e-001
  3.2312813e-001
  3.3208293e-001
  3.3814948e-001
  3.4204636e-001
  3.4455482e-001
  3.4646264e-001
  3.4850816e-001
  3.5132932e-001
  3.5542193e-001
  3.6111062e-001
  3.6853463e-001
  3.7764896e-001
  3.8824025e-001
  3.9995499e-001
  4.1233662e-001
  4.2486772e-001
  4.3701272e-001
  4.4825734e-001
  4.5814129e-001
  4.6628211e-001
  4.7238898e-001
  4.7626679e-001
  4.7781181e-001
  4.7700108e-001
  4.7387825e-001
  4.6853870e-001
  4.6111618e-001
  4.5177311e-001
  4.4069524e-001
  4.2809083e-001
  4.1419360e-001
  3.9926765e-001
  3.8361273e-001
  3.6756753e-001
  3.5150937e-001
  3.3584896e-001
  3.2101983e-001
  3.0746260e-001
  2.9560547e-001
  2.8584261e-001
  2.7851267e-001
  2.7387975e-001
  2.7211905e-001
  2.7330852e-001
  2.7742765e-001
  2.8436313e-001
  2.9392072e-001
  3.0584159e-001
  3.1982105e-001
  3.3552739e-001
  3.5261847e-001
  3.7075426e-001
  3.8960412e-001
  4.0884842e-001
  4.2817480e-001
  4.4727056e-001
  4.6581268e-001
  4.8345796e-001
  4.9983532e-001
  5.1454227e-001
  5.2714711e-001
  5.3719744e-001
  5.4423498e-001
  5.4781563e-001
  5.4753310e-001
  5.4304396e-001
  5.3409149e-001
  5.2052585e-001
  5.0231853e-001
  4.7956934e-001
  4.5250512e-001
  4.2147010e-001
  3.8690875e-001
  3.4934245e-001
  3.0934214e-001
  2.6749917e-001
  2.2439671e-001
  1.8058402e-001
  1.3655525e-001
  9.2734110e-002
  4.9465084e-002
  7.0112276e-003
 -3.4441966e-002
 -7.4777563e-002
 -1.1393429e-001
 -1.5189115e-001
 -1.8865095e-001
 -2.2422402e-001
 -2.5861319e-001
 -2.9180086e-001
 -3.2373881e-001
 -3.5434097e-001
 -3.8347933e-001
 -4.1098312e-001
 -4.3664095e-001
 -4.6020582e-001
 -4.8140286e-001
 -4.9993928e-001
 -5.1551643e-001
 -5.2784319e-001
 -5.3665040e-001
 -5.4170547e-001
 -5.4282643e-001
 -5.3989459e-001
 -5.3286493e-001
 -5.2177360e-001
 -5.0674168e-001
 -4.8797507e-001
 -4.6576038e-001
 -4.4045695e-001
 -4.1248574e-001
 -3.8231588e-001
 -3.5044983e-001
 -3.1740848e-001
 -2.8371714e-001
 -2.4989340e-001
 -2.1643768e-001
 -1.8382655e-001
 -1.5250912e-001
 -1.2290578e-001
 -9.5408799e-002
 -7.0383661e-002
 -4.8170264e-002
 -2.9082896e-002
 -1.3408245e-002
 -1.4009745e-003
  6.7232309e-003
  1.0796794e-002
  1.0710814e-002
  6.4260020e-003
 -2.0173046e-003
 -1.4491378e-002
 -3.0776838e-002
 -5.0562865e-002
 -7.3452494e-002
 -9.8973113e-002
 -1.2659177e-001
 -1.5573446e-001
 -1.8580802e-001
 -2.1622316e-001
 -2.4641691e-001
 -2.7587274e-001
 -3.0413700e-001
 -3.3083054e-001
 -3.5565480e-001
 -3.7839228e-001
 -3.9890168e-001
 -4.1710854e-001
 -4.3299247e-001
 -4.4657233e-001
 -4.5789079e-001
 -4.6699957e-001
 -4.7394649e-001
 -4.7876513e-001
 -4.8146766e-001
 -4.8204084e-001
 -4.8044511e-001
 -4.7661628e-001
 -4.7046932e-001
 -4.6190356e-001
 -4.5080895e-001
 -4.3707286e-001
 -4.2058737e-001
 -4.0125693e-001
 -3.7900676e-001
 -3.5379197e-001
 -3.2560783e-001
 -2.9450113e-001
 -2.6058252e-001
 -2.2403926e-001
 -1.8514768e-001
 -1.4428403e-001
 -1.0193245e-001
 -5.8688388e-002
 -1.5256092e-002
  2.7561111e-002
  6.8878579e-002
  1.0775631e-001
  1.4323256e-001
  1.7436384e-001
  2.0026910e-001
  2.2017547e-001
  2.3346228e-001
  2.3970001e-001
  2.3868093e-001
  2.3043855e-001
  2.1525386e-001
  1.9364721e-001
  1.6635586e-001
  1.3429841e-001
  9.8528490e-002
  6.0180906e-002
  2.0414265e-002
 -1.9645747e-002
 -5.8958248e-002
 -9.6610504e-002
 -1.3184987e-001
 -1.6410252e-001
 -1.9297835e-001
 -2.1826276e-001
 -2.3989707e-001
 -2.5795031e-001
 -2.7258560e-001
 -2.8402485e-001
 -2.9251495e-001
 -2.9829857e-001
 -3.0159157e-001
 -3.0256820e-001
 -3.0135447e-001
 -2.9802868e-001
 -2.9262782e-001
 -2.8515777e-001
 -2.7560503e-001
 -2.6394801e-001
 -2.5016616e-001
 -2.3424581e-001
 -2.1618248e-001
 -1.9597986e-001
 -1.7364661e-001
 -1.4919235e-001
 -1.2262424e-001
 -9.3945950e-002
 -6.3159786e-002
 -3.0272741e-002
  4.6937978e-003
  4.1691503e-002
  8.0631191e-002
  1.2136941e-001
  1.6369753e-001
  2.0733529e-001
  2.5193010e-001
  2.9706305e-001
  3.4226139e-001
  3.8701665e-001
  4.3080674e-001
  4.7311952e-001
  5.1347537e-001
  5.5144618e-001
  5.8666831e-001
  6.1884827e-001
  6.4776036e-001
  6.7323666e-001
  6.9515102e-001
  7.1339934e-001
  7.2787904e-001
  7.3847107e-001
  7.4502751e-001
  7.4736710e-001
  7.4528052e-001
  7.3854562e-001
  7.2695190e-001
  7.1033204e-001
  6.8859748e-001
  6.6177425e-001
  6.3003480e-001
  5.9372217e-001
  5.5336298e-001
  5.0966710e-001
  4.6351287e-001
  4.1591831e-001
  3.6800009e-001
  3.2092311e-001
  2.7584460e-001
  2.3385704e-001
  1.9593430e-001
  1.6288488e-001
  1.3531575e-001
  1.1360872e-001
  9.7910716e-002
  8.8137623e-002
  8.3990635e-002
  8.4982990e-002
  9.0474479e-002
  9.9710797e-002
  1.1186487e-001
  1.2607758e-001
  1.4149567e-001
  1.5730552e-001
  1.7276154e-001
  1.8720901e-001
  2.0010124e-001
  2.1101124e-001
  2.1963834e-001
  2.2581005e-001
  2.2947943e-001
  2.3071811e-001
  2.2970509e-001
  2.2671143e-001
  2.2208105e-001
  2.1620810e-001
  2.0951176e-001
  2.0240939e-001
  1.9528966e-001
  1.8848720e-001
  1.8226048e-001
  1.7677476e-001
  1.7209133e-001
  1.6816415e-001
  1.6484416e-001
  1.6189107e-001
  1.5899155e-001
  1.5578244e-001
  1.5187688e-001
  1.4689117e-001
  1.4047018e-001
  1.3230924e-001
  1.2217099e-001
  1.0989614e-001
  9.5407903e-002
  7.8710306e-002
  5.9881287e-002
  3.9061917e-002
  1.6443233e-002
 -7.7477458e-003
 -3.3261397e-002
 -5.9837203e-002
 -8.7213073e-002
 -1.1513202e-001
 -1.4334635e-001
 -1.7161969e-001
 -1.9972763e-001
 -2.2745736e-001
 -2.5460706e-001
 -2.8098517e-001
 -3.0640974e-001
 -3.3070767e-001
 -3.5371357e-001
 -3.7526782e-001
 -3.9521353e-001
 -4.1339237e-001
 -4.2963931e-001
 -4.4377693e-001
 -4.5560990e-001
 -4.6492090e-001
 -4.7146901e-001
 -4.7499166e-001
 -4.7521108e-001
 -4.7184552e-001
 -4.6462519e-001
 -4.5331217e-001
 -4.3772284e-001
 -4.1775103e-001
 -3.9338969e-001
 -3.6474879e-001
 -3.3206743e-001
 -2.9571841e-001
 -2.5620434e-001
 -2.1414519e-001
 -1.7025777e-001
 -1.2532883e-001
 -8.0183874e-002
 -3.5654277e-002
  7.4545701e-003
  4.8391442e-002
  8.6481711e-002
  1.2114255e-001
  1.5189031e-001
  1.7834022e-001
  2.0019966e-001
  2.1725646e-001
  2.2936449e-001
  2.3642886e-001
  2.3839264e-001
  2.3522699e-001
  2.2692584e-001
  2.1350540e-001
  1.9500844e-001
  1.7151233e-001
  1.4313953e-001
  1.1006890e-001
  7.2546119e-002
  3.0891800e-002
 -1.4493948e-002
 -6.3131149e-002
 -1.1446403e-001
 -1.6786927e-001
 -2.2266779e-001
 -2.7813927e-001
 -3.3353837e-001
 -3.8811185e-001
 -4.4111568e-001
 -4.9183181e-001
 -5.3958398e-001
 -5.8375257e-001
 -6.2378840e-001
 -6.5922512e-001
 -6.8969018e-001
 -7.1491381e-001
 -7.3473543e-001
 -7.4910667e-001
 -7.5809025e-001
 -7.6185390e-001
 -7.6065895e-001
 -7.5484333e-001
 -7.4479979e-001
 -7.3095003e-001
 -7.1371674e-001
 -6.9349559e-001
 -6.7062962e-001
 -6.4538855e-001
 -6.1795538e-001
 -5.8842191e-001
 -5.5679417e-001
 -5.2300779e-001
 -4.8695220e-001
 -4.4850182e-001
 -4.0755124e-001
 -3.6405117e-001
 -3.1804170e-001
 -2.6967946e-001
 -2.1925603e-001
 -1.6720581e-001
 -1.1410236e-001
 -6.0643826e-002
 -7.6286882e-003
  4.4075824e-002
  9.3569735e-002
  1.3995773e-001
  1.8238503e-001
  2.2006933e-001
  2.5232713e-001
  2.7859371e-001
  2.9843688e-001
  3.1156529e-001
  3.1783285e-001
  3.1724073e-001
  3.0993838e-001
  2.9622477e-001
  2.7654999e-001
  2.5151693e-001
  2.2188175e-001
  1.8855137e-001
  1.5257583e-001
  1.1513355e-001
  7.7507534e-002
  4.1051959e-002
  7.1491032e-003
 -2.2841906e-002
 -4.7641951e-002
 -6.6110754e-002
 -7.7303364e-002
 -8.0519703e-002
 -7.5342831e-002
 -6.1662346e-002
 -3.9680502e-002
 -9.9001529e-003
  2.6904755e-002
  6.9733796e-002
  1.1741609e-001
  1.6867303e-001
  2.2218267e-001
  2.7664061e-001
  3.3081302e-001
  3.8357856e-001
  4.3395715e-001
  4.8112527e-001
  5.2441898e-001
  5.6332683e-001
  5.9747598e-001
  6.2661513e-001
  6.5059762e-001
  6.6936760e-001
  6.8295126e-001
  6.9145361e-001
  6.9506050e-001
  6.9404416e-001
  6.8876965e-001
  6.7969960e-001
  6.6739402e-001
  6.5250300e-001
  6.3575042e-001
  6.1790848e-001
  5.9976343e-001
  5.8207475e-001
  5.6553036e-001
  5.5070162e-001
  5.3800190e-001
  5.2765236e-001
  5.1965818e-001
  5.1379731e-001
  5.0962316e-001
  5.0648106e-001
  5.0353763e-001
  4.9982084e-001
  4.9426846e-001
  4.8578157e-001
  4.7328037e-001
  4.5575932e-001
  4.3233915e-001
  4.0231387e-001
  3.6519122e-001
  3.2072555e-001
  2.6894241e-001
  2.1015427e-001
  1.4496683e-001
  7.4275485e-002
 -7.4872289e-004
 -7.8684043e-002
 -1.5789422e-001
 -2.3657588e-001
 -3.1281644e-001
 -3.8466129e-001
 -4.5018793e-001
 -5.0758422e-001
 -5.5522674e-001
 -5.9175531e-001
 -6.1613880e-001
 -6.2772820e-001
 -6.2629288e-001
 -6.1203742e-001
 -5.8559723e-001
 -5.4801293e-001
 -5.0068467e-001
 -4.4530929e-001
 -3.8380404e-001
 -3.1822172e-001
 -2.5066229e-001
 -1.8318588e-001
 -1.1773196e-001
 -5.6048174e-002
  3.6830438e-004
  5.0315394e-002
  9.2916212e-002
  1.2763506e-001
  1.5428033e-001
  1.7299579e-001
  1.8424160e-001
  1.8876651e-001
  1.8757207e-001
  1.8186965e-001
  1.7303061e-001
  1.6253011e-001
  1.5188499e-001
  1.4258687e-001
  1.3603205e-001
  1.3345086e-001
  1.3583960e-001
  1.4389912e-001
  1.5798442e-001
  1.7806958e-001
  2.0373194e-001
  2.3415837e-001
  2.6817519e-001
  3.0430143e-001
  3.4082317e-001
  3.7588513e-001
  4.0759352e-001
  4.3412344e-001
  4.5382337e-001
  4.6530905e-001
  4.6754047e-001
  4.5987635e-001
  4.4210311e-001
  4.1443690e-001
  3.7749994e-001
  3.3227445e-001
  2.8003882e-001
  2.2229241e-001
  1.6067508e-001
  9.6888032e-002
  3.2621209e-002
 -3.0508666e-002
 -9.1006996e-002
 -1.4753652e-001
 -1.9893977e-001
 -2.4425109e-001
 -2.8270109e-001
 -3.1371714e-001
 -3.3692254e-001
 -3.5213695e-001
 -3.5937897e-001
 -3.5887092e-001
 -3.5104426e-001
 -3.3654354e-001
 -3.1622577e-001
 -2.9115217e-001
 -2.6256982e-001
 -2.3188117e-001
 -2.0060117e-001
 -1.7030277e-001
 -1.4255340e-001
 -1.1884595e-001
 -1.0052917e-001
 -8.8742433e-002
 -8.4360106e-002
 -8.7949854e-002
 -9.9748271e-002
 -1.1965566e-001
 -1.4725015e-001
 -1.8181966e-001
 -2.2240882e-001
 -2.6787667e-001
 -3.1696047e-001
 -3.6834069e-001
 -4.2070266e-001
 -4.7279107e-001
 -5.2345460e-001
 -5.7167942e-001
 -6.1661115e-001
 -6.5756633e-001
 -6.9403510e-001
 -7.2567723e-001
 -7.5231370e-001
 -7.7391591e-001
 -7.9059385e-001
 -8.0258395e-001
 -8.1023662e-001
 -8.1400285e-001
 -8.1441866e-001
 -8.1208636e-001
 -8.0765147e-001
 -8.0177474e-001
 -7.9509951e-001
 -7.8821526e-001
 -7.8161928e-001
 -7.7567895e-001
 -7.7059776e-001
 -7.6638825e-001
 -7.6285488e-001
 -7.5958931e-001
 -7.5597984e-001
 -7.5123514e-001
 -7.4442191e-001
 -7.3451416e-001
 -7.2045133e-001
 -7.0120115e-001
 -6.7582317e-001
 -6.4352840e-001
 -6.0373113e-001
 -5.5608948e-001
 -5.0053229e-001
 -4.3727102e-001
 -3.6679647e-001
 -2.8986134e-001
 -2.0745029e-001
 -1.2074029e-001
 -3.1053894e-002
  6.0191323e-002
  1.5153440e-001
  2.4152120e-001
  3.2875123e-001
  4.1191953e-001
  4.8985294e-001
  5.6154009e-001
  6.2615520e-001
  6.8307567e-001
  7.3189362e-001
  7.7242153e-001
  8.0469192e-001
  8.2895101e-001
  8.4564621e-001
  8.5540717e-001
  8.5902069e-001
  8.5739947e-001
  8.5154555e-001
  8.4250951e-001
  8.3134687e-001
  8.1907369e-001
  8.0662364e-001
  7.9480877e-001
  7.8428643e-001
  7.7553418e-001
  7.6883458e-001
  7.6427041e-001
  7.6173100e-001
  7.6092867e-001
  7.6142449e-001
  7.6266096e-001
  7.6399967e-001
  7.6476097e-001
  7.6426321e-001
  7.6185898e-001
  7.5696636e-001
  7.4909369e-001
  7.3785703e-001
  7.2299024e-001
  7.0434810e-001
  6.8190353e-001
  6.5574030e-001
  6.2604269e-001
  5.9308362e-001
  5.5721255e-001
  5.1884388e-001
  4.7844657e-001
  4.3653463e-001
  3.9365826e-001
  3.5039473e-001
  3.0733816e-001
  2.6508705e-001
  2.2422923e-001
  1.8532341e-001
  1.4887792e-001
  1.1532701e-001
  8.5006251e-002
  5.8128714e-002
  3.4764005e-002
  1.4822520e-002
 -1.9529897e-003
 -1.5986699e-002
 -2.7858595e-002
 -3.8282492e-002
 -4.8073587e-002
 -5.8106863e-002
 -6.9268552e-002
 -8.2403553e-002
 -9.8262243e-002
 -1.1745032e-001
 -1.4038522e-001
 -1.6726238e-001
 -1.9803372e-001
 -2.3240009e-001
 -2.6981824e-001
 -3.0952193e-001
 -3.5055551e-001
 -3.9181801e-001
 -4.3211435e-001
 -4.7021072e-001
 -5.0489049e-001
 -5.3500753e-001
 -5.5953432e-001
 -5.7760256e-001
 -5.8853517e-001
 -5.9186884e-001
 -5.8736746e-001
 -5.7502690e-001
 -5.5507226e-001
 -5.2794861e-001
 -4.9430661e-001
 -4.5498359e-001
 -4.1098111e-001
 -3.6343902e-001
 -3.1360615e-001
 -2.6280761e-001
 -2.1240827e-001
 -1.6377264e-001
 -1.1822137e-001
 -7.6985277e-002
 -4.1158175e-002
 -1.1650640e-002
  1.0852921e-002
  2.5931016e-002
  3.3452737e-002
  3.3593620e-002
  2.6837473e-002
  1.3962739e-002
 -3.9870471e-003
 -2.5747942e-002
 -4.9893494e-002
 -7.4902779e-002
 -9.9234592e-002
 -1.2140318e-001
 -1.4005068e-001
 -1.5401151e-001
 -1.6236470e-001
 -1.6447093e-001
 -1.5999223e-001
 -1.4889399e-001
 -1.3142978e-001
 -1.0811130e-001
 -7.9666565e-002
 -4.6990159e-002
 -1.1089855e-002
  2.6966284e-002
  6.6098627e-002
  1.0525761e-001
  1.4345641e-001
  1.7979390e-001
  2.1346815e-001
  2.4378182e-001
  2.7014144e-001
  2.9205288e-001
  3.0911548e-001
  3.2101707e-001
  3.2753134e-001
  3.2851854e-001
  3.2392948e-001
  3.1381195e-001
  2.9831821e-001
  2.7771150e-001
  2.5236948e-001
  2.2278268e-001
  1.8954639e-001
  1.5334509e-001
  1.1492961e-001
  7.5087712e-002
  3.4610031e-002
 -5.7462213e-003
 -4.5292852e-002
 -8.3442531e-002
 -1.1973403e-001
 -1.5384848e-001
 -1.8561520e-001
 -2.1500630e-001
 -2.4212080e-001
 -2.6715955e-001
 -2.9039335e-001
 -3.1212724e-001
 -3.3266432e-001
 -3.5227223e-001
 -3.7115523e-001
 -3.8943415e-001
 -4.0713550e-001
 -4.2419013e-001
 -4.4044080e-001
 -4.5565722e-001
 -4.6955632e-001
 -4.8182515e-001
 -4.9214392e-001
 -5.0020657e-001
 -5.0573713e-001
 -5.0850057e-001
 -5.0830784e-001
 -5.0501558e-001
 -4.9852170e-001
 -4.8875856e-001
 -4.7568583e-001
 -4.5928487e-001
 -4.3955661e-001
 -4.1652365e-001
 -3.9023732e-001
 -3.6078886e-001
 -3.2832369e-001
 -2.9305664e-001
 -2.5528572e-001
 -2.1540182e-001
 -1.7389200e-001
 -1.3133432e-001
 -8.8383238e-002
 -4.5745242e-002
 -4.1458702e-003
  3.5710017e-002
  7.3181723e-002
  1.0773639e-001
  1.3898894e-001
  1.6673449e-001
  1.9096977e-001
  2.1190115e-001
  2.2993765e-001
  2.4566883e-001
  2.5982880e-001
  2.7324855e-001
  2.8680017e-001
  3.0133711e-001
  3.1763479e-001
  3.3633626e-001
  3.5790659e-001
  3.8259942e-001
  4.1043752e-001
  4.4120845e-001
  4.7447496e-001
  5.0959866e-001
  5.4577454e-001
  5.8207347e-001
  6.1748919e-001
  6.5098657e-001
  6.8154799e-001
  7.0821544e-001
  7.3012648e-001
  7.4654314e-001
  7.5687339e-001
  7.6068563e-001
  7.5771695e-001
  7.4787633e-001
  7.3124382e-001
  7.0806674e-001
  6.7875348e-001
  6.4386537e-001
  6.0410621e-001
  5.6030935e-001
  5.1342148e-001
  4.6448240e-001
  4.1460032e-001
  3.6492239e-001
  3.1660051e-001
  2.7075328e-001
  2.2842532e-001
  1.9054570e-001
  1.5788774e-001
  1.3103260e-001
  1.1033921e-001
  9.5922723e-002
  8.7643452e-002
  8.5107603e-002
  8.7680308e-002
  9.4510731e-002
  1.0456816e-001
  1.1668724e-001
  1.2961986e-001
  1.4209084e-001
  1.5285411e-001
  1.6074639e-001
  1.6473526e-001
  1.6395927e-001
  1.5775803e-001
  1.4569113e-001
  1.2754551e-001
  1.0333147e-001
  7.3268558e-002
  3.7762688e-002
 -2.6231450e-003
 -4.7202428e-002
 -9.5200471e-002
 -1.4578923e-001
 -1.9811961e-001
 -2.5134967e-001
 -3.0466756e-001
 -3.5730889e-001
 -4.0856835e-001
 -4.5780641e-001
 -5.0445200e-001
 -5.4800247e-001
 -5.8802242e-001
 -6.2414253e-001
 -6.5605986e-001
 -6.8354011e-001
 -7.0642243e-001
 -7.2462632e-001
 -7.3816004e-001
 -7.4712914e-001
 -7.5174356e-001
 -7.5232157e-001
 -7.4928873e-001
 -7.4317037e-001
 -7.3457666e-001
 -7.2417979e-001
 -7.1268371e-001
 -7.0078775e-001
 -6.8914593e-001
 -6.7832487e-001
 -6.6876334e-001
 -6.6073675e-001
 -6.5432989e-001
 -6.4942060e-001
 -6.4567653e-001
 -6.4256593e-001
 -6.3938258e-001
 -6.3528352e-001
 -6.2933741e-001
 -6.2058018e-001
 -6.0807422e-001
 -5.9096680e-001
 -5.6854379e-001
 -5.4027482e-001
 -5.0584706e-001
 -4.6518585e-001
 -4.1846114e-001
 -3.6608050e-001
 -3.0866999e-001
 -2.4704530e-001
 -1.8217616e-001
 -1.1514708e-001
 -4.7117533e-002
  2.0715923e-002
  8.7153648e-002
  1.5102205e-001
  2.1119768e-001
  2.6662691e-001
  3.1634246e-001
  3.5947839e-001
  3.9528503e-001
  4.2314530e-001
  4.4259292e-001
  4.5333270e-001
  4.5526177e-001
  4.4849014e-001
  4.3335809e-001
  4.1044761e-001
  3.8058511e-001
  3.4483260e-001
  3.0446590e-001
  2.6093866e-001
  2.1583294e-001
  1.7079802e-001
  1.2748037e-001
  8.7449290e-002
  5.2122655e-002
  2.2698435e-002
  9.6784699e-005
 -1.5082746e-002
 -2.2585549e-002
 -2.2505913e-002
 -1.5270282e-002
 -1.6011788e-003
  1.7535308e-002
  4.0994284e-002
  6.7524001e-002
  9.5839542e-002
  1.2469289e-001
  1.5293461e-001
  1.7956349e-001
  2.0376161e-001
  2.2491396e-001
  2.4261310e-001
  2.5665074e-001
  2.6699890e-001
  2.7378437e-001
  2.7725994e-001
  2.7777593e-001
  2.7575475e-001
  2.7167060e-001
  2.6603476e-001
  2.5938659e-001
  2.5228863e-001
  2.4532389e-001
  2.3909274e-001
  2.3420700e-001
  2.3127875e-001
  2.3090260e-001
  2.3363062e-001
  2.3994064e-001
  2.5019939e-001
  2.6462339e-001
  2.8324083e-001
  3.0585854e-001
  3.3203786e-001
  3.6108312e-001
  3.9204526e-001
  4.2374258e-001
  4.5479869e-001
  4.8369660e-001
  5.0884659e-001
  5.2866388e-001
  5.4165164e-001
  5.4648400e-001
  5.4208373e-001
  5.2768955e-001
  5.0290877e-001
  4.6775180e-001
  4.2264667e-001
  3.6843276e-001
  3.0633443e-001
  2.3791650e-001
  1.6502453e-001
  8.9713523e-002
  1.4169044e-002
 -5.9374899e-002
 -1.2871753e-001
 -1.9176890e-001
 -2.4662071e-001
 -2.9160806e-001
 -3.2536090e-001
 -3.4684420e-001
 -3.5538682e-001
 -3.5069893e-001
 -3.3287865e-001
 -3.0240814e-001
 -2.6013968e-001
 -2.0727228e-001
 -1.4531904e-001
 -7.6065797e-002
 -1.5215398e-003
  7.6138736e-002
  1.5463765e-001
  2.3166417e-001
  3.0494555e-001
  3.7232030e-001
  4.3180936e-001
  4.8168275e-001
  5.2051860e-001
  5.4725172e-001
  5.6120911e-001
  5.6213048e-001
  5.5017228e-001
  5.2589506e-001
  4.9023420e-001
  4.4445572e-001
  3.9009912e-001
  3.2891017e-001
  2.6276720e-001
  1.9360442e-001
  1.2333621e-001
  5.3785869e-002
 -1.3377835e-002
 -7.6693746e-002
 -1.3494901e-001
 -1.8720623e-001
 -2.3281662e-001
 -2.7141962e-001
 -3.0293001e-001
 -3.2751413e-001
 -3.4555732e-001
 -3.5762499e-001
 -3.6441977e-001
 -3.6673729e-001
 -3.6542281e-001
 -3.6133091e-001
 -3.5528970e-001
 -3.4807093e-001
 -3.4036664e-001
 -3.3277262e-001
 -3.2577838e-001
 -3.1976310e-001
 -3.1499638e-001
 -3.1164285e-001
 -3.0976912e-001
 -3.0935189e-001
 -3.1028628e-001
 -3.1239334e-001
 -3.1542664e-001
 -3.1907767e-001
 -3.2298073e-001
 -3.2671810e-001
 -3.2982641e-001
 -3.3180578e-001
 -3.3213253e-001
 -3.3027671e-001
 -3.2572469e-001
 -3.1800680e-001
 -3.0672916e-001
 -2.9160821e-001
 -2.7250554e-001
 -2.4946042e-001
 -2.2271670e-001
 -1.9274106e-001
 -1.6022956e-001
 -1.2610034e-001
 -9.1470738e-002
 -5.7618923e-002
 -2.5930639e-002
  2.1664021e-003
  2.5277115e-002
  4.2118083e-002
  5.1595915e-002
  5.2879483e-002
  4.5460810e-002
  2.9200002e-002
  4.3506485e-003
 -2.8436509e-002
 -6.8132332e-002
 -1.1336950e-001
 -1.6250173e-001
 -2.1367821e-001
 -2.6492853e-001
 -3.1425281e-001
 -3.5971156e-001
 -3.9951029e-001
 -4.3207434e-001
 -4.5611077e-001
 -4.7065474e-001
 -4.7509977e-001
 -4.6921166e-001
 -4.5312734e-001
 -4.2734039e-001
 -3.9267527e-001
 -3.5025278e-001
 -3.0144852e-001
 -2.4784645e-001
 -1.9118871e-001
 -1.3332255e-001
 -7.6145089e-002
 -2.1546211e-002
  2.8650101e-002
  7.2745193e-002
  1.0922497e-001
  1.3681733e-001
  1.5454556e-001
  1.6177522e-001
  1.5825124e-001
  1.4412251e-001
  1.1995085e-001
  8.6702292e-002
  4.5719286e-002
 -1.3263600e-003
 -5.2498647e-002
 -1.0567814e-001
 -1.5865450e-001
 -2.0922592e-001
 -2.5529984e-001
 -2.9498902e-001
 -3.2669722e-001
 -3.4918935e-001
 -3.6164187e-001
 -3.6367098e-001
 -3.5533713e-001
 -3.3712669e-001
 -3.0991264e-001
 -2.7489787e-001
 -2.3354556e-001
 -1.8750154e-001
 -1.3851409e-001
 -8.8355886e-002
 -3.8752355e-002
  8.6803147e-003
  5.2485539e-002
  9.1404262e-002
  1.2440081e-001
  1.5067802e-001
  1.6968356e-001
  1.8110983e-001
  1.8488974e-001
  1.8119016e-001
  1.7040451e-001
  1.5314492e-001
  1.3023367e-001
  1.0269289e-001
  7.1730776e-002
  3.8722475e-002
  5.1835674e-003
 -2.7265372e-002
 -5.6944081e-002
 -8.2167756e-002
 -1.0131089e-001
 -1.1287753e-001
 -1.1557451e-001
 -1.0838353e-001
 -9.0627127e-002
 -6.2023698e-002
 -2.2726826e-002
  2.6655015e-002
  8.5061194e-002
  1.5100551e-001
  2.2262634e-001
  2.9775854e-001
  3.7402341e-001
  4.4893208e-001
  5.1999633e-001
  5.8484057e-001
  6.4130843e-001
  6.8755813e-001
  7.2214130e-001
  7.4406152e-001
  7.5281005e-001
  7.4837778e-001
  7.3124423e-001
  7.0234520e-001
  6.6302248e-001
  6.1495902e-001
  5.6010385e-001
  5.0059083e-001
  4.3865498e-001
  3.7654970e-001
  3.1646761e-001
  2.6046686e-001
  2.1040439e-001
  1.6787713e-001
  1.3417169e-001
  1.1022322e-001
  9.6584127e-002
  9.3403444e-002
  1.0041789e-001
  1.1695577e-001
  1.4195487e-001
  1.7399509e-001
  2.1134636e-001
  2.5203123e-001
  2.9390105e-001
  3.3472317e-001
  3.7227587e-001
  4.0444657e-001
  4.2932821e-001
  4.4530845e-001
  4.5114617e-001
  4.4603052e-001
  4.2961853e-001
  4.0204878e-001
  3.6393006e-001
  3.1630586e-001
  2.6059714e-001
  1.9852727e-001
  1.3203425e-001
  6.3176132e-002
 -5.9644749e-003
 -7.3371008e-002
 -1.3717371e-001
 -1.9571673e-001
 -2.4760920e-001
 -2.9175910e-001
 -3.2739060e-001
 -3.5404619e-001
 -3.7157620e-001
 -3.8011865e-001
 -3.8007233e-001
 -3.7206603e-001
 -3.5692602e-001
 -3.3564340e-001
 -3.0934195e-001
 -2.7924661e-001
 -2.4665213e-001
 -2.1289103e-001
 -1.7930026e-001
 -1.4718592e-001
 -1.1778619e-001
 -9.2232842e-002
 -7.1512754e-002
 -5.6431101e-002
 -4.7578416e-002
 -4.5303881e-002
 -4.9697046e-002
 -6.0579804e-002
 -7.7509816e-002
 -9.9795783e-002
 -1.2652411e-001
 -1.5659563e-001
 -1.8877043e-001
 -2.2171813e-001
 -2.5407095e-001
 -2.8447658e-001
 -3.1164851e-001
 -3.3441141e-001
 -3.5174027e-001
 -3.6279217e-001
 -3.6693029e-001
 -3.6374040e-001
 -3.5304003e-001
 -3.3488101e-001
 -3.0954582e-001
 -2.7753826e-001
 -2.3956864e-001
 -1.9653354e-001
 -1.4949012e-001
 -9.9625054e-002
 -4.8218117e-002
  3.3990113e-003
  5.3887815e-002
  1.0195050e-001
  1.4637812e-001
  1.8609698e-001
  2.2021080e-001
  2.4803596e-001
  2.6912766e-001
  2.8329498e-001
  2.9060375e-001
  2.9136675e-001
  2.8612201e-001
  2.7560045e-001
  2.6068501e-001
  2.4236417e-001
  2.2168265e-001
  1.9969237e-001
  1.7740632e-001
  1.5575772e-001
  1.3556578e-001
  1.1750931e-001
  1.0210809e-001
  8.9711750e-002
  8.0495559e-002
  7.4461939e-002
  7.1446958e-002
  7.1130937e-002
  7.3052686e-002
  7.6627144e-002
  8.1166480e-002
  8.5904795e-002
  9.0026589e-002
  9.2698912e-002
  9.3106758e-002
  9.0490768e-002
  8.4185754e-002
  7.3658072e-002
  5.8539497e-002
  3.8655055e-002
  1.4042428e-002
 -1.5039159e-002
 -4.8111952e-002
 -8.4495147e-002
 -1.2333243e-001
 -1.6363017e-001
 -2.0430392e-001
 -2.4423030e-001
 -2.8230076e-001
 -3.1747373e-001
 -3.4882197e-001
 -3.7557226e-001
 -3.9713563e-001
 -4.1312713e-001
 -4.2337490e-001
 -4.2791951e-001
 -4.2700476e-001
 -4.2106193e-001
 -4.1068922e-001
 -3.9662805e-001
 -3.7973774e-001
 -3.6096911e-001
 -3.4133741e-001
 -3.2189417e-001
 -3.0369751e-001
 -2.8778026e-001
 -2.7511523e-001
 -2.6657793e-001
 -2.6290704e-001
 -2.6466416e-001
 -2.7219491e-001
 -2.8559410e-001
 -3.0467803e-001
 -3.2896724e-001
 -3.5768235e-001
 -3.8975558e-001
 -4.2385883e-001
 -4.5844863e-001
 -4.9182650e-001
 -5.2221218e-001
 -5.4782597e-001
 -5.6697547e-001
 -5.7814166e-001
 -5.8005903e-001
 -5.7178488e-001
 -5.5275357e-001
 -5.2281264e-001
 -4.8223883e-001
 -4.3173335e-001
 -3.7239705e-001
 -3.0568728e-001
 -2.3335902e-001
 -1.5739354e-001
 -7.9918402e-002
 -3.1222637e-003
  7.0831539e-002
  1.3988945e-001
  2.0218702e-001
  2.5612028e-001
  3.0040699e-001
  3.3413551e-001
  3.5679970e-001
  3.6831837e-001
  3.6903840e-001
  3.5972076e-001
  3.4150957e-001
  3.1588480e-001
  2.8459994e-001
  2.4960689e-001
  2.1297100e-001
  1.7678014e-001
  1.4305180e-001
  1.1364307e-001
  9.0167925e-002
  7.3926247e-002
  6.5848177e-002
  6.6456647e-002
  7.5849733e-002
  9.3703290e-002
  1.1929310e-001
  1.5153463e-001
  1.8903768e-001
  2.3017236e-001
  2.7314279e-001
  3.1606474e-001
  3.5704360e-001
  3.9424984e-001
  4.2598928e-001
  4.5076649e-001
  4.6733985e-001
  4.7476743e-001
  4.7244287e-001
  4.6012085e-001
  4.3793134e-001
  4.0638206e-001
  3.6634833e-001
  3.1904961e-001
  2.6601232e-001
  2.0901886e-001
  1.5004349e-001
  9.1176661e-002
  3.4540151e-002
 -1.7803350e-002
 -6.3942034e-002
 -1.0220309e-001
 -1.3123201e-001
 -1.5005793e-001
 -1.5814084e-001
 -1.5539698e-001
 -1.4220091e-001
 -1.1936367e-001
 -8.8088825e-002
 -4.9909316e-002
 -6.6096930e-003
  3.9860817e-002
  8.7478575e-002
  1.3423339e-001
  1.7820885e-001
  2.1765124e-001
  2.5102427e-001
  2.7704872e-001
  2.9472737e-001
  3.0335684e-001
  3.0252888e-001
  2.9212423e-001
  2.7230185e-001
  2.4348599e-001
  2.0635273e-001
  1.6181658e-001
  1.1101643e-001
  5.5299618e-002
 -3.7982523e-003
 -6.4579961e-002
 -1.2522203e-001
 -1.8382027e-001
 -2.3844584e-001
 -2.8721105e-001
 -3.2834247e-001
 -3.6025766e-001
 -3.8164083e-001
 -3.9151206e-001
 -3.8928453e-001
 -3.7480471e-001
 -3.4837154e-001
 -3.1073191e-001
 -2.6305175e-001
 -2.0686371e-001
 -1.4399460e-001
 -7.6476953e-002
 -6.4507253e-003
  6.3938473e-002
  1.3263801e-001
  1.9777755e-001
  2.5774393e-001
  3.1123777e-001
  3.5730960e-001
  3.9537507e-001
  4.2521019e-001
  4.4692903e-001
  4.6094734e-001
  4.6793589e-001
  4.6876772e-001
  4.6446317e-001
  4.5613579e-001
  4.4494190e-001
  4.3203504e-001
  4.1852641e-001
  4.0545097e-001
  3.9373895e-001
  3.8419163e-001
  3.7746075e-001
  3.7403062e-001
  3.7420279e-001
  3.7808314e-001
  3.8557225e-001
  3.9635982e-001
  4.0992464e-001
  4.2554142e-001
  4.4229580e-001
  4.5910857e-001
  4.7476958e-001
  4.8798097e-001
  4.9740890e-001
  5.0174198e-001
  4.9975368e-001
  4.9036589e-001
  4.7270986e-001
  4.4618093e-001
  4.1048340e-001
  3.6566233e-001
  3.1211975e-001
  2.5061357e-001
  1.8223855e-001
  1.0838979e-001
  3.0710517e-002
 -4.8973263e-002
 -1.2872760e-001
 -2.0659068e-001
 -2.8065359e-001
 -3.4913718e-001
 -4.1046095e-001
 -4.6330015e-001
 -5.0662876e-001
 -5.3974662e-001
 -5.6229055e-001
 -5.7423004e-001
 -5.7584969e-001
 -5.6772069e-001
 -5.5066452e-001
 -5.2571222e-001
 -4.9406203e-001
 -4.5703802e-001
 -4.1605141e-001
 -3.7256561e-001
 -3.2806478e-001
 -2.8402550e-001
 -2.4189005e-001
 -2.0303998e-001
 -1.6876851e-001
 -1.4025073e-001
 -1.1851137e-001
 -1.0439062e-001
 -9.8509469e-002
 -1.0123687e-001
 -1.1266161e-001
 -1.3257218e-001
 -1.6044763e-001
 -1.9546223e-001
 -2.3650555e-001
 -2.8221844e-001
 -3.3104429e-001
 -3.8129308e-001
 -4.3121477e-001
 -4.7907765e-001
 -5.2324625e-001
 -5.6225399e-001
 -5.9486548e-001
 -6.2012478e-001
 -6.3738687e-001
 -6.4633116e-001
 -6.4695740e-001
 -6.3956564e-001
 -6.2472321e-001
 -6.0322219e-001
 -5.7603130e-001
 -5.4424597e-001
 -5.0903959e-001
 -4.7161833e-001
 -4.3318071e-001
 -3.9488238e-001
 -3.5780532e-001
 -3.2293062e-001
 -2.9111361e-001
 -2.6306026e-001
 -2.3930438e-001
 -2.2018605e-001
 -2.0583238e-001
 -1.9614250e-001
 -1.9077929e-001
 -1.8917058e-001
 -1.9052202e-001
 -1.9384362e-001
 -1.9799016e-001
 -2.0171498e-001
 -2.0373472e-001
 -2.0280116e-001
 -1.9777563e-001
 -1.8770007e-001
 -1.7185939e-001
 -1.4982986e-001
 -1.2150948e-001
 -8.7127822e-002
 -4.7234804e-002
 -2.6696278e-003
  4.5486928e-002
  9.5972298e-002
  1.4740856e-001
  1.9836973e-001
  2.4744477e-001
  2.9329180e-001
  3.3468092e-001
  3.7052447e-001
  3.9989529e-001
  4.2203519e-001
  4.3635677e-001
  4.4244211e-001
  4.4004197e-001
  4.2907799e-001
  4.0964937e-001
  3.8204383e-001
  3.4675115e-001
  3.0447606e-001
  2.5614639e-001
  2.0291216e-001
  1.4613148e-001
  8.7340351e-002
  2.8205210e-002
 -2.9541005e-002
 -8.4176178e-002
 -1.3407459e-001
 -1.7779409e-001
 -2.1415719e-001
 -2.4231856e-001
 -2.6181209e-001
 -2.7257248e-001
 -2.7492878e-001
 -2.6956989e-001
 -2.5748499e-001
 -2.3988462e-001
 -2.1810963e-001
 -1.9353696e-001
 -1.6749090e-001
 -1.4116791e-001
 -1.1558114e-001
 -9.1528395e-002
 -6.9584572e-002
 -5.0116350e-002
 -3.3314780e-002
 -1.9239186e-002
 -7.8649071e-003
  8.7267821e-004
  7.0444208e-003
  1.0708716e-002
  1.1910174e-002
  1.0695223e-002
  7.1415626e-003
  1.3961476e-003
 -6.2850967e-003
 -1.5503226e-002
 -2.5694828e-002
 -3.6128697e-002
 -4.5923957e-002
 -5.4090237e-002
 -5.9587611e-002
 -6.1401312e-002
 -5.8624115e-002
 -5.0537918e-002
 -3.6685744e-002
 -1.6926093e-002
  8.5367576e-003
  3.9150442e-002
  7.4041209e-002
  1.1206763e-001
  1.5189646e-001
  1.9209359e-001
  2.3122149e-001
  2.6793427e-001
  3.0106170e-001
  3.2967535e-001
  3.5313175e-001
  3.7109034e-001
  3.8350669e-001
  3.9060364e-001
  3.9282553e-001
  3.9078160e-001
  3.8518529e-001
  3.7679602e-001
  3.6636870e-001
  3.5461484e-001
  3.4217717e-001
  3.2961766e-001
  3.1741712e-001
  3.0598320e-001
  2.9566297e-001
  2.8675579e-001
  2.7952307e-001
  2.7419219e-001
  2.7095321e-001
  2.6994862e-001
  2.7125748e-001
  2.7487667e-001
  2.8070236e-001
  2.8851547e-001
  2.9797387e-001
  3.0861416e-001
  3.1986392e-001
  3.3106473e-001
  3.4150456e-001
  3.5045708e-001
  3.5722475e-001
  3.6118192e-001
  3.6181437e-001
  3.5875185e-001
  3.5179119e-001
  3.4090833e-001
  3.2625880e-001
  3.0816721e-001
  2.8710707e-001
  2.6367313e-001
  2.3854860e-001
  2.1246989e-001
  1.8619115e-001
  1.6045056e-001
  1.3594009e-001
  1.1327950e-001
  9.2995325e-002
  7.5504840e-002
  6.1105167e-002
  4.9967145e-002
  4.2133862e-002
  3.7523656e-002
  3.5937400e-002
  3.7069925e-002
  4.0525299e-002
  4.5835512e-002
  5.2481846e-002
  5.9917967e-002
  6.7593437e-002
  7.4976223e-002
  8.1572677e-002
  8.6943611e-002
  9.0715373e-002
  9.2585341e-002
  9.2321841e-002
  8.9759167e-002
  8.4788990e-002
  7.7349971e-002
  6.7417621e-002
  5.4996478e-002
  4.0116365e-002
  2.2833860e-002
  3.2393506e-003
 -1.8530983e-002
 -4.2279797e-002
 -6.7732240e-002
 -9.4521604e-002
 -1.2218013e-001
 -1.5013792e-001
 -1.7773227e-001
 -2.0422867e-001
 -2.2885346e-001
 -2.5083659e-001
 -2.6946165e-001
 -2.8411895e-001
 -2.9435690e-001
 -2.9992626e-001
 -3.0081235e-001
 -2.9725109e-001
 -2.8972602e-001
 -2.7894515e-001
 -2.6579854e-001
 -2.5129933e-001
 -2.3651268e-001
 -2.2247840e-001
 -2.1013388e-001
 -2.0024385e-001
 -1.9334317e-001
 -1.8969761e-001
 -1.8928591e-001
 -1.9180449e-001
 -1.9669416e-001
 -2.0318623e-001
 -2.1036365e-001
 -2.1723186e-001
 -2.2279332e-001
 -2.2611954e-001
 -2.2641525e-001
 -2.2307027e-001
 -2.1569602e-001
 -2.0414522e-001
 -1.8851498e-001
 -1.6913457e-001
 -1.4654073e-001
 -1.2144360e-001
 -9.4686849e-002
 -6.7205587e-002
 -3.9984764e-002
 -1.4020436e-002
  9.7147875e-003
  3.0301549e-002
  4.6898957e-002
  5.8765831e-002
  6.5278886e-002
  6.5948671e-002
  6.0433887e-002
  4.8554210e-002
  3.0301303e-002
  5.8471565e-003
 -2.4451454e-002
 -6.0053819e-002
 -1.0024286e-001
 -1.4414052e-001
 -1.9073164e-001
 -2.3889627e-001
 -2.8744963e-001
 -3.3518810e-001
 -3.8093909e-001
 -4.2361181e-001
 -4.6224592e-001
 -4.9605480e-001
 -5.2446059e-001
 -5.4711837e-001
 -5.6392770e-001
 -5.7503070e-001
 -5.8079648e-001
 -5.8179287e-001
 -5.7874727e-001
 -5.7249898e-001
 -5.6394610e-001
 -5.5399030e-001
 -5.4348282e-001
 -5.3317508e-001
 -5.2367671e-001
 -5.1542342e-001
 -5.0865651e-001
 -5.0341483e-001
 -4.9953951e-001
 -4.9669067e-001
 -4.9437485e-001
 -4.9198089e-001
 -4.8882196e-001
 -4.8418054e-001
 -4.7735350e-001
 -4.6769417e-001
 -4.5464879e-001
 -4.3778505e-001
 -4.1681135e-001
 -3.9158585e-001
 -3.6211565e-001
 -3.2854696e-001
 -2.9114794e-001
 -2.5028674e-001
 -2.0640715e-001
 -1.6000492e-001
 -1.1160699e-001
 -6.1756003e-002
 -1.1001183e-002
  4.0103852e-002
  9.0997001e-002
  1.4109878e-001
  1.8980095e-001
  2.3645558e-001
  2.8036753e-001
  3.2079351e-001
  3.5694992e-001
  3.8803114e-001
  4.1323872e-001
  4.3182042e-001
  4.4311724e-001
  4.4661473e-001
  4.4199478e-001
  4.2918277e-001
  4.0838566e-001
  3.8011646e-001
  3.4520174e-001
  3.0477002e-001
  2.6022042e-001
  2.1317262e-001
  1.6540082e-001
  1.1875561e-001
  7.5078965e-002
  3.6117992e-002
  3.4430559e-003
 -2.1624258e-002
 -3.8069009e-002
 -4.5223346e-002
 -4.2787782e-002
 -3.0833020e-002
 -9.7835077e-003
  1.9614947e-002
  5.6340251e-002
  9.9148070e-002
  1.4663101e-001
  1.9727938e-001
  2.4954037e-001
  3.0187358e-001
  3.5280094e-001
  4.0095068e-001
  4.4509471e-001
  4.8417991e-001
  5.1735356e-001
  5.4398321e-001
  5.6367116e-001
  5.7626334e-001
  5.8185196e-001
  5.8077127e-001
  5.7358541e-001
  5.6106771e-001
  5.4417085e-001
  5.2398817e-001
  5.0170662e-001
  4.7855323e-001
  4.5573725e-001
  4.3439085e-001
  4.1551192e-001
  3.9991245e-001
  3.8817583e-001
  3.8062595e-001
  3.7731042e-001
  3.7799884e-001
  3.8219652e-001
  3.8917238e-001
  3.9799939e-001
  4.0760449e-001
  4.1682492e-001
  4.2446735e-001
  4.2936633e-001
  4.3043889e-001
  4.2673281e-001
  4.1746648e-001
  4.0205927e-001
  3.8015192e-001
  3.5161696e-001
  3.1655993e-001
  2.7531213e-001
  2.2841615e-001
  1.7660512e-001
  1.2077697e-001
  6.1964453e-002
  1.3021129e-003
 -6.0009035e-002
 -1.2073809e-001
 -1.7966109e-001
 -2.3559685e-001
 -2.8744064e-001
 -3.3419414e-001
 -3.7499065e-001
 -4.0911408e-001
 -4.3601116e-001
 -4.5529623e-001
 -4.6674896e-001
 -4.7030549e-001
 -4.6604451e-001
 -4.5416991e-001
 -4.3499198e-001
 -4.0890944e-001
 -3.7639406e-001
 -3.3797942e-001
 -2.9425464e-001
 -2.4586314e-001
 -1.9350553e-001
 -1.3794527e-001
 -8.0014782e-002
 -2.0619658e-002
  3.9261609e-002
  9.8584447e-002
  1.5625311e-001
  2.1114420e-001
  2.6213831e-001
  3.0815821e-001
  3.4821090e-001
  3.8143031e-001
  4.0711684e-001
  4.2477008e-001
  4.3411153e-001
  4.3509478e-001
  4.2790216e-001
  4.1292780e-001
  3.9074856e-001
  3.6208569e-001
  3.2776060e-001
  2.8864903e-001
  2.4563771e-001
  1.9958728e-001
  1.5130440e-001
  1.0152461e-001
  5.0906446e-002
  3.5601975e-005
 -5.0563026e-002
 -1.0040862e-001
 -1.4904669e-001
 -1.9603388e-001
 -2.4092853e-001
 -2.8328905e-001
 -3.2268123e-001
 -3.5869400e-001
 -3.9096183e-001
 -4.1919104e-001
 -4.4318628e-001
 -4.6287320e-001
 -4.7831366e-001
 -4.8971042e-001
 -4.9739935e-001
 -5.0182881e-001
 -5.0352705e-001
 -5.0306034e-001
 -5.0098540e-001
 -4.9780074e-001
 -4.9390173e-001
 -4.8954402e-001
 -4.8481923e-001
 -4.7964555e-001
 -4.7377457e-001
 -4.6681375e-001
 -4.5826286e-001
 -4.4756087e-001
 -4.3413905e-001
 -4.1747566e-001
 -3.9714720e-001
 -3.7287211e-001
 -3.4454341e-001
 -3.1224802e-001
 -2.7627205e-001
 -2.3709219e-001
 -1.9535522e-001
 -1.5184775e-001
 -1.0745967e-001
 -6.3144353e-002
 -1.9878679e-002
  2.1374347e-002
  5.9698673e-002
  9.4252781e-002
  1.2429150e-001
  1.4918240e-001
  1.6841753e-001
  1.8162166e-001
  1.8855792e-001
  1.8913175e-001
  1.8339355e-001
  1.7153999e-001
  1.5391355e-001
  1.3099959e-001
  1.0341989e-001
  7.1921796e-002
  3.7362256e-002
  6.8646437e-004
 -3.7098761e-002
 -7.4956059e-002
 -1.1185179e-001
 -1.4679179e-001
 -1.7885651e-001
 -2.0723368e-001
 -2.3124628e-001
 -2.5037434e-001
 -2.6426945e-001
 -2.7276109e-001
 -2.7585511e-001
 -2.7372456e-001
 -2.6669394e-001
 -2.5521810e-001
 -2.3985729e-001
 -2.2124967e-001
 -2.0008271e-001
 -1.7706457e-001
 -1.5289648e-001
 -1.2824678e-001
 -1.0372718e-001
 -7.9871752e-002
 -5.7119062e-002
 -3.5797955e-002
 -1.6117494e-002
  1.8383283e-003
  1.8110530e-002
  3.2859231e-002
  4.6351586e-002
  5.8943589e-002
  7.1056157e-002
  8.3146408e-002
  9.5675516e-002
  1.0907496e-001
  1.2371334e-001
  1.3986596e-001
  1.5768960e-001
  1.7720419e-001
  1.9828315e-001
  2.2065293e-001
  2.4390203e-001
  2.6749873e-001
  2.9081596e-001
  3.1316144e-001
  3.3381054e-001
  3.5203934e-001
  3.6715553e-001
  3.7852501e-001
  3.8559287e-001
  3.8789787e-001
  3.8508055e-001
  3.7688562e-001
  3.6315990e-001
  3.4384750e-001
  3.1898381e-001
  2.8869005e-001
  2.5316952e-001
  2.1270615e-001
  1.6766544e-001
  1.1849713e-001
  6.5738406e-002
  1.0016061e-002
 -4.7954099e-002
 -1.0737225e-001
 -1.6736521e-001
 -2.2700345e-001
 -2.8532441e-001
 -3.4136129e-001
 -3.9417580e-001
 -4.4289250e-001
 -4.8673232e-001
 -5.2504237e-001
 -5.5731951e-001
 -5.8322563e-001
 -6.0259316e-001
 -6.1542036e-001
 -6.2185675e-001
 -6.2218021e-001
 -6.1676779e-001
 -6.0606307e-001
 -5.9054322e-001
 -5.7068861e-001
 -5.4695793e-001
 -5.1977074e-001
 -4.8949881e-001
 -4.5646647e-001
 -4.2095938e-001
 -3.8324010e-001
 -3.4356815e-001
 -3.0222184e-001
 -2.5951889e-001
 -2.1583309e-001
 -1.7160457e-001
 -1.2734203e-001
 -8.3616101e-002
 -4.1043857e-002
 -2.6555905e-004
  3.8084619e-002
  7.3411393e-002
  1.0519189e-001
  1.3300693e-001
  1.5656725e-001
  1.7573233e-001
  1.9052008e-001
  2.0110634e-001
  2.0781419e-001
  2.1109367e-001
  2.1149346e-001
  2.0962655e-001
  2.0613256e-001
  2.0163922e-001
  1.9672594e-001
  1.9189190e-001
  1.8753065e-001
  1.8391286e-001
  1.8117815e-001
  1.7933605e-001
  1.7827586e-001
  1.7778427e-001
  1.7756931e-001
  1.7728874e-001
  1.7658090e-001
  1.7509583e-001
  1.7252479e-001
  1.6862612e-001
  1.6324634e-001
  1.5633495e-001
  1.4795253e-001
  1.3827189e-001
  1.2757221e-001
  1.1622704e-001
  1.0468688e-001
  9.3457558e-002
  8.3075776e-002
  7.4083252e-002
  6.7000960e-002
  6.2304831e-002
  6.0404195e-002
  6.1623998e-002
  6.6191579e-002
  7.4228516e-002
  8.5747708e-002
  1.0065559e-001
  1.1875907e-001
  1.3977655e-001
  1.6335222e-001
  1.8907263e-001
  2.1648459e-001
  2.4511335e-001
  2.7448022e-001
  3.0411873e-001
  3.3358881e-001
  3.6248854e-001
  3.9046307e-001
  4.1721082e-001
  4.4248673e-001
  4.6610293e-001
  4.8792680e-001
  5.0787680e-001
  5.2591614e-001
  5.4204467e-001
  5.5628914e-001
  5.6869212e-001
  5.7930004e-001
  5.8815075e-001
  5.9526116e-001
  6.0061589e-001
  6.0415756e-001
  6.0577984e-001
  6.0532416e-001
  6.0258094e-001
  5.9729598e-001
  5.8918231e-001
  5.7793754e-001
  5.6326582e-001
  5.4490357e-001
  5.2264699e-001
  4.9637947e-001
  4.6609641e-001
  4.3192501e-001
  3.9413668e-001
  3.5315029e-001
  3.0952501e-001
  2.6394227e-001
  2.1717766e-001
  1.7006428e-001
  1.2345002e-001
  7.8152242e-002
  3.4913568e-002
 -5.6374447e-003
 -4.3016972e-002
 -7.6905101e-002
 -1.0715154e-001
 -1.3376717e-001
 -1.5690218e-001
 -1.7681279e-001
 -1.9381993e-001
 -2.0826404e-001
 -2.2046067e-001
 -2.3066161e-001
 -2.3902583e-001
 -2.4560335e-001
 -2.5033416e-001
 -2.5306242e-001
 -2.5356474e-001
 -2.5158957e-001
 -2.4690386e-001
 -2.3934165e-001
 -2.2884975e-001
 -2.1552498e-001
 -1.9963901e-001
 -1.8164765e-001
 -1.6218288e-001
 -1.4202820e-001
 -1.2207884e-001
 -1.0329053e-001
 -8.6621107e-002
 -7.2970301e-002
 -6.3122880e-002
 -5.7699958e-002
 -5.7122428e-002
 -6.1589157e-002
 -7.1071111e-002
 -8.5321122e-002
 -1.0389760e-001
 -1.2619938e-001
 -1.5150828e-001
 -1.7903549e-001
 -2.0796817e-001
 -2.3751307e-001
 -2.6693468e-001
 -2.9558654e-001
 -3.2293486e-001
 -3.4857470e-001
 -3.7223945e-001
 -3.9380452e-001
 -4.1328632e-001
 -4.3083741e-001
