 -1.4511010e-001
 -1.3037544e-001
 -1.1315074e-001
 -9.4262336e-002
 -7.4650633e-002
 -5.5308136e-002
 -3.7220577e-002
 -2.1315309e-002
 -8.4195991e-003
  7.7016782e-004
  5.7088519e-003
  6.0140519e-003
  1.4708908e-003
 -7.9677047e-003
 -2.2183484e-002
 -4.0897185e-002
 -6.3674745e-002
 -8.9936419e-002
 -1.1897049e-001
 -1.4995354e-001
 -1.8197887e-001
 -2.1409406e-001
 -2.4534711e-001
 -2.7483932e-001
 -3.0178150e-001
 -3.2554848e-001
 -3.4572636e-001
 -3.6214669e-001
 -3.7490201e-001
 -3.8433915e-001
 -3.9102823e-001
 -3.9570829e-001
 -3.9921281e-001
 -4.0238137e-001
 -4.0596560e-001
 -4.1053872e-001
 -4.1641860e-001
 -4.2361315e-001
 -4.3179499e-001
 -4.4030969e-001
 -4.4821826e-001
 -4.5437120e-001
 -4.5750753e-001
 -4.5637001e-001
 -4.4982517e-001
 -4.3697658e-001
 -4.1726006e-001
 -3.9051137e-001
 -3.5699976e-001
 -3.1742424e-001
 -2.7287330e-001
 -2.2475240e-001
 -1.7468679e-001
 -1.2440949e-001
 -7.5645112e-002
 -3.0000427e-002
  1.1128933e-002
  4.6628513e-002
  7.5707528e-002
  9.7912811e-002
  1.1311634e-001
  1.2148107e-001
  1.2341157e-001
  1.1949707e-001
  1.1045407e-001
  9.7074872e-002
  8.0186414e-002
  6.0621722e-002
  3.9203794e-002
  1.6739761e-002
 -5.9784313e-003
 -2.8171414e-002
 -4.9072427e-002
 -6.7933771e-002
 -8.4042005e-002
 -9.6742305e-002
 -1.0547044e-001
 -1.0978895e-001
 -1.0942283e-001
 -1.0428929e-001
 -9.4516430e-002
 -8.0446437e-002
 -6.2620831e-002
 -4.1747194e-002
 -1.8649327e-002
  5.7950434e-003
  3.0723040e-002
  5.5354784e-002
  7.9053506e-002
  1.0137082e-001
  1.2207182e-001
  1.4113687e-001
  1.5873945e-001
  1.7520235e-001
  1.9093681e-001
  2.0637144e-001
  2.2187884e-001
  2.3770844e-001
  2.5393321e-001
  2.7041678e-001
  2.8680493e-001
  3.0254310e-001
  3.1691861e-001
  3.2912358e-001
  3.3833250e-001
  3.4378663e-001
  3.4487682e-001
  3.4121661e-001
  3.3269809e-001
  3.1952508e-001
  3.0222036e-001
  2.8160568e-001
  2.5875654e-001
  2.3493523e-001
  2.1150784e-001
  1.8985210e-001
  1.7126340e-001
  1.5686629e-001
  1.4753815e-001
  1.4385027e-001
  1.4603043e-001
  1.5394894e-001
  1.6712852e-001
  1.8477673e-001
  2.0583810e-001
  2.2906190e-001
  2.5308083e-001
  2.7649522e-001
  2.9795740e-001
  3.1625095e-001
  3.3036016e-001
  3.3952577e-001
  3.4328395e-001
  3.4148671e-001
  3.3430297e-001
  3.2220079e-001
  3.0591250e-001
  2.8638536e-001
  2.6472142e-001
  2.4211061e-001
  2.1976177e-001
  1.9883597e-001
  1.8038640e-001
  1.6530824e-001
  1.5430115e-001
  1.4784598e-001
  1.4619592e-001
  1.4938129e-001
  1.5722632e-001
  1.6937521e-001
  1.8532441e-001
  2.0445811e-001
  2.2608374e-001
  2.4946507e-001
  2.7385109e-001
  2.9849944e-001
  3.2269425e-001
  3.4575860e-001
  3.6706251e-001
  3.8602764e-001
  4.0212961e-001
  4.1489916e-001
  4.2392259e-001
  4.2884190e-001
  4.2935442e-001
  4.2521197e-001
  4.1621892e-001
  4.0222924e-001
  3.8314276e-001
  3.5890107e-001
  3.2948428e-001
  2.9490996e-001
  2.5523574e-001
  2.1056695e-001
  1.6107017e-001
  1.0699271e-001
  4.8687069e-002
 -1.3361717e-002
 -7.8509032e-002
 -1.4592799e-001
 -2.1459552e-001
 -2.8329160e-001
 -3.5061518e-001
 -4.1501905e-001
 -4.7486410e-001
 -5.2849099e-001
 -5.7430534e-001
 -6.1087026e-001
 -6.3699840e-001
 -6.5183531e-001
 -6.5492546e-001
 -6.4625386e-001
 -6.2625791e-001
 -5.9580702e-001
 -5.5615082e-001
 -5.0883986e-001
 -4.5562594e-001
 -3.9835139e-001
 -3.3883774e-001
 -2.7878473e-001
 -2.1968887e-001
 -1.6278893e-001
 -1.0904214e-001
 -5.9131525e-002
 -1.3500691e-002
  2.7590695e-002
  6.3999988e-002
  9.5633725e-002
  1.2238918e-001
  1.4411410e-001
  1.6059053e-001
  1.7154531e-001
  1.7668541e-001
  1.7575284e-001
  1.6859048e-001
  1.5520840e-001
  1.3583947e-001
  1.1097434e-001
  8.1368246e-002
  4.8015745e-002
  1.2094000e-002
 -2.5120490e-002
 -6.2352696e-002
 -9.8435602e-002
 -1.3240927e-001
 -1.6359963e-001
 -1.9166631e-001
 -2.1661268e-001
 -2.3875580e-001
 -2.5865948e-001
 -2.7703860e-001
 -2.9464677e-001
 -3.1216230e-001
 -3.3008780e-001
 -3.4867745e-001
 -3.6790249e-001
 -3.8746071e-001
 -4.0682935e-001
 -4.2535528e-001
 -4.4237025e-001
 -4.5731540e-001
 -4.6985687e-001
 -4.7997468e-001
 -4.8800984e-001
 -4.9465964e-001
 -5.0091714e-001
 -5.0795883e-001
 -5.1699091e-001
 -5.2907151e-001
 -5.4492968e-001
 -5.6480429e-001
 -5.8832467e-001
 -6.1445065e-001
 -6.4148396e-001
 -6.6715436e-001
 -6.8877552e-001
 -7.0345721e-001
 -7.0835311e-001
 -7.0091905e-001
 -6.7915443e-001
 -6.4180083e-001
 -5.8847631e-001
 -5.1973061e-001
 -4.3701546e-001
 -3.4257325e-001
 -2.3925676e-001
 -1.3029978e-001
 -1.9064003e-002
  9.1210620e-002
  1.9762571e-001
  2.9779244e-001
  3.8993230e-001
  4.7290361e-001
  5.4615577e-001
  6.0962201e-001
  6.6356803e-001
  7.0841887e-001
  7.4458810e-001
  7.7233203e-001
  7.9164772e-001
  8.0222722e-001
  8.0347276e-001
  7.9456985e-001
  7.7460750e-001
  7.4272934e-001
  6.9829582e-001
  6.4103660e-001
  5.7117426e-001
  4.8950446e-001
  3.9742336e-001
  2.9689987e-001
  1.9039704e-001
  8.0752230e-002
 -2.8969754e-002
 -1.3563477e-001
 -2.3619283e-001
 -3.2781370e-001
 -4.0799492e-001
 -4.7463781e-001
 -5.2609163e-001
 -5.6117076e-001
 -5.7915270e-001
 -5.7976602e-001
 -5.6317716e-001
 -5.2998226e-001
 -4.8120699e-001
 -4.1831294e-001
 -3.4320490e-001
 -2.5823012e-001
 -1.6615875e-001
 -7.0134960e-002
  2.6409715e-002
  1.1988490e-001
  2.0671023e-001
  2.8351673e-001
  3.4736653e-001
  3.9597205e-001
  4.2789218e-001
  4.4268285e-001
  4.4098159e-001
  4.2451073e-001
  3.9599143e-001
  3.5896989e-001
  3.1756634e-001
  2.7616668e-001
  2.3908364e-001
  2.1021876e-001
  1.9275784e-001
  1.8892963e-001
  1.9985201e-001
  2.2548068e-001
  2.6466514e-001
  3.1530484e-001
  3.7458816e-001
  4.3928775e-001
  5.0607971e-001
  5.7185221e-001
  6.3397038e-001
  6.9046988e-001
  7.4015988e-001
  7.8262692e-001
  8.1814256e-001
  8.4748849e-001
  8.7172253e-001
  8.9191509e-001
  9.0888890e-001
  9.2299420e-001
  9.3394688e-001
  9.4075022e-001
  9.4171061e-001
  9.3454764e-001
  9.1658820e-001
  8.8502512e-001
  8.3721434e-001
  7.7098058e-001
  6.8490093e-001
  5.7853850e-001
  4.5260367e-001
  3.0902758e-001
  1.5094149e-001
 -1.7436204e-002
 -1.9099501e-001
 -3.6399327e-001
 -5.3036388e-001
 -6.8404170e-001
 -8.1928966e-001
 -9.3100223e-001
 -1.0149687e+000
 -1.0680827e+000
 -1.0884892e+000
 -1.0756652e+000
 -1.0304332e+000
 -9.5491150e-001
 -8.5240559e-001
 -7.2724892e-001
 -5.8460046e-001
 -4.3020864e-001
 -2.7015120e-001
 -1.1056169e-001
  4.2646198e-002
  1.8404408e-001
  3.0893142e-001
  4.1354218e-001
  4.9520319e-001
  5.5243354e-001
  5.8497686e-001
  5.9376236e-001
  5.8079524e-001
  5.4898239e-001
  5.0190478e-001
  4.4355307e-001
  3.7804633e-001
  3.0935649e-001
  2.4106073e-001
  1.7614219e-001
  1.1685490e-001
  6.4662897e-002
  2.0255917e-002
 -1.6363402e-002
 -4.5733556e-002
 -6.8748122e-002
 -8.6452451e-002
 -9.9847580e-002
 -1.0972463e-001
 -1.1654915e-001
 -1.2040881e-001
 -1.2103005e-001
 -1.1786103e-001
 -1.1021008e-001
 -9.7421921e-002
 -7.9069074e-002
 -5.5133867e-002
 -2.6156851e-002
  6.6688607e-003
  4.1471993e-002
  7.5753302e-002
  1.0651017e-001
  1.3042600e-001
  1.4410754e-001
  1.4434824e-001
  1.2839271e-001
  9.4177435e-002
  4.0525617e-002
 -3.2721400e-002
 -1.2464684e-001
 -2.3327887e-001
 -3.5568470e-001
 -4.8812800e-001
 -6.2627415e-001
 -7.6542486e-001
 -9.0076257e-001
 -1.0275865e+000
 -1.1415247e+000
 -1.2387111e+000
 -1.3159209e+000
 -1.3706616e+000
 -1.4012236e+000
 -1.4066931e+000
 -1.3869366e+000
 -1.3425617e+000
 -1.2748631e+000
 -1.1857574e+000
 -1.0777091e+000
 -9.5365073e-001
 -8.1689510e-001
 -6.7103938e-001
 -5.1986007e-001
 -3.6719899e-001
 -2.1684219e-001
 -7.2395715e-002
  6.2836140e-002
  1.8596275e-001
  2.9460157e-001
  3.8694767e-001
  4.6181250e-001
  5.1862867e-001
  5.5742046e-001
  5.7874341e-001
  5.8359942e-001
  5.7333647e-001
  5.4954350e-001
  5.1395119e-001
  4.6834812e-001
  4.1451932e-001
  3.5421078e-001
  2.8911952e-001
  2.2090481e-001
  1.5121289e-001
  8.1705356e-002
  1.4080334e-002
 -4.9923304e-002
 -1.0854636e-001
 -1.6005825e-001
 -2.0283407e-001
 -2.3545453e-001
 -2.5681960e-001
 -2.6626311e-001
 -2.6365420e-001
 -2.4947129e-001
 -2.2483639e-001
 -1.9150094e-001
 -1.5177960e-001
 -1.0843353e-001
 -6.4510727e-002
 -2.3155650e-002
  1.2595853e-002
  4.0018471e-002
  5.6878371e-002
  6.1577419e-002
  5.3248718e-002
  3.1796576e-002
 -2.1202784e-003
 -4.7157727e-002
 -1.0139806e-001
 -1.6249141e-001
 -2.2781153e-001
 -2.9461086e-001
 -3.6016083e-001
 -4.2186728e-001
 -4.7735439e-001
 -5.2451560e-001
 -5.6153435e-001
 -5.8688097e-001
 -5.9929495e-001
 -5.9776242e-001
 -5.8149834e-001
 -5.4994082e-001
 -5.0276197e-001
 -4.3989585e-001
 -3.6158065e-001
 -2.6840864e-001
 -1.6137531e-001
 -4.1918039e-002
  8.8065055e-002
  2.2622370e-001
  3.6979618e-001
  5.1568348e-001
  6.6055402e-001
  8.0097274e-001
  9.3354544e-001
  1.0550671e+000
  1.1626623e+000
  1.2539076e+000
  1.3269257e+000
  1.3804459e+000
  1.4138273e+000
  1.4270470e+000
  1.4206547e+000
  1.3957020e+000
  1.3536535e+000
  1.2962892e+000
  1.2256051e+000
  1.1437202e+000
  1.0527946e+000
  9.5496190e-001
  8.5227688e-001
  7.4667769e-001
  6.3996042e-001
  5.3376335e-001
  4.2955798e-001
  3.2864458e-001
  2.3215039e-001
  1.4102993e-001
  5.6067414e-002
 -2.2118218e-002
 -9.3064692e-002
 -1.5645378e-001
 -2.1209462e-001
 -2.5990361e-001
 -2.9988273e-001
 -3.3209809e-001
 -3.5666166e-001
 -3.7371833e-001
 -3.8344031e-001
 -3.8602973e-001
 -3.8172889e-001
 -3.7083646e-001
 -3.5372637e-001
 -3.3086554e-001
 -3.0282586e-001
 -2.7028652e-001
 -2.3402355e-001
 -1.9488507e-001
 -1.5375271e-001
 -1.1149199e-001
 -6.8896010e-002
 -2.6628913e-002
  1.4824287e-002
  5.5194484e-002
  9.4446146e-002
  1.3277195e-001
  1.7056295e-001
  2.0835588e-001
  2.4676169e-001
  2.8638239e-001
  3.2772440e-001
  3.7111779e-001
  4.1665026e-001
  4.6412294e-001
  5.1303330e-001
  5.6258679e-001
  6.1173591e-001
  6.5924228e-001
  7.0375448e-001
  7.4389321e-001
  7.7833422e-001
  8.0588078e-001
  8.2551841e-001
  8.3644784e-001
  8.3809461e-001
  8.3009722e-001
  8.1227828e-001
  7.8460514e-001
  7.4714762e-001
  7.0004039e-001
  6.4345621e-001
  5.7759461e-001
  5.0268753e-001
  4.1902101e-001
  3.2696915e-001
  2.2703461e-001
  1.1988899e-001
  6.4057891e-003
 -1.1231976e-001
 -2.3496853e-001
 -3.6001469e-001
 -4.8576138e-001
 -6.1039169e-001
 -7.3202930e-001
 -8.4880245e-001
 -9.5890432e-001
 -1.0606440e+000
 -1.1524838e+000
 -1.2330606e+000
 -1.3011931e+000
 -1.3558763e+000
 -1.3962696e+000
 -1.4216845e+000
 -1.4315768e+000
 -1.4255500e+000
 -1.4033714e+000
 -1.3650022e+000
 -1.3106392e+000
 -1.2407622e+000
 -1.1561799e+000
 -1.0580672e+000
 -9.4798384e-001
 -8.2786840e-001
 -7.0000346e-001
 -5.6695032e-001
 -4.3145642e-001
 -2.9634170e-001
 -1.6437350e-001
 -3.8141524e-002
  8.0055234e-002
  1.8829813e-001
  2.8510651e-001
  3.6945800e-001
  4.4077063e-001
  4.9885043e-001
  5.4381241e-001
  5.7598570e-001
  5.9581604e-001
  6.0377817e-001
  6.0030979e-001
  5.8577520e-001
  5.6046271e-001
  5.2461509e-001
  4.7848739e-001
  4.2242270e-001
  3.5693335e-001
  2.8277411e-001
  2.0099445e-001
  1.1295969e-001
  2.0334470e-002
 -7.4972806e-002
 -1.7090090e-001
 -2.6535328e-001
 -3.5632987e-001
 -4.4205811e-001
 -5.2110810e-001
 -5.9247812e-001
 -6.5563999e-001
 -7.1053856e-001
 -7.5754500e-001
 -7.9736905e-001
 -8.3094049e-001
 -8.5927341e-001
 -8.8332918e-001
 -9.0389368e-001
 -9.2148254e-001
 -9.3628438e-001
 -9.4814726e-001
 -9.5660800e-001
 -9.6095896e-001
 -9.6034222e-001
 -9.5385821e-001
 -9.4067441e-001
 -9.2012051e-001
 -8.9175857e-001
 -8.5542073e-001
 -8.1121157e-001
 -7.5947719e-001
 -7.0074747e-001
 -6.3566157e-001
 -5.6488866e-001
 -4.8905598e-001
 -4.0869519e-001
 -3.2421470e-001
 -2.3590195e-001
 -1.4395507e-001
 -4.8538912e-002
  5.0142824e-002
  1.5177028e-001
  2.5583641e-001
  3.6159296e-001
  4.6802183e-001
  5.7383667e-001
  6.7751552e-001
  7.7736114e-001
  8.7158183e-001
  9.5838342e-001
  1.0360613e+000
  1.1030823e+000
  1.1581474e+000
  1.2002301e+000
  1.2285881e+000
  1.2427509e+000
  1.2424882e+000
  1.2277678e+000
  1.1987132e+000
  1.1555692e+000
  1.0986841e+000
  1.0285133e+000
  9.4564538e-001
  8.5084759e-001
  7.4512391e-001
  6.2977627e-001
  5.0645720e-001
  3.7720254e-001
  2.4443429e-001
  1.1092668e-001
 -2.0267125e-002
 -1.4592568e-001
 -2.6280030e-001
 -3.6777555e-001
 -4.5803516e-001
 -5.3121823e-001
 -5.8555064e-001
 -6.1993918e-001
 -6.3401938e-001
 -6.2815279e-001
 -6.0337471e-001
 -5.6129849e-001
 -5.0398657e-001
 -4.3380182e-001
 -3.5325367e-001
 -2.6485364e-001
 -1.7099239e-001
 -7.3847699e-002
  2.4672196e-002
  1.2294922e-001
  2.1964420e-001
  3.1366103e-001
  4.0409601e-001
  4.9018273e-001
  5.7124248e-001
  6.4664808e-001
  7.1580606e-001
  7.7815882e-001
  8.3320489e-001
  8.8053228e-001
  9.1985808e-001
  9.5106614e-001
  9.7423527e-001
  9.8965148e-001
  9.9780050e-001
  9.9933943e-001
  9.9504955e-001
  9.8577524e-001
  9.7235559e-001
  9.5555697e-001
  9.3601419e-001
  9.1418726e-001
  8.9033858e-001
  8.6453257e-001
  8.3665728e-001
  8.0646442e-001
  7.7362224e-001
  7.3777429e-001
  6.9859670e-001
  6.5584703e-001
  6.0939954e-001
  5.5926356e-001
  5.0558424e-001
  4.4862737e-001
  3.8875224e-001
  3.2637755e-001
  2.6194655e-001
  1.9589688e-001
  1.2863997e-001
  6.0552802e-002
 -8.0169312e-003
 -7.6733402e-002
 -1.4524610e-001
 -2.1315850e-001
 -2.7999717e-001
 -3.4518635e-001
 -4.0803250e-001
 -4.6772181e-001
 -5.2333206e-001
 -5.7385851e-001
 -6.1825169e-001
 -6.5546370e-001
 -6.8449892e-001
 -7.0446485e-001
 -7.1461894e-001
 -7.1440851e-001
 -7.0350163e-001
 -6.8180828e-001
 -6.4949207e-001
 -6.0697378e-001
 -5.5492828e-001
 -4.9427629e-001
 -4.2617230e-001
 -3.5198903e-001
 -2.7329806e-001
 -1.9184568e-001
 -1.0952230e-001
 -2.8323975e-002
  4.9695165e-002
  1.2247997e-001
  1.8803984e-001
  2.4452058e-001
  2.9027883e-001
  3.2395426e-001
  3.4453404e-001
  3.5140400e-001
  3.4438146e-001
  3.2372600e-001
  2.9012618e-001
  2.4466249e-001
  1.8874883e-001
  1.2405690e-001
  5.2429788e-002
 -2.4208652e-002
 -1.0394119e-001
 -1.8493504e-001
 -2.6550498e-001
 -3.4415836e-001
 -4.1962094e-001
 -4.9084456e-001
 -5.5699943e-001
 -6.1745526e-001
 -6.7175607e-001
 -7.1959349e-001
 -7.6078256e-001
 -7.9524284e-001
 -8.2298604e-001
 -8.4410971e-001
 -8.5879532e-001
 -8.6730778e-001
 -8.6999354e-001
 -8.6727419e-001
 -8.5963395e-001
 -8.4760010e-001
 -8.3171754e-001
 -8.1251975e-001
 -7.9049970e-001
 -7.6608492e-001
 -7.3962068e-001
 -7.1136476e-001
 -6.8149535e-001
 -6.5013236e-001
 -6.1736970e-001
 -5.8331469e-001
 -5.4812899e-001
 -5.1206463e-001
 -4.7548903e-001
 -4.3889381e-001
 -4.0288401e-001
 -3.6814697e-001
 -3.3540292e-001
 -3.0534196e-001
 -2.7855466e-001
 -2.5546468e-001
 -2.3627233e-001
 -2.2091752e-001
 -2.0906805e-001
 -2.0013690e-001
 -1.9332846e-001
 -1.8771004e-001
 -1.8230172e-001
 -1.7617495e-001
 -1.6854904e-001
 -1.5887413e-001
 -1.4689097e-001
 -1.3266000e-001
 -1.1655587e-001
 -9.9227576e-002
 -8.1528467e-002
 -6.4423919e-002
 -4.8887299e-002
 -3.5796048e-002
 -2.5839725e-002
 -1.9450266e-002
 -1.6761862e-002
 -1.7604186e-002
 -2.1528510e-002
 -2.7862256e-002
 -3.5784141e-002
 -4.4409747e-002
 -5.2876437e-002
 -6.0417039e-002
 -6.6413631e-002
 -7.0425785e-002
 -7.2191321e-002
 -7.1601505e-002
 -6.8656130e-002
 -6.3406644e-002
 -5.5896960e-002
 -4.6111716e-002
 -3.3940482e-002
 -1.9163954e-002
 -1.4648463e-003
  1.9537472e-002
  4.4233107e-002
  7.2955928e-002
  1.0591530e-001
  1.4313506e-001
  1.8440871e-001
  2.2927780e-001
  2.7703724e-001
  3.2676783e-001
  3.7739256e-001
  4.2775008e-001
  4.7667648e-001
  5.2308530e-001
  5.6603635e-001
  6.0478518e-001
  6.3880796e-001
  6.6780001e-001
  6.9164971e-001
  7.1039300e-001
  7.2415630e-001
  7.3309714e-001
  7.3735183e-001
  7.3699854e-001
  7.3204149e-001
  7.2241885e-001
  7.0803347e-001
  6.8880165e-001
  6.6471272e-001
  6.3589012e-001
  6.0264426e-001
  5.6550808e-001
  5.2524886e-001
  4.8285243e-001
  4.3948008e-001
  3.9640206e-001
  3.5491487e-001
  3.1625201e-001
  2.8149880e-001
  2.5152162e-001
  2.2692018e-001
  2.0800832e-001
  1.9482533e-001
  1.8717556e-001
  1.8469040e-001
  1.8690389e-001
  1.9333110e-001
  2.0353840e-001
  2.1719579e-001
  2.3410392e-001
  2.5419203e-001
  2.7748714e-001
  3.0405887e-001
  3.3394779e-001
  3.6708770e-001
  4.0323333e-001
  4.4190455e-001
  4.8235615e-001
  5.2357918e-001
  5.6433576e-001
  6.0322500e-001
  6.3877347e-001
  6.6954071e-001
  6.9422785e-001
  7.1177712e-001
  7.2145108e-001
  7.2288252e-001
  7.1608991e-001
  7.0145707e-001
  6.7968036e-001
  6.5169004e-001
  6.1855575e-001
  5.8138730e-001
  5.4124226e-001
  4.9905025e-001
  4.5556163e-001
  4.1132442e-001
  3.6668969e-001
  3.2184195e-001
  2.7684785e-001
  2.3171461e-001
  1.8644861e-001
  1.4110535e-001
  9.5823398e-002
  5.0838119e-002
  6.4737803e-003
 -3.6883766e-002
 -7.8828806e-002
 -1.1898471e-001
 -1.5705193e-001
 -1.9284700e-001
 -2.2632592e-001
 -2.5758756e-001
 -2.8685586e-001
 -3.1444243e-001
 -3.4069448e-001
 -3.6593497e-001
 -3.9040326e-001
 -4.1420465e-001
 -4.3727609e-001
 -4.5937346e-001
 -4.8008255e-001
 -4.9885332e-001
 -5.1505327e-001
 -5.2803368e-001
 -5.3720046e-001
 -5.4208083e-001
 -5.4237751e-001
 -5.3800391e-001
 -5.2909597e-001
 -5.1599987e-001
 -4.9923739e-001
 -4.7945404e-001
 -4.5735700e-001
 -4.3365114e-001
 -4.0898161e-001
 -3.8389017e-001
 -3.5879081e-001
 -3.3396711e-001
 -3.0959102e-001
 -2.8575971e-001
 -2.6254468e-001
 -2.4004562e-001
 -2.1844079e-001
 -1.9802635e-001
 -1.7923826e-001
 -1.6265278e-001
 -1.4896429e-001
 -1.3894243e-001
 -1.3337267e-001
 -1.3298726e-001
 -1.3839413e-001
 -1.5001219e-001
 -1.6802029e-001
 -1.9232576e-001
 -2.2255605e-001
 -2.5807430e-001
 -2.9801681e-001
 -3.4134840e-001
 -3.8692917e-001
 -4.3358574e-001
 -4.8017959e-001
 -5.2566586e-001
 -5.6913763e-001
 -6.0985247e-001
 -6.4724047e-001
 -6.8089510e-001
 -7.1055015e-001
 -7.3604740e-001
 -7.5730023e-001
 -7.7425868e-001
 -7.8688035e-001
 -7.9511063e-001
 -7.9887424e-001
 -7.9807793e-001
 -7.9262329e-001
 -7.8242673e-001
 -7.6744341e-001
 -7.4769117e-001
 -7.2327097e-001
 -6.9438113e-001
 -6.6132341e-001
 -6.2450020e-001
 -5.8440357e-001
 -5.4159745e-001
 -4.9669531e-001
 -4.5033582e-001
 -4.0315926e-001
 -3.5578661e-001
 -3.0880312e-001
 -2.6274701e-001
 -2.1810330e-001
 -1.7530199e-001
 -1.3471927e-001
 -9.6680237e-002
 -6.1461350e-002
 -2.9291464e-002
 -3.5042927e-004
  2.5234986e-002
  4.7397519e-002
  6.6137269e-002
  8.1529646e-002
  9.3731807e-002
  1.0298600e-001
  1.0961842e-001
  1.1403257e-001
  1.1669676e-001
  1.1812587e-001
  1.1885830e-001
  1.1942941e-001
  1.2034340e-001
  1.2204570e-001
  1.2489811e-001
  1.2915873e-001
  1.3496853e-001
  1.4234588e-001
  1.5118970e-001
  1.6129137e-001
  1.7235465e-001
  1.8402249e-001
  1.9590850e-001
  2.0763107e-001
  2.1884713e-001
  2.2928290e-001
  2.3875900e-001
  2.4720748e-001
  2.5467918e-001
  2.6134037e-001
  2.6745867e-001
  2.7337918e-001
  2.7949271e-001
  2.8619886e-001
  2.9386721e-001
  3.0280046e-001
  3.1320297e-001
  3.2515805e-001
  3.3861642e-001
  3.5339725e-001
  3.6920179e-001
  3.8563853e-001
  4.0225718e-001
  4.1858808e-001
  4.3418286e-001
  4.4865186e-001
  4.6169444e-001
  4.7311880e-001
  4.8284931e-001
  4.9092099e-001
  4.9746191e-001
  5.0266642e-001
  5.0676258e-001
  5.0997842e-001
  5.1251147e-001
  5.1450570e-001
  5.1603871e-001
  5.1712090e-001
  5.1770625e-001
  5.1771286e-001
  5.1704979e-001
  5.1564578e-001
  5.1347485e-001
  5.1057445e-001
  5.0705226e-001
  5.0307996e-001
  4.9887375e-001
  4.9466377e-001
  4.9065646e-001
  4.8699513e-001
  4.8372502e-001
  4.8076879e-001
  4.7791756e-001
  4.7484049e-001
  4.7111393e-001
  4.6626793e-001
  4.5984585e-001
  4.5146998e-001
  4.4090523e-001
  4.2811210e-001
  4.1328108e-001
  3.9684250e-001
  3.7944824e-001
  3.6192563e-001
  3.4520670e-001
  3.3023997e-001
  3.1789384e-001
  3.0886269e-001
  3.0358657e-001
  3.0219450e-001
  3.0447852e-001
  3.0990257e-001
  3.1764574e-001
  3.2667563e-001
  3.3584360e-001
  3.4399094e-001
  3.5005380e-001
  3.5315437e-001
  3.5266795e-001
  3.4825821e-001
  3.3987709e-001
  3.2773046e-001
  3.1221479e-001
  2.9383414e-001
  2.7310905e-001
  2.5049015e-001
  2.2628855e-001
  2.0063273e-001
  1.7345818e-001
  1.4453138e-001
  1.1350492e-001
  7.9996459e-002
  4.3680336e-002
  4.3789846e-003
 -3.7859112e-002
 -8.2706651e-002
 -1.2953849e-001
 -1.7745059e-001
 -2.2531625e-001
 -2.7187366e-001
 -3.1583506e-001
 -3.5600404e-001
 -3.9138690e-001
 -4.2128397e-001
 -4.4534955e-001
 -4.6361280e-001
 -4.7645700e-001
 -4.8455989e-001
 -4.8880274e-001
 -4.9015983e-001
 -4.8958245e-001
 -4.8789209e-001
 -4.8569628e-001
 -4.8333708e-001
 -4.8087821e-001
 -4.7813111e-001
 -4.7471540e-001
 -4.7014441e-001
 -4.6392322e-001
 -4.5564527e-001
 -4.4507376e-001
 -4.3219688e-001
 -4.1724903e-001
 -4.0069586e-001
 -3.8318560e-001
 -3.6547422e-001
 -3.4833554e-001
 -3.3246969e-001
 -3.1842332e-001
 -3.0653325e-001
 -2.9690194e-001
 -2.8940820e-001
 -2.8375160e-001
 -2.7952371e-001
 -2.7629540e-001
 -2.7370672e-001
 -2.7154518e-001
 -2.6979981e-001
 -2.6868151e-001
 -2.6860502e-001
 -2.7013362e-001
 -2.7389287e-001
 -2.8046510e-001
 -2.9027927e-001
 -3.0351240e-001
 -3.2001804e-001
 -3.3929376e-001
 -3.6049528e-001
 -3.8249818e-001
 -4.0400224e-001
 -4.2366673e-001
 -4.4026097e-001
 -4.5281121e-001
 -4.6072490e-001
 -4.6387548e-001
 -4.6263538e-001
 -4.5785103e-001
 -4.5076110e-001
 -4.4286595e-001
 -4.3576310e-001
 -4.3096745e-001
 -4.2973760e-001
 -4.3292890e-001
 -4.4089069e-001
 -4.5341994e-001
 -4.6977649e-001
 -4.8875757e-001
 -5.0882210e-001
 -5.2824903e-001
 -5.4531047e-001
 -5.5843860e-001
 -5.6636673e-001
 -5.6822875e-001
 -5.6360698e-001
 -5.5252516e-001
 -5.3539078e-001
 -5.1289731e-001
 -4.8590166e-001
 -4.5529517e-001
 -4.2188623e-001
 -3.8631055e-001
 -3.4898035e-001
 -3.1007783e-001
 -2.6959166e-001
 -2.2738870e-001
 -1.8330836e-001
 -1.3726332e-001
 -8.9330111e-002
 -3.9814034e-002
  1.0722730e-002
  6.1475669e-002
  1.1145451e-001
  1.5957474e-001
  2.0477167e-001
  2.4612077e-001
  2.8294688e-001
  3.1490566e-001
  3.4202458e-001
  3.6469583e-001
  3.8362038e-001
  3.9970916e-001
  4.1395364e-001
  4.2728264e-001
  4.4042458e-001
  4.5379408e-001
  4.6741915e-001
  4.8091992e-001
  4.9354318e-001
  5.0424969e-001
  5.1184405e-001
  5.1513100e-001
  5.1307846e-001
  5.0496613e-001
  4.9050037e-001
  4.6988004e-001
  4.4380427e-001
  4.1342068e-001
  3.8021985e-001
  3.4588937e-001
  3.1214522e-001
  2.8056165e-001
  2.5242049e-001
  2.2859806e-001
  2.0950304e-001
  1.9507160e-001
  1.8481906e-001
  1.7793936e-001
  1.7343853e-001
  1.7028331e-001
  1.6754546e-001
  1.6452275e-001
  1.6082183e-001
  1.5639347e-001
  1.5151756e-001
  1.4674225e-001
  1.4278771e-001
  1.4042987e-001
  1.4038145e-001
  1.4318791e-001
  1.4915299e-001
  1.5830413e-001
  1.7040164e-001
  1.8498942e-001
  2.0147848e-001
  2.1925002e-001
  2.3776176e-001
  2.5664100e-001
  2.7574965e-001
  2.9521079e-001
  3.1539184e-001
  3.3684586e-001
  3.6021862e-001
  3.8613444e-001
  4.1507666e-001
  4.4728008e-001
  4.8265084e-001
  5.2072601e-001
  5.6067908e-001
  6.0137196e-001
  6.4144689e-001
  6.7944660e-001
  7.1394680e-001
  7.4368353e-001
  7.6765849e-001
  7.8520862e-001
  7.9603138e-001
  8.0016311e-001
  7.9791495e-001
  7.8977652e-001
  7.7630221e-001
  7.5799745e-001
  7.3522245e-001
  7.0812812e-001
  6.7663455e-001
  6.4045597e-001
  5.9916956e-001
  5.5231868e-001
  4.9953606e-001
  4.4066888e-001
  3.7588725e-001
  3.0575895e-001
  2.3127788e-001
  1.5383957e-001
  7.5164166e-002
 -2.8253888e-003
 -7.8156148e-002
 -1.4897056e-001
 -2.1368411e-001
 -2.7111550e-001
 -3.2057296e-001
 -3.6188595e-001
 -3.9537838e-001
 -4.2178695e-001
 -4.4213575e-001
 -4.5758310e-001
 -4.6926099e-001
 -4.7812733e-001
 -4.8485018e-001
 -4.8973784e-001
 -4.9272314e-001
 -4.9340245e-001
 -4.9112285e-001
 -4.8510459e-001
 -4.7458132e-001
 -4.5893870e-001
 -4.3783232e-001
 -4.1126931e-001
 -3.7964298e-001
 -3.4371672e-001
 -3.0456012e-001
 -2.6344696e-001
 -2.2172973e-001
 -1.8070816e-001
 -1.4150972e-001
 -1.0499803e-001
 -7.1720758e-002
 -4.1902629e-002
 -1.5482996e-002
  7.8093581e-003
  2.8356385e-002
  4.6541594e-002
  6.2648225e-002
  7.6780066e-002
  8.8816609e-002
  9.8408949e-002
  1.0501667e-001
  1.0797977e-001
  1.0661448e-001
  1.0031822e-001
  8.8667386e-002
  7.1493128e-002
  4.8922899e-002
  2.1381180e-002
 -1.0451471e-002
 -4.5715489e-002
 -8.3474473e-002
 -1.2282750e-001
 -1.6301487e-001
 -2.0350114e-001
 -2.4402260e-001
 -2.8459106e-001
 -3.2545238e-001
 -3.6700461e-001
 -4.0968699e-001
 -4.5385534e-001
 -4.9966210e-001
 -5.4695898e-001
 -5.9523767e-001
 -6.4361896e-001
 -6.9089412e-001
 -7.3561519e-001
 -7.7622378e-001
 -8.1120244e-001
 -8.3922895e-001
 -8.5931311e-001
 -8.7089735e-001
 -8.7390726e-001
 -8.6874423e-001
 -8.5622065e-001
 -8.3744533e-001
 -8.1367423e-001
 -7.8614612e-001
 -7.5592538e-001
 -7.2377337e-001
 -6.9006631e-001
 -6.5477157e-001
 -6.1748640e-001
 -5.7753476e-001
 -5.3411004e-001
 -4.8644469e-001
 -4.3398420e-001
 -3.7654141e-001
 -3.1440951e-001
 -2.4841709e-001
 -1.7991569e-001
 -1.1069927e-001
 -4.2863554e-002
  2.1378887e-002
  7.9905915e-002
  1.3089070e-001
  1.7297933e-001
  2.0541961e-001
  2.2812549e-001
  2.4166942e-001
  2.4720392e-001
  2.4632218e-001
  2.4087491e-001
  2.3276562e-001
  2.2374883e-001
  2.1525462e-001
  2.0825927e-001
  2.0321540e-001
  2.0004721e-001
  1.9820847e-001
  1.9679296e-001
  1.9468125e-001
  1.9070392e-001
  1.8380016e-001
  1.7315276e-001
  1.5828430e-001
  1.3910557e-001
  1.1591399e-001
  8.9346506e-002
  6.0297306e-002
  2.9814605e-002
 -1.0074073e-003
 -3.1126086e-002
 -5.9624740e-002
 -8.5755937e-002
 -1.0895118e-001
 -1.2880013e-001
 -1.4500727e-001
 -1.5733751e-001
 -1.6556352e-001
 -1.6942683e-001
 -1.6862212e-001
 -1.6280983e-001
 -1.5165684e-001
 -1.3489974e-001
 -1.1242100e-001
 -8.4324641e-002
 -5.0997705e-002
 -1.3144270e-002
  2.8217480e-002
  7.1799995e-002
  1.1613173e-001
  1.5967591e-001
  2.0097002e-001
  2.3876961e-001
  2.7217811e-001
  3.0074525e-001
  3.2451964e-001
  3.4404644e-001
  3.6030753e-001
  3.7460901e-001
  3.8842737e-001
  4.0323165e-001
  4.2030184e-001
  4.4056529e-001
  4.6447065e-001
  4.9191489e-001
  5.2223268e-001
  5.5424977e-001
  5.8639470e-001
  6.1685578e-001
  6.4376539e-001
  6.6539021e-001
  6.8030570e-001
  6.8753558e-001
  6.8664110e-001
  6.7775181e-001
  6.6153615e-001
  6.3911770e-001
  6.1194881e-001
  5.8165808e-001
  5.4989024e-001
  5.1815698e-001
  4.8771467e-001
  4.5948079e-001
  4.3399514e-001
  4.1142603e-001
  3.9161584e-001
  3.7415601e-001
  3.5847858e-001
  3.4395042e-001
  3.2995748e-001
  3.1596922e-001
  3.0157720e-001
  2.8650661e-001
  2.7060376e-001
  2.5380632e-001
  2.3610530e-001
  2.1750852e-001
  1.9801435e-001
  1.7760196e-001
  1.5624100e-001
  1.3391963e-001
  1.1068604e-001
  8.6695613e-002
  6.2254358e-002
  3.7848869e-002
  1.4154676e-002
 -7.9823445e-003
 -2.7592966e-002
 -4.3657185e-002
 -5.5195491e-002
 -6.1368675e-002
 -6.1574110e-002
 -5.5526147e-002
 -4.3309706e-002
 -2.5399121e-002
 -2.6384888e-003
  2.3815497e-002
  5.2582501e-002
  8.2169532e-002
  1.1109142e-001
  1.3798709e-001
  1.6171856e-001
  1.8144188e-001
  1.9664307e-001
  2.0713651e-001
  2.1302804e-001
  2.1464970e-001
  2.1247593e-001
  2.0703347e-001
  1.9881716e-001
  1.8822251e-001
  1.7550309e-001
  1.6075690e-001
  1.4394159e-001
  1.2491430e-001
  1.0348862e-001
  7.9498872e-002
  5.2861448e-002
  2.3623719e-002
 -8.0066485e-003
 -4.1655918e-002
 -7.6802278e-002
 -1.1281415e-001
 -1.4900244e-001
 -1.8467827e-001
 -2.1920747e-001
 -2.5205354e-001
 -2.8280330e-001
 -3.1117231e-001
 -3.3699052e-001
 -3.6017214e-001
 -3.8067637e-001
 -3.9846715e-001
 -4.1348042e-001
 -4.2560615e-001
 -4.3469013e-001
 -4.4055689e-001
 -4.4305156e-001
 -4.4209501e-001
 -4.3774338e-001
 -4.3024206e-001
 -4.2006360e-001
 -4.0792063e-001
 -3.9474811e-001
 -3.8165273e-001
 -3.6983227e-001
 -3.6047196e-001
 -3.5462859e-001
 -3.5311566e-001
 -3.5640367e-001
 -3.6454820e-001
 -3.7715632e-001
 -3.9339672e-001
 -4.1205477e-001
 -4.3162758e-001
 -4.5044981e-001
 -4.6683694e-001
 -4.7923078e-001
 -4.8633152e-001
 -4.8720274e-001
 -4.8133881e-001
 -4.6868904e-001
 -4.4963807e-001
 -4.2494730e-001
 -3.9566648e-001
 -3.6302775e-001
 -3.2833568e-001
 -2.9286656e-001
 -2.5778772e-001
 -2.2410435e-001
 -1.9263658e-001
 -1.6402523e-001
 -1.3876043e-001
 -1.1722419e-001
 -9.9736569e-002
 -8.6595156e-002
 -7.8099323e-002
 -7.4553677e-002
 -7.6249149e-002
 -8.3424186e-002
 -9.6212213e-002
 -1.1458426e-001
 -1.3829693e-001
 -1.6685554e-001
 -1.9950041e-001
 -2.3522100e-001
 -2.7279860e-001
 -3.1087399e-001
 -3.4803265e-001
 -3.8289730e-001
 -4.1421619e-001
 -4.4093598e-001
 -4.6224998e-001
 -4.7761618e-001
 -4.8674361e-001
 -4.8955069e-001
 -4.8610300e-001
 -4.7654145e-001
 -4.6101344e-001
 -4.3961920e-001
 -4.1238357e-001
 -3.7925950e-001
 -3.4016503e-001
 -2.9504960e-001
 -2.4398107e-001
 -1.8724053e-001
 -1.2540963e-001
 -5.9435410e-002
  9.3410747e-003
  7.9201263e-002
  1.4811474e-001
  2.1385131e-001
  2.7413045e-001
  3.2679390e-001
  3.6998282e-001
  4.0229997e-001
  4.2293777e-001
  4.3175671e-001
  4.2930387e-001
  4.1676823e-001
  3.9587677e-001
  3.6874216e-001
  3.3767873e-001
  3.0500705e-001
  2.7286809e-001
  2.4306720e-001
  2.1696332e-001
  1.9541364e-001
  1.7877626e-001
  1.6696677e-001
  1.5955767e-001
  1.5590471e-001
  1.5528187e-001
  1.5700592e-001
  1.6053435e-001
  1.6552458e-001
  1.7184857e-001
  1.7956351e-001
  1.8884555e-001
  1.9989900e-001
  2.1285664e-001
  2.2768793e-001
  2.4413065e-001
  2.6165784e-001
  2.7948678e-001
  2.9663069e-001
  3.1198728e-001
  3.2445335e-001
  3.3305032e-001
  3.3704413e-001
  3.3604342e-001
  3.3006268e-001
  3.1954166e-001
  3.0531824e-001
  2.8855782e-001
  2.7064831e-001
  2.5307365e-001
  2.3728165e-001
  2.2456207e-001
  2.1594886e-001
  2.1215683e-001
  2.1355798e-001
  2.2019679e-001
  2.3183879e-001
  2.4804211e-001
  2.6823914e-001
  2.9181470e-001
  3.1816870e-001
  3.4675426e-001
  3.7708706e-001
  4.0872665e-001
  4.4123558e-001
  4.7412616e-001
  5.0680697e-001
  5.3854179e-001
  5.6843194e-001
  5.9542939e-001
  6.1838326e-001
  6.3611684e-001
  6.4752676e-001
  6.5169198e-001
  6.4797747e-001
  6.3611721e-001
  6.1626286e-001
  5.8898889e-001
  5.5524994e-001
  5.1629348e-001
  4.7353658e-001
  4.2842139e-001
  3.8226753e-001
  3.3614090e-001
  2.9075673e-001
  2.4643115e-001
  2.0308930e-001
  1.6033046e-001
  1.1754334e-001
  7.4057230e-002
  2.9309577e-002
 -1.6992574e-002
 -6.4739695e-002
 -1.1333508e-001
 -1.6167227e-001
 -2.0818091e-001
 -2.5093875e-001
 -2.8783910e-001
 -3.1679529e-001
 -3.3595915e-001
 -3.4392771e-001
 -3.3991353e-001
 -3.2385806e-001
 -2.9647405e-001
 -2.5921143e-001
 -2.1415021e-001
 -1.6383252e-001
 -1.1105308e-001
 -5.8631610e-002
 -9.1928715e-003
  3.5022387e-002
  7.2296189e-002
  1.0150963e-001
  1.2215253e-001
  1.3427079e-001
  1.3836317e-001
  1.3524500e-001
  1.2589939e-001
  1.1133675e-001
  9.2480763e-002
  7.0093845e-002
  4.4748686e-002
  1.6844874e-002
 -1.3337045e-002
 -4.5557337e-002
 -7.9531216e-002
 -1.1485262e-001
 -1.5094295e-001
 -1.8703574e-001
 -2.2220236e-001
 -2.5541686e-001
 -2.8565178e-001
 -3.1199115e-001
 -3.3374378e-001
 -3.5053903e-001
 -3.6238918e-001
 -3.6970695e-001
 -3.7327270e-001
 -3.7415316e-001
 -3.7358062e-001
 -3.7280739e-001
 -3.7295456e-001
 -3.7487545e-001
 -3.7905267e-001
 -3.8554361e-001
 -3.9398303e-001
 -4.0364342e-001
 -4.1354614e-001
 -4.2260891e-001
 -4.2981022e-001
 -4.3434805e-001
 -4.3577095e-001
 -4.3406252e-001
 -4.2966645e-001
 -4.2344712e-001
 -4.1658908e-001
 -4.1044752e-001
 -4.0636823e-001
 -4.0550032e-001
 -4.0862624e-001
 -4.1603188e-001
 -4.2743454e-001
 -4.4197951e-001
 -4.5830698e-001
 -4.7468222e-001
 -4.8917352e-001
 -4.9985650e-001
 -5.0501980e-001
 -5.0334710e-001
 -4.9405361e-001
 -4.7696104e-001
 -4.5250312e-001
 -4.2166269e-001
 -3.8585015e-001
 -3.4674028e-001
 -3.0608947e-001
 -2.6555747e-001
 -2.2655609e-001
 -1.9014351e-001
 -1.5697556e-001
 -1.2731748e-001
 -1.0111100e-001
 -7.8083868e-002
 -5.7883125e-002
 -4.0210451e-002
 -2.4937727e-002
 -1.2184187e-002
 -2.3422128e-003
  3.9535604e-003
  5.9107675e-003
  2.7063993e-003
 -6.3611366e-003
 -2.1716683e-002
 -4.3372557e-002
 -7.0833137e-002
 -1.0305566e-001
 -1.3847592e-001
 -1.7509903e-001
 -2.1064692e-001
 -2.4274639e-001
 -2.6913624e-001
 -2.8786913e-001
 -2.9748402e-001
 -2.9712897e-001
 -2.8661986e-001
 -2.6642886e-001
 -2.3760518e-001
 -2.0163905e-001
 -1.6028682e-001
 -1.1537971e-001
 -6.8640006e-002
 -2.1527324e-002
  2.4867183e-002
  6.9867468e-002
  1.1319696e-001
  1.5490594e-001
  1.9525473e-001
  2.3457111e-001
  2.7310360e-001
  3.1089235e-001
  3.4767655e-001
  3.8285213e-001
  4.1548632e-001
  4.4438788e-001
  4.6822411e-001
  4.8566951e-001
  4.9556662e-001
  4.9707803e-001
  4.8980976e-001
  4.7388983e-001
  4.4999208e-001
  4.1930194e-001
  3.8342850e-001
  3.4427385e-001
  3.0387563e-001
  2.6424179e-001
  2.2719667e-001
  1.9425551e-001
  1.6654014e-001
  1.4474260e-001
  1.2913720e-001
  1.1963491e-001
  1.1586911e-001
  1.1729790e-001
  1.2330720e-001
  1.3329974e-001
  1.4675798e-001
  1.6327395e-001
  1.8254423e-001
  2.0433404e-001
  2.2841912e-001
  2.5451768e-001
  2.8222588e-001
  3.1097010e-001
  3.3998643e-001
  3.6833373e-001
  3.9494148e-001
  4.1868828e-001
  4.3850199e-001
  4.5346883e-001
  4.6293695e-001
  4.6660011e-001
  4.6454918e-001
  4.5728314e-001
  4.4567619e-001
  4.3090333e-001
  4.1433187e-001
  3.9739100e-001
  3.8143414e-001
  3.6760992e-001
  3.5675667e-001
  3.4933193e-001
  3.4538484e-001
  3.4457321e-001
  3.4622241e-001
  3.4941757e-001
  3.5311744e-001
  3.5627553e-001
  3.5795428e-001
  3.5741891e-001
  3.5420118e-001
  3.4812701e-001
  3.3930691e-001
  3.2809253e-001
  3.1500697e-001
  3.0065890e-001
  2.8565226e-001
  2.7050305e-001
  2.5557286e-001
  2.4102650e-001
  2.2681708e-001
  2.1269856e-001
  1.9826226e-001
  1.8299106e-001
  1.6632352e-001
  1.4771947e-001
  1.2671951e-001
  1.0299226e-001
  7.6365735e-002
  4.6841400e-002
  1.4592269e-002
 -2.0051979e-002
 -5.6628508e-002
 -9.4568777e-002
 -1.3322573e-001
 -1.7189757e-001
 -2.0984669e-001
 -2.4631364e-001
 -2.8052791e-001
 -3.1171802e-001
 -3.3912383e-001
 -3.6201371e-001
 -3.7970831e-001
 -3.9161101e-001
 -3.9724381e-001
 -3.9628560e-001
 -3.8860864e-001
 -3.7430850e-001
 -3.5372281e-001
 -3.2743485e-001
 -2.9625992e-001
 -2.6121387e-001
 -2.2346578e-001
 -1.8427845e-001
 -1.4494205e-001
 -1.0670725e-001
 -7.0724100e-002
 -3.7992230e-002
 -9.3266264e-003
  1.4658953e-002
  3.3550944e-002
  4.7119516e-002
  5.5290654e-002
  5.8111865e-002
  5.5716963e-002
  4.8294933e-002
  3.6066743e-002
  1.9272273e-002
 -1.8323380e-003
 -2.6968502e-002
 -5.5823184e-002
 -8.8035033e-002
 -1.2318276e-001
 -1.6077929e-001
 -2.0027406e-001
 -2.4106421e-001
 -2.8251354e-001
 -3.2397674e-001
 -3.6482503e-001
 -4.0446904e-001
 -4.4237489e-001
 -4.7807069e-001
 -5.1114222e-001
 -5.4121858e-001
 -5.6795068e-001
 -5.9098708e-001
 -6.0995296e-001
 -6.2443781e-001
 -6.3399700e-001
 -6.3817049e-001
 -6.3651925e-001
 -6.2867753e-001
 -6.1441557e-001
 -5.9370552e-001
 -5.6678118e-001
 -5.3418206e-001
 -4.9677304e-001
 -4.5573298e-001
 -4.1250930e-001
 -3.6873913e-001
 -3.2614226e-001
 -2.8639499e-001
 -2.5099695e-001
 -2.2114484e-001
 -1.9762704e-001
 -1.8075157e-001
 -1.7031645e-001
 -1.6562713e-001
 -1.6556066e-001
 -1.6867045e-001
 -1.7332123e-001
 -1.7783997e-001
 -1.8066661e-001
 -1.8048860e-001
 -1.7634497e-001
 -1.6768949e-001
 -1.5440737e-001
 -1.3678547e-001
 -1.1544171e-001
 -9.1223992e-002
 -6.5092564e-002
 -3.8001187e-002
 -1.0792370e-002
  1.5880554e-002
  4.1595574e-002
  6.6164433e-002
  8.9596909e-002
  1.1203365e-001
  1.3365849e-001
  1.5460378e-001
  1.7486334e-001
  1.9422614e-001
  2.1224133e-001
  2.2822066e-001
  2.4127938e-001
  2.5041152e-001
  2.5459073e-001
  2.5288453e-001
  2.4456805e-001
  2.2922309e-001
  2.0681069e-001
  1.7770827e-001
  1.4270718e-001
  1.0297137e-001
  5.9962532e-002
  1.5340902e-002
 -2.9146468e-002
 -7.1777259e-002
 -1.1095341e-001
 -1.4527907e-001
 -1.7361086e-001
 -1.9507868e-001
 -2.0907916e-001
 -2.1524773e-001
 -2.1341769e-001
 -2.0357585e-001
 -1.8582379e-001
 -1.6035227e-001
 -1.2743295e-001
 -8.7428409e-002
 -4.0817414e-002
  1.1770533e-002
  6.9519750e-002
  1.3140116e-001
  1.9616186e-001
  2.6233803e-001
  3.2829441e-001
  3.9228990e-001
  4.5256469e-001
  5.0744085e-001
  5.5542590e-001
  5.9530756e-001
  6.2622854e-001
  6.4773226e-001
  6.5977374e-001
  6.6269409e-001
  6.5716185e-001
  6.4408845e-001
  6.2452838e-001
  5.9957682e-001
  5.7027737e-001
  5.3755134e-001
  5.0215680e-001
  4.6468146e-001
  4.2556855e-001
  3.8517031e-001
  3.4381951e-001
  3.0190680e-001
  2.5995060e-001
  2.1864702e-001
  1.7888992e-001
  1.4175514e-001
  1.0844780e-001
  8.0216810e-002
  5.8245443e-002
  4.3530371e-002
  3.6763810e-002
  3.8233534e-002
  4.7753912e-002
  6.4637700e-002
  8.7713733e-002
  1.1539030e-001
  1.4575875e-001
  1.7672721e-001
  2.0617095e-001
  2.3208442e-001
  2.5271985e-001
  2.6669963e-001
  2.7309281e-001
  2.7145088e-001
  2.6180239e-001
  2.4461103e-001
  2.2070513e-001
  1.9118931e-001
  1.5734962e-001
  1.2056317e-001
  8.2220671e-002
  4.3667561e-002
  6.1655925e-003
 -2.9126920e-002
 -6.1160851e-002
 -8.8994691e-002
 -1.1179291e-001
 -1.2883082e-001
 -1.3951039e-001
 -1.4338877e-001
 -1.4021771e-001
 -1.2998924e-001
 -1.1298014e-001
 -8.9786550e-002
 -6.1340074e-002
 -2.8898046e-002
  5.9964802e-003
  4.1585773e-002
  7.5996070e-002
  1.0735634e-001
  1.3392636e-001
  1.5422121e-001
  1.6711872e-001
  1.7193789e-001
  1.6847869e-001
  1.5701843e-001
  1.3826431e-001
  1.1326735e-001
  8.3307335e-002
  4.9761962e-002
  1.3975410e-002
 -2.2858432e-002
 -5.9784726e-002
 -9.6138593e-002
 -1.3155314e-001
 -1.6592510e-001
 -1.9934384e-001
 -2.3199439e-001
 -2.6404826e-001
 -2.9555743e-001
 -3.2636658e-001
 -3.5605604e-001
 -3.8392433e-001
 -4.0901370e-001
 -4.3017704e-001
 -4.4617870e-001
 -4.5581813e-001
 -4.5806158e-001
 -4.5216675e-001
 -4.3778554e-001
 -4.1503300e-001
 -3.8451447e-001
 -3.4730781e-001
 -3.0490278e-001
 -2.5910442e-001
 -2.1191095e-001
 -1.6537923e-001
 -1.2149128e-001
 -8.2034660e-002
 -4.8506860e-002
 -2.2050473e-002
 -3.4217712e-003
  7.0087163e-003
  9.2285754e-003
  3.5363383e-003
 -9.5164346e-003
 -2.9185090e-002
 -5.4586415e-002
 -8.4742637e-002
 -1.1861260e-001
 -1.5511076e-001
 -1.9311721e-001
 -2.3148374e-001
 -2.6904154e-001
 -3.0461605e-001
 -3.3705258e-001
 -3.6525443e-001
 -3.8823224e-001
 -4.0516077e-001
 -4.1543686e-001
 -4.1873113e-001
 -4.1502535e-001
 -4.0462862e-001
 -3.8816733e-001
 -3.6654680e-001
 -3.4088615e-001
 -3.1243115e-001
 -2.8245321e-001
 -2.5214461e-001
 -2.2252125e-001
 -1.9434368e-001
 -1.6806553e-001
 -1.4381548e-001
 -1.2141507e-001
 -1.0043050e-001
 -8.0252791e-002
 -6.0196779e-002
 -3.9607788e-002
 -1.7963359e-002
  5.0417414e-003
  2.9437116e-002
  5.4951675e-002
  8.1024731e-002
  1.0685183e-001
  1.3145988e-001
  1.5380291e-001
  1.7286743e-001
  1.8777549e-001
  1.9787423e-001
  2.0280205e-001
  2.0252493e-001
  1.9733954e-001
  1.8784360e-001
  1.7487777e-001
  1.5944593e-001
  1.4262290e-001
  1.2545955e-001
  1.0889493e-001
  9.3683656e-002
  8.0344964e-002
  6.9136741e-002
  6.0055417e-002
  5.2859719e-002
  4.7114145e-002
  4.2246519e-002
  3.7613184e-002
  3.2565444e-002
  2.6511508e-002
  1.8969412e-002
  9.6078331e-003
 -1.7267662e-003
 -1.4996831e-002
 -2.9973337e-002
 -4.6246701e-002
 -6.3247013e-002
 -8.0271584e-002
 -9.6518035e-002
 -1.1112145e-001
 -1.2319439e-001
 -1.3186875e-001
 -1.3633836e-001
 -1.3590110e-001
 -1.2999886e-001
 -1.1825347e-001
 -1.0049606e-001
 -7.6787693e-002
 -4.7428617e-002
 -1.2954635e-002
  2.5880681e-002
  6.8137735e-002
  1.1273534e-001
  1.5850525e-001
  2.0425298e-001
  2.4882057e-001
  2.9114606e-001
  3.3031518e-001
  3.6560078e-001
  3.9648721e-001
  4.2267784e-001
  4.4408583e-001
  4.6080981e-001
  4.7309747e-001
  4.8130120e-001
  4.8583043e-001
  4.8710531e-001
  4.8551590e-001
  4.8139010e-001
  4.7497234e-001
  4.6641364e-001
  4.5577239e-001
  4.4302414e-001
  4.2807800e-001
  4.1079673e-001
  3.9101808e-001
  3.6857491e-001
  3.4331273e-001
  3.1510390e-001
  2.8385859e-001
  2.4953318e-001
  2.1213719e-001
  1.7173989e-001
  1.2847755e-001
  8.2561676e-002
  3.4288175e-002
 -1.5953406e-002
 -6.7671832e-002
 -1.2026897e-001
 -1.7303911e-001
 -2.2517415e-001
 -2.7577568e-001
 -3.2387404e-001
 -3.6845387e-001
 -4.0848484e-001
 -4.4295565e-001
 -4.7090921e-001
 -4.9147674e-001
 -5.0390892e-001
 -5.0760266e-001
 -5.0212278e-001
 -4.8721851e-001
 -4.6283526e-001
 -4.2912251e-001
 -3.8643869e-001
 -3.3535361e-001
 -2.7664860e-001
 -2.1131368e-001
 -1.4054061e-001
 -6.5709911e-002
  1.1630252e-002
  8.9795105e-002
  1.6700564e-001
  2.4144246e-001
  3.1130989e-001
  3.7490751e-001
  4.3070473e-001
  4.7741276e-001
  5.1404757e-001
  5.3997744e-001
  5.5494949e-001
  5.5909129e-001
  5.5288561e-001
  5.3711962e-001
  5.1281222e-001
  4.8112607e-001
  4.4327310e-001
  4.0042292e-001
  3.5362436e-001
  3.0374831e-001
  2.5145873e-001
  1.9721459e-001
  1.4130255e-001
  8.3895855e-002
  2.5131697e-002
 -3.4803322e-002
 -9.5591499e-002
 -1.5671784e-001
 -2.1742964e-001
 -2.7672929e-001
 -3.3340358e-001
 -3.8608865e-001
 -4.3336490e-001
 -4.7387220e-001
 -5.0643285e-001
 -5.3016822e-001
 -5.4459518e-001
 -5.4969015e-001
 -5.4591219e-001
 -5.3418102e-001
 -5.1581067e-001
 -4.9240493e-001
 -4.6572481e-001
 -4.3754157e-001
 -4.0949054e-001
 -3.8294070e-001
 -3.5889315e-001
 -3.3791801e-001
 -3.2013508e-001
 -3.0523819e-001
 -2.9255874e-001
 -2.8115936e-001
 -2.6994589e-001
 -2.5778463e-001
 -2.4361179e-001
 -2.2652429e-001
 -2.0584409e-001
 -1.8115214e-001
 -1.5229252e-001
 -1.1935094e-001
 -8.2614908e-002
 -4.2524736e-002
  3.7534325e-004
  4.5477694e-002
  9.2137588e-002
  1.3968269e-001
  1.8740667e-001
  2.3455111e-001
  2.8028257e-001
  3.2367294e-001
  3.6369128e-001
  3.9921386e-001
  4.2905650e-001
  4.5202978e-001
  4.6701380e-001
  4.7304552e-001
  4.6940902e-001
  4.5571723e-001
  4.3197391e-001
  3.9860615e-001
  3.5646079e-001
  3.0676241e-001
  2.5103530e-001
  1.9099657e-001
  1.2843136e-001
  6.5064232e-002
  2.4411164e-003
 -5.8163997e-002
 -1.1580683e-001
 -1.6988820e-001
 -2.2012562e-001
 -2.6648534e-001
 -3.0908427e-001
 -3.4807536e-001
 -3.8353245e-001
 -4.1535092e-001
 -4.4317891e-001
 -4.6639000e-001
 -4.8410310e-001
 -4.9524929e-001
 -4.9867904e-001
 -4.9329786e-001
 -4.7821442e-001
 -4.5288282e-001
 -4.1722121e-001
 -3.7169095e-001
 -3.1732528e-001
 -2.5570187e-001
 -1.8886056e-001
 -1.1917372e-001
 -4.9182394e-002
  1.8584614e-002
  8.1789939e-002
  1.3844641e-001
  1.8703948e-001
  2.2660196e-001
  2.5673529e-001
  2.7757805e-001
  2.8972843e-001
  2.9413234e-001
  2.9195244e-001
  2.8443450e-001
  2.7278705e-001
  2.5808739e-001
  2.4122286e-001
  2.2287082e-001
  2.0351576e-001
  1.8349637e-001
  1.6307217e-001
  1.4249651e-001
  1.2208299e-001
  1.0225322e-001
  8.3557738e-002
  6.6665437e-002
  5.2322303e-002
  4.1284512e-002
  3.4235040e-002
  3.1695409e-002
  3.3945135e-002
  4.0960617e-002
  5.2382736e-002
  6.7518731e-002
  8.5379478e-002
  1.0474871e-001
  1.2427663e-001
  1.4258740e-001
  1.5838821e-001
  1.7056786e-001
  1.7827412e-001
  1.8096237e-001
  1.7841154e-001
  1.7070775e-001
  1.5820016e-001
  1.4143650e-001
  1.2108816e-001
  9.7875231e-002
  7.2501122e-002
  4.5604423e-002
  1.7732485e-002
 -1.0662250e-002
 -3.9205710e-002
 -6.7570982e-002
 -9.5439996e-002
 -1.2246652e-001
 -1.4824838e-001
 -1.7231504e-001
 -1.9413411e-001
 -2.1313709e-001
 -2.2876135e-001
 -2.4050268e-001
 -2.4797055e-001
 -2.5093772e-001
 -2.4937604e-001
 -2.4347212e-001
 -2.3361937e-001
 -2.2038589e-001
 -2.0446142e-001
 -1.8658957e-001
 -1.6749376e-001
 -1.4780642e-001
 -1.2801097e-001
 -1.0840446e-001
 -8.9086092e-002
 -6.9973581e-002
 -5.0845525e-002
 -3.1404288e-002
 -1.1351205e-002
  9.5360088e-003
  3.1334248e-002
  5.3924074e-002
  7.6964367e-002
  9.9896859e-002
  1.2198109e-001
  1.4235645e-001
  1.6012435e-001
  1.7444125e-001
  1.8461144e-001
  1.9016863e-001
  1.9093676e-001
  1.8706262e-001
  1.7901645e-001
  1.6756035e-001
  1.5368804e-001
  1.3854255e-001
  1.2332102e-001
  1.0917650e-001
  9.7126947e-002
  8.7980012e-002
  8.2280064e-002
  8.0281038e-002
  8.1945511e-002
  8.6967460e-002
  9.4813803e-002
  1.0477821e-001
  1.1604008e-001
  1.2772197e-001
  1.3893999e-001
  1.4884352e-001
  1.5664281e-001
  1.6162503e-001
  1.6316127e-001
  1.6070808e-001
  1.5380754e-001
  1.4208960e-001
  1.2527944e-001
  1.0321115e-001
  7.5847043e-002
  4.3300882e-002
  5.8612870e-003
 -3.5988577e-002
 -8.1559364e-002
 -1.2995552e-001
 -1.8008927e-001
 -2.3070943e-001
 -2.8044383e-001
 -3.2785286e-001
 -3.7148967e-001
 -4.0996222e-001
 -4.4199206e-001
 -4.6646503e-001
 -4.8247042e-001
 -4.8932670e-001
 -4.8659334e-001
 -4.7407031e-001
 -4.5178795e-001
 -4.1999078e-001
 -3.7911919e-001
 -3.2979229e-001
 -2.7279449e-001
 -2.0906666e-001
 -1.3970138e-001
 -6.5940370e-002
  1.0829326e-002
  8.9083941e-002
  1.6718023e-001
  2.4338433e-001
  3.1591375e-001
  3.8299263e-001
  4.4291778e-001
  4.9413189e-001
  5.3529814e-001
  5.6537006e-001
  5.8364983e-001
  5.8982927e-001
  5.8400896e-001
  5.6669297e-001
  5.3875894e-001
  5.0140589e-001
  4.5608402e-001
  4.0441278e-001
  3.4809407e-001
  2.8882800e-001
  2.2823767e-001
  1.6780820e-001
  1.0884327e-001
  5.2440430e-002
 -5.1596523e-004
 -4.9346901e-002
 -9.3560095e-002
 -1.3282542e-001
 -1.6694907e-001
 -1.9585044e-001
 -2.1954451e-001
 -2.3813090e-001
 -2.5178924e-001
 -2.6077915e-001
 -2.6544195e-001
 -2.6620103e-001
 -2.6355776e-001
 -2.5808068e-001
 -2.5038682e-001
 -2.4111548e-001
 -2.3089607e-001
 -2.2031308e-001
 -2.0987195e-001
 -1.9996971e-001
 -1.9087430e-001
 -1.8271511e-001
 -1.7548640e-001
 -1.6906311e-001
 -1.6322750e-001
 -1.5770304e-001
 -1.5219154e-001
 -1.4640853e-001
 -1.4011265e-001
 -1.3312524e-001
 -1.2533799e-001
 -1.1670815e-001
 -1.0724251e-001
 -9.6973267e-002
 -8.5929908e-002
 -7.4112098e-002
 -6.1468530e-002
 -4.7885979e-002
 -3.3191486e-002
 -1.7168868e-002
  4.1129568e-004
  1.9750949e-002
  4.0977579e-002
  6.4096518e-002
  8.8948579e-002
  1.1517876e-001
  1.4222083e-001
  1.6930083e-001
  1.9546092e-001
  2.1960224e-001
  2.4054410e-001
  2.5709450e-001
  2.6812611e-001
  2.7265140e-001
  2.6989040e-001
  2.5932583e-001
  2.4074154e-001
  2.1424181e-001
  1.8025096e-001
  1.3949468e-001
  9.2965557e-002
  4.1876682e-002
 -1.2392464e-002
 -6.8353540e-002
 -1.2446646e-001
 -1.7919304e-001
 -2.3104518e-001
 -2.7862646e-001
 -3.2066721e-001
 -3.5605344e-001
 -3.8385086e-001
 -4.0332476e-001
 -4.1395678e-001
 -4.1545878e-001
 -4.0778369e-001
 -3.9113253e-001
 -3.6595644e-001
 -3.3295225e-001
 -2.9305037e-001
 -2.4739364e-001
 -1.9730690e-001
 -1.4425729e-001
 -8.9806341e-002
 -3.5555724e-002
  1.6911005e-002
  6.6087525e-002
  1.1060161e-001
  1.4926648e-001
  1.8112384e-001
  2.0547608e-001
  2.2190614e-001
  2.3028398e-001
  2.3075979e-001
  2.2374455e-001
  2.0987949e-001
  1.8999648e-001
  1.6507183e-001
  1.3617640e-001
  1.0442476e-001
  7.0926410e-002
  3.6741692e-002
  2.8447873e-003
 -2.9904412e-002
 -6.0778260e-002
 -8.9188641e-002
 -1.1468389e-001
 -1.3693646e-001
 -1.5572332e-001
 -1.7090163e-001
 -1.8238294e-001
 -1.9010908e-001
 -1.9403315e-001
 -1.9410814e-001
 -1.9028531e-001
 -1.8252276e-001
 -1.7080388e-001
 -1.5516353e-001
 -1.3571858e-001
 -1.1269869e-001
 -8.6472344e-002
 -5.7563359e-002
 -2.6653745e-002
  5.4300495e-003
  3.7748590e-002
  6.9297643e-002
  9.9069914e-002
  1.2612514e-001
  1.4966183e-001
  1.6908295e-001
  1.8404807e-001
  1.9450527e-001
  2.0069786e-001
  2.0314378e-001
  2.0258825e-001
  1.9993346e-001
  1.9615187e-001
  1.9219193e-001
  1.8888596e-001
  1.8687052e-001
  1.8652771e-001
  1.8795434e-001
  1.9096223e-001
  1.9510939e-001
  1.9975842e-001
  2.0415462e-001
  2.0751448e-001
  2.0911342e-001
  2.0836219e-001
  2.0486254e-001
  1.9843565e-001
  1.8912055e-001
  1.7714348e-001
  1.6286349e-001
  1.4670262e-001
  1.2907123e-001
  1.1029999e-001
  9.0589044e-002
  6.9982585e-002
  4.8373751e-002
  2.5540116e-002
  1.2058424e-003
 -2.4877705e-002
 -5.2844094e-002
 -8.2629576e-002
 -1.1390923e-001
 -1.4606234e-001
 -1.7817451e-001
 -2.0907916e-001
 -2.3743611e-001
 -2.6183966e-001
 -2.8094429e-001
 -2.9359343e-001
 -2.9893546e-001
 -2.9651232e-001
 -2.8630898e-001
 -2.6875672e-001
 -2.4468898e-001
 -2.1525418e-001
 -1.8179602e-001
 -1.4571562e-001
 -1.0833273e-001
 -7.0763370e-002
 -3.3829446e-002
  1.9883179e-003
  3.6548285e-002
  6.9997364e-002
  1.0267922e-001
  1.3501406e-001
  1.6736689e-001
  1.9992281e-001
  2.3258749e-001
  2.6492749e-001
  2.9616032e-001
  3.2519721e-001
  3.5073462e-001
  3.7138380e-001
  3.8582219e-001
  3.9294728e-001
  3.9201265e-001
  3.8272788e-001
  3.6530852e-001
  3.4046848e-001
  3.0935485e-001
  2.7343266e-001
  2.3433367e-001
  1.9368851e-001
  1.5296335e-001
  1.1332233e-001
  7.5533364e-002
  3.9929269e-002
  6.4288424e-003
 -2.5385617e-002
 -5.6145607e-002
 -8.6546012e-002
 -1.1718842e-001
 -1.4844068e-001
 -1.8033314e-001
 -2.1250714e-001
 -2.4422440e-001
 -2.7443709e-001
 -3.0191040e-001
 -3.2538135e-001
 -3.4373234e-001
 -3.5615513e-001
 -3.6228164e-001
 -3.6226182e-001
 -3.5677535e-001
 -3.4697291e-001
 -3.3435170e-001
 -3.2057964e-001
 -3.0728934e-001
 -2.9586831e-001
 -2.8727272e-001
 -2.8189017e-001
 -2.7947093e-001
 -2.7913904e-001
 -2.7948426e-001
 -2.7872576e-001
 -2.7492880e-001
 -2.6624845e-001
 -2.5117059e-001
 -2.2871982e-001
 -1.9860814e-001
 -1.6130474e-001
 -1.1801730e-001
 -7.0586081e-002
 -2.1302955e-002
  2.7323021e-002
  7.2825053e-002
  1.1303158e-001
  1.4628209e-001
  1.7157981e-001
  1.8866346e-001
  1.9799052e-001
  2.0063558e-001
  1.9811838e-001
  1.9218463e-001
  1.8456847e-001
  1.7676772e-001
  1.6986043e-001
  1.6438603e-001
  1.6030513e-001
  1.5704177e-001
  1.5360082e-001
  1.4874343e-001
  1.4119584e-001
  1.2986267e-001
  1.1401550e-001
  9.3430998e-002
  6.8459971e-002
  4.0017947e-002
  9.4985572e-003
 -2.1378692e-002
 -5.0765961e-002
 -7.6903635e-002
 -9.8327230e-002
 -1.1403739e-001
 -1.2361081e-001
 -1.2723792e-001
 -1.2568299e-001
 -1.2017277e-001
 -1.1222910e-001
 -1.0346838e-001
 -9.5395015e-002
 -8.9216314e-002
 -8.5703270e-002
 -8.5115186e-002
 -8.7197177e-002
 -9.1249640e-002
 -9.6258919e-002
 -1.0107009e-001
 -1.0457713e-001
 -1.0590341e-001
 -1.0454695e-001
 -1.0046968e-001
 -9.4117809e-002
 -8.6369774e-002
 -7.8418256e-002
 -7.1601939e-002
 -6.7209565e-002
 -6.6282893e-002
 -6.9445537e-002
 -7.6781425e-002
 -8.7780221e-002
 -1.0135829e-001
 -1.1595393e-001
 -1.2968580e-001
 -1.4055527e-001
 -1.4666762e-001
 -1.4644465e-001
 -1.3880236e-001
 -1.2327195e-001
 -1.0004981e-001
 -6.9971233e-002
 -3.4412394e-002
  4.8658711e-003
  4.5911917e-002
  8.6789781e-002
  1.2577245e-001
  1.6149840e-001
  1.9307344e-001
  2.2010749e-001
  2.4268493e-001
  2.6127584e-001
  2.7660318e-001
  2.8948627e-001
  3.0068359e-001
  3.1075680e-001
  3.1997478e-001
  3.2826972e-001
  3.3524998e-001
  3.4026605e-001
  3.4251854e-001
  3.4119136e-001
  3.3558976e-001
  3.2526294e-001
  3.1009292e-001
  2.9033694e-001
  2.6661719e-001
  2.3985929e-001
  2.1118862e-001
  1.8179909e-001
  1.5281334e-001
  1.2515410e-001
  9.9445048e-002
  7.5955004e-002
  5.4593228e-002
  3.4956149e-002
  1.6418500e-002
 -1.7445786e-003
 -2.0222363e-002
 -3.9540205e-002
 -5.9957019e-002
 -8.1404076e-002
 -1.0347476e-001
 -1.2546777e-001
 -1.4647858e-001
 -1.6552701e-001
 -1.8170337e-001
 -1.9431260e-001
 -2.0299555e-001
 -2.0780938e-001
 -2.0925395e-001
 -2.0823825e-001
 -2.0598886e-001
 -2.0391005e-001
 -2.0341183e-001
 -2.0572694e-001
 -2.1173927e-001
 -2.2184565e-001
 -2.3586866e-001
 -2.5303231e-001
 -2.7200469e-001
 -2.9100364e-001
 -3.0795379e-001
 -3.2067754e-001
 -3.2709829e-001
 -3.2543373e-001
 -3.1435794e-001
 -2.9311610e-001
 -2.6158091e-001
 -2.2024776e-001
 -1.7017251e-001
 -1.1286267e-001
 -5.0137274e-002
  1.6026057e-002
  8.3638701e-002
  1.5082679e-001
  2.1592313e-001
  2.7751871e-001
  3.3447326e-001
  3.8589017e-001
  4.3106571e-001
  4.6942541e-001
  5.0046145e-001
  5.2368377e-001
  5.3859439e-001
  5.4469033e-001
  5.4149522e-001
  5.2861499e-001
  5.0580855e-001
  4.7306220e-001
  4.3065482e-001
  3.7920275e-001
  3.1967501e-001
  2.5337446e-001
  1.8188451e-001
  1.0698619e-001
  3.0554445e-002
 -4.5554705e-002
 -1.1961315e-001
 -1.9011340e-001
 -2.5583494e-001
 -3.1587769e-001
 -3.6966067e-001
 -4.1688851e-001
 -4.5749269e-001
 -4.9155769e-001
 -5.1924371e-001
 -5.4071761e-001
 -5.5610225e-001
 -5.6545087e-001
 -5.6874942e-001
 -5.6594529e-001
 -5.5699654e-001
 -5.4193289e-001
 -5.2091755e-001
 -4.9429886e-001
 -4.6264203e-001
 -4.2673418e-001
 -3.8755958e-001
 -3.4624645e-001
 -3.0399070e-001
 -2.6196566e-001
 -2.2122867e-001
 -1.8263651e-001
 -1.4678030e-001
 -1.1394814e-001
 -8.4120378e-002
 -5.6997677e-002
 -3.2058228e-002
 -8.6363886e-003
  1.3987477e-002
  3.6497498e-002
  5.9464292e-002
  8.3287737e-002
  1.0816671e-001
  1.3409803e-001
  1.6090269e-001
  1.8827366e-001
  2.1583673e-001
  2.4321388e-001
  2.7007905e-001
  2.9619699e-001
  3.2143904e-001
  3.4577285e-001
  3.6922747e-001
  3.9183866e-001
  4.1358272e-001
  4.3430897e-001
  4.5368165e-001
  4.7114113e-001
  4.8589188e-001
  4.9692156e-001
  5.0305151e-001
  5.0301492e-001
  4.9555542e-001
  4.7953641e-001
  4.5404965e-001
  4.1851218e-001
  3.7274147e-001
  3.1700185e-001
  2.5201786e-001
  1.7895444e-001
  9.9366799e-002
  1.5126099e-002
 -7.1671372e-002
 -1.5880270e-001
 -2.4401623e-001
 -3.2512173e-001
 -4.0006777e-001
 -4.6700375e-001
 -5.2432604e-001
 -5.7071003e-001
 -6.0513088e-001
 -6.2687628e-001
 -6.3555421e-001
 -6.3109771e-001
 -6.1376700e-001
 -5.8414789e-001
 -5.4314414e-001
 -4.9196051e-001
 -4.3207320e-001
 -3.6518546e-001
 -2.9316722e-001
 -2.1798021e-001
 -1.4159204e-001
 -6.5884985e-002
  7.4329179e-003
  7.6906297e-002
  1.4139223e-001
  2.0009471e-001
  2.5256949e-001
  2.9869807e-001
  3.3863342e-001
  3.7272311e-001
  4.0141870e-001
  4.2518229e-001
  4.4440128e-001
  4.5932215e-001
  4.7001158e-001
  4.7634993e-001
  4.7805812e-001
  4.7475471e-001
  4.6603571e-001
  4.5156705e-001
  4.3117719e-001
  4.0493762e-001
  3.7321994e-001
  3.3672099e-001
  2.9645155e-001
  2.5368833e-001
  2.0989363e-001
  1.6661102e-001
  1.2534823e-001
  8.7460013e-002
  5.4043561e-002
  2.5857580e-002
  3.2729569e-003
 -1.3740787e-002
 -2.5593405e-002
 -3.3020406e-002
 -3.7005682e-002
 -3.8690133e-002
 -3.9276940e-002
 -3.9943589e-002
 -4.1768819e-002
 -4.5679802e-002
 -5.2421491e-002
 -6.2546649e-002
 -7.6422210e-002
 -9.4245651e-002
 -1.1606427e-001
 -1.4179077e-001
 -1.7121030e-001
 -2.0397642e-001
 -2.3959687e-001
 -2.7741244e-001
 -3.1657512e-001
 -3.5603284e-001
 -3.9452843e-001
 -4.3061924e-001
 -4.6272155e-001
 -4.8918055e-001
 -5.0836307e-001
 -5.1876631e-001
 -5.1913306e-001
 -5.0856172e-001
 -4.8659903e-001
 -4.5330440e-001
 -4.0927728e-001
 -3.5564294e-001
 -2.9399626e-001
 -2.2630820e-001
 -1.5480361e-001
 -8.1822388e-002
 -9.6778639e-003
  5.9473679e-002
  1.2374009e-001
  1.8156784e-001
  2.3177909e-001
  2.7357117e-001
  3.0648303e-001
  3.3033734e-001
  3.4516917e-001
  3.5115378e-001
  3.4854491e-001
  3.3763280e-001
  3.1872761e-001
  2.9216940e-001
  2.5836123e-001
  2.1781819e-001
  1.7122184e-001
  1.1946863e-001
  6.3700855e-002
  5.3110323e-003
 -5.4085859e-002
 -1.1271343e-001
 -1.6872438e-001
 -2.2031218e-001
 -2.6583209e-001
 -3.0391773e-001
 -3.3357921e-001
 -3.5427059e-001
 -3.6591793e-001
 -3.6890376e-001
 -3.6400932e-001
 -3.5232118e-001
 -3.3511327e-001
 -3.1371849e-001
 -2.8940559e-001
 -2.6327581e-001
 -2.3619144e-001
 -2.0874397e-001
 -1.8126422e-001
 -1.5387110e-001
 -1.2655053e-001
 -9.9251805e-002
 -7.1986478e-002
 -4.4914354e-002
 -1.8403012e-002
  6.9491416e-003
  3.0331226e-002
  5.0778885e-002
  6.7267413e-002
  7.8827641e-002
  8.4669741e-002
  8.4298675e-002
  7.7605634e-002
  6.4922595e-002
  4.7031557e-002
  2.5125639e-002
  7.2523479e-004
 -2.4441985e-002
 -4.8583893e-002
 -6.9993454e-002
 -8.7188153e-002
 -9.9023880e-002
 -1.0477121e-001
 -1.0414685e-001
 -9.7298745e-002
 -8.4748995e-002
 -6.7303994e-002
 -4.5944717e-002
 -2.1712201e-002
  4.3969712e-003
  3.1512401e-002
  5.8939824e-002
  8.6175140e-002
  1.1288371e-001
  1.3885110e-001
  1.6391545e-001
  1.8789418e-001
  2.1051829e-001
  2.3138627e-001
  2.4994656e-001
  2.6551323e-001
  2.7731446e-001
  2.8456857e-001
  2.8657791e-001
  2.8282822e-001
  2.7307962e-001
  2.5743617e-001
  2.3638350e-001
  2.1078780e-001
  1.8185448e-001
  1.5104982e-001
  1.1999382e-001
  9.0335962e-002
  6.3627821e-002
  4.1206700e-002
  2.4102947e-002
  1.2980435e-002
  8.1153336e-003
  9.4133754e-003
  1.6461001e-002
  2.8601653e-002
  4.5025704e-002
  6.4861299e-002
  8.7254057e-002
  1.1142577e-001
  1.3670585e-001
  1.6253370e-001
  1.8843448e-001
  2.1397525e-001
  2.3871086e-001
  2.6213108e-001
  2.8362002e-001
  3.0243695e-001
  3.1772489e-001
  3.2854876e-001
  3.3396044e-001
  3.3308421e-001
  3.2521211e-001
  3.0989729e-001
  2.8703261e-001
  2.5690346e-001
  2.2020644e-001
  1.7802964e-001
  1.3179506e-001
  8.3168281e-002
  3.3944548e-002
 -1.4076442e-002
 -5.9213731e-002
 -1.0001308e-001
 -1.3532871e-001
 -1.6437109e-001
 -1.8671764e-001
 -2.0228762e-001
 -2.1128708e-001
 -2.1413322e-001
 -2.1136968e-001
 -2.0358489e-001
 -1.9134456e-001
 -1.7514681e-001
 -1.5540478e-001
 -1.3245714e-001
 -1.0660296e-001
 -7.8153364e-002
 -4.7490025e-002
 -1.5119409e-002
  1.8287880e-002
  5.1881216e-002
  8.4642791e-002
  1.1543036e-001
  1.4304669e-001
  1.6632848e-001
  1.8424453e-001
  1.9599102e-001
  2.0107175e-001
  1.9935252e-001
  1.9108192e-001
  1.7687445e-001
  1.5765701e-001
  1.3458368e-001
  1.0892822e-001
  8.1966141e-002
  5.4859679e-002
  2.8558702e-002
  3.7285450e-003
 -1.9287432e-002
 -4.0467024e-002
 -6.0071192e-002
 -7.8574413e-002
 -9.6572595e-002
 -1.1468028e-001
 -1.3342991e-001
 -1.5318529e-001
 -1.7407956e-001
 -1.9598446e-001
 -2.1851386e-001
 -2.4106028e-001
 -2.6285903e-001
 -2.8307156e-001
 -3.0087741e-001
 -3.1556349e-001
 -3.2660029e-001
 -3.3369644e-001
 -3.3682591e-001
 -3.3622592e-001
 -3.3236701e-001
 -3.2590007e-001
 -3.1758755e-001
 -3.0822758e-001
 -2.9858015e-001
 -2.8930333e-001
 -2.8090606e-001
 -2.7372120e-001
 -2.6790006e-001
 -2.6342643e-001
 -2.6014634e-001
 -2.5780756e-001
 -2.5610278e-001
 -2.5471006e-001
 -2.5332560e-001
 -2.5168529e-001
 -2.4957393e-001
 -2.4682272e-001
 -2.4329782e-001
 -2.3888391e-001
 -2.3346740e-001
 -2.2692382e-001
 -2.1911281e-001
 -2.0988307e-001
 -1.9908752e-001
 -1.8660712e-001
 -1.7238019e-001
 -1.5643298e-001
 -1.3890630e-001
 -1.2007374e-001
 -1.0034745e-001
 -8.0269042e-002
 -6.0485219e-002
 -4.1709486e-002
 -2.4673302e-002
 -1.0071483e-002
  1.4924591e-003
  9.5551963e-003
  1.3831374e-002
  1.4236268e-002
  1.0890967e-002
  4.1097709e-003
 -5.6284765e-003
 -1.7721628e-002
 -3.1493201e-002
 -4.6243541e-002
 -6.1297646e-002
 -7.6044792e-002
 -8.9966368e-002
 -1.0265001e-001
 -1.1378992e-001
 -1.2317513e-001
 -1.3066886e-001
 -1.3618308e-001
 -1.3965298e-001
 -1.4101555e-001
 -1.4019580e-001
 -1.3710274e-001
 -1.3163574e-001
 -1.2370018e-001
 -1.1322981e-001
 -1.0021218e-001
 -8.4712872e-002
 -6.6894191e-002
 -4.7024820e-002
 -2.5477776e-002
 -2.7157626e-003
  2.0735385e-002
  4.4322786e-002
  6.7508324e-002
  8.9811419e-002
  1.1084761e-001
  1.3035802e-001
  1.4822579e-001
  1.6447668e-001
  1.7926325e-001
  1.9283364e-001
  2.0548799e-001
  2.1752721e-001
  2.2919976e-001
  2.4065274e-001
  2.5189330e-001
  2.6276535e-001
  2.7294527e-001
  2.8195810e-001
  2.8921352e-001
  2.9405895e-001
  2.9584470e-001
  2.9399507e-001
  2.8807811e-001
  2.7786672e-001
  2.6338462e-001
  2.4493183e-001
  2.2308634e-001
  1.9868121e-001
  1.7275826e-001
  1.4650253e-001
  1.2116300e-001
  9.7966972e-002
  7.8035734e-002
  6.2309246e-002
  5.1486573e-002
  4.5987106e-002
  4.5935543e-002
  5.1171161e-002
  6.1279485e-002
  7.5642243e-002
  9.3499824e-002
  1.1401936e-001
  1.3636133e-001
  1.5973799e-001
  1.8345831e-001
  2.0695576e-001
  2.2979755e-001
  2.5167615e-001
  2.7238591e-001
  2.9178960e-001
  3.0978028e-001
  3.2624473e-001
  3.4103390e-001
  3.5394486e-001
  3.6471700e-001
  3.7304322e-001
  3.7859455e-001
  3.8105494e-001
  3.8016130e-001
  3.7574296e-001
  3.6775484e-001
  3.5629895e-001
  3.4163066e-001
  3.2414766e-001
  3.0436216e-001
  2.8285885e-001
  2.6024339e-001
  2.3708724e-001
  2.1387593e-001
  1.9096698e-001
  1.6856347e-001
  1.4670670e-001
  1.2528973e-001
  1.0409052e-001
  8.2821137e-002
  6.1187178e-002
  3.8950122e-002
  1.5984635e-002
 -7.6767457e-003
 -3.1817882e-002
 -5.6036425e-002
 -7.9765809e-002
 -1.0232033e-001
 -1.2295892e-001
 -1.4096082e-001
 -1.5570463e-001
 -1.6674155e-001
 -1.7385408e-001
 -1.7709272e-001
 -1.7678576e-001
 -1.7352010e-001
 -1.6809423e-001
 -1.6144793e-001
 -1.5457565e-001
 -1.4843253e-001
 -1.4384304e-001
 -1.4142173e-001
 -1.4151453e-001
 -1.4416656e-001
 -1.4911969e-001
 -1.5583981e-001
 -1.6357064e-001
 -1.7140811e-001
 -1.7838761e-001
 -1.8357501e-001
 -1.8615262e-001
 -1.8549196e-001
 -1.8120730e-001
 -1.7318592e-001
