 -1.3554532e-001
 -1.5247806e-001
 -1.7097273e-001
 -1.9073808e-001
 -2.1211232e-001
 -2.3527606e-001
 -2.6064612e-001
 -2.8839357e-001
 -3.1873151e-001
 -3.5153011e-001
 -3.8656739e-001
 -4.2326575e-001
 -4.6094563e-001
 -4.9863681e-001
 -5.3532810e-001
 -5.6983820e-001
 -6.0106311e-001
 -6.2788190e-001
 -6.4939569e-001
 -6.6486140e-001
 -6.7388037e-001
 -6.7630565e-001
 -6.7242132e-001
 -6.6278750e-001
 -6.4832247e-001
 -6.3011651e-001
 -6.0945543e-001
 -5.8758157e-001
 -5.6569831e-001
 -5.4477016e-001
 -5.2552256e-001
 -5.0830583e-001
 -4.9318728e-001
 -4.7986683e-001
 -4.6780393e-001
 -4.5620444e-001
 -4.4416986e-001
 -4.3070413e-001
 -4.1488593e-001
 -3.9587303e-001
 -3.7303357e-001
 -3.4591810e-001
 -3.1435599e-001
 -2.7842114e-001
 -2.3849324e-001
 -1.9516463e-001
 -1.4924856e-001
 -1.0167320e-001
 -5.3483136e-002
 -5.7218602e-003
  4.0570703e-002
  8.4469708e-002
  1.2514951e-001
  1.6197864e-001
  1.9450250e-001
  2.2249677e-001
  2.4588062e-001
  2.6469305e-001
  2.7900340e-001
  2.8892637e-001
  2.9454295e-001
  2.9592537e-001
  2.9307746e-001
  2.8597018e-001
  2.7451935e-001
  2.5865952e-001
  2.3835168e-001
  2.1367095e-001
  1.8480625e-001
  1.5214879e-001
  1.1628237e-001
  7.8018799e-002
  3.8350901e-002
 -1.5404123e-003
 -4.0360137e-002
 -7.6720765e-002
 -1.0922925e-001
 -1.3654676e-001
 -1.5750051e-001
 -1.7114921e-001
 -1.7688618e-001
 -1.7444584e-001
 -1.6392431e-001
 -1.4575902e-001
 -1.2071164e-001
 -8.9779100e-002
 -5.4142882e-002
 -1.5012550e-002
  2.6449241e-002
  6.9212623e-002
  1.1238867e-001
  1.5527614e-001
  1.9737089e-001
  2.3836954e-001
  2.7815741e-001
  3.1683468e-001
  3.5463761e-001
  3.9191459e-001
  4.2904969e-001
  4.6640563e-001
  5.0426147e-001
  5.4271237e-001
  5.8164062e-001
  6.2071892e-001
  6.5938986e-001
  6.9691896e-001
  7.3245113e-001
  7.6510758e-001
  7.9403493e-001
  8.1851525e-001
  8.3800712e-001
  8.5221030e-001
  8.6106275e-001
  8.6477741e-001
  8.6378858e-001
  8.5874409e-001
  8.5041866e-001
  8.3966562e-001
  8.2730793e-001
  8.1406424e-001
  8.0043694e-001
  7.8666026e-001
  7.7266832e-001
  7.5813063e-001
  7.4247961e-001
  7.2498830e-001
  7.0483907e-001
  6.8120287e-001
  6.5329538e-001
  6.2049221e-001
  5.8237006e-001
  5.3877596e-001
  4.8984849e-001
  4.3607903e-001
  3.7831322e-001
  3.1773556e-001
  2.5581214e-001
  1.9426658e-001
  1.3496536e-001
  7.9817781e-002
  3.0626858e-002
 -1.1000709e-002
 -4.3759636e-002
 -6.6718866e-002
 -7.9407676e-002
 -8.1840696e-002
 -7.4541642e-002
 -5.8470431e-002
 -3.4980284e-002
 -5.7043676e-003
  2.7523499e-002
  6.2814887e-002
  9.8351749e-002
  1.3252819e-001
  1.6402581e-001
  1.9188517e-001
  2.1548869e-001
  2.3456274e-001
  2.4910513e-001
  2.5933286e-001
  2.6558680e-001
  2.6828343e-001
  2.6784965e-001
  2.6468389e-001
  2.5911205e-001
  2.5135580e-001
  2.4152333e-001
  2.2963193e-001
  2.1562046e-001
  1.9938946e-001
  1.8081235e-001
  1.5979034e-001
  1.3627445e-001
  1.1029872e-001
  8.1974992e-002
  5.1504933e-002
  1.9154217e-002
 -1.4770009e-002
 -4.9916647e-002
 -8.5904478e-002
 -1.2234687e-001
 -1.5886620e-001
 -1.9513520e-001
 -2.3087950e-001
 -2.6590873e-001
 -3.0010649e-001
 -3.3348478e-001
 -3.6617752e-001
 -3.9843399e-001
 -4.3059503e-001
 -4.6305745e-001
 -4.9617325e-001
 -5.3020902e-001
 -5.6524967e-001
 -6.0115239e-001
 -6.3752836e-001
 -6.7374008e-001
 -7.0890820e-001
 -7.4196839e-001
 -7.7172077e-001
 -7.9687657e-001
 -8.1612250e-001
 -8.2821586e-001
 -8.3205120e-001
 -8.2673879e-001
 -8.1172138e-001
 -7.8687624e-001
 -7.5250862e-001
 -7.0935417e-001
 -6.5853371e-001
 -6.0148515e-001
 -5.3986034e-001
 -4.7542458e-001
 -4.0990986e-001
 -3.4497656e-001
 -2.8211848e-001
 -2.2262697e-001
 -1.6754762e-001
 -1.1766587e-001
 -7.3501530e-002
 -3.5333929e-002
 -3.2290133e-003
  2.2907723e-002
  4.3282295e-002
  5.8135935e-002
  6.7692086e-002
  7.2117242e-002
  7.1532425e-002
  6.6005670e-002
  5.5661840e-002
  4.0717103e-002
  2.1555169e-002
 -1.2668103e-003
 -2.7024886e-002
 -5.4827225e-002
 -8.3652992e-002
 -1.1241885e-001
 -1.4002456e-001
 -1.6546484e-001
 -1.8788079e-001
 -2.0659966e-001
 -2.2118063e-001
 -2.3142210e-001
 -2.3740878e-001
 -2.3953943e-001
 -2.3848968e-001
 -2.3518130e-001
 -2.3072882e-001
 -2.2637100e-001
 -2.2337787e-001
 -2.2295748e-001
 -2.2614386e-001
 -2.3372332e-001
 -2.4615349e-001
 -2.6353303e-001
 -2.8558389e-001
 -3.1166342e-001
 -3.4082683e-001
 -3.7190269e-001
 -4.0355797e-001
 -4.3440325e-001
 -4.6307147e-001
 -4.8821359e-001
 -5.0855304e-001
 -5.2296547e-001
 -5.3047518e-001
 -5.3029499e-001
 -5.2184326e-001
 -5.0480240e-001
 -4.7916501e-001
 -4.4528631e-001
 -4.0388249e-001
 -3.5596743e-001
 -3.0283734e-001
 -2.4598151e-001
 -1.8701082e-001
 -1.2758237e-001
 -6.9302946e-002
 -1.3684327e-002
  3.7953275e-002
  8.4556536e-002
  1.2540101e-001
  1.6008028e-001
  1.8853053e-001
  2.1088848e-001
  2.2739561e-001
  2.3827558e-001
  2.4367117e-001
  2.4359519e-001
  2.3792252e-001
  2.2641065e-001
  2.0880054e-001
  1.8486848e-001
  1.5452248e-001
  1.1788302e-001
  7.5389248e-002
  2.7859279e-002
 -2.3468890e-002
 -7.6962457e-002
 -1.3064873e-001
 -1.8232257e-001
 -2.2970037e-001
 -2.7054486e-001
 -3.0278774e-001
 -3.2466792e-001
 -3.3484536e-001
 -3.3255525e-001
 -3.1757703e-001
 -2.9035682e-001
 -2.5193261e-001
 -2.0389394e-001
 -1.4832737e-001
 -8.7692565e-002
 -2.4668489e-002
  3.7974094e-002
  9.7599388e-002
  1.5183349e-001
  1.9876854e-001
  2.3702717e-001
  2.6589152e-001
  2.8538712e-001
  2.9624919e-001
  2.9987024e-001
  2.9817465e-001
  2.9344855e-001
  2.8817359e-001
  2.8481770e-001
  2.8564655e-001
  2.9256222e-001
  3.0688172e-001
  3.2919232e-001
  3.5939280e-001
  3.9673797e-001
  4.3995110e-001
  4.8725690e-001
  5.3668778e-001
  5.8623596e-001
  6.3407929e-001
  6.7873124e-001
  7.1917479e-001
  7.5491671e-001
  7.8604961e-001
  8.1319469e-001
  8.3743142e-001
  8.6012331e-001
  8.8269839e-001
  9.0645831e-001
  9.3238840e-001
  9.6104580e-001
  9.9237796e-001
  1.0256860e+000
  1.0596099e+000
  1.0922355e+000
  1.1212142e+000
  1.1440019e+000
  1.1579524e+000
  1.1606054e+000
  1.1499120e+000
  1.1243437e+000
  1.0830953e+000
  1.0261904e+000
  9.5456373e-001
  8.7006368e-001
  7.7528346e-001
  6.7348343e-001
  5.6836207e-001
  4.6384819e-001
  3.6386714e-001
  2.7208100e-001
  1.9166268e-001
  1.2511312e-001
  7.4100201e-002
  3.9354892e-002
  2.0666269e-002
  1.6909944e-002
  2.6194349e-002
  4.6020877e-002
  7.3513271e-002
  1.0562320e-001
  1.3938030e-001
  1.7203597e-001
  2.0122302e-001
  2.2500184e-001
  2.4198256e-001
  2.5141763e-001
  2.5318890e-001
  2.4771707e-001
  2.3575888e-001
  2.1841636e-001
  1.9702391e-001
  1.7286165e-001
  1.4703374e-001
  1.2035607e-001
  9.3336251e-002
  6.6103195e-002
  3.8572398e-002
  1.0353046e-002
 -1.9218202e-002
 -5.0967542e-002
 -8.5738129e-002
 -1.2425117e-001
 -1.6696179e-001
 -2.1394329e-001
 -2.6483056e-001
 -3.1882082e-001
 -3.7464854e-001
 -4.3062063e-001
 -4.8483307e-001
 -5.3516375e-001
 -5.7942881e-001
 -6.1556670e-001
 -6.4191252e-001
 -6.5701755e-001
 -6.6005285e-001
 -6.5085410e-001
 -6.3008727e-001
 -5.9921526e-001
 -5.6044800e-001
 -5.1665409e-001
 -4.7119793e-001
 -4.2774215e-001
 -3.9000339e-001
 -3.6141528e-001
 -3.4497901e-001
 -3.4307967e-001
 -3.5730703e-001
 -3.8834140e-001
 -4.3588586e-001
 -4.9867659e-001
 -5.7454365e-001
 -6.6054330e-001
 -7.5312527e-001
 -8.4833375e-001
 -9.4208865e-001
 -1.0304195e+000
 -1.1095227e+000
 -1.1760883e+000
 -1.2274521e+000
 -1.2616531e+000
 -1.2774692e+000
 -1.2744197e+000
 -1.2527437e+000
 -1.2133087e+000
 -1.1575254e+000
 -1.0872710e+000
 -1.0047353e+000
 -9.1233613e-001
 -8.1257779e-001
 -7.0798992e-001
 -6.0096742e-001
 -4.9375442e-001
 -3.8838194e-001
 -2.8657100e-001
 -1.8991231e-001
 -9.9713607e-002
 -1.7039752e-002
  5.7158397e-002
  1.2209998e-001
  1.7706417e-001
  2.2144380e-001
  2.5467687e-001
  2.7627322e-001
  2.8587598e-001
  2.8333072e-001
  2.6878082e-001
  2.4276779e-001
  2.0626938e-001
  1.6079486e-001
  1.0835830e-001
  5.1459902e-002
 -6.9714916e-003
 -6.3752723e-002
 -1.1558235e-001
 -1.5923992e-001
 -1.9179385e-001
 -2.1081617e-001
 -2.1456514e-001
 -2.0212802e-001
 -1.7351948e-001
 -1.2971947e-001
 -7.2661758e-002
 -5.1326219e-003
  6.9402593e-002
  1.4699434e-001
  2.2343535e-001
  2.9453254e-001
  3.5634786e-001
  4.0542503e-001
  4.3899107e-001
  4.5511660e-001
  4.5279462e-001
  4.3199875e-001
  3.9363519e-001
  3.3947337e-001
  2.7198318e-001
  1.9425212e-001
  1.0977879e-001
  2.2255924e-002
 -6.4639688e-002
 -1.4742069e-001
 -2.2297718e-001
 -2.8868482e-001
 -3.4248802e-001
 -3.8295080e-001
 -4.0924758e-001
 -4.2108988e-001
 -4.1862829e-001
 -4.0238204e-001
 -3.7315877e-001
 -3.3198371e-001
 -2.8005494e-001
 -2.1865969e-001
 -1.4917408e-001
 -7.3035407e-002
  8.2350444e-003
  9.3016668e-002
  1.7955488e-001
  2.6595549e-001
  3.5018192e-001
  4.3008851e-001
  5.0346464e-001
  5.6811785e-001
  6.2196848e-001
  6.6315009e-001
  6.9010493e-001
  7.0168223e-001
  6.9721026e-001
  6.7658090e-001
  6.4028177e-001
  5.8942592e-001
  5.2571760e-001
  4.5141187e-001
  3.6919811e-001
  2.8210198e-001
  1.9333351e-001
  1.0613046e-001
  2.3602878e-002
 -5.1423578e-002
 -1.1654870e-001
 -1.6990502e-001
 -2.1023161e-001
 -2.3695494e-001
 -2.5020850e-001
 -2.5077970e-001
 -2.4003955e-001
 -2.1980554e-001
 -1.9223448e-001
 -1.5970034e-001
 -1.2459892e-001
 -8.9188046e-002
 -5.5461574e-002
 -2.5029068e-002
  9.3937911e-004
  2.1758742e-002
  3.7233184e-002
  4.7617350e-002
  5.3557136e-002
  5.5992774e-002
  5.6071541e-002
  5.5027010e-002
  5.4053987e-002
  5.4257273e-002
  5.6564968e-002
  6.1700140e-002
  7.0128129e-002
  8.2095185e-002
  9.7680736e-002
  1.1685684e-001
  1.3954466e-001
  1.6568095e-001
  1.9524221e-001
  2.2826008e-001
  2.6478823e-001
  3.0495848e-001
  3.4894056e-001
  3.9689788e-001
  4.4891559e-001
  5.0492726e-001
  5.6465285e-001
  6.2754992e-001
  6.9276072e-001
  7.5915009e-001
  8.2529796e-001
  8.8949135e-001
  9.4978105e-001
  1.0040800e+000
  1.0502809e+000
  1.0863576e+000
  1.1104670e+000
  1.1210619e+000
  1.1169775e+000
  1.0975182e+000
  1.0625219e+000
  1.0124104e+000
  9.4820867e-001
  8.7153248e-001
  7.8449449e-001
  6.8958335e-001
  5.8952944e-001
  4.8716337e-001
  3.8524571e-001
  2.8631805e-001
  1.9266849e-001
  1.0617431e-001
  2.8244943e-002
 -4.0190720e-002
 -9.8684197e-002
 -1.4719745e-001
 -1.8611291e-001
 -2.1612433e-001
 -2.3817680e-001
 -2.5335350e-001
 -2.6274636e-001
 -2.6737902e-001
 -2.6814244e-001
 -2.6574839e-001
 -2.6071897e-001
 -2.5343155e-001
 -2.4413387e-001
 -2.3297644e-001
 -2.2004947e-001
 -2.0542908e-001
 -1.8924460e-001
 -1.7172529e-001
 -1.5323380e-001
 -1.3428044e-001
 -1.1551362e-001
 -9.7687698e-002
 -8.1619096e-002
 -6.8124187e-002
 -5.7950654e-002
 -5.1647644e-002
 -4.9509844e-002
 -5.1533617e-002
 -5.7404131e-002
 -6.6501571e-002
 -7.7929827e-002
 -9.0606371e-002
 -1.0334898e-001
 -1.1499738e-001
 -1.2454949e-001
 -1.3126312e-001
 -1.3476118e-001
 -1.3511216e-001
 -1.3281876e-001
 -1.2880426e-001
 -1.2436957e-001
 -1.2108824e-001
 -1.2072433e-001
 -1.2510966e-001
 -1.3602765e-001
 -1.5507925e-001
 -1.8356292e-001
 -2.2237252e-001
 -2.7191350e-001
 -3.3204342e-001
 -4.0206353e-001
 -4.8074535e-001
 -5.6638147e-001
 -6.5686588e-001
 -7.4980395e-001
 -8.4264058e-001
 -9.3277599e-001
 -1.0176978e+000
 -1.0950707e+000
 -1.1628450e+000
 -1.2193234e+000
 -1.2632060e+000
 -1.2936222e+000
 -1.3101272e+000
 -1.3126689e+000
 -1.3015590e+000
 -1.2774183e+000
 -1.2411143e+000
 -1.1937147e+000
 -1.1363950e+000
 -1.0704090e+000
 -9.9701789e-001
 -9.1745379e-001
 -8.3291027e-001
 -7.4455723e-001
 -6.5354891e-001
 -5.6103789e-001
 -4.6816442e-001
 -3.7605724e-001
 -2.8583434e-001
 -1.9859913e-001
 -1.1543270e-001
 -3.7411263e-002
  3.4437965e-002
  9.9197761e-002
  1.5611973e-001
  2.0467528e-001
  2.4460163e-001
  2.7593997e-001
  2.9904847e-001
  3.1459429e-001
  3.2351647e-001
  3.2699026e-001
  3.2634890e-001
  3.2297345e-001
  3.1826338e-001
  3.1349689e-001
  3.0976694e-001
  3.0790143e-001
  3.0839843e-001
  3.1138705e-001
  3.1660470e-001
  3.2340607e-001
  3.3080843e-001
  3.3754494e-001
  3.4217738e-001
  3.4318543e-001
  3.3906979e-001
  3.2847658e-001
  3.1031862e-001
  2.8387373e-001
  2.4887127e-001
  2.0553808e-001
  1.5462927e-001
  9.7397290e-002
  3.5544882e-002
 -2.8859780e-002
 -9.3490215e-002
 -1.5588047e-001
 -2.1355266e-001
 -2.6414944e-001
 -3.0555846e-001
 -3.3600264e-001
 -3.5413642e-001
 -3.5910749e-001
 -3.5056076e-001
 -3.2862835e-001
 -2.9390045e-001
 -2.4736750e-001
 -1.9033533e-001
 -1.2433089e-001
 -5.0984803e-002
  2.8037534e-002
  1.1110010e-001
  1.9665849e-001
  2.8330573e-001
  3.6977368e-001
  4.5490916e-001
  5.3765838e-001
  6.1704193e-001
  6.9210024e-001
  7.6185459e-001
  8.2531449e-001
  8.8147487e-001
  9.2932228e-001
  9.6791724e-001
  9.9640352e-001
  1.0140446e+000
  1.0202805e+000
  1.0147602e+000
  9.9739301e-001
  9.6837407e-001
  9.2820548e-001
  8.7770474e-001
  8.1799327e-001
  7.5048296e-001
  6.7681955e-001
  5.9881989e-001
  5.1839286e-001
  4.3742003e-001
  3.5766673e-001
  2.8072532e-001
  2.0795694e-001
  1.4043487e-001
  7.8912651e-002
  2.3828036e-002
 -2.4689392e-002
 -6.6792420e-002
 -1.0286454e-001
 -1.3346533e-001
 -1.5926170e-001
 -1.8097069e-001
 -1.9929061e-001
 -2.1484669e-001
 -2.2815252e-001
 -2.3958053e-001
 -2.4934735e-001
 -2.5751691e-001
 -2.6400868e-001
 -2.6859891e-001
 -2.7097018e-001
 -2.7072968e-001
 -2.6746159e-001
 -2.6076236e-001
 -2.5028208e-001
 -2.3574863e-001
 -2.1699783e-001
 -1.9397552e-001
 -1.6674491e-001
 -1.3546300e-001
 -1.0037961e-001
 -6.1808152e-002
 -2.0115659e-002
  2.4299512e-002
  7.1007060e-002
  1.1954651e-001
  1.6944070e-001
  2.2021762e-001
  2.7140224e-001
  3.2251474e-001
  3.7303297e-001
  4.2235856e-001
  4.6978681e-001
  5.1450036e-001
  5.5555708e-001
  5.9190809e-001
  6.2241605e-001
  6.4590196e-001
  6.6118717e-001
  6.6716613e-001
  6.6284374e-001
  6.4739151e-001
  6.2021772e-001
  5.8102508e-001
  5.2986978e-001
  4.6719374e-001
  3.9383606e-001
  3.1103430e-001
  2.2038372e-001
  1.2378118e-001
  2.3343829e-002
 -7.8673120e-002
 -1.7996631e-001
 -2.7827438e-001
 -3.7147593e-001
 -4.5767237e-001
 -5.3527218e-001
 -6.0303904e-001
 -6.6011637e-001
 -7.0603470e-001
 -7.4068859e-001
 -7.6430535e-001
 -7.7740230e-001
 -7.8071037e-001
 -7.7509999e-001
 -7.6149843e-001
 -7.4082130e-001
 -7.1392281e-001
 -6.8157003e-001
 -6.4442710e-001
 -6.0306437e-001
 -5.5798511e-001
 -5.0966209e-001
 -4.5856354e-001
 -4.0520041e-001
 -3.5015294e-001
 -2.9409300e-001
 -2.3779417e-001
 -1.8213251e-001
 -1.2808409e-001
 -7.6704224e-002
 -2.9086867e-002
  1.3690971e-002
  5.0657858e-002
  8.1008745e-002
  1.0417570e-001
  1.1987192e-001
  1.2812784e-001
  1.2927732e-001
  1.2396074e-001
  1.1305338e-001
  9.7650827e-002
  7.8979870e-002
  5.8324087e-002
  3.6929268e-002
  1.5908006e-002
 -3.8571311e-003
 -2.1688742e-002
 -3.7249481e-002
 -5.0504758e-002
 -6.1743337e-002
 -7.1549300e-002
 -8.0757450e-002
 -9.0365960e-002
 -1.0145975e-001
 -1.1511046e-001
 -1.3228225e-001
 -1.5374976e-001
 -1.8002925e-001
 -2.1131437e-001
 -2.4744045e-001
 -2.8790022e-001
 -3.3184333e-001
 -3.7813271e-001
 -4.2542093e-001
 -4.7222493e-001
 -5.1700129e-001
 -5.5822045e-001
 -5.9447827e-001
 -6.2450361e-001
 -6.4723564e-001
 -6.6183346e-001
 -6.6769050e-001
 -6.6441844e-001
 -6.5183591e-001
 -6.2992611e-001
 -5.9881535e-001
 -5.5874290e-001
 -5.1006800e-001
 -4.5325448e-001
 -3.8889340e-001
 -3.1769855e-001
 -2.4052002e-001
 -1.5835692e-001
 -7.2367329e-002
  1.6141893e-002
  1.0573027e-001
  1.9484642e-001
  2.8186759e-001
  3.6510994e-001
  4.4290998e-001
  5.1368616e-001
  5.7599511e-001
  6.2859630e-001
  6.7050255e-001
  7.0102556e-001
  7.1980064e-001
  7.2682865e-001
  7.2245386e-001
  7.0734855e-001
  6.8249458e-001
  6.4914659e-001
  6.0875592e-001
  5.6292447e-001
  5.1334667e-001
  4.6173860e-001
  4.0975911e-001
  3.5895459e-001
  3.1070120e-001
  2.6615959e-001
  2.2623309e-001
  1.9153401e-001
  1.6237019e-001
  1.3874969e-001
  1.2038443e-001
  1.0673695e-001
  9.7071003e-002
  9.0518468e-002
  8.6146097e-002
  8.3024147e-002
  8.0271912e-002
  7.7121174e-002
  7.2961096e-002
  6.7371716e-002
  6.0133887e-002
  5.1233798e-002
  4.0852985e-002
  2.9346685e-002
  1.7208898e-002
  5.0415556e-003
 -6.4781600e-003
 -1.6631243e-002
 -2.4692448e-002
 -2.9971732e-002
 -3.1860238e-002
 -2.9852903e-002
 -2.3582358e-002
 -1.2828040e-002
  2.4876562e-003
  2.2322791e-002
  4.6510532e-002
  7.4818187e-002
  1.0692566e-001
  1.4243144e-001
  1.8082551e-001
  2.2150358e-001
  2.6374001e-001
  3.0668721e-001
  3.4937836e-001
  3.9076222e-001
  4.2970552e-001
  4.6507445e-001
  4.9574278e-001
  5.2065945e-001
  5.3887660e-001
  5.4957960e-001
  5.5212247e-001
  5.4604880e-001
  5.3110066e-001
  5.0723901e-001
  4.7465491e-001
  4.3378420e-001
  3.8530987e-001
  3.3016464e-001
  2.6950987e-001
  2.0470653e-001
  1.3727586e-001
  6.8853755e-002
  1.1204324e-003
 -6.4252495e-002
 -1.2568394e-001
 -1.8175789e-001
 -2.3128049e-001
 -2.7332616e-001
 -3.0728106e-001
 -3.3285642e-001
 -3.5005945e-001
 -3.5919240e-001
 -3.6080583e-001
 -3.5565779e-001
 -3.4464163e-001
 -3.2874996e-001
 -3.0905976e-001
 -2.8666527e-001
 -2.6265982e-001
 -2.3808735e-001
 -2.1390123e-001
 -1.9095746e-001
 -1.6999065e-001
 -1.5157971e-001
 -1.3616266e-001
 -1.2400535e-001
 -1.1521280e-001
 -1.0971365e-001
 -1.0726463e-001
 -1.0746388e-001
 -1.0977494e-001
 -1.1354891e-001
 -1.1806114e-001
 -1.2255777e-001
 -1.2631087e-001
 -1.2865163e-001
 -1.2901735e-001
 -1.2697684e-001
 -1.2225976e-001
 -1.1476333e-001
 -1.0456669e-001
 -9.1894569e-002
 -7.7103098e-002
 -6.0639717e-002
 -4.3019673e-002
 -2.4816700e-002
 -6.6729915e-003
  1.0722211e-002
  2.6618166e-002
  4.0195169e-002
  5.0619004e-002
  5.7041218e-002
  5.8635353e-002
  5.4653805e-002
  4.4465545e-002
  2.7608465e-002
  3.8328897e-003
 -2.6856978e-002
 -6.4180610e-002
 -1.0756963e-001
 -1.5615784e-001
 -2.0879311e-001
 -2.6408681e-001
 -3.2048061e-001
 -3.7631517e-001
 -4.2990476e-001
 -4.7961758e-001
 -5.2395272e-001
 -5.6164069e-001
 -5.9165406e-001
 -6.1324991e-001
 -6.2598194e-001
 -6.2971074e-001
 -6.2459120e-001
 -6.1106097e-001
 -5.8981304e-001
 -5.6176978e-001
 -5.2805318e-001
 -4.8993456e-001
 -4.4875453e-001
 -4.0585898e-001
 -3.6252832e-001
 -3.1994479e-001
 -2.7913764e-001
 -2.4097418e-001
 -2.0614102e-001
 -1.7514260e-001
 -1.4833047e-001
 -1.2591512e-001
 -1.0797527e-001
 -9.4501190e-002
 -8.5385885e-002
 -8.0424949e-002
 -7.9311973e-002
 -8.1643307e-002
 -8.6891727e-002
 -9.4421851e-002
 -1.0346829e-001
 -1.1316558e-001
 -1.2256507e-001
 -1.3068278e-001
 -1.3654332e-001
 -1.3922905e-001
 -1.3793107e-001
 -1.3201816e-001
 -1.2105735e-001
 -1.0486515e-001
 -8.3531831e-002
 -5.7423225e-002
 -2.7166124e-002
  6.3943565e-003
  4.2243508e-002
  7.9198189e-002
  1.1598242e-001
  1.5126805e-001
  1.8380431e-001
  2.1244388e-001
  2.3625121e-001
  2.5452982e-001
  2.6688233e-001
  2.7322167e-001
  2.7378463e-001
  2.6911101e-001
  2.6001691e-001
  2.4755153e-001
  2.3294135e-001
  2.1751899e-001
  2.0264543e-001
  1.8963146e-001
  1.7966264e-001
  1.7373757e-001
  1.7260882e-001
  1.7675878e-001
  1.8640172e-001
  2.0149173e-001
  2.2175953e-001
  2.4675585e-001
  2.7589326e-001
  3.0848955e-001
  3.4377827e-001
  3.8095966e-001
  4.1923232e-001
  4.5784318e-001
  4.9608733e-001
  5.3333901e-001
  5.6904606e-001
  6.0275080e-001
  6.3407456e-001
  6.6270289e-001
  6.8835814e-001
  7.1074164e-001
  7.2952649e-001
  7.4433324e-001
  7.5476312e-001
  7.6041450e-001
  7.6092440e-001
  7.5604158e-001
  7.4566137e-001
  7.2988278e-001
  7.0902637e-001
  6.8364849e-001
  6.5450828e-001
  6.2254731e-001
  5.8882513e-001
  5.5445225e-001
  5.2055368e-001
  4.8820550e-001
  4.5838049e-001
  4.3188094e-001
  4.0929661e-001
  3.9097030e-001
  3.7697409e-001
  3.6710539e-001
  3.6092564e-001
  3.5779135e-001
  3.5687610e-001
  3.5722309e-001
  3.5778732e-001
  3.5749448e-001
  3.5530035e-001
  3.5025597e-001
  3.4156423e-001
  3.2861365e-001
  3.1101411e-001
  2.8861424e-001
  2.6149377e-001
  2.2994954e-001
  1.9447026e-001
  1.5569547e-001
  1.1437801e-001
  7.1344303e-002
  2.7439765e-002
 -1.6526640e-002
 -5.9820788e-002
 -1.0179901e-001
 -1.4192490e-001
 -1.7978010e-001
 -2.1504412e-001
 -2.4749215e-001
 -2.7696765e-001
 -3.0339186e-001
 -3.2671645e-001
 -3.4691468e-001
 -3.6396756e-001
 -3.7787092e-001
 -3.8864932e-001
 -3.9630653e-001
 -4.0095348e-001
 -4.0283107e-001
 -4.0231896e-001
 -3.9994975e-001
 -3.9641832e-001
 -3.9256093e-001
 -3.8931006e-001
 -3.8763807e-001
 -3.8849453e-001
 -3.9274342e-001
 -4.0108773e-001
 -4.1402256e-001
 -4.3177944e-001
 -4.5430244e-001
 -4.8123276e-001
 -5.1192319e-001
 -5.4546663e-001
 -5.8074328e-001
 -6.1647422e-001
 -6.5129111e-001
 -6.8381306e-001
 -7.1272384e-001
 -7.3684818e-001
 -7.5522748e-001
 -7.6717803e-001
 -7.7233787e-001
 -7.7067213e-001
 -7.6247476e-001
 -7.4833282e-001
 -7.2907161e-001
 -7.0569017e-001
 -6.7928870e-001
 -6.5098436e-001
 -6.2182290e-001
 -5.9272874e-001
 -5.6446602e-001
 -5.3763663e-001
 -5.1269620e-001
 -4.8995279e-001
 -4.6958903e-001
 -4.5172925e-001
 -4.3641212e-001
 -4.2362821e-001
 -4.1331801e-001
 -4.0536467e-001
 -3.9959654e-001
 -3.9578635e-001
 -3.9364560e-001
 -3.9277993e-001
 -3.9271079e-001
 -3.9285198e-001
 -3.9252979e-001
 -3.9101080e-001
 -3.8754497e-001
 -3.8141527e-001
 -3.7198197e-001
 -3.5874561e-001
 -3.4137465e-001
 -3.1973816e-001
 -2.9392019e-001
 -2.6422082e-001
 -2.3116008e-001
 -1.9541588e-001
 -1.5780654e-001
 -1.1922236e-001
 -8.0577651e-002
 -4.2762192e-002
 -6.5772323e-003
  2.7255158e-002
  5.8132127e-002
  8.5585164e-002
  1.0928618e-001
  1.2906311e-001
  1.4488511e-001
  1.5688079e-001
  1.6531023e-001
  1.7056930e-001
  1.7310840e-001
  1.7349356e-001
  1.7231518e-001
  1.7020901e-001
  1.6780521e-001
  1.6573681e-001
  1.6461406e-001
  1.6499369e-001
  1.6735348e-001
  1.7201339e-001
  1.7915125e-001
  1.8877533e-001
  2.0071345e-001
  2.1464091e-001
  2.3010028e-001
  2.4656308e-001
  2.6347022e-001
  2.8028055e-001
  2.9654193e-001
  3.1192292e-001
  3.2622878e-001
  3.3941713e-001
  3.5158460e-001
  3.6295386e-001
  3.7376779e-001
  3.8426803e-001
  3.9463938e-001
  4.0492432e-001
  4.1499491e-001
  4.2455936e-001
  4.3317413e-001
  4.4028469e-001
  4.4528043e-001
  4.4758549e-001
  4.4670351e-001
  4.4229625e-001
  4.3422025e-001
  4.2257454e-001
  4.0767517e-001
  3.9006710e-001
  3.7048136e-001
  3.4973733e-001
  3.2870568e-001
  3.0826427e-001
  2.8925062e-001
  2.7241935e-001
  2.5838870e-001
  2.4761931e-001
  2.4039367e-001
  2.3680918e-001
  2.3678420e-001
  2.4009388e-001
  2.4639270e-001
  2.5522131e-001
  2.6604364e-001
  2.7825959e-001
  2.9120063e-001
  3.0415961e-001
  3.1643162e-001
  3.2733696e-001
  3.3626601e-001
  3.4272385e-001
  3.4634134e-001
  3.4689185e-001
  3.4430420e-001
  3.3867410e-001
  3.3024230e-001
  3.1938170e-001
  3.0659094e-001
  2.9245718e-001
  2.7762168e-001
  2.6273514e-001
  2.4843371e-001
  2.3528684e-001
  2.2376868e-001
  2.1424111e-001
  2.0693714e-001
  2.0195569e-001
  1.9927687e-001
  1.9878492e-001
  2.0027949e-001
  2.0350469e-001
  2.0816545e-001
  2.1394855e-001
  2.2054696e-001
  2.2766943e-001
  2.3503453e-001
  2.4237529e-001
  2.4942892e-001
  2.5593878e-001
  2.6164125e-001
  2.6626377e-001
  2.6949719e-001
  2.7100500e-001
  2.7041997e-001
  2.6738396e-001
  2.6157759e-001
  2.5274980e-001
  2.4074105e-001
  2.2549134e-001
  2.0705923e-001
  1.8561994e-001
  1.6143960e-001
  1.3487324e-001
  1.0635817e-001
  7.6422010e-002
  4.5674496e-002
  1.4784152e-002
 -1.5542197e-002
 -4.4582952e-002
 -7.1645684e-002
 -9.6102766e-002
 -1.1742309e-001
 -1.3519429e-001
 -1.4913796e-001
 -1.5913927e-001
 -1.6525487e-001
 -1.6770945e-001
 -1.6691193e-001
 -1.6341969e-001
 -1.5796985e-001
 -1.5138561e-001
 -1.4453291e-001
 -1.3824438e-001
 -1.3326018e-001
 -1.3015100e-001
 -1.2928607e-001
 -1.3082266e-001
 -1.3472810e-001
 -1.4080039e-001
 -1.4872092e-001
 -1.5806976e-001
 -1.6838826e-001
 -1.7922437e-001
 -1.9015946e-001
 -2.0085554e-001
 -2.1105916e-001
 -2.2060163e-001
 -2.2941327e-001
 -2.3751866e-001
 -2.4504254e-001
 -2.5218795e-001
 -2.5920989e-001
 -2.6638930e-001
 -2.7401092e-001
 -2.8231478e-001
 -2.9146876e-001
 -3.0154301e-001
 -3.1249672e-001
 -3.2420530e-001
 -3.3642419e-001
 -3.4882059e-001
 -3.6100447e-001
 -3.7252928e-001
 -3.8295723e-001
 -3.9192144e-001
 -3.9917981e-001
 -4.0464882e-001
 -4.0840880e-001
 -4.1069785e-001
 -4.1190196e-001
 -4.1252293e-001
 -4.1313424e-001
 -4.1433273e-001
 -4.1668364e-001
 -4.2065415e-001
 -4.2655831e-001
 -4.3450347e-001
 -4.4437567e-001
 -4.5585403e-001
 -4.6842287e-001
 -4.8142400e-001
 -4.9412677e-001
 -5.0575867e-001
 -5.1554828e-001
 -5.2278195e-001
 -5.2684384e-001
 -5.2722229e-001
 -5.2352348e-001
 -5.1548874e-001
 -5.0302444e-001
 -4.8620310e-001
 -4.6525246e-001
 -4.4056280e-001
 -4.1267192e-001
 -3.8223608e-001
 -3.4998779e-001
 -3.1668094e-001
 -2.8303104e-001
 -2.4965135e-001
 -2.1701778e-001
 -1.8544881e-001
 -1.5512436e-001
 -1.2609828e-001
 -9.8327109e-002
 -7.1723434e-002
 -4.6216956e-002
 -2.1801575e-002
  1.4220814e-003
  2.3231882e-002
  4.3282955e-002
  6.1140923e-002
  7.6324867e-002
  8.8348706e-002
  9.6787691e-002
  1.0135439e-001
  1.0193889e-001
  9.8643797e-002
  9.1788346e-002
  8.1900473e-002
  6.9682472e-002
  5.5961827e-002
  4.1655814e-002
  2.7703681e-002
  1.5019861e-002
  4.4378136e-003
 -3.3422957e-003
 -7.7763989e-003
 -8.5339837e-003
 -5.5008174e-003
  1.2056908e-003
  1.1237645e-002
  2.4030538e-002
  3.8836312e-002
  5.4763871e-002
  7.0840352e-002
  8.6084266e-002
  9.9603838e-002
  1.1068339e-001
  1.1882587e-001
  1.2377367e-001
  1.2546624e-001
  1.2413028e-001
  1.2022895e-001
  1.1439305e-001
  1.0737286e-001
  9.9990828e-002
  9.3124337e-002
  8.7610810e-002
  8.4206056e-002
  8.3562454e-002
  8.6209496e-002
  9.2513807e-002
  1.0266959e-001
  1.1668662e-001
  1.3438723e-001
  1.5541321e-001
  1.7925214e-001
  2.0525313e-001
  2.3263787e-001
  2.6050900e-001
  2.8795443e-001
  3.1408462e-001
  3.3811221e-001
  3.5938203e-001
  3.7743082e-001
  3.9199097e-001
  4.0298068e-001
  4.1049341e-001
  4.1477400e-001
  4.1615982e-001
  4.1505798e-001
  4.1190589e-001
  4.0708688e-001
  4.0087241e-001
  3.9339817e-001
  3.8464414e-001
  3.7445949e-001
  3.6258585e-001
  3.4871840e-001
  3.3257250e-001
  3.1394356e-001
  2.9275554e-001
  2.6913210e-001
  2.4338937e-001
  2.1601947e-001
  1.8768790e-001
  1.5919067e-001
  1.3140275e-001
  1.0522719e-001
  8.1570045e-002
  6.1300701e-002
  4.5198931e-002
  3.3898852e-002
  2.7835141e-002
  2.7218220e-002
  3.2003619e-002
  4.1882985e-002
  5.6291978e-002
  7.4441978e-002
  9.5384535e-002
  1.1808436e-001
  1.4147525e-001
  1.6452283e-001
  1.8631286e-001
  2.0611507e-001
  2.2340492e-001
  2.3788495e-001
  2.4947894e-001
  2.5829118e-001
  2.6457224e-001
  2.6866915e-001
  2.7099374e-001
  2.7201471e-001
  2.7222341e-001
  2.7210435e-001
  2.7212060e-001
  2.7270535e-001
  2.7423902e-001
  2.7703338e-001
  2.8131219e-001
  2.8720927e-001
  2.9476533e-001
  3.0389466e-001
  3.1438457e-001
  3.2590520e-001
  3.3799575e-001
  3.5009370e-001
  3.6157617e-001
  3.7181689e-001
  3.8019498e-001
  3.8611753e-001
  3.8903312e-001
  3.8843313e-001
  3.8386102e-001
  3.7494071e-001
  3.6139938e-001
  3.4309372e-001
  3.2001792e-001
  2.9231813e-001
  2.6029313e-001
  2.2438188e-001
  1.8514509e-001
  1.4323220e-001
  9.9408545e-002
  5.4471742e-002
  9.3132127e-003
 -3.5151081e-002
 -7.7983431e-002
 -1.1829204e-001
 -1.5527415e-001
 -1.8826442e-001
 -2.1678166e-001
 -2.4056028e-001
 -2.5955269e-001
 -2.7390375e-001
 -2.8391594e-001
 -2.9002480e-001
 -2.9276224e-001
 -2.9270646e-001
 -2.9039955e-001
 -2.8639751e-001
 -2.8122700e-001
 -2.7536913e-001
 -2.6928176e-001
 -2.6335759e-001
 -2.5790690e-001
 -2.5312705e-001
 -2.4909722e-001
 -2.4580397e-001
 -2.4316247e-001
 -2.4105350e-001
 -2.3934110e-001
 -2.3790003e-001
 -2.3668700e-001
 -2.3573368e-001
 -2.3514457e-001
 -2.3509167e-001
 -2.3579355e-001
 -2.3747829e-001
 -2.4033289e-001
 -2.4449601e-001
 -2.5000943e-001
 -2.5679959e-001
 -2.6466556e-001
 -2.7328107e-001
 -2.8222310e-001
 -2.9102280e-001
 -2.9924559e-001
 -3.0655074e-001
 -3.1273866e-001
 -3.1781360e-001
 -3.2196672e-001
 -3.2559218e-001
 -3.2928894e-001
 -3.3361140e-001
 -3.3910122e-001
 -3.4623121e-001
 -3.5538526e-001
 -3.6685282e-001
 -3.8081964e-001
 -3.9733798e-001
 -4.1631390e-001
 -4.3753191e-001
 -4.6067416e-001
 -4.8529900e-001
 -5.1080648e-001
 -5.3643806e-001
 -5.6129472e-001
 -5.8433916e-001
 -6.0448090e-001
 -6.2065040e-001
 -6.3185447e-001
 -6.3724940e-001
 -6.3620144e-001
 -6.2832565e-001
 -6.1352080e-001
 -5.9198503e-001
 -5.6423253e-001
 -5.3107671e-001
 -4.9360225e-001
 -4.5304761e-001
 -4.1068801e-001
 -3.6770239e-001
 -3.2514402e-001
 -2.8389208e-001
 -2.4461352e-001
 -2.0772245e-001
 -1.7342498e-001
 -1.4175084e-001
 -1.1261561e-001
 -8.5849677e-002
 -6.1203544e-002
 -3.8383250e-002
 -1.7039407e-002
  3.1832648e-003
  2.2632518e-002
  4.1575077e-002
  6.0232137e-002
  7.8782539e-002
  9.7347097e-002
  1.1602012e-001
  1.3484024e-001
  1.5379455e-001
  1.7280841e-001
  1.9173857e-001
  2.1037360e-001
  2.2843136e-001
  2.4558456e-001
  2.6151149e-001
  2.7585906e-001
  2.8833512e-001
  2.9866029e-001
  3.0658617e-001
  3.1188380e-001
  3.1435661e-001
  3.1380703e-001
  3.1002992e-001
  3.0286031e-001
  2.9213738e-001
  2.7771768e-001
  2.5950729e-001
  2.3747380e-001
  2.1169132e-001
  1.8239292e-001
  1.5000457e-001
  1.1519670e-001
  7.8881989e-002
  4.2195685e-002
  6.4383883e-003
 -2.6980776e-002
 -5.6633917e-002
 -8.1215190e-002
 -9.9598096e-002
 -1.1090047e-001
 -1.1454351e-001
 -1.1028115e-001
 -9.8141602e-002
 -7.8506028e-002
 -5.2015340e-002
 -1.9420681e-002
  1.8348548e-002
  6.0232350e-002
  1.0507925e-001
  1.5169150e-001
  1.9885724e-001
  2.4534540e-001
  2.8997554e-001
  3.3160514e-001
  3.6919118e-001
  4.0178196e-001
  4.2857211e-001
  4.4896187e-001
  4.6258086e-001
  4.6928648e-001
  4.6915641e-001
  4.6245757e-001
  4.4974462e-001
  4.3178123e-001
  4.0958990e-001
  3.8436612e-001
  3.5735736e-001
  3.2982724e-001
  3.0298488e-001
  2.7792202e-001
  2.5556970e-001
  2.3666049e-001
  2.2171367e-001
  2.1104407e-001
  2.0476918e-001
  2.0278448e-001
  2.0475601e-001
  2.1012656e-001
  2.1812702e-001
  2.2780401e-001
  2.3809718e-001
  2.4790881e-001
  2.5613916e-001
  2.6179817e-001
  2.6399765e-001
  2.6202374e-001
  2.5537582e-001
  2.4372247e-001
  2.2691992e-001
  2.0501984e-001
  1.7826309e-001
  1.4707981e-001
  1.1207829e-001
  7.4050651e-002
  3.3962676e-002
 -7.0741528e-003
 -4.7792035e-002
 -8.6805595e-002
 -1.2264718e-001
 -1.5380177e-001
 -1.7878221e-001
 -1.9619014e-001
 -2.0479082e-001
 -2.0358586e-001
 -1.9188495e-001
 -1.6936731e-001
 -1.3612573e-001
 -9.2676637e-002
 -3.9948420e-002
  2.0727241e-002
  8.7703274e-002
  1.5905790e-001
  2.3270471e-001
  3.0647245e-001
  3.7814944e-001
  4.4555557e-001
  5.0664705e-001
  5.5954665e-001
  6.0262768e-001
  6.3457604e-001
  6.5442938e-001
  6.6165588e-001
  6.5617562e-001
  6.3835046e-001
  6.0895958e-001
  5.6924034e-001
  5.2082898e-001
  4.6568040e-001
  4.0603982e-001
  3.4424882e-001
  2.8261160e-001
  2.2323246e-001
  1.6787322e-001
  1.1789651e-001
  7.4212570e-002
  3.7222874e-002
  6.8528377e-003
 -1.7387521e-002
 -3.6332661e-002
 -5.1063421e-002
 -6.2792607e-002
 -7.2770573e-002
 -8.2156482e-002
 -9.1989050e-002
 -1.0312651e-001
 -1.1619683e-001
 -1.3156716e-001
 -1.4938914e-001
 -1.6960576e-001
 -1.9199327e-001
 -2.1619877e-001
 -2.4178739e-001
 -2.6826524e-001
 -2.9510107e-001
 -3.2177174e-001
 -3.4777898e-001
 -3.7267680e-001
 -3.9609461e-001
 -4.1773106e-001
 -4.3733266e-001
 -4.5467169e-001
 -4.6952819e-001
 -4.8168617e-001
 -4.9092549e-001
 -4.9700840e-001
 -4.9967921e-001
 -4.9867511e-001
 -4.9373197e-001
 -4.8460950e-001
 -4.7113281e-001
 -4.5322543e-001
 -4.3094986e-001
 -4.0453824e-001
 -3.7444365e-001
 -3.4135823e-001
 -3.0623210e-001
 -2.7025307e-001
 -2.3480903e-001
 -2.0140112e-001
 -1.7152489e-001
 -1.4655154e-001
 -1.2765658e-001
 -1.1573148e-001
 -1.1138485e-001
 -1.1489586e-001
 -1.2619070e-001
 -1.4484558e-001
 -1.7013034e-001
 -2.0107736e-001
 -2.3654751e-001
 -2.7532592e-001
 -3.1619444e-001
 -3.5799403e-001
 -3.9967597e-001
 -4.4032848e-001
 -4.7917163e-001
 -5.1554638e-001
 -5.4892672e-001
 -5.7886265e-001
 -6.0496707e-001
 -6.2691652e-001
 -6.4446154e-001
 -6.5741852e-001
 -6.6567334e-001
 -6.6919524e-001
 -6.6800161e-001
 -6.6217794e-001
 -6.5188740e-001
 -6.3736894e-001
 -6.1890659e-001
 -5.9682588e-001
 -5.7147334e-001
 -5.4318445e-001
 -5.1223526e-001
 -4.7882871e-001
 -4.4312689e-001
 -4.0523250e-001
 -3.6526745e-001
 -3.2339035e-001
 -2.7979755e-001
 -2.3473442e-001
 -1.8850288e-001
 -1.4144481e-001
 -9.3950797e-002
 -4.6432489e-002
  6.8917840e-004
  4.7011422e-002
  9.2192287e-002
  1.3594968e-001
  1.7806984e-001
  2.1839657e-001
  2.5685896e-001
  2.9341455e-001
  3.2802763e-001
  3.6064373e-001
  3.9117189e-001
  4.1946174e-001
  4.4528214e-001
  4.6837194e-001
  4.8844329e-001
  5.0523021e-001
  5.1847279e-001
  5.2795395e-001
  5.3353858e-001
  5.3521238e-001
  5.3307665e-001
  5.2732384e-001
  5.1823267e-001
  5.0616008e-001
  4.9152276e-001
  4.7479769e-001
  4.5649039e-001
  4.3709699e-001
  4.1708901e-001
  3.9690248e-001
  3.7693875e-001
  3.5754535e-001
  3.3898042e-001
  3.2140423e-001
  3.0489612e-001
  2.8948115e-001
  2.7514404e-001
  2.6185418e-001
  2.4957846e-001
  2.3830367e-001
  2.2805598e-001
  2.1892053e-001
  2.1103445e-001
  2.0460139e-001
  1.9986074e-001
  1.9708827e-001
  1.9656607e-001
  1.9855301e-001
  2.0325031e-001
  2.1080041e-001
  2.2127836e-001
  2.3465014e-001
  2.5075292e-001
  2.6928258e-001
  2.8978604e-001
  3.1165721e-001
  3.3416390e-001
  3.5649741e-001
  3.7779754e-001
  3.9724036e-001
  4.1404711e-001
  4.2762842e-001
  4.3755565e-001
  4.4359768e-001
  4.4571997e-001
  4.4405495e-001
  4.3884019e-001
  4.3036732e-001
  4.1894111e-001
  4.0485042e-001
  3.8833206e-001
  3.6955903e-001
  3.4864461e-001
  3.2566042e-001
  3.0064834e-001
  2.7367239e-001
  2.4484452e-001
  2.1431815e-001
  1.8229184e-001
  1.4899323e-001
  1.1468617e-001
  7.9677374e-002
  4.4284629e-002
  8.8511655e-003
 -2.6274671e-002
 -6.0722544e-002
 -9.4109021e-002
 -1.2604310e-001
 -1.5614500e-001
 -1.8406821e-001
 -2.0949724e-001
 -2.3216310e-001
 -2.5185824e-001
 -2.6844335e-001
 -2.8186924e-001
 -2.9216710e-001
 -2.9944436e-001
 -3.0390700e-001
 -3.0584488e-001
 -3.0561713e-001
 -3.0363581e-001
 -3.0034533e-001
 -2.9617495e-001
 -2.9152677e-001
 -2.8673527e-001
 -2.8204352e-001
 -2.7758444e-001
 -2.7337907e-001
 -2.6932501e-001
 -2.6522280e-001
 -2.6079158e-001
 -2.5569062e-001
 -2.4954184e-001
 -2.4195958e-001
 -2.3258310e-001
 -2.2111261e-001
 -2.0734305e-001
 -1.9119337e-001
 -1.7272533e-001
 -1.5215715e-001
 -1.2987995e-001
 -1.0645482e-001
 -8.2601798e-002
 -5.9168369e-002
 -3.7108967e-002
 -1.7405682e-002
 -1.0316062e-003
  1.1106627e-002
  1.8231679e-002
  1.9731423e-002
  1.5251299e-002
  4.7215483e-003
 -1.1612691e-002
 -3.3226728e-002
 -5.9331312e-002
 -8.8892843e-002
 -1.2069747e-001
 -1.5342811e-001
 -1.8574780e-001
 -2.1637606e-001
 -2.4416448e-001
 -2.6816650e-001
 -2.8767843e-001
 -3.0226457e-001
 -3.1175066e-001
 -3.1619935e-001
 -3.1586191e-001
 -3.1117306e-001
 -3.0265711e-001
 -2.9091744e-001
 -2.7658486e-001
 -2.6027470e-001
 -2.4258262e-001
 -2.2404553e-001
 -2.0514589e-001
 -1.8630118e-001
 -1.6789478e-001
 -1.5027362e-001
 -1.3378143e-001
 -1.1874501e-001
 -1.0548347e-001
 -9.4318370e-002
 -8.5533178e-002
 -7.9358487e-002
 -7.5963589e-002
 -7.5414150e-002
 -7.7700276e-002
 -8.2718211e-002
 -9.0274101e-002
 -1.0002469e-001
 -1.1146202e-001
 -1.2391406e-001
 -1.3657474e-001
 -1.4852331e-001
 -1.5877972e-001
 -1.6635049e-001
 -1.7029986e-001
 -1.6981838e-001
 -1.6429935e-001
 -1.5338577e-001
 -1.3697027e-001
 -1.1521840e-001
 -8.8594132e-002
 -5.7773943e-002
 -2.3667537e-002
  1.2661587e-002
  5.0014150e-002
  8.7110312e-002
  1.2267975e-001
  1.5551385e-001
  1.8453430e-001
  2.0884356e-001
  2.2776928e-001
  2.4086642e-001
  2.4792935e-001
  2.4899797e-001
  2.4434531e-001
  2.3441233e-001
  2.1983991e-001
  2.0140170e-001
  1.7999866e-001
  1.5664397e-001
  1.3242700e-001
  1.0852974e-001
  8.6180038e-002
  6.6587330e-002
  5.0853458e-002
  3.9935976e-002
  3.4610217e-002
  3.5421152e-002
  4.2660836e-002
  5.6324825e-002
  7.6140729e-002
  1.0158483e-001
  1.3190808e-001
  1.6616546e-001
  2.0325211e-001
  2.4194313e-001
  2.8092115e-001
  3.1883218e-001
  3.5437576e-001
  3.8631022e-001
  4.1355438e-001
  4.3521601e-001
  4.5060400e-001
  4.5925130e-001
  4.6090384e-001
  4.5553626e-001
  4.4334840e-001
  4.2470030e-001
  4.0012658e-001
  3.7030445e-001
  3.3605698e-001
  2.9840944e-001
  2.5854403e-001
  2.1778630e-001
  1.7756266e-001
  1.3932733e-001
  1.0440700e-001
  7.3969832e-002
  4.8974993e-002
  3.0219039e-002
  1.8304077e-002
  1.3663508e-002
  1.6545322e-002
  2.7054658e-002
  4.5069800e-002
  7.0206718e-002
  1.0174231e-001
  1.3859494e-001
  1.7935426e-001
  2.2232124e-001
  2.6557823e-001
  3.0709346e-001
  3.4484139e-001
  3.7691346e-001
  4.0162201e-001
  4.1759726e-001
  4.2385175e-001
  4.1978483e-001
  4.0518839e-001
  3.8024433e-001
  3.4548824e-001
  3.0180897e-001
  2.5041724e-001
  1.9280765e-001
  1.3070941e-001
  6.5976344e-002
  5.3464496e-004
 -6.3726963e-002
 -1.2505379e-001
 -1.8190196e-001
 -2.3300650e-001
 -2.7742339e-001
 -3.1456670e-001
 -3.4420977e-001
 -3.6649752e-001
 -3.8191513e-001
 -3.9124735e-001
 -3.9548635e-001
 -3.9576709e-001
 -3.9327073e-001
 -3.8918713e-001
 -3.8461457e-001
 -3.8052123e-001
 -3.7769302e-001
 -3.7674291e-001
 -3.7812071e-001
 -3.8213033e-001
 -3.8895666e-001
 -3.9867548e-001
 -4.1128978e-001
 -4.2667170e-001
 -4.4460450e-001
 -4.6472377e-001
 -4.8658791e-001
 -5.0964381e-001
 -5.3322017e-001
 -5.5652405e-001
 -5.7862708e-001
 -5.9846641e-001
 -6.1498244e-001
 -6.2715711e-001
 -6.3406435e-001
 -6.3495821e-001
 -6.2931904e-001
 -6.1686154e-001
 -5.9753912e-001
 -5.7155279e-001
 -5.3934026e-001
 -5.0151793e-001
 -4.5886372e-001
 -4.1229713e-001
 -3.6284798e-001
 -3.1162516e-001
 -2.5976953e-001
 -2.0843304e-001
 -1.5874807e-001
 -1.1182973e-001
 -6.8742898e-002
 -3.0477770e-002
  2.0960765e-003
  2.8261775e-002
  4.7482033e-002
  5.9464637e-002
  6.4153792e-002
  6.1762781e-002
  5.2741352e-002
  3.7690831e-002
  1.7387533e-002
 -7.3175982e-003
 -3.5503987e-002
 -6.6239913e-002
 -9.8564024e-002
 -1.3148860e-001
 -1.6399214e-001
 -1.9502495e-001
 -2.2353299e-001
 -2.4848335e-001
 -2.6886536e-001
 -2.8368465e-001
 -2.9191590e-001
 -2.9261781e-001
 -2.8514348e-001
 -2.6921466e-001
 -2.4492820e-001
 -2.1274660e-001
 -1.7349070e-001
 -1.2831716e-001
 -7.8660384e-002
 -2.6154249e-002
  2.7515489e-002
  8.0736352e-002
  1.3203514e-001
  1.8015760e-001
  2.2412770e-001
  2.6329621e-001
  2.9737822e-001
  3.2646282e-001
  3.5097590e-001
  3.7163625e-001
  3.8940044e-001
  4.0535372e-001
  4.2058167e-001
  4.3606082e-001
  4.5259918e-001
  4.7074901e-001
  4.9078341e-001
  5.1267111e-001
  5.3609807e-001
  5.6048628e-001
  5.8501414e-001
  6.0869250e-001
  6.3048496e-001
  6.4942276e-001
  6.6467757e-001
  6.7563019e-001
  6.8190942e-001
  6.8339570e-001
  6.8016971e-001
  6.7250321e-001
  6.6081572e-001
  6.4559510e-001
  6.2736543e-001
  6.0661941e-001
  5.8375976e-001
  5.5905484e-001
  5.3260127e-001
  5.0432221e-001
  4.7397816e-001
  4.4120485e-001
  4.0560799e-001
  3.6684111e-001
  3.2469256e-001
  2.7910152e-001
  2.3023624e-001
  1.7852717e-001
  1.2468363e-001
  6.9695338e-002
  1.4803604e-002
 -3.8547993e-002
 -8.8766215e-002
 -1.3421634e-001
 -1.7334769e-001
 -2.0478947e-001
 -2.2742410e-001
 -2.4048094e-001
 -2.4359315e-001
 -2.3684230e-001
 -2.2074530e-001
 -1.9622378e-001
 -1.6455594e-001
 -1.2727539e-001
 -8.6073297e-002
 -4.2693757e-002
  1.1716471e-003
  4.3940418e-002
  8.4214699e-002
  1.2083511e-001
  1.5292407e-001
  1.7990301e-001
  2.0150404e-001
  2.1773542e-001
  2.2885327e-001
  2.3528842e-001
  2.3755636e-001
  2.3623298e-001
  2.3191990e-001
  2.2516492e-001
  2.1644056e-001
  2.0610056e-001
  1.9437056e-001
  1.8135926e-001
  1.6708137e-001
  1.5150120e-001
  1.3456475e-001
  1.1622137e-001
  9.6503646e-002
  7.5457657e-002
  5.3158290e-002
  2.9706338e-002
  5.2166095e-003
 -2.0152379e-002
 -4.6182421e-002
 -7.2616230e-002
 -9.9145503e-002
 -1.2545569e-001
 -1.5128782e-001
 -1.7644244e-001
 -2.0081961e-001
 -2.2441390e-001
 -2.4731035e-001
 -2.6966048e-001
 -2.9161190e-001
 -3.1332648e-001
 -3.3484563e-001
 -3.5603781e-001
 -3.7663775e-001
 -3.9625482e-001
 -4.1437315e-001
 -4.3037298e-001
 -4.4356580e-001
 -4.5324807e-001
 -4.5874867e-001
 -4.5947500e-001
 -4.5493864e-001
 -4.4481791e-001
 -4.2897852e-001
 -4.0749997e-001
 -3.8065057e-001
 -3.4889158e-001
 -3.1285097e-001
 -2.7329708e-001
 -2.3111536e-001
 -1.8726652e-001
 -1.4275752e-001
 -9.8604283e-002
 -5.5765220e-002
 -1.5153480e-002
  2.2430210e-002
  5.6316088e-002
  8.5990833e-002
  1.1108424e-001
  1.3136199e-001
  1.4671844e-001
  1.5715780e-001
  1.6276590e-001
  1.6374439e-001
  1.6040569e-001
  1.5312458e-001
  1.4224697e-001
  1.2805689e-001
  1.1077423e-001
  9.0486213e-002
  6.7180019e-002
  4.0792673e-002
  1.1284028e-002
 -2.1311084e-002
 -5.6842281e-002
 -9.5033310e-002
 -1.3544674e-001
 -1.7750722e-001
 -2.2048220e-001
 -2.6353422e-001
 -3.0577643e-001
 -3.4631176e-001
 -3.8422467e-001
 -4.1869412e-001
 -4.4902593e-001
 -4.7471272e-001
 -4.9538918e-001
 -5.1093081e-001
 -5.2128361e-001
 -5.2648793e-001
 -5.2669178e-001
 -5.2207475e-001
 -5.1289002e-001
 -4.9949130e-001
 -4.8234186e-001
 -4.6198847e-001
 -4.3908446e-001
 -4.1438478e-001
 -3.8868232e-001
 -3.6274126e-001
 -3.3725360e-001
 -3.1279855e-001
 -2.8979979e-001
 -2.6848417e-001
 -2.4884785e-001
 -2.3064850e-001
 -2.1344689e-001
 -1.9664981e-001
 -1.7959840e-001
 -1.6165182e-001
 -1.4224789e-001
 -1.2096579e-001
 -9.7582485e-002
 -7.2106848e-002
 -4.4804882e-002
 -1.6171940e-002
  1.3142641e-002
  4.2421990e-002
  7.0921594e-002
  9.7907262e-002
  1.2270659e-001
  1.4474814e-001
  1.6358955e-001
  1.7893302e-001
  1.9062067e-001
  1.9863395e-001
  2.0311046e-001
  2.0431484e-001
  2.0264730e-001
  1.9859678e-001
  1.9269266e-001
  1.8544976e-001
  1.7734068e-001
  1.6877277e-001
  1.6004208e-001
  1.5128885e-001
  1.4249064e-001
  1.3346359e-001
  1.2395673e-001
  1.1361135e-001
  1.0207819e-001
  8.9103512e-002
  7.4605037e-002
  5.8727858e-002
  4.1870886e-002
  2.4695689e-002
  8.0910368e-003
 -6.8663176e-003
 -1.9003604e-002
 -2.7157352e-002
 -3.0284345e-002
 -2.7536000e-002
 -1.8334668e-002
 -2.4155944e-003
  2.0166186e-002
  4.9008578e-002
  8.3322472e-002
  1.2207117e-001
  1.6405129e-001
  2.0793926e-001
  2.5245093e-001
  2.9617462e-001
  3.3768269e-001
  3.7574333e-001
  4.0938747e-001
  4.3793421e-001
  4.6100046e-001
  4.7849043e-001
  4.9057790e-001
  4.9768224e-001
  5.0041310e-001
  4.9950725e-001
  4.9574212e-001
  4.8988670e-001
  4.8260184e-001
  4.7440946e-001
  4.6566098e-001
  4.5653032e-001
  4.4702656e-001
  4.3702079e-001
  4.2627322e-001
  4.1451628e-001
  4.0150067e-001
  3.8704456e-001
  3.7107695e-001
  3.5368910e-001
  3.3508994e-001
  3.1562789e-001
  2.9573888e-001
  2.7582991e-001
  2.5625645e-001
  2.3728030e-001
  2.1905162e-001
  2.0159063e-001
  1.8480254e-001
  1.6849315e-001
  1.5242494e-001
  1.3635711e-001
  1.2006575e-001
  1.0334770e-001
  8.6037507e-002
  6.8035503e-002
  4.9304380e-002
  2.9867416e-002
  9.7607119e-003
 -1.0923484e-002
 -3.2048050e-002
 -5.3388833e-002
 -7.4680900e-002
 -9.5584176e-002
 -1.1569860e-001
 -1.3458788e-001
 -1.5179095e-001
 -1.6686098e-001
 -1.7940691e-001
 -1.8911452e-001
 -1.9580040e-001
 -1.9940576e-001
 -2.0001460e-001
 -1.9784199e-001
 -1.9321256e-001
 -1.8653816e-001
 -1.7825544e-001
 -1.6878571e-001
 -1.5850388e-001
 -1.4771037e-001
 -1.3662219e-001
 -1.2536281e-001
 -1.1397057e-001
 -1.0242250e-001
 -9.0662018e-002
 -7.8609106e-002
 -6.6167393e-002
 -5.3260118e-002
 -3.9859832e-002
 -2.6013941e-002
 -1.1854722e-002
  2.3589193e-003
  1.6317814e-002
  2.9671520e-002
  4.2021904e-002
  5.2920069e-002
  6.1907094e-002
  6.8519421e-002
  7.2307004e-002
  7.2888537e-002
  6.9960097e-002
  6.3344094e-002
  5.3022695e-002
  3.9161806e-002
  2.2130934e-002
  2.4934384e-003
 -1.9015410e-002
 -4.1515119e-002
 -6.4066471e-002
 -8.5710335e-002
 -1.0553080e-001
 -1.2270696e-001
 -1.3656396e-001
 -1.4663404e-001
 -1.5267470e-001
 -1.5469513e-001
 -1.5295204e-001
 -1.4791751e-001
 -1.4023846e-001
 -1.3067407e-001
 -1.2005375e-001
 -1.0921200e-001
 -9.8956022e-002
 -9.0007995e-002
 -8.2961661e-002
 -7.8235602e-002
 -7.6060502e-002
 -7.6466332e-002
 -7.9298361e-002
 -8.4228700e-002
 -9.0800862e-002
 -9.8464653e-002
 -1.0663365e-001
 -1.1472510e-001
 -1.2221009e-001
 -1.2863603e-001
 -1.3362727e-001
 -1.3691840e-001
 -1.3832578e-001
 -1.3771767e-001
 -1.3498356e-001
 -1.3003355e-001
 -1.2284283e-001
 -1.1346882e-001
 -1.0210176e-001
 -8.9043941e-002
 -7.4630129e-002
 -5.9184834e-002
 -4.3007488e-002
 -2.6339903e-002
 -9.4257723e-003
  7.4643743e-003
  2.4026733e-002
  3.9919629e-002
  5.4756500e-002
  6.8088001e-002
  7.9432316e-002
  8.8310977e-002
  9.4280811e-002
  9.6963243e-002
  9.6058894e-002
  9.1366498e-002
  8.2781976e-002
  7.0296324e-002
  5.3996691e-002
  3.4061704e-002
  1.0761908e-002
 -1.5545122e-002
 -4.4381878e-002
 -7.5164345e-002
 -1.0722937e-001
 -1.3984206e-001
 -1.7225826e-001
 -2.0375374e-001
 -2.3367762e-001
 -2.6149782e-001
 -2.8682617e-001
 -3.0943926e-001
 -3.2928084e-001
 -3.4645425e-001
 -3.6121277e-001
 -3.7390957e-001
 -3.8494123e-001
 -3.9469028e-001
 -4.0347127e-001
 -4.1149979e-001
 -4.1884011e-001
 -4.2539133e-001
 -4.3088927e-001
 -4.3492193e-001
 -4.3696561e-001
 -4.3642395e-001
 -4.3269071e-001
 -4.2519669e-001
 -4.1346161e-001
 -3.9714011e-001
 -3.7608354e-001
 -3.5033471e-001
 -3.2017868e-001
 -2.8611178e-001
 -2.4881782e-001
 -2.0912708e-001
 -1.6796576e-001
 -1.2631580e-001
 -8.5154062e-002
 -4.5394654e-002
 -7.8557197e-003
  2.6767388e-002
  5.7939535e-002
  8.5303351e-002
  1.0866934e-001
  1.2800353e-001
  1.4339491e-001
  1.5502090e-001
  1.6311264e-001
  1.6796446e-001
  1.6990032e-001
  1.6926553e-001
  1.6640772e-001
  1.6168881e-001
  1.5548552e-001
  1.4820613e-001
  1.4025753e-001
  1.3206406e-001
  1.2403785e-001
  1.1655421e-001
  1.0993028e-001
  1.0440579e-001
  1.0010396e-001
  9.7020584e-002
  9.4986127e-002
  9.3725454e-002
  9.2859556e-002
  9.1973208e-002
  9.0657190e-002
  8.8536108e-002
  8.5274868e-002
  8.0582963e-002
  7.4227353e-002
  6.6035044e-002
  5.5907602e-002
  4.3880454e-002
  3.0090612e-002
  1.4793924e-002
 -1.6262804e-003
 -1.8632805e-002
 -3.5558895e-002
 -5.1617669e-002
 -6.5908966e-002
 -7.7465282e-002
 -8.5302410e-002
 -8.8471424e-002
 -8.6111430e-002
 -7.7499752e-002
 -6.2134016e-002
 -3.9782676e-002
 -1.0511492e-002
  2.5308750e-002
  6.6985322e-002
  1.1352011e-001
  1.6364806e-001
  2.1589371e-001
  2.6866505e-001
  3.2037454e-001
  3.6952070e-001
  4.1475395e-001
  4.5493163e-001
  4.8916993e-001
  5.1686367e-001
  5.3769124e-001
  5.5159189e-001
  5.5873390e-001
  5.5946292e-001
  5.5424094e-001
  5.4358518e-001
  5.2802271e-001
  5.0805116e-001
  4.8412502e-001
  4.5664824e-001
  4.2598314e-001
  3.9246731e-001
  3.5645370e-001
  3.1833664e-001
  2.7858254e-001
  2.3774284e-001
  1.9645830e-001
  1.5544691e-001
  1.1549038e-001
  7.7396073e-002
  4.1957855e-002
  9.8917937e-003
 -1.8182402e-002
 -4.1792531e-002
 -6.0652266e-002
 -7.4678643e-002
 -8.4014644e-002
 -8.9014994e-002
 -9.0218136e-002
 -8.8304913e-002
 -8.4036042e-002
 -7.8211589e-002
 -7.1597700e-002
 -6.4876637e-002
 -5.8575167e-002
 -5.3035257e-002
 -4.8396882e-002
 -4.4610958e-002
 -4.1435808e-002
 -3.8468974e-002
 -3.5202897e-002
 -3.1073516e-002
 -2.5505840e-002
 -1.7983434e-002
 -8.0931775e-003
  4.4342330e-003
  1.9715114e-002
  3.7692469e-002
  5.8124860e-002
  8.0625448e-002
  1.0469419e-001
  1.2977892e-001
  1.5532352e-001
  1.8081484e-001
  2.0578764e-001
  2.2980594e-001
  2.5248699e-001
  2.7348739e-001
  2.9247894e-001
  3.0915215e-001
  3.2320293e-001
  3.3434386e-001
  3.4231678e-001
  3.4688757e-001
  3.4785277e-001
  3.4503528e-001
  3.3829090e-001
  3.2751309e-001
  3.1263830e-001
  2.9364549e-001
  2.7056790e-001
  2.4350470e-001
  2.1263668e-001
  1.7824685e-001
  1.4075322e-001
  1.0070563e-001
  5.8770012e-002
  1.5681695e-002
 -2.7775060e-002
 -7.0799342e-002
 -1.1258195e-001
 -1.5231046e-001
 -1.8925278e-001
 -2.2279180e-001
 -2.5245039e-001
 -2.7789924e-001
 -2.9896049e-001
 -3.1560610e-001
 -3.2795572e-001
 -3.3627232e-001
 -3.4088378e-001
 -3.4215728e-001
 -3.4045908e-001
 -3.3611350e-001
 -3.2937301e-001
 -3.2044921e-001
 -3.0950271e-001
 -2.9665506e-001
 -2.8200451e-001
 -2.6567028e-001
 -2.4781333e-001
 -2.2867310e-001
 -2.0858233e-001
 -1.8797975e-001
 -1.6739195e-001
 -1.4742399e-001
 -1.2872617e-001
 -1.1196398e-001
 -9.7753772e-002
 -8.6604225e-002
 -7.8873271e-002
 -7.4747081e-002
 -7.4190770e-002
 -7.7041662e-002
 -8.3019064e-002
 -9.1775707e-002
 -1.0291213e-001
 -1.1600371e-001
 -1.3061235e-001
 -1.4631281e-001
 -1.6271892e-001
 -1.7949219e-001
 -1.9633146e-001
 -2.1297385e-001
 -2.2919304e-001
 -2.4478711e-001
 -2.5958209e-001
 -2.7343587e-001
 -2.8622716e-001
 -2.9787662e-001
 -3.0836328e-001
 -3.1773145e-001
 -3.2608618e-001
 -3.3359202e-001
 -3.4048496e-001
 -3.4704772e-001
 -3.5359766e-001
 -3.6045087e-001
 -3.6787765e-001
 -3.7610633e-001
 -3.8526818e-001
 -3.9534120e-001
 -4.0613976e-001
 -4.1733090e-001
 -4.2843295e-001
 -4.3884864e-001
 -4.4795044e-001
 -4.5510008e-001
 -4.5971568e-001
 -4.6131147e-001
 -4.5953594e-001
 -4.5417878e-001
 -4.4517171e-001
 -4.3256812e-001
 -4.1652209e-001
 -3.9726765e-001
 -3.7507884e-001
 -3.5024627e-001
 -3.2306076e-001
 -2.9380273e-001
 -2.6271745e-001
 -2.3003300e-001
 -1.9597738e-001
 -1.6080136e-001
 -1.2480279e-001
 -8.8341946e-002
 -5.1838436e-002
 -1.5774439e-002
  1.9303573e-002
  5.2815416e-002
  8.4180115e-002
  1.1285228e-001
  1.3835811e-001
  1.6033665e-001
  1.7844853e-001
  1.9266793e-001
  2.0302378e-001
  2.0966972e-001
  2.1290979e-001
  2.1313452e-001
  2.1083014e-001
  2.0650902e-001
  2.0069996e-001
  1.9391894e-001
  1.8661948e-001
  1.7919783e-001
  1.7198197e-001
  1.6520774e-001
  1.5904053e-001
  1.5358657e-001
  1.4889425e-001
  1.4498107e-001
  1.4186718e-001
  1.3959754e-001
  1.3824856e-001
  1.3791685e-001
  1.3870258e-001
  1.4071109e-001
  1.4403372e-001
  1.4872531e-001
  1.5478104e-001
  1.6209659e-001
  1.7043829e-001
  1.7942889e-001
  1.8856396e-001
  1.9722817e-001
  2.0474864e-001
  2.1042548e-001
  2.1361247e-001
  2.1379217e-001
  2.1062869e-001
  2.0401596e-001
  1.9410922e-001
  1.8131492e-001
  1.6626438e-001
  1.4978221e-001
  1.3282495e-001
  1.1640932e-001
  1.0149741e-001
  8.8948927e-002
  7.9458299e-002
  7.3505998e-002
  7.1337278e-002
  7.2952527e-002
  7.8141595e-002
  8.6493031e-002
  9.7473890e-002
  1.1048735e-001
  1.2492277e-001
  1.4020493e-001
  1.5583125e-001
  1.7138920e-001
  1.8656913e-001
  2.0116255e-001
  2.1505384e-001
  2.2818637e-001
  2.4053836e-001
  2.5206841e-001
  2.6269431e-001
  2.7226150e-001
  2.8055583e-001
  2.8728347e-001
  2.9207688e-001
  2.9457095e-001
  2.9443207e-001
  2.9138147e-001
  2.8525148e-001
  2.7601666e-001
  2.6380137e-001
  2.4887578e-001
  2.3166137e-001
  2.1270281e-001
  1.9263357e-001
  1.7213214e-001
  1.5186295e-001
  1.3246241e-001
  1.1448865e-001
  9.8390480e-002
  8.4491540e-002
  7.2978631e-002
  6.3913160e-002
  5.7235954e-002
  5.2797577e-002
  5.0366879e-002
  4.9658942e-002
  5.0361915e-002
  5.2160199e-002
  5.4749033e-002
  5.7851585e-002
  6.1227258e-002
  6.4677564e-002
  6.8024741e-002
  7.1113506e-002
  7.3803719e-002
  7.5970675e-002
  7.7501657e-002
  7.8304750e-002
  7.8314001e-002
  7.7492685e-002
  7.5837420e-002
  7.3399705e-002
  7.0299919e-002
  6.6748162e-002
  6.3038842e-002
  5.9547128e-002
  5.6709052e-002
  5.4978260e-002
  5.4825414e-002
  5.6740384e-002
  6.1178757e-002
  6.8536319e-002
  7.9113328e-002
  9.3089975e-002
  1.1049483e-001
  1.3119457e-001
  1.5488283e-001
  1.8106110e-001
  2.0903989e-001
  2.3795839e-001
  2.6681075e-001
  2.9451056e-001
  3.1994660e-001
  3.4204527e-001
  3.5983682e-001
  3.7249714e-001
  3.7941521e-001
  3.8024149e-001
  3.7487591e-001
  3.6348288e-001
  3.4645365e-001
  3.2436619e-001
  2.9790853e-001
  2.6784702e-001
  2.3496564e-001
  2.0002930e-001
  1.6373653e-001
  1.2669055e-001
  8.9364936e-002
  5.2092787e-002
  1.5050669e-002
 -2.1729553e-002
 -5.8336678e-002
 -9.4940442e-002
 -1.3171860e-001
 -1.6884214e-001
 -2.0637337e-001
 -2.4424182e-001
 -2.8223861e-001
 -3.1998880e-001
 -3.5697204e-001
 -3.9249301e-001
 -4.2572190e-001
 -4.5579626e-001
 -4.8188919e-001
 -5.0326580e-001
 -5.1933646e-001
 -5.2969730e-001
 -5.3418295e-001
 -5.3287258e-001
 -5.2608958e-001
 -5.1438810e-001
 -4.9851754e-001
 -4.7934308e-001
 -4.5782727e-001
 -4.3494074e-001
 -4.1162306e-001
 -3.8868976e-001
 -3.6678996e-001
 -3.4636403e-001
 -3.2766357e-001
 -3.1075485e-001
 -2.9555128e-001
 -2.8182234e-001
 -2.6930034e-001
 -2.5772938e-001
 -2.4692510e-001
 -2.3680319e-001
 -2.2742026e-001
 -2.1896782e-001
 -2.1174216e-001
 -2.0611480e-001
 -2.0248009e-001
 -2.0121047e-001
 -2.0260228e-001
 -2.0682706e-001
 -2.1388124e-001
 -2.2356402e-001
 -2.3550321e-001
 -2.4916818e-001
 -2.6391286e-001
 -2.7902985e-001
 -2.9383808e-001
 -3.0774344e-001
 -3.2028220e-001
 -3.3114792e-001
 -3.4022684e-001
 -3.4760766e-001
 -3.5358348e-001
 -3.5862622e-001
 -3.6334895e-001
 -3.6842993e-001
 -3.7456214e-001
 -3.8238097e-001
 -3.9238355e-001
 -4.0487026e-001
 -4.1990473e-001
 -4.3728060e-001
 -4.5651421e-001
 -4.7684850e-001
 -4.9729880e-001
 -5.1670186e-001
 -5.3378353e-001
 -5.4722580e-001
 -5.5575642e-001
 -5.5821957e-001
 -5.5365350e-001
 -5.4134375e-001
 -5.2087122e-001
 -4.9212928e-001
 -4.5532853e-001
 -4.1096456e-001
 -3.5979652e-001
 -3.0280021e-001
 -2.4110304e-001
 -1.7592904e-001
 -1.0855003e-001
 -4.0220252e-002
  2.7872839e-002
  9.4664420e-002
  1.5922413e-001
  2.2081664e-001
  2.7890551e-001
  3.3312597e-001
  3.8322264e-001
  4.2900770e-001
  4.7031131e-001
  5.0694537e-001
  5.3866093e-001
  5.6512944e-001
  5.8594477e-001
  6.0069458e-001
  6.0895702e-001
  6.1033752e-001
  6.0451531e-001
  5.9131510e-001
  5.7076130e-001
  5.4310396e-001
  5.0887178e-001
  4.6885986e-001
  4.2411134e-001
  3.7590460e-001
  3.2568241e-001
  2.7497588e-001
  2.2532903e-001
  1.7822129e-001
  1.3499488e-001
  9.6789743e-002
  6.4458893e-002
  3.8540468e-002
  1.9256202e-002
  6.5117787e-003
 -5.2728490e-005
 -1.0171118e-003
  2.8715580e-003
  1.0734313e-002
  2.1650831e-002
  3.4683689e-002
  4.8928776e-002
  6.3583230e-002
  7.7938574e-002
  9.1427201e-002
  1.0361544e-001
  1.1423705e-001
  1.2320808e-001
  1.3062215e-001
  1.3674465e-001
  1.4198388e-001
  1.4688233e-001
  1.5206428e-001
  1.5819726e-001
  1.6595752e-001
  1.7596881e-001
  1.8877129e-001
  2.0477783e-001
  2.2426718e-001
  2.4730677e-001
  2.7375238e-001
  3.0324557e-001
  3.3524507e-001
  3.6905084e-001
  4.0384956e-001
  4.3872202e-001
  4.7269439e-001
  5.0477285e-001
  5.3397940e-001
  5.5937534e-001
  5.8012407e-001
  5.9550021e-001
  6.0491376e-001
  6.0790303e-001
  6.0414143e-001
  5.9342759e-001
  5.7573814e-001
  5.5120690e-001
  5.2014632e-001
  4.8301356e-001
  4.4040424e-001
  3.9303478e-001
  3.4173632e-001
  2.8741205e-001
  2.3102015e-001
  1.7355241e-001
  1.1600880e-001
  5.9364787e-002
  4.5535225e-003
 -4.7560246e-002
 -9.6160835e-002
 -1.4051368e-001
 -1.7998765e-001
 -2.1408607e-001
 -2.4247514e-001
 -2.6496507e-001
 -2.8151538e-001
 -2.9221171e-001
 -2.9725693e-001
 -2.9695571e-001
 -2.9169498e-001
 -2.8191046e-001
 -2.6806546e-001
 -2.5064682e-001
 -2.3012917e-001
 -2.0697538e-001
 -1.8162827e-001
 -1.5450516e-001
 -1.2597686e-001
 -9.6365212e-002
 -6.5932036e-002
 -3.4926679e-002
 -3.5969497e-003
  2.7800745e-002
  5.8975963e-002
  8.9585616e-002
  1.1921726e-001
  1.4740762e-001
  1.7364668e-001
  1.9737548e-001
  2.1801287e-001
  2.3498064e-001
  2.4776011e-001
  2.5591587e-001
  2.5913765e-001
  2.5726215e-001
  2.5025348e-001
  2.3820236e-001
  2.2129515e-001
  1.9981443e-001
  1.7414967e-001
  1.4477773e-001
  1.1224742e-001
  7.7153723e-002
  4.0127593e-002
  1.7986157e-003
 -3.7196152e-002
 -7.6240606e-002
 -1.1474455e-001
 -1.5216007e-001
 -1.8799332e-001
 -2.2183017e-001
 -2.5333931e-001
 -2.8230437e-001
 -3.0861087e-001
 -3.3227125e-001
 -3.5343042e-001
 -3.7234443e-001
 -3.8934716e-001
 -4.0481918e-001
 -4.1914956e-001
 -4.3268705e-001
 -4.4570608e-001
 -4.5837430e-001
 -4.7070067e-001
 -4.8253910e-001
 -4.9359545e-001
 -5.0344256e-001
 -5.1154850e-001
 -5.1730457e-001
 -5.2009436e-001
 -5.1936954e-001
 -5.1468023e-001
 -5.0572475e-001
 -4.9235650e-001
 -4.7461265e-001
 -4.5269565e-001
 -4.2697338e-001
 -3.9789312e-001
 -3.6596586e-001
 -3.3172231e-001
 -2.9566963e-001
 -2.5825982e-001
 -2.1990092e-001
 -1.8094154e-001
 -1.4169690e-001
 -1.0245088e-001
 -6.3551109e-002
 -2.5361348e-002
  1.1638518e-002
  4.6881565e-002
  7.9717425e-002
  1.0944543e-001
  1.3533427e-001
  1.5667625e-001
  1.7285768e-001
  1.8339795e-001
  1.8796548e-001
  1.8644152e-001
  1.7893850e-001
  1.6580991e-001
  1.4761882e-001
  1.2510169e-001
  9.9142286e-002
  7.0742867e-002
  4.0967690e-002
  1.0908583e-002
 -1.8387421e-002
 -4.5949415e-002
 -7.0939742e-002
 -9.2686918e-002
 -1.1071567e-001
 -1.2474420e-001
 -1.3469753e-001
 -1.4069465e-001
 -1.4303001e-001
 -1.4210419e-001
 -1.3838431e-001
 -1.3239788e-001
 -1.2469285e-001
 -1.1578574e-001
 -1.0613073e-001
 -9.6076740e-002
 -8.5867877e-002
 -7.5622844e-002
 -6.5348513e-002
 -5.4928332e-002
 -4.4183860e-002
 -3.2883456e-002
 -2.0792561e-002
 -7.7070072e-003
  6.5204309e-003
  2.1955074e-002
  3.8539886e-002
  5.6109857e-002
  7.4386880e-002
  9.3014477e-002
  1.1157993e-001
  1.2964661e-001
  1.4679474e-001
  1.6265681e-001
  1.7692210e-001
  1.8937169e-001
  1.9986990e-001
  2.0836578e-001
  2.1487346e-001
  2.1946689e-001
  2.2225315e-001
  2.2336558e-001
  2.2294412e-001
  2.2109190e-001
  2.1784832e-001
  2.1319838e-001
  2.0706842e-001
  1.9935589e-001
  1.8992522e-001
  1.7865409e-001
  1.6543157e-001
  1.5019900e-001
  1.3294369e-001
  1.1371705e-001
  9.2647511e-002
  6.9987303e-002
  4.6056262e-002
  2.1255502e-002
 -3.9753130e-003
 -2.9181666e-002
 -5.3933683e-002
 -7.7838694e-002
 -1.0058694e-001
 -1.2200001e-001
 -1.4203552e-001
 -1.6081888e-001
 -1.7862302e-001
 -1.9580505e-001
 -2.1279669e-001
 -2.3001970e-001
 -2.4784788e-001
 -2.6653012e-001
 -2.8617788e-001
 -3.0672367e-001
 -3.2792554e-001
 -3.4936718e-001
 -3.7045029e-001
 -3.9042478e-001
 -4.0845285e-001
 -4.2365970e-001
 -4.3517587e-001
 -4.4221352e-001
 -4.4413082e-001
 -4.4050274e-001
 -4.3116314e-001
 -4.1620523e-001
 -3.9600462e-001
 -3.7118234e-001
 -3.4258619e-001
 -3.1122246e-001
 -2.7821105e-001
 -2.4469082e-001
 -2.1175915e-001
 -1.8037954e-001
 -1.5134448e-001
 -1.2520122e-001
 -1.0223899e-001
 -8.2469047e-002
 -6.5654169e-002
 -5.1333929e-002
 -3.8921721e-002
 -2.7747858e-002
 -1.7153139e-002
 -6.5194050e-003
  4.6291184e-003
  1.6629251e-002
  2.9638266e-002
  4.3675742e-002
  5.8606252e-002
  7.4186210e-002
  9.0070297e-002
  1.0588277e-001
  1.2124784e-001
  1.3585724e-001
  1.4948736e-001
  1.6204250e-001
  1.7355261e-001
  1.8417675e-001
  1.9415936e-001
  2.0378578e-001
  2.1335577e-001
  2.2318693e-001
  2.3355691e-001
  2.4466951e-001
  2.5660693e-001
  2.6933323e-001
  2.8262250e-001
  2.9611552e-001
  3.0927627e-001
  3.2149291e-001
  3.3208375e-001
  3.4042397e-001
  3.4596718e-001
  3.4838718e-001
  3.4757164e-001
  3.4368611e-001
  3.3713744e-001
  3.2858419e-001
  3.1885174e-001
  3.0888372e-001
  2.9965594e-001
  2.9210233e-001
  2.8703289e-001
  2.8509055e-001
  2.8668466e-001
  2.9199972e-001
  3.0097520e-001
  3.1335068e-001
  3.2868231e-001
  3.4640271e-001
  3.6585557e-001
  3.8637122e-001
  4.0727877e-001
  4.2798211e-001
  4.4796266e-001
  4.6684988e-001
  4.8438884e-001
  5.0046401e-001
  5.1503464e-001
  5.2817411e-001
  5.4002131e-001
  5.5076000e-001
  5.6053636e-001
  5.6945288e-001
  5.7749598e-001
  5.8452950e-001
  5.9023940e-001
  5.9417061e-001
  5.9572673e-001
  5.9425631e-001
  5.8907106e-001
  5.7956361e-001
  5.6523081e-001
  5.4578241e-001
  5.2115361e-001
  4.9157619e-001
  4.5752853e-001
  4.1976040e-001
  3.7920130e-001
  3.3694809e-001
  2.9413063e-001
  2.5188627e-001
  2.1122032e-001
  1.7296495e-001
  1.3765546e-001
  1.0554986e-001
  7.6563240e-002
  5.0333787e-002
  2.6205241e-002
  3.3638794e-003
 -1.9141711e-002
 -4.2238385e-002
 -6.6813602e-002
 -9.3599803e-002
 -1.2318640e-001
 -1.5587740e-001
 -1.9172145e-001
 -2.3042316e-001
 -2.7142669e-001
 -3.1386768e-001
 -3.5670897e-001
 -3.9872826e-001
 -4.3868714e-001
 -4.7531458e-001
 -5.0748230e-001
 -5.3419058e-001
 -5.5472494e-001
 -5.6859281e-001
 -5.7564955e-001
 -5.7598657e-001
 -5.7001947e-001
 -5.5832830e-001
 -5.4173429e-001
 -5.2111635e-001
 -4.9746219e-001
 -4.7166511e-001
 -4.4464168e-001
 -4.1715090e-001
 -3.8995883e-001
 -3.6364101e-001
 -3.3880554e-001
 -3.1589074e-001
 -2.9543520e-001
 -2.7784771e-001
 -2.6371440e-001
 -2.5350462e-001
 -2.4793942e-001
 -2.4757716e-001
 -2.5327075e-001
 -2.6554380e-001
 -2.8529349e-001
 -3.1273053e-001
 -3.4888234e-001
