 -3.7792907e-001
 -3.5984572e-001
 -3.3692718e-001
 -3.0925594e-001
 -2.7720606e-001
 -2.4148914e-001
 -2.0316256e-001
 -1.6359467e-001
 -1.2438767e-001
 -8.7265670e-002
 -5.3940690e-002
 -2.5973178e-002
 -4.6448286e-003
  9.1398879e-003
  1.4910943e-002
  1.2641917e-002
  2.7111219e-003
 -1.4178480e-002
 -3.7107963e-002
 -6.5063231e-002
 -9.7050040e-002
 -1.3218672e-001
 -1.6976185e-001
 -2.0925001e-001
 -2.5028526e-001
 -2.9259903e-001
 -3.3593445e-001
 -3.7995331e-001
 -4.2415248e-001
 -4.6780579e-001
 -5.0994291e-001
 -5.4937136e-001
 -5.8474082e-001
 -6.1464241e-001
 -6.3773001e-001
 -6.5284732e-001
 -6.5914291e-001
 -6.5615765e-001
 -6.4387232e-001
 -6.2270931e-001
 -5.9348888e-001
 -5.5734653e-001
 -5.1562384e-001
 -4.6974811e-001
 -4.2111723e-001
 -3.7100455e-001
 -3.2049486e-001
 -2.7045710e-001
 -2.2155334e-001
 -1.7427785e-001
 -1.2901542e-001
 -8.6105519e-002
 -4.5898280e-002
 -8.7905819e-003
  2.4765790e-002
  5.4286532e-002
  7.9304730e-002
  9.9440043e-002
  1.1447511e-001
  1.2442526e-001
  1.2958821e-001
  1.3056288e-001
  1.2823126e-001
  1.2370280e-001
  1.1822636e-001
  1.1308025e-001
  1.0945407e-001
  1.0833788e-001
  1.1043286e-001
  1.1609518e-001
  1.2531964e-001
  1.3776393e-001
  1.5280905e-001
  1.6964586e-001
  1.8737506e-001
  2.0510611e-001
  2.2204189e-001
  2.3753890e-001
  2.5113694e-001
  2.6255799e-001
  2.7167852e-001
  2.7848413e-001
  2.8301749e-001
  2.8533137e-001
  2.8545679e-001
  2.8339321e-001
  2.7912291e-001
  2.7264706e-001
  2.6403646e-001
  2.5348662e-001
  2.4136547e-001
  2.2824266e-001
  2.1489174e-001
  2.0226099e-001
  1.9141347e-001
  1.8344198e-001
  1.7936931e-001
  1.8004649e-001
  1.8606310e-001
  1.9768209e-001
  2.1480843e-001
  2.3699597e-001
  2.6349163e-001
  2.9331040e-001
  3.2533024e-001
  3.5839356e-001
  3.9140084e-001
  4.2338405e-001
  4.5355071e-001
  4.8129460e-001
  5.0617447e-001
  5.2786750e-001
  5.4610803e-001
  5.6062459e-001
  5.7108827e-001
  5.7708325e-001
  5.7810663e-001
  5.7359941e-001
  5.6300501e-001
  5.4584693e-001
  5.2181347e-001
  4.9083572e-001
  4.5314581e-001
  4.0930503e-001
  3.6019579e-001
  3.0697702e-001
  2.5100802e-001
  1.9375068e-001
  1.3666329e-001
  8.1100143e-002
  2.8230349e-002
 -2.1014024e-002
 -6.5955179e-002
 -1.0615227e-001
 -1.4135521e-001
 -1.7143970e-001
 -1.9633636e-001
 -2.1596747e-001
 -2.3020321e-001
 -2.3884547e-001
 -2.4164264e-001
 -2.3833282e-001
 -2.2870797e-001
 -2.1268740e-001
 -1.9038710e-001
 -1.6217141e-001
 -1.2867639e-001
 -9.0798224e-002
 -4.9645970e-002
 -6.4634900e-003
  3.7469229e-002
  8.0941629e-002
  1.2290977e-001
  1.6257088e-001
  1.9940440e-001
  2.3317355e-001
  2.6388783e-001
  2.9173284e-001
  3.1697909e-001
  3.3988478e-001
  3.6060863e-001
  3.7914701e-001
  3.9530596e-001
  4.0871263e-001
  4.1886440e-001
  4.2520744e-001
  4.2723149e-001
  4.2456452e-001
  4.1705073e-001
  4.0479773e-001
  3.8818327e-001
  3.6781882e-001
  3.4447386e-001
  3.1897188e-001
  2.9207369e-001
  2.6436672e-001
  2.3617835e-001
  2.0752835e-001
  1.7812985e-001
  1.4744069e-001
  1.1475940e-001
  7.9352809e-002
  4.0596992e-002
 -1.8894649e-003
 -4.8140065e-002
 -9.7779567e-002
 -1.5001794e-001
 -2.0370132e-001
 -2.5741376e-001
 -3.0961573e-001
 -3.5879991e-001
 -4.0364194e-001
 -4.4312456e-001
 -4.7661759e-001
 -5.0390273e-001
 -5.2514076e-001
 -5.4078753e-001
 -5.5147276e-001
 -5.5786182e-001
 -5.6052285e-001
 -5.5982090e-001
 -5.5585658e-001
 -5.4845935e-001
 -5.3723714e-001
 -5.2167483e-001
 -5.0126601e-001
 -4.7565702e-001
 -4.4477977e-001
 -4.0895092e-001
 -3.6892017e-001
 -3.2585753e-001
 -2.8127885e-001
 -2.3691850e-001
 -1.9456599e-001
 -1.5588940e-001
 -1.2227059e-001
 -9.4675991e-002
 -7.3581385e-002
 -5.8961391e-002
 -5.0344714e-002
 -4.6926355e-002
 -4.7719519e-002
 -5.1723990e-002
 -5.8085363e-002
 -6.6221001e-002
 -7.5893781e-002
 -8.7222793e-002
 -1.0062991e-001
 -1.1673112e-001
 -1.3619022e-001
 -1.5955813e-001
 -1.8712391e-001
 -2.1880147e-001
 -2.5407090e-001
 -2.9198496e-001
 -3.3124119e-001
 -3.7031014e-001
 -4.0760136e-001
 -4.4164267e-001
 -4.7124609e-001
 -4.9563537e-001
 -5.1451551e-001
 -5.2807343e-001
 -5.3690885e-001
 -5.4190520e-001
 -5.4405924e-001
 -5.4429450e-001
 -5.4328630e-001
 -5.4132462e-001
 -5.3823574e-001
 -5.3337520e-001
 -5.2569416e-001
 -5.1387088e-001
 -4.9648938e-001
 -4.7224060e-001
 -4.4011828e-001
 -3.9958242e-001
 -3.5066794e-001
 -2.9402397e-001
 -2.3087895e-001
 -1.6293720e-001
 -9.2221733e-002
 -2.0885426e-002
  4.8983879e-002
  1.1553853e-001
  1.7730448e-001
  2.3325763e-001
  2.8283647e-001
  3.2589368e-001
  3.6259809e-001
  3.9330496e-001
  4.1841620e-001
  4.3825285e-001
  4.5295890e-001
  4.6245023e-001
  4.6641483e-001
  4.6436245e-001
  4.5571447e-001
  4.3991876e-001
  4.1657141e-001
  3.8552643e-001
  3.4697712e-001
  3.0149760e-001
  2.5003914e-001
  1.9388269e-001
  1.3455523e-001
  7.3722150e-002
  1.3070551e-002
 -4.5801567e-002
 -1.0147731e-001
 -1.5278512e-001
 -1.9883121e-001
 -2.3900142e-001
 -2.7293803e-001
 -3.0050051e-001
 -3.2172006e-001
 -3.3675753e-001
 -3.4587163e-001
 -3.4940113e-001
 -3.4776046e-001
 -3.4144452e-001
 -3.3103588e-001
 -3.1720626e-001
 -3.0070486e-001
 -2.8232837e-001
 -2.6287106e-001
 -2.4305746e-001
 -2.2346455e-001
 -2.0444329e-001
 -1.8605139e-001
 -1.6800891e-001
 -1.4968643e-001
 -1.3013140e-001
 -1.0813374e-001
 -8.2325857e-002
 -5.1307757e-002
 -1.3783554e-002
  3.1305852e-002
  8.4669302e-002
  1.4658403e-001
  2.1685525e-001
  2.9481995e-001
  3.7939263e-001
  4.6914488e-001
  5.6240710e-001
  6.5737796e-001
  7.5222745e-001
  8.4518130e-001
  9.3457850e-001
  1.0188986e+000
  1.0967611e+000
  1.1669035e+000
  1.2281488e+000
  1.2793746e+000
  1.3194947e+000
  1.3474627e+000
  1.3623031e+000
  1.3631680e+000
  1.3494150e+000
  1.3206964e+000
  1.2770459e+000
  1.2189492e+000
  1.1473857e+000
  1.0638321e+000
  9.7022268e-001
  8.6886708e-001
  7.6233370e-001
  6.5330882e-001
  5.4444694e-001
  4.3822826e-001
  3.3683797e-001
  2.4207885e-001
  1.5532396e-001
  7.7510516e-002
  9.1701953e-003
 -4.9513365e-002
 -9.8632421e-002
 -1.3848195e-001
 -1.6949787e-001
 -1.9221613e-001
 -2.0725717e-001
 -2.1533543e-001
 -2.1728792e-001
 -2.1411181e-001
 -2.0699854e-001
 -1.9735147e-001
 -1.8677573e-001
 -1.7703308e-001
 -1.6995953e-001
 -1.6734959e-001
 -1.7081676e-001
 -1.8164436e-001
 -2.0064394e-001
 -2.2803874e-001
 -2.6338812e-001
 -3.0556484e-001
 -3.5279104e-001
 -4.0273268e-001
 -4.5264502e-001
 -4.9955606e-001
 -5.4047097e-001
 -5.7257775e-001
 -5.9343550e-001
 -6.0112842e-001
 -5.9437382e-001
 -5.7257742e-001
 -5.3583574e-001
 -4.8489089e-001
 -4.2104760e-001
 -3.4606549e-001
 -2.6204027e-001
 -1.7128707e-001
 -7.6236239e-002
  2.0651695e-002
  1.1694911e-001
  2.1030416e-001
  2.9846808e-001
  3.7931397e-001
  4.5085440e-001
  5.1126486e-001
  5.5891747e-001
  5.9242679e-001
  6.1070630e-001
  6.1303074e-001
  5.9909768e-001
  5.6907977e-001
  5.2365960e-001
  4.6404013e-001
  3.9192573e-001
  3.0947231e-001
  2.1920784e-001
  1.2392809e-001
  2.6574559e-002
 -6.9896575e-002
 -1.6264518e-001
 -2.4906893e-001
 -3.2690870e-001
 -3.9433253e-001
 -4.4999535e-001
 -4.9307391e-001
 -5.2327859e-001
 -5.4084481e-001
 -5.4650735e-001
 -5.4146101e-001
 -5.2731019e-001
 -5.0600890e-001
 -4.7979192e-001
 -4.5109690e-001
 -4.2247689e-001
 -3.9650322e-001
 -3.7565949e-001
 -3.6222893e-001
 -3.5817921e-001
 -3.6505050e-001
 -3.8385404e-001
 -4.1498941e-001
 -4.5818859e-001
 -5.1249387e-001
 -5.7627488e-001
 -6.4728685e-001
 -7.2276908e-001
 -7.9957898e-001
 -8.7435343e-001
 -9.4368670e-001
 -1.0043121e+000
 -1.0532745e+000
 -1.0880800e+000
 -1.1068144e+000
 -1.1082203e+000
 -1.0917309e+000
 -1.0574607e+000
 -1.0061564e+000
 -9.3911673e-001
 -8.5809033e-001
 -7.6516326e-001
 -6.6264675e-001
 -5.5297470e-001
 -4.3861805e-001
 -3.2201963e-001
 -2.0555018e-001
 -9.1482604e-002
  1.8020674e-002
  1.2091434e-001
  2.1527802e-001
  2.9933195e-001
  3.7146526e-001
  4.3027868e-001
  4.7464083e-001
  5.0375356e-001
  5.1721953e-001
  5.1510329e-001
  4.9797635e-001
  4.6693756e-001
  4.2360192e-001
  3.7005400e-001
  3.0876564e-001
  2.4248200e-001
  1.7408315e-001
  1.0643191e-001
  4.2220272e-002
 -1.6172739e-002
 -6.6799860e-002
 -1.0823135e-001
 -1.3960156e-001
 -1.6061407e-001
 -1.7150751e-001
 -1.7298776e-001
 -1.6613552e-001
 -1.5229983e-001
 -1.3298866e-001
 -1.0976667e-001
 -8.4168253e-002
 -5.7630892e-002
 -3.1450482e-002
 -6.7571653e-003
  1.5492620e-002
  3.4513827e-002
  4.9686774e-002
  6.0553366e-002
  6.6819834e-002
  6.8367876e-002
  6.5273335e-002
  5.7828987e-002
  4.6565976e-002
  3.2267440e-002
  1.5967893e-002
 -1.0667509e-003
 -1.7381385e-002
 -3.1396074e-002
 -4.1489300e-002
 -4.6093891e-002
 -4.3797194e-002
 -3.3435901e-002
 -1.4176063e-002
  1.4429751e-002
  5.2413670e-002
  9.9394304e-002
  1.5460769e-001
  2.1696261e-001
  2.8511279e-001
  3.5753693e-001
  4.3261714e-001
  5.0870761e-001
  5.8418729e-001
  6.5749369e-001
  7.2713811e-001
  7.9170580e-001
  8.4984715e-001
  9.0026736e-001
  9.4172224e-001
  9.7302650e-001
  9.9307864e-001
  1.0009035e+000
  9.9570976e-001
  9.7695758e-001
  9.4442719e-001
  8.9828035e-001
  8.3910479e-001
  7.6793408e-001
  6.8623778e-001
  5.9588008e-001
  4.9904894e-001
  3.9816136e-001
  2.9575288e-001
  1.9436151e-001
  9.6416294e-002
  4.1399501e-003
 -8.0527301e-002
 -1.5597852e-001
 -2.2096459e-001
 -2.7459496e-001
 -3.1631941e-001
 -3.4589756e-001
 -3.6336300e-001
 -3.6898839e-001
 -3.6325612e-001
 -3.4683675e-001
 -3.2057490e-001
 -2.8548010e-001
 -2.4271816e-001
 -1.9359822e-001
 -1.3955086e-001
 -8.2093894e-002
 -2.2784895e-002
  3.6838353e-002
  9.5325426e-002
  1.5138300e-001
  2.0393960e-001
  2.5219804e-001
  2.9566929e-001
  3.3418332e-001
  3.6787536e-001
  3.9714866e-001
  4.2261804e-001
  4.4504053e-001
  4.6524067e-001
  4.8403846e-001
  5.0218689e-001
  5.2032397e-001
  5.3894193e-001
  5.5837320e-001
  5.7879036e-001
  6.0021544e-001
  6.2253286e-001
  6.4550058e-001
  6.6875530e-001
  6.9180939e-001
  7.1404021e-001
  7.3467462e-001
  7.5277396e-001
  7.6722593e-001
  7.7675007e-001
  7.7992236e-001
  7.7522255e-001
  7.6110462e-001
  7.3608737e-001
  6.9885908e-001
  6.4838701e-001
  5.8402130e-001
  5.0558222e-001
  4.1342080e-001
  3.0844547e-001
  1.9211058e-001
  6.6366941e-002
 -6.6421795e-002
 -2.0358906e-001
 -3.4229159e-001
 -4.7964035e-001
 -6.1282496e-001
 -7.3922181e-001
 -8.5647875e-001
 -9.6257272e-001
 -1.0558401e+000
 -1.1349829e+000
 -1.1990566e+000
 -1.2474464e+000
 -1.2798397e+000
 -1.2962005e+000
 -1.2967508e+000
 -1.2819608e+000
 -1.2525463e+000
 -1.2094710e+000
 -1.1539488e+000
 -1.0874396e+000
 -1.0116336e+000
 -9.2841999e-001
 -8.3983865e-001
 -7.4801399e-001
 -6.5507573e-001
 -5.6307150e-001
 -4.7387874e-001
 -3.8912383e-001
 -3.1011623e-001
 -2.3780376e-001
 -1.7275330e-001
 -1.1515839e-001
 -6.4872324e-002
 -2.1463050e-002
  1.5716165e-002
  4.7447337e-002
  7.4567083e-002
  9.7891543e-002
  1.1815247e-001
  1.3594830e-001
  1.5171184e-001
  1.6569455e-001
  1.7796536e-001
  1.8842116e-001
  1.9680552e-001
  2.0273220e-001
  2.0571066e-001
  2.0517171e-001
  2.0049255e-001
  1.9102116e-001
  1.7610106e-001
  1.5509754e-001
  1.2742648e-001
  9.2586316e-002
  5.0193158e-002
  1.7907044e-005
 -5.7976506e-002
 -1.2360042e-001
 -1.9640834e-001
 -2.7567864e-001
 -3.6040479e-001
 -4.4930030e-001
 -5.4081852e-001
 -6.3318740e-001
 -7.2445812e-001
 -8.1256548e-001
 -8.9539703e-001
 -9.7086750e-001
 -1.0369945e+000
 -1.0919715e+000
 -1.1342351e+000
 -1.1625220e+000
 -1.1759143e+000
 -1.1738707e+000
 -1.1562421e+000
 -1.1232716e+000
 -1.0755790e+000
 -1.0141310e+000
 -9.4019873e-001
 -8.5530528e-001
 -7.6116599e-001
 -6.5962485e-001
 -5.5259039e-001
 -4.4197455e-001
 -3.2963754e-001
 -2.1734114e-001
 -1.0671230e-001
  7.8233969e-004
  1.0385097e-001
  2.0138145e-001
  2.9243818e-001
  3.7625346e-001
  4.5221583e-001
  5.1985782e-001
  5.7884506e-001
  6.2896796e-001
  6.7013620e-001
  7.0237570e-001
  7.2582653e-001
  7.4074033e-001
  7.4747498e-001
  7.4648515e-001
  7.3830742e-001
  7.2353989e-001
  7.0281692e-001
  6.7678085e-001
  6.4605320e-001
  6.1120842e-001
  5.7275345e-001
  5.3111565e-001
  4.8664123e-001
  4.3960494e-001
  3.9023051e-001
  3.3871982e-001
  2.8528791e-001
  2.3019981e-001
  1.7380488e-001
  1.1656450e-001
  5.9069824e-002
  2.0468901e-003
 -5.3651502e-002
 -1.0706685e-001
 -1.5716686e-001
 -2.0288504e-001
 -2.4316418e-001
 -2.7699945e-001
 -3.0347737e-001
 -3.2180747e-001
 -3.3134457e-001
 -3.3160105e-001
 -3.2224950e-001
 -3.0311761e-001
 -2.7417762e-001
 -2.3553352e-001
 -1.8740864e-001
 -1.3013632e-001
 -6.4155212e-002
  9.9901394e-003
  9.1643783e-002
  1.8002947e-001
  2.7424052e-001
  3.7323126e-001
  4.7581264e-001
  5.8065475e-001
  6.8629790e-001
  7.9117331e-001
  8.9363332e-001
  9.9199005e-001
  1.0845603e+000
  1.1697143e+000
  1.2459242e+000
  1.3118110e+000
  1.3661838e+000
  1.4080724e+000
  1.4367488e+000
  1.4517386e+000
  1.4528215e+000
  1.4400226e+000
  1.4135962e+000
  1.3740039e+000
  1.3218906e+000
  1.2580594e+000
  1.1834484e+000
  1.0991110e+000
  1.0061985e+000
  9.0594722e-001
  7.9966749e-001
  6.8873376e-001
  5.7457354e-001
  4.5865349e-001
  3.4246108e-001
  2.2748068e-001
  1.1516401e-001
  6.8958251e-003
 -9.6043468e-002
 -1.9251538e-001
 -2.8155798e-001
 -3.6241391e-001
 -4.3454867e-001
 -4.9765638e-001
 -5.5165162e-001
 -5.9664712e-001
 -6.3291882e-001
 -6.6086104e-001
 -6.8093592e-001
 -6.9362222e-001
 -6.9936835e-001
 -6.9855490e-001
 -6.9147019e-001
 -6.7830164e-001
 -6.5914333e-001
 -6.3401881e-001
 -6.0291596e-001
 -5.6582952e-001
 -5.2280618e-001
 -4.7398654e-001
 -4.1963921e-001
 -3.6018299e-001
 -2.9619517e-001
 -2.2840535e-001
 -1.5767642e-001
 -8.4975620e-002
 -1.1339891e-002
  6.2159979e-002
  1.3445206e-001
  2.0448935e-001
  2.7126724e-001
  3.3383168e-001
  3.9127954e-001
  4.4275346e-001
  4.8743488e-001
  5.2453903e-001
  5.5331527e-001
  5.7305544e-001
  5.8311126e-001
  5.8292025e-001
  5.7203816e-001
  5.5017445e-001
  5.1722659e-001
  4.7330885e-001
  4.1877162e-001
  3.5420856e-001
  2.8045004e-001
  1.9854344e-001
  1.0972203e-001
  1.5365754e-002
 -8.3042161e-002
 -1.8395877e-001
 -2.8582152e-001
 -3.8708238e-001
 -4.8623477e-001
 -5.8183365e-001
 -6.7251017e-001
 -7.5698336e-001
 -8.3407167e-001
 -9.0270680e-001
 -9.6195150e-001
 -1.0110219e+000
 -1.0493129e+000
 -1.0764254e+000
 -1.0921904e+000
 -1.0966874e+000
 -1.0902530e+000
 -1.0734766e+000
 -1.0471823e+000
 -1.0123963e+000
 -9.7030312e-001
 -9.2219303e-001
 -8.6940654e-001
 -8.1328028e-001
 -7.5509971e-001
 -6.9606214e-001
 -6.3725245e-001
 -5.7963161e-001
 -5.2403643e-001
 -4.7118730e-001
 -4.2169963e-001
 -3.7609455e-001
 -3.3480502e-001
 -2.9817478e-001
 -2.6644952e-001
 -2.3976143e-001
 -2.1811050e-001
 -2.0134708e-001
 -1.8916075e-001
 -1.8108048e-001
 -1.7648957e-001
 -1.7465691e-001
 -1.7478377e-001
 -1.7606246e-001
 -1.7774127e-001
 -1.7918823e-001
 -1.7994605e-001
 -1.7977077e-001
 -1.7864869e-001
 -1.7678843e-001
 -1.7458841e-001
 -1.7258278e-001
 -1.7137233e-001
 -1.7154815e-001
 -1.7361756e-001
 -1.7794079e-001
 -1.8468577e-001
 -1.9380560e-001
 -2.0504022e-001
 -2.1794035e-001
 -2.3190888e-001
 -2.4625264e-001
 -2.6023657e-001
 -2.7313235e-001
 -2.8425512e-001
 -2.9298429e-001
 -2.9876752e-001
 -3.0110994e-001
 -2.9955357e-001
 -2.9365353e-001
 -2.8295856e-001
 -2.6700268e-001
 -2.4531308e-001
 -2.1743652e-001
 -1.8298344e-001
 -1.4168567e-001
 -9.3460673e-002
 -3.8473941e-002
  2.2810062e-002
  8.9596597e-002
  1.6075553e-001
  2.3484571e-001
  3.1016852e-001
  3.8484684e-001
  4.5692219e-001
  5.2446088e-001
  5.8565878e-001
  6.3893479e-001
  6.8300471e-001
  7.1692975e-001
  7.4013745e-001
  7.5241576e-001
  7.5388456e-001
  7.4495078e-001
  7.2625466e-001
  6.9861481e-001
  6.6297857e-001
  6.2038222e-001
  5.7192323e-001
  5.1874425e-001
  4.6202603e-001
  4.0298521e-001
  3.4287201e-001
  2.8296323e-001
  2.2454683e-001
  1.6889666e-001
  1.1723731e-001
  7.0701740e-002
  3.0285549e-002
 -3.1968572e-003
 -2.9149072e-002
 -4.7217698e-002
 -5.7302273e-002
 -5.9548619e-002
 -5.4326168e-002
 -4.2191723e-002
 -2.3843665e-002
 -7.1471830e-005
  2.8294334e-002
  6.0427279e-002
  9.5541565e-002
  1.3291824e-001
  1.7192047e-001
  2.1199892e-001
  2.5268932e-001
  2.9360497e-001
  3.3442676e-001
  3.7489323e-001
  4.1479202e-001
  4.5395329e-001
  4.9224490e-001
  5.2956804e-001
  5.6585221e-001
  6.0104784e-001
  6.3511593e-001
  6.6801427e-001
  6.9968087e-001
  7.3001608e-001
  7.5886528e-001
  7.8600436e-001
  8.1113017e-001
  8.3385743e-001
  8.5372314e-001
  8.7019815e-001
  8.8270529e-001
  8.9064210e-001
  8.9340631e-001
  8.9042183e-001
  8.8116351e-001
  8.6517922e-001
  8.4210885e-001
  8.1170018e-001
  7.7382222e-001
  7.2847688e-001
  6.7580968e-001
  6.1611979e-001
  5.4986901e-001
  4.7768870e-001
  4.0038287e-001
  3.1892530e-001
  2.3444858e-001
  1.4822351e-001
  6.1627932e-002
 -2.3894375e-002
 -1.0688303e-001
 -1.8591535e-001
 -2.5966153e-001
 -3.2693604e-001
 -3.8674061e-001
 -4.3829518e-001
 -4.8105428e-001
 -5.1470832e-001
 -5.3917083e-001
 -5.5455480e-001
 -5.6114227e-001
 -5.5935205e-001
 -5.4971032e-001
 -5.3282800e-001
 -5.0938691e-001
 -4.8013535e-001
 -4.4589098e-001
 -4.0754779e-001
 -3.6608235e-001
 -3.2255430e-001
 -2.7809671e-001
 -2.3389326e-001
 -1.9114125e-001
 -1.5100218e-001
 -1.1454381e-001
 -8.2679646e-002
 -5.6113215e-002
 -3.5294400e-002
 -2.0394312e-002
 -1.1303160e-002
 -7.6528269e-003
 -8.8627029e-003
 -1.4204247e-002
 -2.2877167e-002
 -3.4088493e-002
 -4.7125336e-002
 -6.1412969e-002
 -7.6551862e-002
 -9.2330191e-002
 -1.0871173e-001
 -1.2580236e-001
 -1.4380135e-001
 -1.6294528e-001
 -1.8345342e-001
 -2.0548252e-001
 -2.2909726e-001
 -2.5425981e-001
 -2.8083874e-001
 -3.0863438e-001
 -3.3741486e-001
 -3.6695556e-001
 -3.9707407e-001
 -4.2765346e-001
 -4.5864879e-001
 -4.9007448e-001
 -5.2197340e-001
 -5.5437185e-001
 -5.8722699e-001
 -6.2037507e-001
 -6.5348892e-001
 -6.8605260e-001
 -7.1735844e-001
 -7.4652918e-001
 -7.7256417e-001
 -7.9440539e-001
 -8.1101635e-001
 -8.2146483e-001
 -8.2500030e-001
 -8.2111714e-001
 -8.0959707e-001
 -7.9052654e-001
 -7.6428853e-001
 -7.3153080e-001
 -6.9311601e-001
 -6.5006031e-001
 -6.0346843e-001
 -5.5447234e-001
 -5.0417967e-001
 -4.5363570e-001
 -4.0380012e-001
 -3.5553765e-001
 -3.0961905e-001
 -2.6672811e-001
 -2.2746950e-001
 -1.9237297e-001
 -1.6189063e-001
 -1.3638595e-001
 -1.1611504e-001
 -1.0120283e-001
 -9.1618237e-002
 -8.7153026e-002
 -8.7409175e-002
 -9.1798598e-002
 -9.9557543e-002
 -1.0977608e-001
 -1.2144101e-001
 -1.3348862e-001
 -1.4486258e-001
 -1.5457131e-001
 -1.6173945e-001
 -1.6564894e-001
 -1.6576640e-001
 -1.6175554e-001
 -1.5347494e-001
 -1.4096334e-001
 -1.2441575e-001
 -1.0415414e-001
 -8.0596881e-002
 -5.4230041e-002
 -2.5583068e-002
  4.7901862e-003
  3.6325207e-002
  6.8456563e-002
  1.0062556e-001
  1.3228795e-001
  1.6292349e-001
  1.9204858e-001
  2.1923226e-001
  2.4411467e-001
  2.6642639e-001
  2.8600620e-001
  3.0281473e-001
  3.1694148e-001
  3.2860332e-001
  3.3813364e-001
  3.4596220e-001
  3.5258693e-001
  3.5854013e-001
  3.6435176e-001
  3.7051334e-001
  3.7744543e-001
  3.8547155e-001
  3.9480037e-001
  4.0551714e-001
  4.1758435e-001
  4.3085050e-001
  4.4506549e-001
  4.5990024e-001
  4.7496849e-001
  4.8984846e-001
  5.0410274e-001
  5.1729527e-001
  5.2900473e-001
  5.3883463e-001
  5.4642042e-001
  5.5143468e-001
  5.5359145e-001
  5.5265060e-001
  5.4842317e-001
  5.4077822e-001
  5.2965109e-001
  5.1505298e-001
  4.9708097e-001
  4.7592751e-001
  4.5188810e-001
  4.2536583e-001
  3.9687152e-001
  3.6701842e-001
  3.3651073e-001
  3.0612564e-001
  2.7668939e-001
  2.4904793e-001
  2.2403389e-001
  2.0243151e-001
  1.8494188e-001
  1.7215080e-001
  1.6450137e-001
  1.6227340e-001
  1.6557074e-001
  1.7431727e-001
  1.8826137e-001
  2.0698793e-001
  2.2993623e-001
  2.5642194e-001
  2.8566093e-001
  3.1679317e-001
  3.4890522e-001
  3.8105072e-001
  4.1226879e-001
  4.4160139e-001
  4.6811070e-001
  4.9089829e-001
  5.0912736e-001
  5.2204877e-001
  5.2903073e-001
  5.2959089e-001
  5.2342834e-001
  5.1045207e-001
  4.9080213e-001
  4.6485934e-001
  4.3324055e-001
  3.9677724e-001
  3.5647754e-001
  3.1347323e-001
  2.6895596e-001
  2.2410786e-001
  1.8003359e-001
  1.3770028e-001
  9.7891770e-002
  6.1181340e-002
  2.7925290e-002
 -1.7234764e-003
 -2.7785112e-002
 -5.0411461e-002
 -6.9840807e-002
 -8.6356308e-002
 -1.0025484e-001
 -1.1183107e-001
 -1.2137862e-001
 -1.2920720e-001
 -1.3567089e-001
 -1.4120073e-001
 -1.4633271e-001
 -1.5172249e-001
 -1.5813954e-001
 -1.6643607e-001
 -1.7749013e-001
 -1.9212678e-001
 -2.1102503e-001
 -2.3462204e-001
 -2.6302776e-001
 -2.9596310e-001
 -3.3273305e-001
 -3.7224203e-001
 -4.1305383e-001
 -4.5349232e-001
 -4.9177375e-001
 -5.2615632e-001
 -5.5508998e-001
 -5.7734877e-001
 -5.9212946e-001
 -5.9910467e-001
 -5.9842434e-001
 -5.9066619e-001
 -5.7674289e-001
 -5.5777929e-001
 -5.3497715e-001
 -5.0948638e-001
 -4.8230029e-001
 -4.5418872e-001
 -4.2567679e-001
 -3.9706998e-001
 -3.6851891e-001
 -3.4011092e-001
 -3.1197144e-001
 -2.8435609e-001
 -2.5771627e-001
 -2.3272465e-001
 -2.1025356e-001
 -1.9130675e-001
 -1.7691267e-001
 -1.6799406e-001
 -1.6523299e-001
 -1.6895225e-001
 -1.7903209e-001
 -1.9487707e-001
 -2.1544056e-001
 -2.3930612e-001
 -2.6481691e-001
 -2.9023665e-001
 -3.1392111e-001
 -3.3447713e-001
 -3.5088768e-001
 -3.6258652e-001
 -3.6947298e-001
 -3.7186631e-001
 -3.7040778e-001
 -3.6592640e-001
 -3.5928916e-001
 -3.5125904e-001
 -3.4238202e-001
 -3.3292025e-001
 -3.2284043e-001
 -3.1185826e-001
 -2.9953058e-001
 -2.8537948e-001
 -2.6902722e-001
 -2.5031939e-001
 -2.2941498e-001
 -2.0682743e-001
 -1.8340814e-001
 -1.6027289e-001
 -1.3868061e-001
 -1.1988160e-001
 -1.0495702e-001
 -9.4673502e-002
 -8.9374389e-002
 -8.8924037e-002
 -9.2713710e-002
 -9.9728438e-002
 -1.0866520e-001
 -1.1808521e-001
 -1.2657814e-001
 -1.3291465e-001
 -1.3616559e-001
 -1.3577188e-001
 -1.3155643e-001
 -1.2367917e-001
 -1.1254445e-001
 -9.8677960e-002
 -8.2594409e-002
 -6.4678745e-002
 -4.5101130e-002
 -2.3780327e-002
 -4.0222998e-004
  2.5508696e-002
  5.4476008e-002
  8.6933809e-002
  1.2308732e-001
  1.6279442e-001
  2.0548833e-001
  2.5015566e-001
  2.9537600e-001
  3.3942009e-001
  3.8039493e-001
  4.1641733e-001
  4.4579295e-001
  4.6717747e-001
  4.7969886e-001
  4.8302559e-001
  4.7737353e-001
  4.6345288e-001
  4.4236493e-001
  4.1546518e-001
  3.8421327e-001
  3.5003113e-001
  3.1418828e-001
  2.7772821e-001
  2.4144236e-001
  2.0589072e-001
  1.7146051e-001
  1.3844854e-001
  1.0714986e-001
  7.7934742e-002
  5.1298767e-002
  2.7875787e-002
  8.4101640e-003
 -6.3081852e-003
 -1.5535960e-002
 -1.8681097e-002
 -1.5402726e-002
 -5.6897687e-003
  1.0095447e-002
  3.1216943e-002
  5.6610091e-002
  8.4966950e-002
  1.1485110e-001
  1.4482684e-001
  1.7358579e-001
  2.0005467e-001
  2.2347097e-001
  2.4341864e-001
  2.5982153e-001
  2.7289881e-001
  2.8309165e-001
  2.9097424e-001
  2.9716336e-001
  3.0223996e-001
  3.0669330e-001
  3.1089339e-001
  3.1509240e-001
  3.1945061e-001
  3.2407824e-001
  3.2908215e-001
  3.3460595e-001
  3.4085359e-001
  3.4808999e-001
  3.5661649e-001
  3.6672407e-001
  3.7863120e-001
  3.9241675e-001
  4.0795950e-001
  4.2489544e-001
  4.4260154e-001
  4.6021088e-001
  4.7665914e-001
  4.9075800e-001
  5.0128644e-001
  5.0708869e-001
  5.0716624e-001
  5.0075251e-001
  4.8736136e-001
  4.6680464e-001
  4.3917867e-001
  4.0482390e-001
  3.6426591e-001
  3.1814819e-001
  2.6716763e-001
  2.1202262e-001
  1.5338098e-001
  9.1870966e-002
  2.8094674e-002
 -3.7341108e-002
 -1.0378431e-001
 -1.7049686e-001
 -2.3662333e-001
 -3.0117699e-001
 -3.6304852e-001
 -4.2103851e-001
 -4.7391160e-001
 -5.2046597e-001
 -5.5960968e-001
 -5.9043421e-001
 -6.1227568e-001
 -6.2475624e-001
 -6.2780093e-001
 -6.2162888e-001
 -6.0672140e-001
 -5.8377247e-001
 -5.5362928e-001
 -5.1723144e-001
 -4.7555661e-001
 -4.2957873e-001
 -3.8024230e-001
 -3.2845286e-001
 -2.7508135e-001
 -2.2097690e-001
 -1.6698213e-001
 -1.1394422e-001
 -6.2716299e-002
 -1.4146048e-002
  3.0949480e-002
  7.1820446e-002
  1.0782766e-001
  1.3848649e-001
  1.6350418e-001
  1.8280411e-001
  1.9653218e-001
  2.0504286e-001
  2.0886553e-001
  2.0865449e-001
  2.0512847e-001
  1.9900697e-001
  1.9095115e-001
  1.8151626e-001
  1.7112059e-001
  1.6003377e-001
  1.4838391e-001
  1.3618064e-001
  1.2334878e-001
  1.0976629e-001
  9.5299566e-002
  7.9830566e-002
  6.3271625e-002
  4.5566555e-002
  2.6679125e-002
  6.5724783e-003
 -1.4815192e-002
 -3.7592549e-002
 -6.1928625e-002
 -8.8053236e-002
 -1.1624163e-001
 -1.4678336e-001
 -1.7993787e-001
 -2.1588205e-001
 -2.5465601e-001
 -2.9611490e-001
 -3.3989336e-001
 -3.8538856e-001
 -4.3176504e-001
 -4.7798217e-001
 -5.2284216e-001
 -5.6505389e-001
 -6.0330622e-001
 -6.3634325e-001
 -6.6303415e-001
 -6.8243115e-001
 -6.9381110e-001
 -6.9669825e-001
 -6.9086861e-001
 -6.7633811e-001
 -6.5333886e-001
 -6.2228862e-001
 -5.8375877e-001
 -5.3844522e-001
 -4.8714553e-001
 -4.3074351e-001
 -3.7020074e-001
 -3.0655266e-001
 -2.4090569e-001
 -1.7443130e-001
 -1.0835317e-001
 -4.3924518e-002
  1.7605701e-002
  7.5037031e-002
  1.2726964e-001
  1.7335985e-001
  2.1257349e-001
  2.4443087e-001
  2.6873761e-001
  2.8559669e-001
  2.9539884e-001
  2.9879096e-001
  2.9662457e-001
  2.8988872e-001
  2.7963378e-001
  2.6689369e-001
  2.5261440e-001
  2.3759585e-001
  2.2245305e-001
  2.0759973e-001
  1.9325519e-001
  1.7947245e-001
  1.6618280e-001
  1.5325046e-001
  1.4052936e-001
  1.2791424e-001
  1.1537909e-001
  1.0299759e-001
  9.0942997e-002
  7.9467494e-002
  6.8864200e-002
  5.9417448e-002
  5.1348783e-002
  4.4766997e-002
  3.9630224e-002
  3.5726738e-002
  3.2678767e-002
  2.9970568e-002
  2.6998759e-002
  2.3139716e-002
  1.7826263e-002
  1.0624291e-002
  1.2994999e-003
 -1.0134684e-002
 -2.3394849e-002
 -3.7934801e-002
 -5.2982367e-002
 -6.7602219e-002
 -8.0777746e-002
 -9.1502545e-002
 -9.8870782e-002
 -1.0215582e-001
 -1.0086806e-001
 -9.4785594e-002
 -8.3955117e-002
 -6.8664149e-002
 -4.9389753e-002
 -2.6731738e-002
 -1.3403589e-003
  2.6151086e-002
  5.5179359e-002
  8.5283107e-002
  1.1610984e-001
  1.4739842e-001
  1.7894125e-001
  2.1053367e-001
  2.4192001e-001
  2.7274651e-001
  3.0253035e-001
  3.3065175e-001
  3.5637240e-001
  3.7887977e-001
  3.9735247e-001
  4.1103864e-001
  4.1933694e-001
  4.2186889e-001
  4.1853231e-001
  4.0952787e-001
  3.9535430e-001
  3.7677222e-001
  3.5474060e-001
  3.3033385e-001
  3.0464979e-001
  2.7872009e-001
  2.5343412e-001
  2.2948482e-001
  2.0734203e-001
  1.8725468e-001
  1.6927874e-001
  1.5332476e-001
  1.3921579e-001
  1.2674577e-001
  1.1572889e-001
  1.0603244e-001
  9.7588882e-002
  9.0386636e-002
  8.4442832e-002
  7.9764506e-002
  7.6306704e-002
  7.3936589e-002
  7.2411653e-002
  7.1377817e-002
  7.0389809e-002
  6.8952373e-002
  6.6577192e-002
  6.2847468e-002
  5.7480410e-002
  5.0377743e-002
  4.1655739e-002
  3.1649090e-002
  2.0886666e-002
  1.0041335e-002
 -1.4013469e-004
 -8.9180616e-003
 -1.5641044e-002
 -1.9816578e-002
 -2.1161851e-002
 -1.9628351e-002
 -1.5397716e-002
 -8.8504062e-003
 -5.1260321e-004
  9.0103075e-003
  1.9103683e-002
  2.9206935e-002
  3.8861590e-002
  4.7738222e-002
  5.5639911e-002
  6.2483704e-002
  6.8264969e-002
  7.3012115e-002
  7.6740384e-002
  7.9413269e-002
  8.0918514e-002
  8.1062991e-002
  7.9587392e-002
  7.6198258e-002
  7.0611913e-002
  6.2602817e-002
  5.2048135e-002
  3.8960874e-002
  2.3505841e-002
  5.9954091e-003
 -1.3134622e-002
 -3.3365659e-002
 -5.4147388e-002
 -7.4951693e-002
 -9.5321426e-002
 -1.1490703e-001
 -1.3348599e-001
 -1.5096300e-001
 -1.6735167e-001
 -1.8274173e-001
 -1.9725759e-001
 -2.1101550e-001
 -2.2408650e-001
 -2.3647099e-001
 -2.4808885e-001
 -2.5878598e-001
 -2.6835571e-001
 -2.7657060e-001
 -2.8321876e-001
 -2.8813802e-001
 -2.9124188e-001
 -2.9253239e-001
 -2.9209782e-001
 -2.9009535e-001
 -2.8672181e-001
 -2.8217734e-001
 -2.7662854e-001
 -2.7017741e-001
 -2.6284170e-001
 -2.5455059e-001
 -2.4515688e-001
 -2.3446441e-001
 -2.2226696e-001
 -2.0839296e-001
 -1.9274930e-001
 -1.7535802e-001
 -1.5638005e-001
 -1.3612287e-001
 -1.1503074e-001
 -9.3658996e-002
 -7.2635970e-002
 -5.2617804e-002
 -3.4242014e-002
 -1.8085577e-002
 -4.6321658e-003
  5.7484930e-003
  1.2808248e-002
  1.6416253e-002
  1.6545593e-002
  1.3254674e-002
  6.6675585e-003
 -3.0430211e-003
 -1.5667294e-002
 -3.0963551e-002
 -4.8657099e-002
 -6.8434893e-002
 -8.9938599e-002
 -1.1275924e-001
 -1.3643625e-001
 -1.6046301e-001
 -1.8429950e-001
 -2.0739152e-001
 -2.2919452e-001
 -2.4919916e-001
 -2.6695542e-001
 -2.8209207e-001
 -2.9432949e-001
 -3.0348432e-001
 -3.0946635e-001
 -3.1226903e-001
 -3.1195575e-001
 -3.0864487e-001
 -3.0249596e-001
 -2.9369937e-001
 -2.8247003e-001
 -2.6904513e-001
 -2.5368453e-001
 -2.3667140e-001
 -2.1831072e-001
 -1.9892343e-001
 -1.7883473e-001
 -1.5835649e-001
 -1.3776505e-001
 -1.1727706e-001
 -9.7027169e-002
 -7.7051435e-002
 -5.7280299e-002
 -3.7543698e-002
 -1.7589329e-002
  2.8869424e-003
  2.4201495e-002
  4.6638834e-002
  7.0408541e-002
  9.5609060e-002
  1.2220329e-001
  1.5000932e-001
  1.7870752e-001
  2.0786253e-001
  2.3695679e-001
  2.6543006e-001
  2.9271898e-001
  3.1829050e-001
  3.4166466e-001
  3.6242387e-001
  3.8020873e-001
  3.9470294e-001
  4.0561217e-001
  4.1264308e-001
  4.1548917e-001
  4.1382901e-001
  4.0734051e-001
  3.9573192e-001
  3.7878702e-001
  3.5641891e-001
  3.2872442e-001
  2.9603013e-001
  2.5892099e-001
  2.1824458e-001
  1.7508702e-001
  1.3072031e-001
  8.6525398e-002
  4.3898827e-002
  4.1537481e-003
 -3.1572540e-002
 -6.2392916e-002
 -8.7717178e-002
 -1.0726546e-001
 -1.2104730e-001
 -1.2931011e-001
 -1.3246555e-001
 -1.3100506e-001
 -1.2541785e-001
 -1.1612376e-001
 -1.0343105e-001
 -8.7525330e-002
 -6.8490451e-002
 -4.6357168e-002
 -2.1170517e-002
  6.9363430e-003
  3.7675549e-002
  7.0558155e-002
  1.0487806e-001
  1.3973178e-001
  1.7407405e-001
  2.0680358e-001
  2.3686815e-001
  2.6337490e-001
  2.8569024e-001
  3.0351447e-001
  3.1691980e-001
  3.2634490e-001
  3.3254538e-001
  3.3650576e-001
  3.3932359e-001
  3.4208060e-001
  3.4571729e-001
  3.5092669e-001
  3.5808029e-001
  3.6719435e-001
  3.7793902e-001
  3.8968682e-001
  4.0159184e-001
  4.1268702e-001
  4.2198542e-001
  4.2857163e-001
  4.3167212e-001
  4.3069741e-001
  4.2525400e-001
  4.1512924e-001
  4.0025638e-001
  3.8067025e-001
  3.5646467e-001
  3.2776189e-001
  2.9470130e-001
  2.5745052e-001
  2.1623739e-001
  1.7139652e-001
  1.2342102e-001
  7.3007732e-002
  2.1084750e-002
 -3.1188094e-002
 -8.2451170e-002
 -1.3121000e-001
 -1.7592854e-001
 -2.1514134e-001
 -2.4757179e-001
 -2.7224192e-001
 -2.8855969e-001
 -2.9637239e-001
 -2.9597897e-001
 -2.8809931e-001
 -2.7380442e-001
 -2.5441623e-001
 -2.3138973e-001
 -2.0619198e-001
 -1.8019235e-001
 -1.5457619e-001
 -1.3029025e-001
 -1.0802320e-001
 -8.8219353e-002
 -7.1119187e-002
 -5.6816541e-002
 -4.5320761e-002
 -3.6612142e-002
 -3.0681023e-002
 -2.7544374e-002
 -2.7238062e-002
 -2.9787521e-002
 -3.5163517e-002
 -4.3232523e-002
 -5.3712405e-002
 -6.6143555e-002
 -7.9883379e-002
 -9.4128501e-002
 -1.0796480e-001
 -1.2044099e-001
 -1.3065780e-001
 -1.3786200e-001
 -1.4153357e-001
 -1.4145473e-001
 -1.3775177e-001
 -1.3090376e-001
 -1.2171640e-001
 -1.1126349e-001
 -1.0080205e-001
 -9.1670308e-002
 -8.5179072e-002
 -8.2507379e-002
 -8.4612217e-002
 -9.2159871e-002
 -1.0548358e-001
 -1.2456905e-001
 -1.4906639e-001
 -1.7832455e-001
 -2.1144270e-001
 -2.4733216e-001
 -2.8478280e-001
 -3.2252811e-001
 -3.5930514e-001
 -3.9390624e-001
 -4.2522153e-001
 -4.5227190e-001
 -4.7423322e-001
 -4.9045302e-001
 -5.0046081e-001
 -5.0397307e-001
 -5.0089390e-001
 -4.9131159e-001
 -4.7549166e-001
 -4.5386659e-001
 -4.2702245e-001
 -3.9568296e-001
 -3.6069141e-001
 -3.2299100e-001
 -2.8360390e-001
 -2.4360929e-001
 -2.0412000e-001
 -1.6625738e-001
 -1.3112360e-001
 -9.9770604e-002
 -7.3165414e-002
 -5.2151916e-002
 -3.7410336e-002
 -2.9416557e-002
 -2.8404502e-002
 -3.4335553e-002
 -4.6879312e-002
 -6.5409743e-002
 -8.9019757e-002
 -1.1655576e-001
 -1.4667161e-001
 -1.7789912e-001
 -2.0873015e-001
 -2.3770345e-001
 -2.6348850e-001
 -2.8495848e-001
 -3.0124556e-001
 -3.1177337e-001
 -3.1626454e-001
 -3.1472383e-001
 -3.0740061e-001
 -2.9473678e-001
 -2.7730777e-001
 -2.5576489e-001
 -2.3078634e-001
 -2.0304226e-001
 -1.7317681e-001
 -1.4180668e-001
 -1.0953265e-001
 -7.6958344e-002
 -4.4708919e-002
 -1.3442043e-002
  1.6154919e-002
  4.3385507e-002
  6.7583166e-002
  8.8165759e-002
  1.0469937e-001
  1.1696265e-001
  1.2500176e-001
  1.2916605e-001
  1.3011674e-001
  1.2880365e-001
  1.2640939e-001
  1.2426468e-001
  1.2374272e-001
  1.2614338e-001
  1.3258022e-001
  1.4388283e-001
  1.6052558e-001
  1.8259050e-001
  2.0976783e-001
  2.4139263e-001
  2.7651190e-001
  3.1397256e-001
  3.5251855e-001
  3.9088505e-001
  4.2787875e-001
  4.6243597e-001
  4.9365449e-001
  5.2079896e-001
  5.4328404e-001
  5.6064271e-001
  5.7248899e-001
  5.7848490e-001
  5.7831990e-001
  5.7170887e-001
  5.5841047e-001
  5.3826459e-001
  5.1124311e-001
  4.7750620e-001
  4.3745428e-001
  3.9176624e-001
  3.4141586e-001
  2.8766114e-001
  2.3200515e-001
  1.7613050e-001
  1.2181336e-001
  7.0825601e-002
  2.4834860e-002
 -1.4687202e-002
 -4.6539951e-002
 -6.9845774e-002
 -8.4075905e-002
 -8.9050317e-002
 -8.4914933e-002
 -7.2101718e-002
 -5.1278501e-002
 -2.3295489e-002
  1.0865492e-002
  5.0134732e-002
  9.3389284e-002
  1.3947866e-001
  1.8724362e-001
  2.3553125e-001
  2.8321003e-001
  3.2918775e-001
  3.7243454e-001
  4.1201085e-001
  4.4709927e-001
  4.7703696e-001
  5.0134491e-001
  5.1974983e-001
  5.3219506e-001
  5.3883817e-001
  5.4003458e-001
  5.3630832e-001
  5.2831270e-001
  5.1678506e-001
  5.0250011e-001
  4.8622618e-001
  4.6868798e-001
  4.5053791e-001
  4.3233644e-001
  4.1454046e-001
  3.9749748e-001
  3.8144290e-001
  3.6649757e-001
  3.5266410e-001
  3.3982108e-001
  3.2771643e-001
  3.1596213e-001
  3.0403382e-001
  2.9127901e-001
  2.7693721e-001
  2.6017389e-001
  2.4012853e-001
  2.1597449e-001
  1.8698632e-001
  1.5260839e-001
  1.1251741e-001
  6.6671550e-002
  1.5339819e-002
 -4.0892776e-002
 -1.0114583e-001
 -1.6428850e-001
 -2.2900448e-001
 -2.9387002e-001
 -3.5743672e-001
 -4.1831048e-001
 -4.7521861e-001
 -5.2705942e-001
 -5.7293102e-001
 -6.1213947e-001
 -6.4418908e-001
 -6.6876015e-001
 -6.8568097e-001
 -6.9490096e-001
 -6.9647084e-001
 -6.9053405e-001
 -6.7733070e-001
 -6.5721262e-001
 -6.3066552e-001
 -5.9833232e-001
 -5.6103093e-001
 -5.1975997e-001
 -4.7568762e-001
 -4.3012095e-001
 -3.8445619e-001
 -3.4011332e-001
 -2.9846094e-001
 -2.6073924e-001
 -2.2798945e-001
 -2.0099756e-001
 -1.8025841e-001
 -1.6596380e-001
 -1.5801495e-001
 -1.5605691e-001
 -1.5952954e-001
 -1.6772841e-001
 -1.7986770e-001
 -1.9513813e-001
 -2.1275406e-001
 -2.3198626e-001
 -2.5217928e-001
 -2.7275494e-001
 -2.9320533e-001
 -3.1308006e-001
 -3.3197278e-001
 -3.4951131e-001
 -3.6535454e-001
 -3.7919712e-001
 -3.9078140e-001
 -3.9991391e-001
 -4.0648288e-001
 -4.1047265e-001
 -4.1197128e-001
 -4.1116879e-001
 -4.0834487e-001
 -4.0384698e-001
 -3.9806115e-001
 -3.9137898e-001
 -3.8416527e-001
 -3.7672997e-001
 -3.6930782e-001
 -3.6204730e-001
 -3.5500916e-001
 -3.4817310e-001
 -3.4144994e-001
 -3.3469634e-001
 -3.2772874e-001
 -3.2033435e-001
 -3.1227795e-001
 -3.0330501e-001
 -2.9314264e-001
 -2.8150138e-001
 -2.6808076e-001
 -2.5258135e-001
 -2.3472507e-001
 -2.1428354e-001
 -1.9111253e-001
 -1.6518866e-001
 -1.3664311e-001
 -1.0578646e-001
 -7.3119301e-002
 -3.9324401e-002
 -5.2387358e-003
  2.8193722e-002
  5.9984532e-002
  8.9172214e-002
  1.1489435e-001
  1.3645161e-001
  1.5335553e-001
  1.6535402e-001
  1.7243149e-001
  1.7478400e-001
  1.7277372e-001
  1.6686983e-001
  1.5758518e-001
  1.4541871e-001
  1.3081272e-001
  1.1413149e-001
  9.5664638e-002
  7.5654206e-002
  5.4340447e-002
  3.2018030e-002
  9.0921259e-003
 -1.3876626e-002
 -3.6148012e-002
 -5.6805909e-002
 -7.4792568e-002
 -8.8971695e-002
 -9.8213956e-002
 -1.0149480e-001
 -9.7992165e-002
 -8.7170997e-002
 -6.8843084e-002
 -4.3193537e-002
 -1.0769834e-002
  2.7565720e-002
  7.0714318e-002
  1.1743988e-001
  1.6647663e-001
  2.1663157e-001
  2.6686965e-001
  3.1637202e-001
  3.6456192e-001
  4.1109762e-001
  4.5583636e-001
  4.9877704e-001
  5.3999206e-001
  5.7955960e-001
  6.1750653e-001
  6.5376974e-001
  6.8818040e-001
  7.2047113e-001
  7.5030277e-001
  7.7730389e-001
  8.0111488e-001
  8.2142779e-001
  8.3801467e-001
  8.5073947e-001
  8.5955198e-001
  8.6446548e-001
  8.6552318e-001
  8.6276030e-001
  8.5616961e-001
  8.4567761e-001
  8.3113654e-001
  8.1233477e-001
  7.8902446e-001
  7.6096275e-001
  7.2795972e-001
  6.8992552e-001
  6.4690876e-001
  5.9911984e-001
  5.4693535e-001
  4.9088271e-001
  4.3160790e-001
  3.6983150e-001
  3.0630076e-001
  2.4174547e-001
  1.7684510e-001
  1.1221231e-001
  4.8394949e-002
 -1.4104606e-002
 -7.4797438e-002
 -1.3317049e-001
 -1.8865179e-001
 -2.4058686e-001
 -2.8823307e-001
 -3.3077579e-001
 -3.6736671e-001
 -3.9718092e-001
 -4.1948574e-001
 -4.3371219e-001
 -4.3951906e-001
 -4.3683986e-001
 -4.2590565e-001
 -4.0723970e-001
 -3.8162416e-001
 -3.5004310e-001
 -3.1360945e-001
 -2.7348588e-001
 -2.3081025e-001
 -1.8663523e-001
 -1.4188934e-001
 -9.7362870e-002
 -5.3718258e-002
 -1.1520244e-002
  2.8721836e-002
  6.6509274e-002
  1.0131658e-001
  1.3256992e-001
  1.5964703e-001
  1.8190047e-001
  1.9870197e-001
  2.0950169e-001
  2.1389364e-001
  2.1167679e-001
  2.0290190e-001
  1.8789579e-001
  1.6725808e-001
  1.4182933e-001
  1.1263380e-001
  8.0803511e-002
  4.7493170e-002
  1.3796389e-002
 -1.9326713e-002
 -5.1102508e-002
 -8.0972583e-002
 -1.0859711e-001
 -1.3383557e-001
 -1.5671060e-001
 -1.7736289e-001
 -1.9600550e-001
 -2.1288512e-001
 -2.2825566e-001
 -2.4236662e-001
 -2.5546507e-001
 -2.6780757e-001
 -2.7967563e-001
 -2.9138813e-001
 -3.0330392e-001
 -3.1581035e-001
 -3.2929580e-001
 -3.4410816e-001
 -3.6050401e-001
 -3.7859605e-001
 -3.9830761e-001
 -4.1934285e-001
 -4.4117954e-001
 -4.6308841e-001
 -4.8417910e-001
 -5.0346875e-001
 -5.1996551e-001
 -5.3275687e-001
 -5.4109148e-001
 -5.4444392e-001
 -5.4255424e-001
 -5.3543761e-001
 -5.2336414e-001
 -5.0681298e-001
 -4.8640909e-001
 -4.6285314e-001
 -4.3685604e-001
 -4.0908837e-001
 -3.8015214e-001
 -3.5057835e-001
 -3.2084893e-001
 -2.9143720e-001
 -2.6285725e-001
 -2.3571075e-001
 -2.1071919e-001
 -1.8873174e-001
 -1.7070236e-001
 -1.5763467e-001
 -1.5049846e-001
 -1.5012662e-001
 -1.5710534e-001
 -1.7167227e-001
 -1.9363729e-001
 -2.2233838e-001
 -2.5664077e-001
 -2.9498203e-001
 -3.3545998e-001
 -3.7595443e-001
 -4.1426956e-001
 -4.4828106e-001
 -4.7607193e-001
 -4.9604269e-001
 -5.0698569e-001
 -5.0811828e-001
 -4.9907557e-001
 -4.7986864e-001
 -4.5081869e-001
 -4.1247974e-001
 -3.6556337e-001
 -3.1087696e-001
 -2.4928372e-001
 -1.8168810e-001
 -1.0904504e-001
 -3.2387171e-002
  4.7139729e-002
  1.2824425e-001
  2.0947096e-001
  2.8920515e-001
  3.6570606e-001
  4.3716917e-001
  5.0181354e-001
  5.5798545e-001
  6.0426691e-001
  6.3957586e-001
  6.6324571e-001
  6.7507408e-001
  6.7533442e-001
  6.6474907e-001
  6.4442702e-001
  6.1577389e-001
  5.8038507e-001
  5.3993405e-001
  4.9606804e-001
  4.5032084e-001
  4.0404987e-001
  3.5840030e-001
  3.1429494e-001
  2.7244556e-001
  2.3337823e-001
  1.9746473e-001
  1.6495224e-001
  1.3598521e-001
  1.1061609e-001
  8.8804624e-002
  7.0408427e-002
  5.5169785e-002
  4.2704974e-002
  3.2502344e-002
  2.3934169e-002
  1.6285036e-002
  8.7966609e-003
  7.2602652e-004
 -8.5888071e-003
 -1.9662653e-002
 -3.2804916e-002
 -4.8076449e-002
 -6.5267148e-002
 -8.3897236e-002
 -1.0324215e-001
 -1.2237795e-001
 -1.4024168e-001
 -1.5569966e-001
 -1.6761610e-001
 -1.7491536e-001
 -1.7663267e-001
 -1.7195062e-001
 -1.6022125e-001
 -1.4097600e-001
 -1.1392737e-001
 -7.8967148e-002
 -3.6165651e-002
  1.4224624e-002
  7.1759473e-002
  1.3578844e-001
  2.0543822e-001
  2.7959882e-001
  3.5691786e-001
  4.3580869e-001
  5.1447620e-001
  5.9096271e-001
  6.6321306e-001
  7.2915573e-001
  7.8679381e-001
  8.3429839e-001
  8.7009568e-001
  8.9294003e-001
  9.0196629e-001
  8.9671758e-001
  8.7714751e-001
  8.4359886e-001
  7.9676363e-001
  7.3763089e-001
  6.6743004e-001
  5.8757645e-001
  4.9962499e-001
  4.0523475e-001
  3.0614556e-001
  2.0416405e-001
  1.0115490e-001
 -9.6822256e-004
 -1.0025811e-001
 -1.9476078e-001
 -2.8255648e-001
 -3.6181563e-001
 -4.3086691e-001
 -4.8827273e-001
 -5.3290455e-001
 -5.6401003e-001
 -5.8126385e-001
 -5.8479537e-001
 -5.7518880e-001
 -5.5345435e-001
 -5.2097234e-001
 -4.7941499e-001
 -4.3065333e-001
 -3.7665764e-001
 -3.1940040e-001
 -2.6076942e-001
 -2.0249724e-001
 -1.4611007e-001
 -9.2896874e-002
 -4.3896643e-002
  1.0014309e-004
  3.8540780e-002
  7.1095478e-002
  9.7642551e-002
  1.1825624e-001
  1.3319776e-001
  1.4290805e-001
  1.4799920e-001
  1.4924047e-001
  1.4753484e-001
  1.4388307e-001
  1.3933391e-001
  1.3492140e-001
  1.3159294e-001
  1.3013386e-001
  1.3109577e-001
  1.3473702e-001
  1.4098262e-001
  1.4940984e-001
  1.5926279e-001
  1.6949644e-001
  1.7884691e-001
  1.8592205e-001
  1.8930358e-001
  1.8765120e-001
  1.7979851e-001
  1.6483216e-001
  1.4214745e-001
  1.1147706e-001
  7.2892523e-002
  2.6781560e-002
 -2.6193193e-002
 -8.5146609e-002
 -1.4902679e-001
 -2.1666668e-001
 -2.8682595e-001
 -3.5821972e-001
 -4.2953376e-001
 -4.9942816e-001
 -5.6653414e-001
 -6.2944959e-001
 -6.8673987e-001
 -7.3694931e-001
 -7.7862753e-001
 -8.1037210e-001
 -8.3088667e-001
 -8.3905059e-001
 -8.3399434e-001
 -8.1517294e-001
 -7.8242965e-001
 -7.3604215e-001
 -6.7674529e-001
 -6.0572661e-001
 -5.2459328e-001
 -4.3531252e-001
 -3.4012950e-001
 -2.4146923e-001
 -1.4183007e-001
 -4.3676814e-002
  5.0658921e-002
  1.3906481e-001
  2.1971578e-001
  2.9112124e-001
  3.5215120e-001
  4.0204268e-001
  4.4038901e-001
  4.6711598e-001
  4.8244851e-001
  4.8687198e-001
  4.8109110e-001
  4.6598904e-001
  4.4258818e-001
  4.1201325e-001
  3.7545702e-001
  3.3414825e-001
  2.8932156e-001
  2.4218903e-001
  1.9391331e-001
  1.4558281e-001
  9.8189147e-002
  5.2607836e-002
  9.5826695e-003
 -3.0285529e-002
 -6.6545470e-002
 -9.8897215e-002
 -1.2718943e-001
 -1.5141243e-001
 -1.7168758e-001
 -1.8825333e-001
 -2.0144841e-001
 -2.1169232e-001
 -2.1946319e-001
 -2.2527305e-001
 -2.2964084e-001
 -2.3306335e-001
 -2.3598518e-001
 -2.3876893e-001
 -2.4166753e-001
 -2.4480098e-001
 -2.4813996e-001
 -2.5149873e-001
 -2.5453928e-001
 -2.5678776e-001
 -2.5766349e-001
 -2.5651915e-001
 -2.5268971e-001
 -2.4554656e-001
 -2.3455198e-001
 -2.1930944e-001
 -1.9960454e-001
 -1.7543278e-001
 -1.4701125e-001
 -1.1477296e-001
 -7.9344531e-002
 -4.1509508e-002
 -2.1612788e-003
  3.7749496e-002
  7.7267543e-002
  1.1548059e-001
  1.5155768e-001
  1.8477532e-001
  2.1453048e-001
  2.4034107e-001
  2.6183646e-001
  2.7874167e-001
  2.9085965e-001
  2.9805590e-001
  3.0024922e-001
  2.9741085e-001
  2.8957265e-001
  2.7684327e-001
  2.5942945e-001
  2.3765832e-001
  2.1199605e-001
  1.8305812e-001
  1.5160733e-001
  1.1853722e-001
  8.4840296e-002
  5.1562852e-002
  1.9749855e-002
 -9.6148232e-003
 -3.5666680e-002
 -5.7711065e-002
 -7.5260248e-002
 -8.8052912e-002
 -9.6053949e-002
 -9.9434794e-002
 -9.8536890e-002
 -9.3822888e-002
 -8.5821669e-002
 -7.5073877e-002
 -6.2084442e-002
 -4.7287498e-002
 -3.1027306e-002
 -1.3556587e-002
  4.9487327e-003
  2.4361513e-002
  4.4567068e-002
  6.5424421e-002
  8.6731303e-002
  1.0819839e-001
  1.2943692e-001
  1.4996197e-001
  1.6921138e-001
  1.8657832e-001
  2.0145372e-001
  2.1327318e-001
  2.2156306e-001
  2.2598000e-001
  2.2633946e-001
  2.2263023e-001
  2.1501356e-001
  2.0380765e-001
  1.8945961e-001
  1.7250873e-001
  1.5354539e-001
  1.3317019e-001
  1.1195745e-001
  9.0426505e-002
  6.9022579e-002
  4.8108158e-002
  2.7964033e-002
  8.7983497e-003
 -9.2388307e-003
 -2.6038240e-002
 -4.1514100e-002
 -5.5589052e-002
 -6.8182913e-002
 -7.9206021e-002
 -8.8557194e-002
 -9.6125637e-002
 -1.0179575e-001
 -1.0545351e-001
 -1.0699329e-001
 -1.0632400e-001
 -1.0337400e-001
 -9.8094422e-002
 -9.0461169e-002
 -8.0475706e-002
 -6.8165351e-002
 -5.3583477e-002
 -3.6810078e-002
 -1.7952978e-002
  2.8502247e-003
  2.5429535e-002
  4.9579448e-002
  7.5055603e-002
  1.0157149e-001
  1.2879552e-001
  1.5634872e-001
  1.8380344e-001
  2.1068354e-001
  2.3646637e-001
  2.6058743e-001
  2.8244808e-001
  3.0142715e-001
  3.1689676e-001
  3.2824263e-001
  3.3488843e-001
  3.3632355e-001
  3.3213266e-001
  3.2202513e-001
  3.0586194e-001
  2.8367754e-001
  2.5569420e-001
  2.2232679e-001
  1.8417711e-001
  1.4201716e-001
  9.6762513e-002
  4.9437685e-002
  1.1361008e-003
 -4.7021879e-002
 -9.3929645e-002
 -1.3853075e-001
 -1.7984885e-001
 -2.1701012e-001
 -2.4925816e-001
 -2.7596271e-001
 -2.9662412e-001
 -3.1087608e-001
 -3.1848896e-001
 -3.1937540e-001
 -3.1359879e-001
 -3.0138384e-001
 -2.8312726e-001
 -2.5940522e-001
 -2.3097377e-001
 -1.9875853e-001
 -1.6383047e-001
 -1.2736634e-001
 -9.0594233e-002
 -5.4727078e-002
 -2.0888967e-002
  9.9588180e-003
  3.7084362e-002
  6.0036447e-002
  7.8673929e-002
  9.3168524e-002
  1.0397922e-001
  1.1179990e-001
  1.1748492e-001
  1.2196034e-001
  1.2613033e-001
  1.3078884e-001
  1.3654616e-001
  1.4377790e-001
  1.5260087e-001
  1.6287703e-001
  1.7424260e-001
  1.8615655e-001
  1.9796004e-001
  2.0893774e-001
  2.1837217e-001
  2.2558399e-001
  2.2995431e-001
  2.3092840e-001
  2.2800399e-001
  2.2071015e-001
  2.0858504e-001
  1.9116105e-001
  1.6796517e-001
  1.3853956e-001
  1.0248423e-001
  5.9519072e-002
  9.5588690e-003
 -4.7208609e-002
 -1.1025307e-001
 -1.7865268e-001
 -2.5107587e-001
 -3.2580083e-001
 -4.0077520e-001
 -4.7371302e-001
 -5.4222114e-001
 -6.0394303e-001
 -6.5670543e-001
 -6.9865235e-001
 -7.2835277e-001
 -7.4487133e-001
 -7.4779635e-001
 -7.3722491e-001
 -7.1371029e-001
 -6.7818148e-001
 -6.3184761e-001
 -5.7610113e-001
 -5.1243241e-001
 -4.4236536e-001
 -3.6741929e-001
 -2.8909690e-001
 -2.0889361e-001
 -1.2831898e-001
 -4.8919131e-002
  2.7711656e-002
  9.9939720e-002
  1.6612737e-001
  2.2469581e-001
  2.7421116e-001
  3.1348438e-001
  3.4167183e-001
  3.5836168e-001
  3.6363211e-001
  3.5806971e-001
  3.4274194e-001
  3.1912322e-001
  2.8898075e-001
  2.5423234e-001
  2.1679215e-001
  1.7842299e-001
  1.4061244e-001
  1.0448754e-001
  7.0776951e-002
  3.9823126e-002
  1.1639792e-002
 -1.3996168e-002
 -3.7434081e-002
 -5.9037963e-002
 -7.9091521e-002
 -9.7733903e-002
 -1.1493507e-001
 -1.3051297e-001
 -1.4418766e-001
 -1.5566137e-001
 -1.6470899e-001
 -1.7126165e-001
 -1.7546704e-001
 -1.7771347e-001
 -1.7861091e-001
 -1.7892891e-001
 -1.7949874e-001
 -1.8109330e-001
 -1.8430238e-001
 -1.8942284e-001
 -1.9638112e-001
 -2.0470210e-001
 -2.1353086e-001
 -2.2170726e-001
 -2.2788448e-001
 -2.3067678e-001
 -2.2881686e-001
 -2.2130154e-001
 -2.0750638e-001
 -1.8725362e-001
 -1.6082525e-001
 -1.2892030e-001
 -9.2564016e-002
 -5.2982987e-002
 -1.1465320e-002
  3.0773486e-002
  7.2699590e-002
  1.1352972e-001
  1.5275145e-001
  1.9009408e-001
  2.2545727e-001
  2.5881108e-001
  2.9008564e-001
  3.1907023e-001
  3.4533994e-001
  3.6822383e-001
  3.8682191e-001
  4.0007062e-001
  4.0684875e-001
  4.0610945e-001
  3.9701965e-001
  3.7908687e-001
  3.5225490e-001
  3.1695445e-001
  2.7410109e-001
  2.2504049e-001
  1.7144827e-001
  1.1519823e-001
  5.8216541e-002
  2.3410784e-003
 -5.0796367e-002
 -9.9851556e-002
 -1.4380524e-001
 -1.8195587e-001
 -2.1387372e-001
 -2.3932792e-001
 -2.5820169e-001
 -2.7041209e-001
 -2.7584871e-001
 -2.7434229e-001
 -2.6566836e-001
 -2.4958499e-001
 -2.2589779e-001
 -1.9454040e-001
 -1.5565632e-001
 -1.0966738e-001
 -5.7316076e-002
  3.2673195e-004
  6.1892050e-002
  1.2577841e-001
  1.9024501e-001
  2.5352055e-001
  3.1391365e-001
  3.6991109e-001
  4.2025240e-001
  4.6397299e-001
  5.0041352e-001
  5.2919809e-001
  5.5018848e-001
  5.6342500e-001
  5.6906559e-001
  5.6733428e-001
  5.5848748e-001
  5.4280261e-001
  5.2058901e-001
  4.9221647e-001
  4.5815329e-001
  4.1900356e-001
  3.7553337e-001
  3.2867710e-001
  2.7951852e-001
  2.2924573e-001
  1.7908354e-001
  1.3021138e-001
  8.3677493e-002
  4.0321634e-002
  7.1779220e-004
 -3.4854335e-002
 -6.6404307e-002
 -9.4192562e-002
 -1.1866395e-001
 -1.4036261e-001
 -1.5984058e-001
 -1.7757325e-001
 -1.9389384e-001
 -2.0895582e-001
 -2.2272788e-001
 -2.3502080e-001
 -2.4554041e-001
 -2.5395688e-001
 -2.5997780e-001
 -2.6341207e-001
 -2.6421318e-001
 -2.6249380e-001
 -2.5850865e-001
 -2.5260754e-001
 -2.4516616e-001
 -2.3650574e-001
 -2.2681524e-001
 -2.1609001e-001
 -2.0409850e-001
 -1.9038511e-001
 -1.7431157e-001
 -1.5513376e-001
 -1.3210517e-001
 -1.0459407e-001
 -7.2198586e-002
 -3.4844060e-002
  7.1512820e-003
  5.3052225e-002
  1.0172841e-001
  1.5172046e-001
  2.0134282e-001
  2.4881102e-001
  2.9237783e-001
  3.3046207e-001
  3.6175508e-001
  3.8529328e-001
  4.0049027e-001
  4.0712733e-001
  4.0530730e-001
  3.9538122e-001
  3.7786052e-001
  3.5332909e-001
  3.2236839e-001
  2.8550639e-001
  2.4319688e-001
  1.9583040e-001
  1.4377340e-001
  8.7427211e-002
  2.7295835e-002
 -3.5950310e-002
 -1.0142678e-001
 -1.6801356e-001
 -2.3436561e-001
 -2.9895715e-001
 -3.6015621e-001
 -4.1632179e-001
 -4.6591264e-001
 -5.0759497e-001
 -5.4033635e-001
 -5.6347460e-001
 -5.7675420e-001
 -5.8032598e-001
 -5.7471140e-001
 -5.6073628e-001
 -5.3944293e-001
 -5.1199173e-001
 -4.7956404e-001
 -4.4327778e-001
 -4.0412458e-001
 -3.6293436e-001
 -3.2036924e-001
 -2.7694457e-001
 -2.3307146e-001
 -1.8911245e-001
 -1.4544029e-001
 -1.0248994e-001
 -6.0794960e-002
 -2.1001853e-002
  1.6140874e-002
  4.9818459e-002
  7.9206582e-002
  1.0354207e-001
  1.2219857e-001
  1.3475729e-001
  1.4106313e-001
  1.4125821e-001
  1.3578744e-001
  1.2537400e-001
  1.1096630e-001
  9.3661527e-002
  7.4613715e-002
  5.4936393e-002
  3.5610543e-002
  1.7408193e-002
  8.4020061e-004
 -1.3866032e-002
 -2.6756696e-002
 -3.8111192e-002
 -4.8376529e-002
 -5.8084869e-002
 -6.7764649e-002
 -7.7856455e-002
 -8.8644256e-002
 -1.0021058e-001
 -1.1242119e-001
 -1.2494098e-001
 -1.3727877e-001
 -1.4885464e-001
 -1.5908087e-001
 -1.6744499e-001
 -1.7358362e-001
 -1.7733648e-001
 -1.7877270e-001
 -1.7818497e-001
 -1.7605163e-001
 -1.7297102e-001
 -1.6957635e-001
 -1.6644226e-001
 -1.6399560e-001
 -1.6244290e-001
 -1.6172495e-001
 -1.6150554e-001
 -1.6119730e-001
 -1.6002232e-001
 -1.5710110e-001
 -1.5155894e-001
 -1.4263701e-001
 -1.2979388e-001
 -1.1278491e-001
 -9.1709115e-002
 -6.7017531e-002
 -3.9481729e-002
 -1.0126436e-002
  1.9865445e-002
  4.9263577e-002
  7.6903047e-002
  1.0178563e-001
  1.2315750e-001
  1.4055488e-001
  1.5381322e-001
  1.6304085e-001
  1.6856224e-001
  1.7084028e-001
  1.7038925e-001
  1.6769122e-001
  1.6312745e-001
  1.5693426e-001
  1.4918879e-001
  1.3982595e-001
  1.2868311e-001
  1.1556567e-001
  1.0032316e-001
  8.2924792e-002
  6.3523064e-002
  4.2496080e-002
  2.0462003e-002
 -1.7370594e-003
 -2.3080428e-002
 -4.2438423e-002
 -5.8658056e-002
 -7.0654961e-002
 -7.7501149e-002
 -7.8499029e-002
 -7.3234167e-002
 -6.1602099e-002
 -4.3807801e-002
 -2.0339674e-002
  8.0773096e-003
  4.0542651e-002
  7.6047898e-002
  1.1354312e-001
  1.5199566e-001
  1.9043624e-001
  2.2798972e-001
  2.6389005e-001
  2.9748107e-001
  3.2820638e-001
  3.5559254e-001
  3.7923016e-001
  3.9875689e-001
  4.1384569e-001
  4.2420024e-001
  4.2955817e-001
  4.2970128e-001
  4.2447103e-001
  4.1378680e-001
  3.9766408e-001
  3.7622991e-001
  3.4973345e-001
  3.1854995e-001
  2.8317749e-001
  2.4422656e-001
  2.0240310e-001
  1.5848655e-001
  1.1330445e-001
  6.7705566e-002
  2.2533278e-002
 -2.1398972e-002
 -6.3328893e-002
 -1.0256223e-001
 -1.3848475e-001
 -1.7056936e-001
 -1.9837863e-001
 -2.2156360e-001
 -2.3985991e-001
 -2.5308265e-001
 -2.6112125e-001
 -2.6393557e-001
 -2.6155433e-001
 -2.5407606e-001
 -2.4167268e-001
 -2.2459474e-001
 -2.0317701e-001
 -1.7784259e-001
 -1.4910340e-001
 -1.1755519e-001
 -8.3865554e-002
 -4.8754119e-002
 -1.2965470e-002
  2.2763907e-002
  5.7741949e-002
  9.1357135e-002
  1.2311039e-001
  1.5263885e-001
  1.7972803e-001
  2.0431032e-001
  2.2644909e-001
  2.4630961e-001
  2.6411980e-001
  2.8012533e-001
  2.9454443e-001
  3.0752825e-001
  3.1913185e-001
  3.2929958e-001
  3.3786679e-001
  3.4457730e-001
  3.4911399e-001
  3.5113762e-001
  3.5032776e-001
  3.4641956e-001
  3.3923004e-001
  3.2866998e-001
  3.1473899e-001
  2.9750467e-001
  2.7706944e-001
  2.5353061e-001
  2.2694147e-001
  1.9728088e-001
  1.6443862e-001
  1.2822145e-001
  8.8381929e-002
  4.4668621e-002
 -3.1071351e-003
 -5.4995932e-002
 -1.1083634e-001
 -1.7019299e-001
 -2.3231652e-001
 -2.9613302e-001
 -3.6026717e-001
 -4.2309895e-001
 -4.8284982e-001
 -5.3769000e-001
 -5.8585595e-001
 -6.2576545e-001
 -6.5611826e-001
 -6.7597176e-001
 -6.8478464e-001
 -6.8242563e-001
 -6.6914861e-001
 -6.4554000e-001
 -6.1244709e-001
 -5.7089809e-001
 -5.2202484e-001
 -4.6699780e-001
 -4.0698005e-001
 -3.4310348e-001
 -2.7646645e-001
 -2.0814821e-001
 -1.3923281e-001
 -7.0833780e-002
 -4.1105703e-003
  5.9730233e-002
  1.1945349e-001
  1.7383460e-001
  2.2171604e-001
  2.6207504e-001
  2.9409340e-001
  3.1721964e-001
  3.3121410e-001
  3.3616959e-001
  3.3250335e-001
  3.2092024e-001
  3.0235076e-001
  2.7787129e-001
  2.4861620e-001
  2.1569268e-001
  1.8010838e-001
  1.4272004e-001
  1.0420805e-001
  6.5077877e-002
  2.5685519e-002
 -1.3719353e-002
 -5.2941248e-002
 -9.1787248e-002
 -1.3002491e-001
 -1.6735669e-001
 -2.0341468e-001
 -2.3777612e-001
 -2.6999618e-001
 -2.9965183e-001
 -3.2638858e-001
 -3.4996142e-001
 -3.7026210e-001
 -3.8732733e-001
 -4.0132529e-001
 -4.1252181e-001
 -4.2123054e-001
 -4.2775442e-001
 -4.3232717e-001
 -4.3506364e-001
 -4.3592688e-001
 -4.3471688e-001
 -4.3108334e-001
 -4.2456067e-001
 -4.1462051e-001
 -4.0073456e-001
 -3.8243886e-001
 -3.5939099e-001
 -3.3141281e-001
 -2.9851372e-001
 -2.6089259e-001
 -2.1891995e-001
 -1.7310453e-001
 -1.2405093e-001
 -7.2415870e-002
 -1.8870239e-002
  3.5927160e-002
  9.1340830e-002
  1.4675428e-001
  2.0155278e-001
  2.5509817e-001
  3.0670249e-001
  3.5560764e-001
  4.0097749e-001
  4.4190706e-001
  4.7745080e-001
  5.0666854e-001
  5.2868518e-001
  5.4275729e-001
  5.4833848e-001
  5.4513513e-001
  5.3314501e-001
  5.1267308e-001
  4.8432212e-001
  4.4895862e-001
  4.0765768e-001
  3.6163333e-001
  3.1216219e-001
  2.6050898e-001
  2.0786184e-001
  1.5528356e-001
  1.0368242e-001
  5.3803509e-002
  6.2384734e-003
 -3.8550538e-002
 -8.0198767e-002
 -1.1840501e-001
 -1.5290221e-001
 -1.8343729e-001
 -2.0976296e-001
 -2.3164229e-001
 -2.4886404e-001
 -2.6126554e-001
 -2.6875812e-001
 -2.7135011e-001
 -2.6916262e-001
 -2.6243470e-001
 -2.5151591e-001
 -2.3684652e-001
 -2.1892728e-001
 -1.9828241e-001
 -1.7542027e-001
 -1.5079679e-001
 -1.2478610e-001
 -9.7662109e-002
 -6.9593207e-002
 -4.0650656e-002
 -1.0829620e-002
  1.9919743e-002
  5.1654781e-002
  8.4400714e-002
  1.1811327e-001
  1.5264762e-001
  1.8773690e-001
  2.2298256e-001
  2.5785755e-001
  2.9172226e-001
  3.2385189e-001
  3.5347309e-001
  3.7980689e-001
  4.0211463e-001
  4.1974315e-001
  4.3216601e-001
  4.3901714e-001
  4.4011464e-001
  4.3547255e-001
  4.2529961e-001
  4.0998515e-001
  3.9007303e-001
  3.6622586e-001
  3.3918251e-001
  3.0971264e-001
  2.7857216e-001
  2.4646363e-001
  2.1400497e-001
  1.8170891e-001
  1.4997441e-001
  1.1908987e-001
  8.9246378e-002
  6.0558323e-002
  3.3087540e-002
  6.8670669e-003
 -1.8079219e-002
 -4.1723925e-002
 -6.4031975e-002
 -8.4964887e-002
 -1.0449183e-001
 -1.2260438e-001
 -1.3933113e-001
 -1.5474784e-001
 -1.6897963e-001
 -1.8219267e-001
 -1.9457482e-001
 -2.0630656e-001
 -2.1752561e-001
 -2.2829035e-001
 -2.3854797e-001
 -2.4811347e-001
 -2.5666439e-001
 -2.6375468e-001
 -2.6884828e-001
 -2.7137012e-001
 -2.7076970e-001
 -2.6658972e-001
 -2.5853136e-001
 -2.4650728e-001
 -2.3067469e-001
 -2.1144302e-001
 -1.8945414e-001
 -1.6553630e-001
 -1.4063704e-001
 -1.1574295e-001
 -9.1796261e-002
 -6.9618780e-002
 -4.9852758e-002
 -3.2925843e-002
 -1.9043933e-002
 -8.2116588e-003
 -2.7621997e-004
  5.0131349e-003
  7.9399454e-003
  8.7604330e-003
  7.6582935e-003
  4.7217902e-003
 -5.3081400e-005
 -6.7338796e-003
 -1.5402268e-002
 -2.6092270e-002
 -3.8727035e-002
 -5.3065649e-002
 -6.8670443e-002
 -8.4902469e-002
 -1.0094875e-001
 -1.1588010e-001
 -1.2873356e-001
 -1.3860942e-001
 -1.4476998e-001
 -1.4672658e-001
 -1.4430229e-001
 -1.3766057e-001
 -1.2729495e-001
 -1.1397970e-001
 -9.8686940e-002
 -8.2480485e-002
 -6.6399718e-002
 -5.1348417e-002
 -3.8002761e-002
 -2.6750067e-002
 -1.7665581e-002
 -1.0529398e-002
 -4.8800480e-003
 -9.6413735e-005
  4.5040984e-003
  9.5650690e-003
  1.5602098e-002
  2.2937092e-002
  3.1663827e-002
  4.1648009e-002
  5.2559963e-002
  6.3933389e-002
  7.5240061e-002
  8.5968390e-002
  9.5693698e-002
  1.0412980e-001
  1.1115477e-001
  1.1680803e-001
  1.2126050e-001
  1.2476374e-001
  1.2758719e-001
  1.2995430e-001
  1.3198835e-001
  1.3367688e-001
  1.3486098e-001
  1.3525117e-001
  1.3446781e-001
  1.3210005e-001
  1.2777426e-001
  1.2122176e-001
  1.1233563e-001
  1.0120790e-001
  8.8141700e-002
  7.3636335e-002
  5.8347332e-002
  4.3026989e-002
  2.8453626e-002
  1.5359026e-002
  4.3635430e-003
 -4.0731677e-003
 -9.6803748e-003
 -1.2381309e-002
 -1.2276277e-002
 -9.6081697e-003
 -4.7169198e-003
  2.0094218e-003
  1.0179466e-002
  1.9432894e-002
  2.9460505e-002
  4.0008631e-002
  5.0869472e-002
  6.1861290e-002
  7.2804032e-002
  8.3496552e-002
  9.3701124e-002
  1.0313948e-001
  1.1150239e-001
  1.1847228e-001
  1.2375598e-001
  1.2712249e-001
  1.2843989e-001
  1.2770475e-001
  1.2505874e-001
  1.2078856e-001
  1.1530772e-001
  1.0912128e-001
  1.0277721e-001
  9.6809909e-002
  9.1682738e-002
  8.7736472e-002
  8.5150049e-002
  8.3918275e-002
  8.3848993e-002
  8.4579760e-002
  8.5611651e-002
  8.6355839e-002
  8.6187218e-002
  8.4498871e-002
  8.0751442e-002
  7.4512583e-002
  6.5483250e-002
  5.3509516e-002
  3.8580518e-002
  2.0814762e-002
  4.3821505e-004
 -2.2241847e-002
 -4.6863291e-002
 -7.3032574e-002
 -1.0034288e-001
 -1.2838593e-001
 -1.5675755e-001
 -1.8505843e-001
 -2.1289180e-001
 -2.3986047e-001
 -2.6556521e-001
 -2.8960625e-001
 -3.1158866e-001
 -3.3113177e-001
 -3.4788184e-001
 -3.6152666e-001
 -3.7181029e-001
 -3.7854630e-001
 -3.8162789e-001
 -3.8103379e-001
 -3.7682963e-001
 -3.6916469e-001
 -3.5826484e-001
 -3.4442270e-001
 -3.2798613e-001
 -3.0934626e-001
 -2.8892588e-001
 -2.6716892e-001
 -2.4453095e-001
 -2.2147072e-001
 -1.9844216e-001
 -1.7588650e-001
 -1.5422390e-001
 -1.3384456e-001
 -1.1509922e-001
 -9.8289683e-002
 -8.3660027e-002
 -7.1389395e-002
 -6.1587416e-002
 -5.4293022e-002
 -4.9477203e-002
 -4.7049754e-002
 -4.6869608e-002
 -4.8757801e-002
 -5.2511773e-002
 -5.7919393e-002
 -6.4771094e-002
 -7.2868635e-002
 -8.2029426e-002
 -9.2085874e-002
 -1.0287989e-001
 -1.1425334e-001
 -1.2603596e-001
 -1.3803254e-001
 -1.5001155e-001
 -1.6169752e-001
 -1.7276874e-001
 -1.8286199e-001
 -1.9158447e-001
 -1.9853296e-001
 -2.0331876e-001
 -2.0559640e-001
 -2.0509342e-001
 -2.0163801e-001
 -1.9518130e-001
 -1.8581149e-001
 -1.7375743e-001
 -1.5938051e-001
 -1.4315459e-001
 -1.2563524e-001
 -1.0742049e-001
 -8.9106561e-002
 -7.1242526e-002
 -5.4288150e-002
 -3.8579092e-002
 -2.4302779e-002
 -1.1487319e-002
 -4.4218646e-006
  1.0414190e-002
  2.0148823e-002
  2.9655455e-002
  3.9424923e-002
  4.9941961e-002
  6.1648134e-002
  7.4912038e-002
  9.0008990e-002
  1.0711107e-001
  1.2628694e-001
  1.4750969e-001
  1.7066982e-001
  1.9559029e-001
  2.2204045e-001
  2.4974630e-001
  2.7839572e-001
  3.0763832e-001
  3.3708113e-001
  3.6628225e-001
  3.9474567e-001
  4.2192017e-001
  4.4720537e-001
  4.6996666e-001
  4.8955956e-001
  5.0536252e-001
  5.1681546e-001
  5.2346021e-001
  5.2497833e-001
  5.2122151e-001
  5.1223061e-001
  4.9824058e-001
  4.7967028e-001
  4.5709818e-001
  4.3122681e-001
  4.0284047e-001
  3.7276117e-001
  3.4180831e-001
  3.1076646e-001
  2.8036432e-001
  2.5126570e-001
  2.2407162e-001
  1.9933006e-001
  1.7754897e-001
  1.5920716e-001
  1.4475811e-001
  1.3462293e-001
  1.2917077e-001
  1.2868735e-001
  1.3333492e-001
  1.4310927e-001
  1.5780049e-001
  1.7696514e-001
  1.9991599e-001
  2.2573432e-001
  2.5330610e-001
  2.8138080e-001
  3.0864754e-001
  3.3382092e-001
  3.5572679e-001
  3.7337783e-001
  3.8602969e-001
  3.9321111e-001
  3.9472455e-001
  3.9061835e-001
  3.8113538e-001
  3.6664655e-001
  3.4758000e-001
  3.2435724e-001
  2.9734668e-001
  2.6684195e-001
  2.3306858e-001
  1.9621777e-001
  1.5650136e-001
  1.1421796e-001
  6.9817890e-002
  2.3953810e-002
 -2.2494761e-002
 -6.8431309e-002
 -1.1259015e-001
 -1.5362005e-001
 -1.9019577e-001
 -2.2114493e-001
 -2.4557421e-001
 -2.6297815e-001
 -2.7331477e-001
 -2.7703635e-001
 -2.7506873e-001
 -2.6873938e-001
 -2.5966105e-001
 -2.4958378e-001
 -2.4023231e-001
 -2.3314808e-001
 -2.2955405e-001
 -2.3025792e-001
 -2.3560363e-001
 -2.4547500e-001
 -2.5934791e-001
 -2.7638156e-001
 -2.9553434e-001
 -3.1568729e-001
 -3.3575814e-001
 -3.5479140e-001
 -3.7201444e-001
 -3.8685564e-001
 -3.9892663e-001
 -4.0797679e-001
 -4.1383226e-001
 -4.1633370e-001
 -4.1528718e-001
 -4.1043931e-001
 -4.0148360e-001
