 -5.4668193e-001
 -5.6294157e-001
 -5.7776242e-001
 -5.9037074e-001
 -6.0016095e-001
 -6.0678578e-001
 -6.1019760e-001
 -6.1063577e-001
 -6.0856475e-001
 -6.0457613e-001
 -5.9927382e-001
 -5.9316443e-001
 -5.8657320e-001
 -5.7960137e-001
 -5.7213263e-001
 -5.6388769e-001
 -5.5451687e-001
 -5.4371362e-001
 -5.3132777e-001
 -5.1745683e-001
 -5.0249715e-001
 -4.8714323e-001
 -4.7233202e-001
 -4.5913855e-001
 -4.4863741e-001
 -4.4175048e-001
 -4.3910436e-001
 -4.4091937e-001
 -4.4694789e-001
 -4.5647191e-001
 -4.6836097e-001
 -4.8118270e-001
 -4.9335022e-001
 -5.0328578e-001
 -5.0957821e-001
 -5.1111341e-001
 -5.0716196e-001
 -4.9741515e-001
 -4.8196862e-001
 -4.6126086e-001
 -4.3597972e-001
 -4.0695413e-001
 -3.7504863e-001
 -3.4107651e-001
 -3.0574232e-001
 -2.6961883e-001
 -2.3315659e-001
 -1.9671901e-001
 -1.6063132e-001
 -1.2523051e-001
 -9.0903905e-002
 -5.8107016e-002
 -2.7356200e-002
  8.0339727e-004
  2.5848849e-002
  4.7340000e-002
  6.4978157e-002
  7.8651726e-002
  8.8459908e-002
  9.4709420e-002
  9.7883989e-002
  9.8591134e-002
  9.7494684e-002
  9.5243895e-002
  9.2410529e-002
  8.9443801e-002
  8.6649966e-002
  8.4199048e-002
  8.2156659e-002
  8.0534667e-002
  7.9351432e-002
  7.8690915e-002
  7.8750304e-002
  7.9867862e-002
  8.2525984e-002
  8.7328510e-002
  9.4955274e-002
  1.0610031e-001
  1.2140224e-001
  1.4137623e-001
  1.6635601e-001
  1.9645258e-001
  2.3153338e-001
  2.7122250e-001
  3.1491950e-001
  3.6183256e-001
  4.1102009e-001
  4.6143508e-001
  5.1196749e-001
  5.6148137e-001
  6.0884586e-001
  6.5296057e-001
  6.9277777e-001
  7.2732423e-001
  7.5572537e-001
  7.7723343e-001
  7.9125988e-001
  7.9741049e-001
  7.9551968e-001
  7.8567994e-001
  7.6826129e-001
  7.4391645e-001
  7.1356845e-001
  6.7837930e-001
  6.3970054e-001
  5.9900851e-001
  5.5782931e-001
  5.1765944e-001
  4.7988862e-001
  4.4573116e-001
  4.1617090e-001
  3.9192358e-001
  3.7341816e-001
  3.6079719e-001
  3.5393441e-001
  3.5246646e-001
  3.5583508e-001
  3.6333544e-001
  3.7416694e-001
  3.8748267e-001
  4.0243482e-001
  4.1821373e-001
  4.3407911e-001
  4.4938237e-001
  4.6357981e-001
  4.7623646e-001
  4.8702139e-001
  4.9569546e-001
  5.0209307e-001
  5.0610016e-001
  5.0763111e-001
  5.0660731e-001
  5.0294041e-001
  4.9652278e-001
  4.8722704e-001
  4.7491538e-001
  4.5945846e-001
  4.4076188e-001
  4.1879749e-001
  3.9363554e-001
  3.6547358e-001
  3.3465797e-001
  3.0169447e-001
  2.6724597e-001
  2.3211623e-001
  1.9722076e-001
  1.6354690e-001
  1.3210639e-001
  1.0388438e-001
  7.9788814e-002
  6.0603567e-002
  4.6948034e-002
  3.9244733e-002
  3.7695528e-002
  4.2266308e-002
  5.2679554e-002
  6.8414195e-002
  8.8712560e-002
  1.1259473e-001
  1.3888118e-001
  1.6622506e-001
  1.9315508e-001
  2.1812983e-001
  2.3960282e-001
  2.5609613e-001
  2.6627894e-001
  2.6904529e-001
  2.6358457e-001
  2.4943744e-001
  2.2653092e-001
  1.9518736e-001
  1.5610492e-001
  1.1031012e-001
  5.9086209e-002
  3.8843452e-003
 -5.3773258e-002
 -1.1238784e-001
 -1.7056622e-001
 -2.2708199e-001
 -2.8091042e-001
 -3.3123516e-001
 -3.7742902e-001
 -4.1901496e-001
 -4.5561605e-001
 -4.8690470e-001
 -5.1256147e-001
 -5.3225167e-001
 -5.4562519e-001
 -5.5234045e-001
 -5.5210950e-001
 -5.4475710e-001
 -5.3028391e-001
 -5.0892260e-001
 -4.8117641e-001
 -4.4783177e-001
 -4.0994054e-001
 -3.6877182e-001
 -3.2573819e-001
 -2.8230513e-001
 -2.3989526e-001
 -1.9979991e-001
 -1.6310956e-001
 -1.3067185e-001
 -1.0308150e-001
 -8.0701447e-002
 -6.3709457e-002
 -5.2160465e-002
 -4.6052193e-002
 -4.5381147e-002
 -5.0177725e-002
 -6.0512735e-002
 -7.6472624e-002
 -9.8106362e-002
 -1.2535224e-001
 -1.5795711e-001
 -1.9540276e-001
 -2.3685425e-001
 -2.8114253e-001
 -3.2678908e-001
 -3.7207435e-001
 -4.1514530e-001
 -4.5415099e-001
 -4.8739074e-001
 -5.1345657e-001
 -5.3135198e-001
 -5.4057156e-001
 -5.4113140e-001
 -5.3354659e-001
 -5.1875954e-001
 -4.9802950e-001
 -4.7279899e-001
 -4.4455573e-001
 -4.1470859e-001
 -3.8449367e-001
 -3.5492122e-001
 -3.2676744e-001
 -3.0060807e-001
 -2.7688355e-001
 -2.5598081e-001
 -2.3831406e-001
 -2.2438693e-001
 -2.1482193e-001
 -2.1034840e-001
 -2.1174743e-001
 -2.1975972e-001
 -2.3496915e-001
 -2.5767973e-001
 -2.8780572e-001
 -3.2479394e-001
 -3.6759332e-001
 -4.1468023e-001
 -4.6414047e-001
 -5.1380010e-001
 -5.6139043e-001
 -6.0472682e-001
 -6.4187893e-001
 -6.7131068e-001
 -6.9197260e-001
 -7.0333582e-001
 -7.0536544e-001
 -6.9843953e-001
 -6.8322785e-001
 -6.6055000e-001
 -6.3123517e-001
 -5.9600521e-001
 -5.5539831e-001
 -5.0974463e-001
 -4.5919624e-001
 -4.0380593e-001
 -3.4364115e-001
 -2.7891429e-001
 -2.1010745e-001
 -1.3807068e-001
 -6.4076339e-002
  1.0181650e-002
  8.2646945e-002
  1.5101344e-001
  2.1287931e-001
  2.6592462e-001
  3.0809220e-001
  3.3775095e-001
  3.5382437e-001
  3.5587143e-001
  3.4411392e-001
  3.1941092e-001
  2.8318736e-001
  2.3732802e-001
  1.8405102e-001
  1.2577512e-001
  6.4993251e-002
  4.1615205e-003
 -5.4391315e-002
 -1.0853287e-001
 -1.5637709e-001
 -1.9631952e-001
 -2.2706301e-001
 -2.4763780e-001
 -2.5741819e-001
 -2.5613535e-001
 -2.4388359e-001
 -2.2111582e-001
 -1.8862362e-001
 -1.4749832e-001
 -9.9072243e-002
 -4.4841938e-002
  1.3620615e-002
  7.4760261e-002
  1.3712364e-001
  1.9942597e-001
  2.6059037e-001
  3.1975397e-001
  3.7623967e-001
  4.2949815e-001
  4.7902968e-001
  5.2429950e-001
  5.6466263e-001
  5.9931380e-001
  6.2727540e-001
  6.4743141e-001
  6.5860876e-001
  6.5970025e-001
  6.4981659e-001
  6.2844945e-001
  5.9562489e-001
  5.5202562e-001
  4.9906390e-001
  4.3889156e-001
  3.7434104e-001
  3.0879911e-001
  2.4602296e-001
  1.8991448e-001
  1.4427326e-001
  1.1255057e-001
  9.7625626e-002
  1.0162212e-001
  1.2577791e-001
  1.7037450e-001
  2.3472682e-001
  3.1722835e-001
  4.1544249e-001
  5.2622897e-001
  6.4589352e-001
  7.7035016e-001
  8.9528755e-001
  1.0163335e+000
  1.1292136e+000
  1.2299028e+000
  1.3147671e+000
  1.3806953e+000
  1.4252170e+000
  1.4466016e+000
  1.4439349e+000
  1.4171634e+000
  1.3671031e+000
  1.2954054e+000
  1.2044802e+000
  1.0973759e+000
  9.7762440e-001
  8.4905935e-001
  7.1562183e-001
  5.8116822e-001
  4.4929570e-001
  3.2319897e-001
  2.0556842e-001
  9.8535600e-002
  3.6662779e-003
 -7.8003557e-002
 -1.4589805e-001
 -1.9981063e-001
 -2.3980588e-001
 -2.6612793e-001
 -2.7912698e-001
 -2.7921251e-001
 -2.6683742e-001
 -2.4251313e-001
 -2.0685128e-001
 -1.6062452e-001
 -1.0483645e-001
 -4.0789782e-002
  2.9858273e-002
  1.0506291e-001
  1.8238872e-001
  2.5904170e-001
  3.3193850e-001
  3.9781208e-001
  4.5335002e-001
  4.9535890e-001
  5.2094607e-001
  5.2770758e-001
  5.1390983e-001
  4.7865143e-001
  4.2199145e-001
  3.4503141e-001
  2.4993993e-001
  1.3991246e-001
  1.9062481e-002
 -1.0775416e-001
 -2.3517441e-001
 -3.5761007e-001
 -4.6955866e-001
 -5.6592194e-001
 -6.4230866e-001
 -6.9529841e-001
 -7.2264636e-001
 -7.2341287e-001
 -6.9800853e-001
 -6.4815261e-001
 -5.7675013e-001
 -4.8769971e-001
 -3.8564993e-001
 -2.7572481e-001
 -1.6324068e-001
 -5.3434737e-002
  4.8777049e-002
  1.3900028e-001
  2.1351336e-001
  2.6936783e-001
  3.0444059e-001
  3.1744412e-001
  3.0790273e-001
  2.7610328e-001
  2.2302793e-001
  1.5027476e-001
  5.9970420e-002
 -4.5323012e-002
 -1.6270548e-001
 -2.8903983e-001
 -4.2105446e-001
 -5.5544525e-001
 -6.8897277e-001
 -8.1855022e-001
 -9.4131703e-001
 -1.0546937e+000
 -1.1564157e+000
 -1.2445452e+000
 -1.3174655e+000
 -1.3738611e+000
 -1.4126945e+000
 -1.4331853e+000
 -1.4348025e+000
 -1.4172756e+000
 -1.3806257e+000
 -1.3252172e+000
 -1.2518213e+000
 -1.1616824e+000
 -1.0565726e+000
 -9.3882149e-001
 -8.1130647e-001
 -6.7739684e-001
 -5.4084619e-001
 -4.0563701e-001
 -2.7578725e-001
 -1.5513432e-001
 -4.7116503e-002
  4.5426728e-002
  1.2041540e-001
  1.7663415e-001
  2.1377164e-001
  2.3239137e-001
  2.3383909e-001
  2.2009861e-001
  1.9361375e-001
  1.5709623e-001
  1.1333996e-001
  6.5059341e-002
  1.4764165e-002
 -3.5322143e-002
 -8.3301049e-002
 -1.2760013e-001
 -1.6694744e-001
 -2.0033189e-001
 -2.2696244e-001
 -2.4623708e-001
 -2.5772861e-001
 -2.6118966e-001
 -2.5657470e-001
 -2.4407268e-001
 -2.2414143e-001
 -1.9753401e-001
 -1.6530811e-001
 -1.2881247e-001
 -8.9647285e-002
 -4.9600188e-002
 -1.0562605e-002
  2.5565693e-002
  5.6974653e-002
  8.2035457e-002
  9.9377757e-002
  1.0794735e-001
  1.0704205e-001
  9.6326515e-002
  7.5829179e-002
  4.5926138e-002
  7.3170307e-003
 -3.9002517e-002
 -9.1768928e-002
 -1.4947817e-001
 -2.1041368e-001
 -2.7267713e-001
 -3.3422541e-001
 -3.9291675e-001
 -4.4656814e-001
 -4.9302403e-001
 -5.3023470e-001
 -5.5633982e-001
 -5.6975198e-001
 -5.6923318e-001
 -5.5395812e-001
 -5.2355851e-001
 -4.7814494e-001
 -4.1830463e-001
 -3.4507619e-001
 -2.5990429e-001
 -1.6457902e-001
 -6.1165147e-002
  4.8073228e-002
  1.6074799e-001
  2.7441892e-001
  3.8666005e-001
  4.9511982e-001
  5.9757515e-001
  6.9198010e-001
  7.7650972e-001
  8.4959913e-001
  9.0997730e-001
  9.5669418e-001
  9.8913935e-001
  1.0070506e+000
  1.0105108e+000
  9.9993275e-001
  9.7603318e-001
  9.3979654e-001
  8.9243316e-001
  8.3533411e-001
  7.7002686e-001
  6.9813432e-001
  6.2133917e-001
  5.4135361e-001
  4.5989326e-001
  3.7865291e-001
  2.9928099e-001
  2.2335003e-001
  1.5232115e-001
  8.7502351e-002
  3.0002254e-002
 -1.9316894e-002
 -5.9881700e-002
 -9.1439373e-002
 -1.1407270e-001
 -1.2819343e-001
 -1.3451154e-001
 -1.3398058e-001
 -1.2772273e-001
 -1.1693988e-001
 -1.0281930e-001
 -8.6443794e-002
 -6.8715556e-002
 -5.0301809e-002
 -3.1607361e-002
 -1.2775886e-002
  6.2818934e-003
  2.5838227e-002
  4.6284137e-002
  6.8059821e-002
  9.1588436e-002
  1.1722070e-001
  1.4519545e-001
  1.7561839e-001
  2.0845833e-001
  2.4355780e-001
  2.8065314e-001
  3.1939872e-001
  3.5939022e-001
  4.0018354e-001
  4.4130761e-001
  4.8227151e-001
  5.2256817e-001
  5.6167760e-001
  5.9907324e-001
  6.3423374e-001
  6.6666131e-001
  6.9590548e-001
  7.2158943e-001
  7.4343427e-001
  7.6127622e-001
  7.7507181e-001
  7.8488766e-001
  7.9087405e-001
  7.9322375e-001
  7.9212110e-001
  7.8768815e-001
  7.7993620e-001
  7.6873136e-001
  7.5378079e-001
  7.3464440e-001
  7.1077248e-001
  6.8156647e-001
  6.4645594e-001
  6.0498224e-001
  5.5687796e-001
  5.0213118e-001
  4.4102562e-001
  3.7415077e-001
  3.0238029e-001
  2.2682142e-001
  1.4874196e-001
  6.9484700e-002
 -9.6195072e-003
 -8.7329010e-002
 -1.6254949e-001
 -2.3436689e-001
 -3.0205291e-001
 -3.6504506e-001
 -4.2290700e-001
 -4.7527764e-001
 -5.2181868e-001
 -5.6217024e-001
 -5.9592234e-001
 -6.2260712e-001
 -6.4171349e-001
 -6.5272193e-001
 -6.5515442e-001
 -6.4863203e-001
 -6.3293220e-001
 -6.0803763e-001
 -5.7417065e-001
 -5.3180915e-001
 -4.8168287e-001
 -4.2475177e-001
 -3.6217015e-001
 -2.9524188e-001
 -2.2537231e-001
 -1.5402199e-001
 -8.2666137e-002
 -1.2761900e-002
  5.4276374e-002
  1.1709523e-001
  1.7441614e-001
  2.2504844e-001
  2.6790394e-001
  3.0201501e-001
  3.2655669e-001
  3.4087212e-001
  3.4449901e-001
  3.3719428e-001
  3.1895355e-001
  2.9002229e-001
  2.5089655e-001
  2.0231182e-001
  1.4522050e-001
  8.0759181e-002
  1.0208427e-002
 -6.5052072e-002
 -1.4358953e-001
 -2.2396239e-001
 -3.0476058e-001
 -3.8464005e-001
 -4.6235102e-001
 -5.3675991e-001
 -6.0686545e-001
 -6.7181010e-001
 -7.3088731e-001
 -7.8354555e-001
 -8.2938952e-001
 -8.6817856e-001
 -8.9982228e-001
 -9.2437334e-001
 -9.4201717e-001
 -9.5305888e-001
 -9.5790762e-001
 -9.5705901e-001
 -9.5107621e-001
 -9.4057032e-001
 -9.2618055e-001
 -9.0855440e-001
 -8.8832797e-001
 -8.6610590e-001
 -8.4244100e-001
 -8.1781326e-001
 -7.9260863e-001
 -7.6709823e-001
 -7.4141963e-001
 -7.1556201e-001
 -6.8935758e-001
 -6.6248192e-001
 -6.3446501e-001
 -6.0471475e-001
 -5.7255286e-001
 -5.3726236e-001
 -4.9814395e-001
 -4.5457753e-001
 -4.0608404e-001
 -3.5238235e-001
 -2.9343598e-001
 -2.2948519e-001
 -1.6106119e-001
 -8.8980804e-002
 -1.4321897e-002
  6.1618656e-002
  1.3738087e-001
  2.1140694e-001
  2.8211085e-001
  3.4794724e-001
  4.0747489e-001
  4.5941139e-001
  5.0267633e-001
  5.3642180e-001
  5.6005018e-001
  5.7321991e-001
  5.7584082e-001
  5.6806095e-001
  5.5024683e-001
  5.2295938e-001
  4.8692719e-001
  4.4301891e-001
  3.9221618e-001
  3.3558826e-001
  2.7426942e-001
  2.0943956e-001
  1.4230869e-001
  7.4104781e-002
  6.0648228e-003
 -6.0572296e-002
 -1.2457235e-001
 -1.8471362e-001
 -2.3979778e-001
 -2.8866532e-001
 -3.3021651e-001
 -3.6343812e-001
 -3.8743489e-001
 -4.0146413e-001
 -4.0497055e-001
 -3.9761810e-001
 -3.7931539e-001
 -3.5023153e-001
 -3.1080008e-001
 -2.6171002e-001
 -2.0388406e-001
 -1.3844589e-001
 -6.6679358e-002
  1.0016921e-002
  9.0175560e-002
  1.7230366e-001
  2.5492072e-001
  3.3658984e-001
  4.1594248e-001
  4.9169782e-001
  5.6267916e-001
  6.2782976e-001
  6.8623031e-001
  7.3711924e-001
  7.7991596e-001
  8.1424516e-001
  8.3995931e-001
  8.5715516e-001
  8.6618000e-001
  8.6762358e-001
  8.6229317e-001
  8.5117096e-001
  8.3535541e-001
  8.1599057e-001
  7.9418929e-001
  7.7095768e-001
  7.4712849e-001
  7.2331044e-001
  6.9985892e-001
  6.7687082e-001
  6.5420369e-001
  6.3151623e-001
  6.0832485e-001
  5.8406914e-001
  5.5817865e-001
  5.3013343e-001
  4.9951263e-001
  4.6602709e-001
  4.2953499e-001
  3.9004148e-001
  3.4768595e-001
  3.0272138e-001
  2.5549114e-001
  2.0640768e-001
  1.5593671e-001
  1.0458844e-001
  5.2915471e-002
  1.5155271e-003
 -4.8964411e-002
 -9.7826164e-002
 -1.4432411e-001
 -1.8767707e-001
 -2.2708917e-001
 -2.6177903e-001
 -2.9101474e-001
 -3.1415109e-001
 -3.3066484e-001
 -3.4018402e-001
 -3.4250796e-001
 -3.3761614e-001
 -3.2566555e-001
 -3.0697761e-001
 -2.8201733e-001
 -2.5136781e-001
 -2.1570343e-001
 -1.7576483e-001
 -1.3233763e-001
 -8.6235843e-002
 -3.8289784e-002
  1.0662742e-002
  5.9783600e-002
  1.0824159e-001
  1.5522111e-001
  1.9993274e-001
  2.4162538e-001
  2.7959889e-001
  3.1321536e-001
  3.4190752e-001
  3.6518280e-001
  3.8262261e-001
  3.9387761e-001
  3.9866042e-001
  3.9673875e-001
  3.8793167e-001
  3.7211202e-001
  3.4921682e-001
  3.1926637e-001
  2.8239058e-001
  2.3885990e-001
  1.8911594e-001
  1.3379680e-001
  7.3751271e-002
  1.0037541e-002
 -5.6096846e-002
 -1.2325436e-001
 -1.8994447e-001
 -2.5465387e-001
 -3.1592389e-001
 -3.7242750e-001
 -4.2303851e-001
 -4.6688627e-001
 -5.0339091e-001
 -5.3227673e-001
 -5.5356369e-001
 -5.6753958e-001
 -5.7471743e-001
 -5.7578351e-001
 -5.7154188e-001
 -5.6286058e-001
 -5.5062315e-001
 -5.3568784e-001
 -5.1885483e-001
 -5.0084063e-001
 -4.8225808e-001
 -4.6360009e-001
 -4.4522595e-001
 -4.2735008e-001
 -4.1003413e-001
 -3.9318453e-001
 -3.7655810e-001
 -3.5977838e-001
 -3.4236438e-001
 -3.2377192e-001
 -3.0344612e-001
 -2.8088103e-001
 -2.5568104e-001
 -2.2761752e-001
 -1.9667372e-001
 -1.6307219e-001
 -1.2728048e-001
 -8.9993736e-002
 -5.2095484e-002
 -1.4601010e-002
  2.1410359e-002
  5.4866206e-002
  8.4767366e-002
  1.1024287e-001
  1.3058873e-001
  1.4528869e-001
  1.5401764e-001
  1.5663133e-001
  1.5314749e-001
  1.4372413e-001
  1.2864049e-001
  1.0828429e-001
  8.3146645e-002
  5.3823602e-002
  2.1020577e-002
 -1.4445272e-002
 -5.1650394e-002
 -8.9582691e-002
 -1.2717467e-001
 -1.6335194e-001
 -1.9709373e-001
 -2.2749946e-001
 -2.5385275e-001
 -2.7567398e-001
 -2.9275258e-001
 -3.0515289e-001
 -3.1319047e-001
 -3.1738038e-001
 -3.1836256e-001
 -3.1681388e-001
 -3.1335787e-001
 -3.0848482e-001
 -3.0249273e-001
 -2.9545763e-001
 -2.8723690e-001
 -2.7750471e-001
 -2.6581391e-001
 -2.5167475e-001
 -2.3463852e-001
 -2.1437378e-001
 -1.9072397e-001
 -1.6373879e-001
 -1.3367573e-001
 -1.0097299e-001
 -6.6199638e-002
 -2.9992016e-002
  7.0124888e-003
  4.4233487e-002
  8.1188305e-002
  1.1750967e-001
  1.5293879e-001
  1.8729675e-001
  2.2044070e-001
  2.5221405e-001
  2.8240082e-001
  3.1069317e-001
  3.3667903e-001
  3.5985301e-001
  3.7964970e-001
  3.9549461e-001
  4.0686504e-001
  4.1335133e-001
  4.1470911e-001
  4.1089458e-001
  4.0207753e-001
  3.8863076e-001
  3.7109791e-001
  3.5014519e-001
  3.2650464e-001
  3.0091742e-001
  2.7408489e-001
  2.4663366e-001
  2.1909762e-001
  1.9191699e-001
  1.6545161e-001
  1.4000303e-001
  1.1583946e-001
  9.3217204e-002
  7.2393833e-002
  5.3630441e-002
  3.7182943e-002
  2.3284849e-002
  1.2125896e-002
  3.8319026e-003
 -1.5489853e-003
 -4.0496952e-003
 -3.7754257e-003
 -8.8329153e-004
  4.4464718e-003
  1.2042722e-002
  2.1773018e-002
  3.3564748e-002
  4.7413116e-002
  6.3373553e-002
  8.1538741e-002
  1.0200323e-001
  1.2482090e-001
  1.4996188e-001
  1.7727600e-001
  2.0646877e-001
  2.3709405e-001
  2.6856512e-001
  3.0018265e-001
  3.3117593e-001
  3.6075152e-001
  3.8814264e-001
  4.1265309e-001
  4.3369059e-001
  4.5078661e-001
  4.6360218e-001
  4.7192163e-001
  4.7563811e-001
  4.7473543e-001
  4.6927112e-001
  4.5936441e-001
  4.4519105e-001
  4.2698482e-001
  4.0504368e-001
  3.7973659e-001
  3.5150670e-001
  3.2086670e-001
  2.8838353e-001
  2.5465157e-001
  2.2025597e-001
  1.8573032e-001
  1.5151431e-001
  1.1791818e-001
  8.5100511e-002
  5.3064172e-002
  2.1672954e-002
 -9.3116881e-003
 -4.0177665e-002
 -7.1199619e-002
 -1.0257508e-001
 -1.3436843e-001
 -1.6647088e-001
 -1.9858251e-001
 -2.3021947e-001
 -2.6074546e-001
 -2.8942357e-001
 -3.1548127e-001
 -3.3817974e-001
 -3.5687825e-001
 -3.7108544e-001
 -3.8049143e-001
 -3.8497808e-001
 -3.8460796e-001
 -3.7959594e-001
 -3.7026976e-001
 -3.5702709e-001
 -3.4029689e-001
 -3.2051112e-001
 -2.9809076e-001
 -2.7344716e-001
 -2.4699646e-001
 -2.1918244e-001
 -1.9050145e-001
 -1.6152248e-001
 -1.3289622e-001
 -1.0534883e-001
 -7.9658775e-002
 -5.6618006e-002
 -3.6981681e-002
 -2.1412635e-002
 -1.0428073e-002
 -4.3558857e-003
 -3.3068424e-003
 -7.1667310e-003
 -1.5609808e-002
 -2.8131979e-002
 -4.4099530e-002
 -6.2807269e-002
 -8.3538971e-002
 -1.0562305e-001
 -1.2847749e-001
 -1.5163982e-001
 -1.7478024e-001
 -1.9769843e-001
 -2.2030639e-001
 -2.4260155e-001
 -2.6463475e-001
 -2.8647795e-001
 -3.0819570e-001
 -3.2982330e-001
 -3.5135296e-001
 -3.7272803e-001
 -3.9384412e-001
 -4.1455514e-001
 -4.3468202e-001
 -4.5402194e-001
 -4.7235660e-001
 -4.8945831e-001
 -5.0509389e-001
 -5.1902652e-001
 -5.3101631e-001
 -5.4082040e-001
 -5.4819335e-001
 -5.5288823e-001
 -5.5465881e-001
 -5.5326269e-001
 -5.4846544e-001
 -5.4004550e-001
 -5.2780000e-001
 -5.1155176e-001
 -4.9115768e-001
 -4.6651912e-001
 -4.3759426e-001
 -4.0441247e-001
 -3.6708978e-001
 -3.2584424e-001
 -2.8100925e-001
 -2.3304251e-001
 -1.8252843e-001
 -1.3017195e-001
 -7.6782460e-002
 -2.3247939e-002
  2.9499837e-002
  8.0526466e-002
  1.2893911e-001
  1.7392961e-001
  2.1481238e-001
  2.5105328e-001
  2.8228699e-001
  3.0832143e-001
  3.2912962e-001
  3.4483096e-001
  3.5566493e-001
  3.6196105e-001
  3.6410908e-001
  3.6253288e-001
  3.5767019e-001
  3.4995957e-001
  3.3983398e-001
  3.2771943e-001
  3.1403637e-001
  2.9920095e-001
  2.8362414e-001
  2.6770691e-001
  2.5183142e-001
  2.3634913e-001
  2.2156792e-001
  2.0774099e-001
  1.9506044e-001
  1.8365777e-001
  1.7361254e-001
  1.6496895e-001
  1.5775834e-001
  1.5202447e-001
  1.4784721e-001
  1.4536047e-001
  1.4476021e-001
  1.4630014e-001
  1.5027435e-001
  1.5698809e-001
  1.6672021e-001
  1.7968214e-001
  1.9597918e-001
  2.1557979e-001
  2.3829781e-001
  2.6379044e-001
  2.9157290e-001
  3.2104798e-001
  3.5154687e-001
  3.8237567e-001
  4.1286157e-001
  4.4239300e-001
  4.7044885e-001
  4.9661418e-001
  5.2058194e-001
  5.4214237e-001
  5.6116382e-001
  5.7756977e-001
  5.9131713e-001
  6.0238006e-001
  6.1074234e-001
  6.1639902e-001
  6.1936627e-001
  6.1969613e-001
  6.1749194e-001
  6.1291960e-001
  6.0621045e-001
  5.9765294e-001
  5.8757233e-001
  5.7629994e-001
  5.6413550e-001
  5.5130803e-001
  5.3794132e-001
  5.2402961e-001
  5.0942850e-001
  4.9386328e-001
  4.7695503e-001
  4.5826180e-001
  4.3733019e-001
  4.1375088e-001
  3.8721116e-001
  3.5753820e-001
  3.2472768e-001
  2.8895522e-001
  2.5057002e-001
  2.1007285e-001
  1.6808249e-001
  1.2529574e-001
  8.2446893e-002
  4.0271273e-002
 -5.2338700e-004
 -3.9276254e-002
 -7.5383769e-002
 -1.0830333e-001
 -1.3755367e-001
 -1.6271582e-001
 -1.8343792e-001
 -1.9944613e-001
 -2.1056208e-001
 -2.1672530e-001
 -2.1801739e-001
 -2.1468354e-001
 -2.0714648e-001
 -1.9600824e-001
 -1.8203671e-001
 -1.6613563e-001
 -1.4929914e-001
 -1.3255436e-001
 -1.1689711e-001
 -1.0322770e-001
 -9.2293465e-002
 -8.4644640e-002
 -8.0608282e-002
 -8.0283174e-002
 -8.3555872e-002
 -9.0135713e-002
 -9.9604369e-002
 -1.1147402e-001
 -1.2524745e-001
 -1.4047341e-001
 -1.5679155e-001
 -1.7396271e-001
 -1.9188219e-001
 -2.1057555e-001
 -2.3017882e-001
 -2.5090580e-001
 -2.7300710e-001
 -2.9672545e-001
 -3.2225212e-001
 -3.4968910e-001
 -3.7902030e-001
 -4.1009474e-001
 -4.4262273e-001
 -4.7618550e-001
 -5.1025690e-001
 -5.4423506e-001
 -5.7748086e-001
 -6.0935924e-001
 -6.3927904e-001
 -6.6672725e-001
 -6.9129360e-001
 -7.1268284e-001
 -7.3071290e-001
 -7.4529921e-001
 -7.5642710e-001
 -7.6411608e-001
 -7.6838118e-001
 -7.6919769e-001
 -7.6647538e-001
 -7.6004777e-001
 -7.4968016e-001
 -7.3509757e-001
 -7.1603086e-001
 -6.9227628e-001
 -6.6376074e-001
 -6.3060372e-001
 -5.9316578e-001
 -5.5207470e-001
 -5.0822244e-001
 -4.6272979e-001
 -4.1687972e-001
 -3.7202501e-001
 -3.2947994e-001
 -2.9040840e-001
 -2.5572233e-001
 -2.2600358e-001
 -2.0145980e-001
 -1.8192059e-001
 -1.6687498e-001
 -1.5554569e-001
 -1.4699038e-001
 -1.4021653e-001
 -1.3429475e-001
 -1.2845557e-001
 -1.2215759e-001
 -1.1511922e-001
 -1.0731195e-001
 -9.8918976e-002
 -9.0268186e-002
 -8.1752293e-002
 -7.3750424e-002
 -6.6564645e-002
 -6.0381780e-002
 -5.5266014e-002
 -5.1181921e-002
 -4.8041766e-002
 -4.5766200e-002
 -4.4344617e-002
 -4.3881050e-002
 -4.4613625e-002
 -4.6900074e-002
 -5.1167808e-002
 -5.7833647e-002
 -6.7204372e-002
 -7.9373734e-002
 -9.4133534e-002
 -1.1091560e-001
 -1.2877766e-001
 -1.4644022e-001
 -1.6237379e-001
 -1.7492815e-001
 -1.8248860e-001
 -1.8363902e-001
 -1.7731026e-001
 -1.6289332e-001
 -1.4030169e-001
 -1.0997402e-001
 -7.2816876e-002
 -3.0095663e-002
  1.6710679e-002
  6.6070811e-002
  1.1655562e-001
  1.6696562e-001
  2.1641491e-001
  2.6436287e-001
  3.1059252e-001
  3.5514301e-001
  3.9821032e-001
  4.4003463e-001
  4.8079381e-001
  5.2052083e-001
  5.5905774e-001
  5.9605234e-001
  6.3099577e-001
  6.6329234e-001
  6.9234754e-001
  7.1765688e-001
  7.3887894e-001
  7.5587855e-001
  7.6873183e-001
  7.7769166e-001
  7.8311920e-001
  7.8539360e-001
  7.8481573e-001
  7.8152367e-001
  7.7543572e-001
  7.6623285e-001
  7.5338565e-001
  7.3622422e-001
  7.1404178e-001
  6.8621759e-001
  6.5234113e-001
  6.1231895e-001
  5.6644809e-001
  5.1544477e-001
  4.6042336e-001
  4.0282832e-001
  3.4432780e-001
  2.8668345e-001
  2.3161316e-001
  1.8066428e-001
  1.3511188e-001
  9.5892659e-002
  6.3579014e-002
  3.8391820e-002
  2.0245105e-002
  8.8119005e-003
  3.5987440e-003
  4.0166788e-003
  9.4390057e-003
  1.9239845e-002
  3.2812074e-002
  4.9567525e-002
  6.8925674e-002
  9.0298918e-002
  1.1308256e-001
  1.3665592e-001
  1.6039813e-001
  1.8371817e-001
  2.0609541e-001
  2.2712355e-001
  2.4654971e-001
  2.6429998e-001
  2.8048484e-001
  2.9538057e-001
  3.0938697e-001
  3.2296539e-001
  3.3656477e-001
  3.5054573e-001
  3.6511303e-001
  3.8026628e-001
  3.9577576e-001
  4.1118689e-001
  4.2585231e-001
  4.3898722e-001
  4.4973957e-001
  4.5726577e-001
  4.6080161e-001
  4.5971980e-001
  4.5356796e-001
  4.4208424e-001
  4.2519152e-001
  4.0297421e-001
  3.7564392e-001
  3.4350162e-001
  3.0690322e-001
  2.6623429e-001
  2.2189715e-001
  1.7431069e-001
  1.2392066e-001
  7.1216147e-002
  1.6746579e-002
 -3.8866168e-002
 -9.4925229e-002
 -1.5066842e-001
 -2.0529049e-001
 -2.5797608e-001
 -3.0793939e-001
 -3.5446542e-001
 -3.9694753e-001
 -4.3491626e-001
 -4.6805617e-001
 -4.9620918e-001
 -5.1936486e-001
 -5.3763997e-001
 -5.5125097e-001
 -5.6048336e-001
 -5.6566210e-001
 -5.6712600e-001
 -5.6520792e-001
 -5.6022141e-001
 -5.5245263e-001
 -5.4215630e-001
 -5.2955330e-001
 -5.1482857e-001
 -4.9812816e-001
 -4.7955559e-001
 -4.5916867e-001
 -4.3697860e-001
 -4.1295371e-001
 -3.8702977e-001
 -3.5912812e-001
 -3.2918163e-001
 -2.9716693e-001
 -2.6314001e-001
 -2.2727118e-001
 -1.8987467e-001
 -1.5142855e-001
 -1.1258121e-001
 -7.4142212e-002
 -3.7056945e-002
 -2.3667715e-003
  2.8842371e-002
  5.5498296e-002
  7.6602708e-002
  9.1287986e-002
  9.8866076e-002
  9.8866095e-002
  9.1058634e-002
  7.5466190e-002
  5.2360418e-002
  2.2247774e-002
 -1.4154362e-002
 -5.5948906e-002
 -1.0209568e-001
 -1.5145179e-001
 -2.0281450e-001
 -2.5496555e-001
 -3.0671568e-001
 -3.5694808e-001
 -4.0465883e-001
 -4.4899204e-001
 -4.8926716e-001
 -5.2499597e-001
 -5.5588710e-001
 -5.8183707e-001
 -6.0290807e-001
 -6.1929419e-001
 -6.3127932e-001
 -6.3919138e-001
 -6.4335781e-001
 -6.4406769e-001
 -6.4154483e-001
 -6.3593477e-001
 -6.2730662e-001
 -6.1566879e-001
 -6.0099517e-001
 -5.8325730e-001
 -5.6245695e-001
 -5.3865372e-001
 -5.1198340e-001
 -4.8266421e-001
 -4.5099055e-001
 -4.1731586e-001
 -3.8202806e-001
 -3.4552235e-001
 -3.0817647e-001
 -2.7033276e-001
 -2.3229018e-001
 -1.9430718e-001
 -1.5661427e-001
 -1.1943301e-001
 -8.2997034e-002
 -4.7569695e-002
 -1.3454022e-002
  1.9008448e-002
  4.9450964e-002
  7.7505711e-002
  1.0283523e-001
  1.2516587e-001
  1.4431709e-001
  1.6022108e-001
  1.7292821e-001
  1.8259636e-001
  1.8946496e-001
  1.9381734e-001
  1.9593729e-001
  1.9606712e-001
  1.9437465e-001
  1.9093536e-001
  1.8573355e-001
  1.7868317e-001
  1.6966570e-001
  1.5857902e-001
  1.4538925e-001
  1.3017621e-001
  1.1316405e-001
  9.4730248e-002
  7.5389804e-002
  5.5755068e-002
  3.6476043e-002
  1.8169329e-002
  1.3462962e-003
 -1.3648151e-002
 -2.6675866e-002
 -3.7817088e-002
 -4.7349654e-002
 -5.5696725e-002
 -6.3348662e-002
 -7.0768723e-002
 -7.8295010e-002
 -8.6052100e-002
 -9.3884976e-002
 -1.0132525e-001
 -1.0759571e-001
 -1.1165427e-001
 -1.1227376e-001
 -1.0814910e-001
 -9.8020498e-002
 -8.0799404e-002
 -5.5683751e-002
 -2.2250746e-002
  1.9481780e-002
  6.9030617e-002
  1.2546013e-001
  1.8743013e-001
  2.5327265e-001
  3.2108949e-001
  3.8886116e-001
  4.5455811e-001
  5.1624605e-001
  5.7217867e-001
  6.2087349e-001
  6.6116801e-001
  6.9225563e-001
  7.1370172e-001
  7.2544156e-001
  7.2776202e-001
  7.2126924e-001
  7.0684458e-001
  6.8559111e-001
  6.5877297e-001
  6.2775011e-001
  5.9391129e-001
  5.5860825e-001
  5.2309447e-001
  4.8847164e-001
  4.5564675e-001
  4.2530228e-001
  3.9788087e-001
  3.7358509e-001
  3.5239160e-001
  3.3407821e-001
  3.1826136e-001
  3.0444103e-001
  2.9205000e-001
  2.8050403e-001
  2.6925041e-001
  2.5781193e-001
  2.4582450e-001
  2.3306646e-001
  2.1947818e-001
  2.0517081e-001
  1.9042318e-001
  1.7566635e-001
  1.6145568e-001
  1.4843122e-001
  1.3726810e-001
  1.2861971e-001
  1.2305773e-001
  1.2101399e-001
  1.2272972e-001
  1.2821789e-001
  1.3724347e-001
  1.4932536e-001
  1.6376139e-001
  1.7967537e-001
  1.9608275e-001
  2.1196893e-001
  2.2637227e-001
  2.3846337e-001
  2.4761212e-001
  2.5343515e-001
  2.5581910e-001
  2.5491743e-001
  2.5112216e-001
  2.4501478e-001
  2.3730285e-001
  2.2875021e-001
  2.2010912e-001
  2.1206122e-001
  2.0517263e-001
  1.9986573e-001
  1.9640723e-001
  1.9490994e-001
  1.9534358e-001
  1.9754953e-001
  2.0125460e-001
  2.0608036e-001
  2.1154688e-001
  2.1707186e-001
  2.2196863e-001
  2.2544782e-001
  2.2662822e-001
  2.2456140e-001
  2.1827299e-001
  2.0682075e-001
  1.8936612e-001
  1.6525340e-001
  1.3408769e-001
  9.5802068e-002
  5.0704251e-002
 -5.0487190e-004
 -5.6745725e-002
 -1.1660826e-001
 -1.7843045e-001
 -2.4039961e-001
 -3.0066624e-001
 -3.5745846e-001
 -4.0918517e-001
 -4.5451814e-001
 -4.9244607e-001
 -5.2229781e-001
 -5.4373624e-001
 -5.5672787e-001
 -5.6149623e-001
 -5.5846802e-001
 -5.4822111e-001
 -5.3144145e-001
 -5.0889311e-001
 -4.8140239e-001
 -4.4985348e-001
 -4.1519066e-001
 -3.7842061e-001
 -3.4060817e-001
 -3.0286051e-001
 -2.6629721e-001
 -2.3200655e-001
 -2.0099205e-001
 -1.7411548e-001
 -1.5204442e-001
 -1.3521241e-001
 -1.2379845e-001
 -1.1772992e-001
 -1.1670959e-001
 -1.2026346e-001
 -1.2780296e-001
 -1.3869270e-001
 -1.5231384e-001
 -1.6811401e-001
 -1.8563693e-001
 -2.0452822e-001
 -2.2451786e-001
 -2.4538395e-001
 -2.6690533e-001
 -2.8881283e-001
 -3.1074910e-001
 -3.3224560e-001
 -3.5272267e-001
 -3.7151441e-001
 -3.8791628e-001
 -4.0124931e-001
 -4.1093182e-001
 -4.1654831e-001
 -4.1790535e-001
 -4.1506597e-001
 -4.0835756e-001
 -3.9835186e-001
 -3.8581968e-001
 -3.7166675e-001
 -3.5685905e-001
 -3.4234724e-001
 -3.2899899e-001
 -3.1754633e-001
 -3.0855191e-001
 -3.0239511e-001
 -2.9927545e-001
 -2.9922858e-001
 -3.0214895e-001
 -3.0781286e-001
 -3.1589727e-001
 -3.2599155e-001
 -3.3760204e-001
 -3.5015173e-001
 -3.6297924e-001
 -3.7534210e-001
 -3.8642905e-001
 -3.9538454e-001
 -4.0134651e-001
 -4.0349536e-001
 -4.0110982e-001
 -3.9362315e-001
 -3.8067222e-001
 -3.6213228e-001
 -3.3813219e-001
 -3.0904698e-001
 -2.7546847e-001
 -2.3815759e-001
 -1.9798500e-001
 -1.5586830e-001
 -1.1271439e-001
 -6.9374620e-002
 -2.6617708e-002
  1.4877509e-002
  5.4511353e-002
  9.1739488e-002
  1.2604338e-001
  1.5690338e-001
  1.8378236e-001
  2.0612574e-001
  2.2338088e-001
  2.3503492e-001
  2.4066652e-001
  2.4000432e-001
  2.3298266e-001
  2.1978549e-001
  2.0087044e-001
  1.7696792e-001
  1.4905390e-001
  1.1829883e-001
  8.5998832e-002
  5.3497769e-002
  2.2109900e-002
 -6.9478159e-003
 -3.2606678e-002
 -5.3976701e-002
 -7.0356526e-002
 -8.1226377e-002
 -8.6230461e-002
 -8.5156652e-002
 -7.7921117e-002
 -6.4563766e-002
 -4.5257298e-002
 -2.0328799e-002
  9.7109772e-003
  4.4138586e-002
  8.1998760e-002
  1.2210468e-001
  1.6306509e-001
  2.0334205e-001
  2.4133817e-001
  2.7550703e-001
  3.0447584e-001
  3.2716603e-001
  3.4289614e-001
  3.5145258e-001
  3.5311703e-001
  3.4864457e-001
  3.3919320e-001
  3.2621171e-001
  3.1129912e-001
  2.9605239e-001
  2.8192132e-001
  2.7008828e-001
  2.6138661e-001
  2.5626628e-001
  2.5480834e-001
  2.5678262e-001
  2.6173729e-001
  2.6910458e-001
  2.7830539e-001
  2.8883626e-001
  3.0032624e-001
  3.1255614e-001
  3.2543969e-001
  3.3897224e-001
  3.5315834e-001
  3.6793271e-001
  3.8309044e-001
  3.9824035e-001
  4.1279149e-001
  4.2597740e-001
  4.3691607e-001
  4.4469790e-001
  4.4848886e-001
  4.4763388e-001
  4.4174483e-001
  4.3076018e-001
  4.1496736e-001
  3.9498484e-001
  3.7170680e-001
  3.4621874e-001
  3.1969632e-001
  2.9330181e-001
  2.6809165e-001
  2.4494656e-001
  2.2453093e-001
  2.0728314e-001
  1.9343341e-001
  1.8304142e-001
  1.7604318e-001
  1.7229640e-001
  1.7161456e-001
  1.7378363e-001
  1.7855934e-001
  1.8564790e-001
  1.9467690e-001
  2.0516607e-001
  2.1650823e-001
  2.2796961e-001
  2.3871557e-001
  2.4786310e-001
  2.5455637e-001
  2.5805665e-001
  2.5783436e-001
  2.5364895e-001
  2.4560311e-001
  2.3416008e-001
  2.2011818e-001
  2.0454191e-001
  1.8865587e-001
  1.7371306e-001
  1.6085329e-001
  1.5096947e-001
  1.4459883e-001
  1.4185310e-001
  1.4239685e-001
  1.4547642e-001
  1.4999594e-001
  1.5463042e-001
  1.5796175e-001
  1.5862113e-001
  1.5542128e-001
  1.4746412e-001
  1.3421382e-001
  1.1552981e-001
  9.1660256e-002
  6.3200957e-002
  3.1028358e-002
 -3.7826368e-003
 -4.0045282e-002
 -7.6542692e-002
 -1.1209790e-001
 -1.4562874e-001
 -1.7618719e-001
 -2.0298524e-001
 -2.2541099e-001
 -2.4303871e-001
 -2.5563604e-001
 -2.6316973e-001
 -2.6580948e-001
 -2.6392757e-001
 -2.5809117e-001
 -2.4904379e-001
 -2.3767336e-001
 -2.2496643e-001
 -2.1195014e-001
 -1.9962641e-001
 -1.8890452e-001
 -1.8053982e-001
 -1.7508592e-001
 -1.7286657e-001
 -1.7397078e-001
 -1.7827163e-001
 -1.8546565e-001
 -1.9512652e-001
 -2.0676500e-001
 -2.1988585e-001
 -2.3403370e-001
 -2.4882178e-001
 -2.6394071e-001
 -2.7914837e-001
 -2.9424532e-001
 -3.0904304e-001
 -3.2333343e-001
 -3.3686777e-001
 -3.4935155e-001
 -3.6045813e-001
 -3.6986043e-001
 -3.7727576e-001
 -3.8251602e-001
 -3.8553315e-001
 -3.8645031e-001
 -3.8557056e-001
 -3.8335862e-001
 -3.8039573e-001
 -3.7731228e-001
 -3.7470750e-001
 -3.7306813e-001
 -3.7269900e-001
 -3.7367764e-001
 -3.7584116e-001
 -3.7880932e-001
 -3.8204166e-001
 -3.8492101e-001
 -3.8685130e-001
 -3.8735450e-001
 -3.8615160e-001
 -3.8321443e-001
 -3.7877932e-001
 -3.7331974e-001
 -3.6748124e-001
 -3.6198809e-001
 -3.5753547e-001
 -3.5468360e-001
 -3.5376952e-001
 -3.5485008e-001
 -3.5768401e-001
 -3.6175547e-001
 -3.6633445e-001
 -3.7056407e-001
 -3.7356075e-001
 -3.7451157e-001
 -3.7275445e-001
 -3.6782987e-001
 -3.5949834e-001
 -3.4772369e-001
 -3.3262840e-001
 -3.1443160e-001
 -2.9338327e-001
 -2.6970846e-001
 -2.4357283e-001
 -2.1507683e-001
 -1.8428003e-001
 -1.5125118e-001
 -1.1613447e-001
 -7.9218820e-002
 -4.0995764e-002
 -2.1927411e-003
  3.6227729e-002
  7.3107281e-002
  1.0716736e-001
  1.3711332e-001
  1.6175419e-001
  1.8012234e-001
  1.9157698e-001
  1.9587760e-001
  1.9321732e-001
  1.8421227e-001
  1.6984899e-001
  1.5139749e-001
  1.3030212e-001
  1.0806462e-001
  8.6133561e-002
  6.5812499e-002
  4.8195055e-002
  3.4130454e-002
  2.4218030e-002
  1.8825040e-002
  1.8119355e-002
  2.2107601e-002
  3.0670175e-002
  4.3586962e-002
  6.0550937e-002
  8.1170480e-002
  1.0496436e-001
  1.3135537e-001
  1.5966927e-001
  1.8914448e-001
  2.1895595e-001
  2.4825318e-001
  2.7620929e-001
  3.0207508e-001
  3.2523040e-001
  3.4522481e-001
  3.6180102e-001
  3.7489705e-001
  3.8462676e-001
  3.9124209e-001
  3.9508343e-001
  3.9652685e-001
  3.9593713e-001
  3.9363473e-001
  3.8988178e-001
  3.8488865e-001
  3.7883860e-001
  3.7192417e-001
  3.6438652e-001
  3.5654804e-001
  3.4882913e-001
  3.4174298e-001
  3.3586595e-001
  3.3178567e-001
  3.3003337e-001
  3.3101032e-001
  3.3492015e-001
  3.4171832e-001
  3.5108830e-001
  3.6244972e-001
  3.7499918e-001
  3.8777929e-001
  3.9976686e-001
  4.0996854e-001
  4.1751066e-001
  4.2171134e-001
  4.2212580e-001
  4.1856015e-001
  4.1105406e-001
  3.9983755e-001
  3.8527093e-001
  3.6777937e-001
  3.4779343e-001
  3.2570529e-001
  3.0184695e-001
  2.7649210e-001
  2.4987878e-001
  2.2224601e-001
  1.9387481e-001
  1.6512315e-001
  1.3644583e-001
  1.0839272e-001
  8.1583193e-002
  5.6659029e-002
  3.4222289e-002
  1.4767729e-002
 -1.3791844e-003
 -1.4108093e-002
 -2.3545165e-002
 -3.0045615e-002
 -3.4157390e-002
 -3.6560604e-002
 -3.7991125e-002
 -3.9159062e-002
 -4.0673526e-002
 -4.2983804e-002
 -4.6344265e-002
 -5.0806428e-002
 -5.6237374e-002
 -6.2359789e-002
 -6.8806002e-002
 -7.5176976e-002
 -8.1097317e-002
 -8.6259069e-002
 -9.0449774e-002
 -9.3563563e-002
 -9.5597215e-002
 -9.6635548e-002
 -9.6831856e-002
 -9.6389051e-002
 -9.5545946e-002
 -9.4570907e-002
 -9.3762489e-002
 -9.3454263e-002
 -9.4019249e-002
 -9.5868815e-002
 -9.9441478e-002
 -1.0517894e-001
 -1.1348933e-001
 -1.2470073e-001
 -1.3901061e-001
 -1.5643903e-001
 -1.7679359e-001
 -1.9965377e-001
 -2.2437944e-001
 -2.5014544e-001
 -2.7599977e-001
 -3.0093951e-001
 -3.2399528e-001
 -3.4431373e-001
 -3.6122730e-001
 -3.7430230e-001
 -3.8335963e-001
 -3.8846626e-001
 -3.8990007e-001
 -3.8809462e-001
 -3.8357269e-001
 -3.7687929e-001
 -3.6852361e-001
 -3.5893785e-001
 -3.4845704e-001
 -3.3732044e-001
 -3.2569108e-001
 -3.1368695e-001
 -3.0141584e-001
 -2.8900544e-001
 -2.7662176e-001
 -2.6447171e-001
 -2.5278911e-001
 -2.4180669e-001
 -2.3171993e-001
 -2.2265038e-001
 -2.1461628e-001
 -2.0751750e-001
 -2.0113917e-001
 -1.9517498e-001
 -1.8926771e-001
 -1.8306100e-001
 -1.7625438e-001
 -1.6865229e-001
 -1.6019897e-001
 -1.5099264e-001
 -1.4127596e-001
 -1.3140339e-001
 -1.2178978e-001
 -1.1284741e-001
 -1.0492057e-001
 -9.8227344e-002
 -9.2816651e-002
 -8.8546868e-002
 -8.5088617e-002
 -8.1951193e-002
 -7.8528735e-002
 -7.4159883e-002
 -6.8193329e-002
 -6.0051530e-002
 -4.9285898e-002
 -3.5618570e-002
 -1.8968179e-002
  5.4074871e-004
  2.2583230e-002
  4.6651418e-002
  7.2081218e-002
  9.8085092e-002
  1.2378897e-001
  1.4827208e-001
  1.7060935e-001
  1.8991621e-001
  2.0539554e-001
  2.1638570e-001
  2.2240719e-001
  2.2320468e-001
  2.1877959e-001
  2.0940872e-001
  1.9564426e-001
  1.7829259e-001
  1.5837105e-001
  1.3704492e-001
  1.1554972e-001
  9.5106282e-002
  7.6837679e-002
  6.1697355e-002
  5.0416684e-002
  4.3477705e-002
  4.1113314e-002
  4.3333251e-002
  4.9970384e-002
  6.0738814e-002
  7.5293595e-002
  9.3281845e-002
  1.1437666e-001
  1.3828836e-001
  1.6475175e-001
  1.9349235e-001
  2.2417861e-001
  2.5637000e-001
  2.8947185e-001
  3.2270751e-001
  3.5511571e-001
  3.8557735e-001
  4.1287122e-001
  4.3575364e-001
  4.5305306e-001
  4.6376810e-001
  4.6715675e-001
  4.6280572e-001
  4.5067137e-001
  4.3108812e-001
  4.0474428e-001
  3.7262978e-001
  3.3596363e-001
  2.9611060e-001
  2.5449737e-001
  2.1253659e-001
  1.7156514e-001
  1.3279916e-001
  9.7305591e-002
  6.5986602e-002
  3.9572214e-002
  1.8615562e-002
  3.4866126e-003
 -5.6379587e-003
 -8.7882854e-003
 -6.2151942e-003
  1.6005683e-003
  1.3949643e-002
  2.9911241e-002
  4.8389648e-002
  6.8170501e-002
  8.7993776e-002
  1.0663698e-001
  1.2299947e-001
  1.3617739e-001
  1.4551945e-001
  1.5065546e-001
  1.5149361e-001
  1.4818656e-001
  1.4107151e-001
  1.3059304e-001
  1.1722072e-001
  1.0137393e-001
  8.3365544e-002
  6.3373071e-002
  4.1441154e-002
  1.7514577e-002
 -8.5043235e-003
 -3.6683863e-002
 -6.6989199e-002
 -9.9219248e-002
 -1.3296529e-001
 -1.6759867e-001
 -2.0229038e-001
 -2.3606016e-001
 -2.6784804e-001
 -2.9659837e-001
 -3.2134407e-001
 -3.4128008e-001
 -3.5581671e-001
 -3.6460767e-001
 -3.6755184e-001
 -3.6477239e-001
 -3.5658019e-001
 -3.4343057e-001
 -3.2588266e-001
 -3.0456906e-001
 -2.8018029e-001
 -2.5346486e-001
 -2.2524141e-001
 -1.9641642e-001
 -1.6799867e-001
 -1.4110146e-001
 -1.1692538e-001
 -9.6717241e-002
 -8.1705361e-002
 -7.3015709e-002
 -7.1577524e-002
 -7.8029828e-002
 -9.2641269e-002
 -1.1525479e-001
 -1.4526580e-001
 -1.8163832e-001
 -2.2295849e-001
 -2.6752014e-001
 -3.1343286e-001
 -3.5874056e-001
 -4.0153790e-001
 -4.4007316e-001
 -4.7282907e-001
 -4.9857696e-001
 -5.1640406e-001
 -5.2571764e-001
 -5.2623238e-001
 -5.1794873e-001
 -5.0112964e-001
 -4.7628098e-001
 -4.4413809e-001
 -4.0565755e-001
 -3.6201004e-001
 -3.1456827e-001
 -2.6488323e-001
 -2.1464305e-001
 -1.6561141e-001
 -1.1954610e-001
 -7.8102207e-002
 -4.2728719e-002
 -1.4569378e-002
  5.6197339e-003
  1.7524627e-002
  2.1291311e-002
  1.7503010e-002
  7.1178708e-003
 -8.6263006e-003
 -2.8329063e-002
 -5.0551862e-002
 -7.3934709e-002
 -9.7290928e-002
 -1.1966916e-001
 -1.4037671e-001
 -1.5896412e-001
 -1.7517643e-001
 -1.8888145e-001
 -1.9998829e-001
 -2.0837074e-001
 -2.1380829e-001
 -2.1595496e-001
 -2.1434115e-001
 -2.0840825e-001
 -1.9757099e-001
 -1.8129793e-001
 -1.5919808e-001
 -1.3110068e-001
 -9.7116682e-002
 -5.7673169e-002
 -1.3515899e-002
  3.4320065e-002
  8.4567719e-002
  1.3580601e-001
  1.8654880e-001
  2.3533498e-001
  2.8081052e-001
  3.2179580e-001
  3.5733387e-001
  3.8671876e-001
  4.0950531e-001
  4.2550421e-001
  4.3476659e-001
  4.3756280e-001
  4.3435866e-001
  4.2579163e-001
  4.1264698e-001
  3.9583350e-001
  3.7635655e-001
  3.5528696e-001
  3.3372416e-001
  3.1275361e-001
  2.9339972e-001
  2.7657703e-001
  2.6304383e-001
  2.5336241e-001
  2.4787038e-001
  2.4666645e-001
  2.4961239e-001
  2.5635127e-001
  2.6633993e-001
  2.7889221e-001
  2.9322839e-001
  3.0852595e-001
  3.2396688e-001
  3.3877838e-001
  3.5226435e-001
  3.6382736e-001
  3.7298165e-001
  3.7935891e-001
  3.8270888e-001
  3.8289700e-001
  3.7990031e-001
  3.7380251e-001
  3.6478772e-001
  3.5313212e-001
  3.3919234e-001
  3.2338944e-001
  3.0618827e-001
  2.8807278e-001
  2.6951897e-001
  2.5096821e-001
  2.3280417e-001
  2.1533654e-001
  1.9879432e-001
  1.8332986e-001
  1.6903366e-001
  1.5595773e-001
  1.4414392e-001
  1.3365261e-001
  1.2458646e-001
  1.1710454e-001
  1.1142348e-001
  1.0780400e-001
  1.0652350e-001
  1.0783794e-001
  1.1193753e-001
  1.1890272e-001
  1.2866657e-001
  1.4098937e-001
  1.5544962e-001
  1.7145340e-001
  1.8826156e-001
  2.0503203e-001
  2.2087241e-001
  2.3489707e-001
  2.4628260e-001
  2.5431608e-001
  2.5843225e-001
  2.5823709e-001
  2.5351762e-001
  2.4423929e-001
  2.3053361e-001
  2.1267926e-001
  1.9107980e-001
  1.6624043e-001
  1.3874517e-001
  1.0923468e-001
  7.8384047e-002
  4.6879400e-002
  1.5392089e-002
 -1.5449885e-002
 -4.5092694e-002
 -7.3087829e-002
 -9.9120533e-002
 -1.2303171e-001
 -1.4482933e-001
 -1.6468613e-001
 -1.8292154e-001
 -1.9996803e-001
 -2.1632411e-001
 -2.3249831e-001
 -2.4895027e-001
 -2.6603579e-001
 -2.8396248e-001
 -3.0276166e-001
 -3.2227987e-001
 -3.4219067e-001
 -3.6202501e-001
 -3.8121524e-001
 -3.9914678e-001
 -4.1521004e-001
 -4.2884611e-001
 -4.3958063e-001
 -4.4704306e-001
 -4.5097083e-001
 -4.5120086e-001
 -4.4765283e-001
 -4.4031003e-001
 -4.2920349e-001
 -4.1440437e-001
 -3.9602736e-001
 -3.7424530e-001
 -3.4931267e-001
 -3.2159296e-001
 -2.9158379e-001
 -2.5993298e-001
 -2.2743982e-001
 -1.9503761e-001
 -1.6375659e-001
 -1.3466921e-001
 -1.0882301e-001
 -8.7168154e-002
 -7.0488299e-002
 -5.9342876e-002
 -5.4027669e-002
 -5.4557886e-002
 -6.0674831e-002
 -7.1874023e-002
 -8.7449794e-002
 -1.0654958e-001
 -1.2823046e-001
 -1.5151111e-001
 -1.7541438e-001
 -1.9899795e-001
 -2.2137373e-001
 -2.4171905e-001
 -2.5928440e-001
 -2.7340324e-001
 -2.8350838e-001
 -2.8915786e-001
 -2.9006988e-001
 -2.8616390e-001
 -2.7760143e-001
 -2.6481861e-001
 -2.4854193e-001
 -2.2977915e-001
 -2.0978067e-001
 -1.8996975e-001
 -1.7184514e-001
 -1.5686391e-001
 -1.4631607e-001
 -1.4120514e-001
 -1.4214902e-001
 -1.4931402e-001
 -1.6239140e-001
 -1.8062043e-001
 -2.0285650e-001
 -2.2767662e-001
 -2.5351015e-001
 -2.7877912e-001
 -3.0203146e-001
 -3.2205189e-001
 -3.3793816e-001
 -3.4913568e-001
 -3.5542909e-001
 -3.5689528e-001
 -3.5382742e-001
 -3.4664271e-001
 -3.3578829e-001
 -3.2165885e-001
 -3.0453689e-001
 -2.8456250e-001
 -2.6173467e-001
 -2.3594145e-001
 -2.0701192e-001
 -1.7478073e-001
 -1.3915442e-001
 -1.0016966e-001
 -5.8035677e-002
 -1.3156222e-002
  3.3870165e-002
  8.2269303e-002
  1.3112533e-001
  1.7942337e-001
  2.2609482e-001
  2.7005997e-001
  3.1026493e-001
  3.4571174e-001
  3.7548281e-001
  3.9876244e-001
  4.1485851e-001
  4.2322723e-001
  4.2350224e-001
  4.1552748e-001
  3.9939078e-001
  3.7545362e-001
  3.4437080e-001
  3.0709420e-001
  2.6485558e-001
  2.1912591e-001
  1.7155148e-001
  1.2387069e-001
  7.7818079e-002
  3.5024974e-002
 -3.0734581e-003
 -3.5314868e-002
 -6.0862417e-002
 -7.9228739e-002
 -9.0270221e-002
 -9.4154539e-002
 -9.1307754e-002
 -8.2349619e-002
 -6.8026655e-002
 -4.9151908e-002
 -2.6558279e-002
 -1.0691859e-003
  2.6513204e-002
  5.5405433e-002
  8.4831799e-002
  1.1401237e-001
  1.4215739e-001
  1.6847385e-001
  1.9218769e-001
  2.1258121e-001
  2.2904220e-001
  2.4111809e-001
  2.4856673e-001
  2.5139474e-001
  2.4987586e-001
  2.4454405e-001
  2.3615979e-001
  2.2565208e-001
  2.1404243e-001
  2.0235982e-001
  1.9155762e-001
  1.8244266e-001
  1.7562544e-001
  1.7149699e-001
  1.7023386e-001
  1.7182856e-001
  1.7613886e-001
  1.8294682e-001
  1.9201682e-001
  2.0314299e-001
  2.1617786e-001
  2.3103795e-001
  2.4768574e-001
  2.6609169e-001
  2.8618347e-001
  3.0779151e-001
  3.3060124e-001
  3.5412089e-001
  3.7767175e-001
  4.0040420e-001
  4.2133894e-001
  4.3942894e-001
  4.5363473e-001
  4.6300363e-001
  4.6674336e-001
  4.6428097e-001
  4.5530110e-001
  4.3976001e-001
  4.1787553e-001
  3.9009655e-001
  3.5705749e-001
  3.1952536e-001
  2.7834656e-001
  2.3440002e-001
  1.8856128e-001
  1.4167951e-001
  9.4567379e-002
  4.8001033e-002
  2.7263732e-003
 -4.0533074e-002
 -8.1070974e-002
 -1.1819894e-001
 -1.5125492e-001
 -1.7961915e-001
 -2.0273599e-001
 -2.2013887e-001
 -2.3147499e-001
 -2.3652659e-001
 -2.3522636e-001
 -2.2766557e-001
 -2.1409493e-001
 -1.9491894e-001
 -1.7068563e-001
 -1.4207341e-001
 -1.0987669e-001
 -7.4991076e-002
 -3.8397982e-002
 -1.1477406e-003
  3.5660614e-002
  7.0904699e-002
  1.0347074e-001
  1.3229266e-001
  1.5639733e-001
  1.7495367e-001
  1.8732142e-001
  1.9309488e-001
  1.9213602e-001
  1.8459222e-001
  1.7089485e-001
  1.5173700e-001
  1.2803102e-001
  1.0084901e-001
  7.1351488e-002
  4.0711220e-002
  1.0039583e-002
 -1.9677168e-002
 -4.7625910e-002
 -7.3195036e-002
 -9.5981909e-002
 -1.1578069e-001
 -1.3255419e-001
 -1.4639512e-001
 -1.5748295e-001
 -1.6604253e-001
 -1.7230959e-001
 -1.7650674e-001
 -1.7883136e-001
 -1.7945487e-001
 -1.7853097e-001
 -1.7620943e-001
 -1.7265118e-001
 -1.6804122e-001
 -1.6259624e-001
 -1.5656571e-001
 -1.5022628e-001
 -1.4387108e-001
 -1.3779625e-001
 -1.3228755e-001
 -1.2760983e-001
 -1.2400114e-001
 -1.2167232e-001
 -1.2081139e-001
 -1.2159089e-001
 -1.2417542e-001
 -1.2872618e-001
 -1.3539961e-001
 -1.4433810e-001
 -1.5565207e-001
 -1.6939436e-001
 -1.8552952e-001
 -2.0390189e-001
 -2.2420733e-001
 -2.4597345e-001
 -2.6855287e-001
 -2.9113254e-001
 -3.1276056e-001
 -3.3238975e-001
 -3.4893522e-001
 -3.6134125e-001
 -3.6865164e-001
 -3.7007695e-001
 -3.6505239e-001
 -3.5328089e-001
 -3.3475757e-001
 -3.0977382e-001
 -2.7890119e-001
 -2.4295761e-001
 -2.0295996e-001
 -1.6006807e-001
 -1.1552604e-001
 -7.0606104e-002
 -2.6559589e-002
  1.5421902e-002
  5.4233782e-002
  8.8874624e-002
  1.1845322e-001
  1.4218980e-001
  1.5941528e-001
  1.6957257e-001
  1.7222301e-001
  1.6706022e-001
  1.5393158e-001
  1.3286606e-001
  1.0410531e-001
  6.8133387e-002
  2.5699935e-002
 -2.2168763e-002
 -7.4175539e-002
 -1.2877827e-001
 -1.8423720e-001
 -2.3868260e-001
 -2.9019895e-001
 -3.3691998e-001
 -3.7712679e-001
 -4.0934091e-001
 -4.3240391e-001
 -4.4553677e-001
 -4.4837371e-001
 -4.4096854e-001
 -4.2377395e-001
 -3.9759740e-001
 -3.6353941e-001
 -3.2292176e-001
 -2.7721330e-001
 -2.2796061e-001
 -1.7672908e-001
 -1.2505750e-001
 -7.4426612e-002
 -2.6239512e-002
  1.8190417e-002
  5.7649350e-002
  9.1036118e-002
  1.1738290e-001
  1.3588575e-001
  1.4594467e-001
  1.4720974e-001
  1.3962772e-001
  1.2348161e-001
  9.9415020e-002
  6.8434410e-002
  3.1884150e-002
 -8.6074145e-003
 -5.1208806e-002
 -9.3987353e-002
 -1.3502318e-001
 -1.7252409e-001
 -2.0492974e-001
 -2.3099422e-001
 -2.4983929e-001
 -2.6097384e-001
 -2.6427968e-001
 -2.5996835e-001
 -2.4851688e-001
 -2.3059307e-001
 -2.0698158e-001
 -1.7852072e-001
 -1.4605774e-001
 -1.1042612e-001
 -7.2444575e-002
 -3.2933049e-002
  7.2618991e-003
  4.7241863e-002
  8.6040925e-002
  1.2262734e-001
  1.5592711e-001
  1.8486997e-001
  2.0845386e-001
  2.2582031e-001
  2.3633045e-001
  2.3963029e-001
  2.3569516e-001
  2.2484535e-001
  2.0772938e-001
  1.8527592e-001
  1.5861987e-001
  1.2901227e-001
  9.7725741e-002
  6.5968169e-002
  3.4815378e-002
  5.1709054e-003
 -2.2243756e-002
 -4.6869856e-002
 -6.8269171e-002
 -8.6068648e-002
 -9.9903778e-002
 -1.0937265e-001
 -1.1401080e-001
 -1.1329356e-001
 -1.0666773e-001
 -9.3609875e-002
 -7.3703452e-002
 -4.6724052e-002
 -1.2719873e-002
  2.7925016e-002
  7.4455164e-002
  1.2574287e-001
  1.8032429e-001
  2.3646992e-001
  2.9228260e-001
  3.4581255e-001
  3.9517745e-001
  4.3867520e-001
  4.7487861e-001
  5.0270429e-001
  5.2145133e-001
  5.3080974e-001
  5.3084182e-001
  5.2194255e-001
  5.0478659e-001
  4.8026971e-001
  4.4945172e-001
  4.1350585e-001
  3.7367753e-001
  3.3125287e-001
  2.8753507e-001
  2.4382576e-001
  2.0140752e-001
  1.6152395e-001
  1.2535508e-001
  9.3986701e-002
  6.8374497e-002
  4.9304907e-002
  3.7356019e-002
  3.2862415e-002
  3.5887926e-002
  4.6209758e-002
  6.3316542e-002
  8.6421646e-002
  1.1449181e-001
  1.4628991e-001
  1.8042972e-001
  2.1543945e-001
  2.4983073e-001
  2.8216901e-001
  3.1114128e-001
  3.3561750e-001
  3.5470174e-001
  3.6777005e-001
  3.7449229e-001
  3.7483642e-001
  3.6905454e-001
  3.5765153e-001
  3.4133861e-001
  3.2097530e-001
  2.9750485e-001
  2.7188881e-001
  2.4504652e-001
  2.1780532e-001
  1.9086555e-001
  1.6478315e-001
  1.3997022e-001
  1.1671169e-001
  9.5194238e-002
  7.5541832e-002
  5.7851754e-002
  4.2224895e-002
  2.8785315e-002
  1.7685919e-002
  9.0994613e-003
  3.1965680e-003
  1.1470723e-004
 -7.6468145e-005
  2.5926694e-003
  7.9676159e-003
  1.5758028e-002
  2.5540632e-002
  3.6776534e-002
  4.8840394e-002
  6.1057071e-002
  7.2740365e-002
  8.3228492e-002
  9.1911933e-002
  9.8251109e-002
  1.0178356e-001
  1.0212259e-001
  9.8950976e-002
  9.2014541e-002
  8.1119959e-002
  6.6140280e-002
  4.7029513e-002
  2.3845147e-002
 -3.2249618e-003
 -3.3836852e-002
 -6.7472329e-002
 -1.0343463e-001
 -1.4086246e-001
 -1.7876434e-001
 -2.1607187e-001
 -2.5170703e-001
 -2.8465600e-001
 -3.1403991e-001
 -3.3917299e-001
 -3.5959999e-001
 -3.7510735e-001
 -3.8570716e-001
 -3.9159671e-001
 -3.9310099e-001
 -3.9060812e-001
 -3.8450912e-001
 -3.7515280e-001
 -3.6282375e-001
 -3.4774743e-001
 -3.3012116e-001
 -3.1016497e-001
 -2.8818163e-001
 -2.6461335e-001
 -2.4008162e-001
 -2.1539922e-001
 -1.9154751e-001
 -1.6961756e-001
 -1.5072034e-001
 -1.3587664e-001
 -1.2590198e-001
 -1.2130368e-001
 -1.2220653e-001
 -1.2832022e-001
 -1.3895584e-001
 -1.5309171e-001
 -1.6948124e-001
 -1.8678919e-001
 -2.0373783e-001
 -2.1924292e-001
 -2.3252053e-001
 -2.4315010e-001
 -2.5108558e-001
 -2.5661435e-001
 -2.6027154e-001
 -2.6272415e-001
 -2.6464352e-001
 -2.6658640e-001
 -2.6890303e-001
 -2.7168581e-001
 -2.7476555e-001
 -2.7775436e-001
 -2.8012677e-001
 -2.8132442e-001
 -2.8086648e-001
 -2.7844674e-001
 -2.7400151e-001
 -2.6773697e-001
 -2.6011175e-001
 -2.5177798e-001
 -2.4349058e-001
 -2.3599990e-001
 -2.2994516e-001
 -2.2576557e-001
 -2.2364320e-001
 -2.2348584e-001
 -2.2495159e-001
 -2.2751028e-001
 -2.3053072e-001
 -2.3337902e-001
 -2.3551192e-001
 -2.3655035e-001
 -2.3632198e-001
 -2.3486723e-001
 -2.3240910e-001
 -2.2929326e-001
 -2.2590938e-001
 -2.2260755e-001
 -2.1962370e-001
 -2.1702630e-001
 -2.1469255e-001
 -2.1231726e-001
 -2.0945228e-001
 -2.0556959e-001
 -2.0013760e-001
 -1.9269862e-001
 -1.8293596e-001
 -1.7072093e-001
 -1.5613401e-001
 -1.3945828e-001
 -1.2114770e-001
 -1.0177588e-001
 -8.1973950e-002
 -6.2366005e-002
 -4.3510873e-002
 -2.5856442e-002
 -9.7105861e-003
  4.7702158e-003
  1.7575900e-002
  2.8824676e-002
  3.8735835e-002
  4.7597672e-002
  5.5734030e-002
  6.3471915e-002
  7.1111514e-002
  7.8899118e-002
  8.7003125e-002
  9.5493467e-002
  1.0432547e-001
  1.1332990e-001
  1.2221175e-001
  1.3056027e-001
  1.3787251e-001
  1.4359113e-001
  1.4715538e-001
  1.4806161e-001
  1.4592753e-001
  1.4055239e-001
  1.3196454e-001
  1.2044823e-001
  1.0654351e-001
  9.1015929e-002
  7.4797262e-002
  5.8902329e-002
  4.4331323e-002
  3.1969627e-002
  2.2498413e-002
  1.6328539e-002
  1.3567466e-002
  1.4024596e-002
  1.7254981e-002
  2.2635746e-002
  2.9464623e-002
  3.7066507e-002
  4.4892536e-002
  5.2597162e-002
  6.0081850e-002
  6.7499037e-002
  7.5216000e-002
  8.3744392e-002
  9.3646432e-002
  1.0543233e-001
  1.1946476e-001
  1.3588506e-001
  1.5457241e-001
  1.7514194e-001
  1.9698186e-001
  2.1932355e-001
  2.4133367e-001
  2.6221406e-001
  2.8129438e-001
  2.9810387e-001
  3.1241206e-001
  3.2423339e-001
  3.3379633e-001
  3.4148308e-001
  3.4775021e-001
  3.5304323e-001
  3.5771860e-001
  3.6198488e-001
  3.6587158e-001
  3.6922949e-001
  3.7176132e-001
  3.7307689e-001
  3.7276376e-001
  3.7046188e-001
  3.6593113e-001
  3.5910200e-001
  3.5010261e-001
  3.3925916e-001
  3.2707073e-001
  3.1416298e-001
  3.0122783e-001
  2.8895746e-001
  2.7798089e-001
  2.6881034e-001
  2.6180229e-001
  2.5713550e-001
  2.5480616e-001
  2.5463772e-001
  2.5630201e-001
  2.5934765e-001
  2.6323178e-001
  2.6735232e-001
  2.7107902e-001
  2.7378252e-001
  2.7486178e-001
  2.7377037e-001
  2.7004234e-001
  2.6331728e-001
  2.5336397e-001
  2.4010068e-001
  2.2360978e-001
  2.0414414e-001
  1.8212298e-001
  1.5811588e-001
  1.3281491e-001
  1.0699629e-001
  8.1474484e-002
  5.7052927e-002
  3.4475806e-002
  1.4385765e-002
 -2.7086400e-003
 -1.6452977e-002
 -2.6653310e-002
 -3.3269443e-002
 -3.6397022e-002
 -3.6241629e-002
 -3.3088558e-002
 -2.7271949e-002
 -1.9146495e-002
 -9.0640374e-003
  2.6436608e-003
  1.5675635e-002
  2.9766421e-002
  4.4685659e-002
  6.0233664e-002
  7.6233859e-002
  9.2522695e-002
  1.0893736e-001
  1.2530147e-001
  1.4140900e-001
  1.5700720e-001
  1.7177975e-001
  1.8533223e-001
  1.9718242e-001
  2.0675856e-001
  2.1340823e-001
  2.1641988e-001
  2.1505807e-001
  2.0861122e-001
  1.9644935e-001
  1.7808695e-001
  1.5324500e-001
  1.2190510e-001
  8.4348985e-002
  4.1177442e-002
 -6.6952853e-003
 -5.8073086e-002
 -1.1153416e-001
 -1.6550754e-001
 -2.1836338e-001
 -2.6850870e-001
 -3.1447992e-001
 -3.5502369e-001
 -3.8915927e-001
 -4.1621795e-001
 -4.3585763e-001
 -4.4805366e-001
 -4.5306951e-001
 -4.5141257e-001
 -4.4378160e-001
 -4.3101226e-001
 -4.1402637e-001
 -3.9378910e-001
 -3.7127626e-001
 -3.4745205e-001
 -3.2325548e-001
 -2.9959287e-001
 -2.7733257e-001
 -2.5729849e-001
 -2.4025947e-001
 -2.2691264e-001
 -2.1786044e-001
 -2.1358231e-001
 -2.1440350e-001
 -2.2046429e-001
 -2.3169343e-001
 -2.4778964e-001
 -2.6821450e-001
 -2.9219898e-001
 -3.1876500e-001
 -3.4676167e-001
 -3.7491490e-001
 -4.0188746e-001
 -4.2634589e-001
 -4.4702981e-001
 -4.6281882e-001
 -4.7279243e-001
 -4.7627866e-001
 -4.7288804e-001
 -4.6253058e-001
 -4.4541500e-001
 -4.2203052e-001
 -3.9311339e-001
 -3.5960131e-001
 -3.2258000e-001
 -2.8322656e-001
 -2.4275442e-001
 -2.0236391e-001
 -1.6320175e-001
 -1.2633096e-001
 -9.2711548e-002
 -6.3190559e-002
 -3.8498954e-002
 -1.9252012e-002
 -5.9498748e-003
  1.0246411e-003
  1.4127753e-003
 -4.9086016e-003
 -1.7911845e-002
 -3.7402533e-002
 -6.3006277e-002
 -9.4162335e-002
 -1.3012751e-001
 -1.6999260e-001
 -2.1271195e-001
 -2.5714437e-001
 -3.0210190e-001
 -3.4640131e-001
 -3.8891232e-001
 -4.2859693e-001
 -4.6453532e-001
 -4.9593600e-001
 -5.2213034e-001
 -5.4255461e-001
 -5.5672480e-001
 -5.6421115e-001
 -5.6461981e-001
 -5.5758788e-001
 -5.4279624e-001
 -5.2000124e-001
 -4.8908282e-001
 -4.5010324e-001
 -4.0336774e-001
 -3.4947697e-001
 -2.8936121e-001
 -2.2428772e-001
 -1.5583612e-001
 -8.5840426e-002
 -1.6301327e-002
  5.0723938e-002
  1.1324310e-001
  1.6944930e-001
  2.1782785e-001
  2.5723882e-001
  2.8696790e-001
  3.0674286e-001
  3.1671697e-001
  3.1742517e-001
  3.0972155e-001
  2.9470825e-001
  2.7366513e-001
  2.4798809e-001
  2.1914011e-001
  1.8861578e-001
  1.5791644e-001
  1.2853010e-001
  1.0190944e-001
  7.9441356e-002
  6.2403627e-002
  5.1907688e-002
  4.8830377e-002
  5.3741443e-002
  6.6836554e-002
  8.7886981e-002
  1.1621661e-001
  1.5071448e-001
  1.8988683e-001
  2.3194734e-001
  2.7493887e-001
  3.1687489e-001
  3.5588554e-001
  3.9035205e-001
  4.1901400e-001
  4.4103763e-001
  4.5603816e-001
  4.6405566e-001
  4.6548985e-001
  4.6100486e-001
  4.5141856e-001
  4.3759240e-001
  4.2033682e-001
  4.0034387e-001
  3.7815400e-001
  3.5415816e-001
  3.2863073e-001
  3.0178443e-001
  2.7383520e-001
  2.4506456e-001
  2.1586798e-001
  1.8678142e-001
  1.5848176e-001
  1.3176231e-001
  1.0748814e-001
  8.6539336e-002
  6.9751597e-002
  5.7863128e-002
  5.1474840e-002
  5.1027634e-002
  5.6796913e-002
  6.8901043e-002
  8.7317953e-002
  1.1190291e-001
  1.4240093e-001
  1.7844906e-001
  2.1956683e-001
  2.6513628e-001
  3.1437635e-001
  3.6631855e-001
  4.1979183e-001
  4.7342388e-001
  5.2566416e-001
  5.7483068e-001
  6.1917880e-001
  6.5698668e-001
  6.8664937e-001
  7.0677161e-001
  7.1624975e-001
  7.1433453e-001
  7.0066936e-001
  6.7530206e-001
  6.3867198e-001
  5.9157704e-001
  5.3512746e-001
  4.7069347e-001
  3.9985320e-001
  3.2434526e-001
  2.4602734e-001
  1.6683964e-001
  8.8769443e-002
  1.3811878e-002
 -5.6077744e-002
 -1.1904336e-001
 -1.7339979e-001
 -2.1771375e-001
 -2.5088811e-001
 -2.7224050e-001
 -2.8156619e-001
 -2.7917543e-001
 -2.6589739e-001
 -2.4304673e-001
 -2.1235299e-001
 -1.7585817e-001
 -1.3579187e-001
 -9.4436432e-002
 -5.3995755e-002
 -1.6480463e-002
  1.6380436e-002
  4.3195622e-002
  6.2934284e-002
  7.4919529e-002
  7.8800111e-002
  7.4510446e-002
  6.2229255e-002
  4.2345513e-002
  1.5437146e-002
 -1.7736329e-002
 -5.6230367e-002
 -9.8908013e-002
 -1.4443761e-001
 -1.9130489e-001
 -2.3784704e-001
 -2.8231264e-001
 -3.2294672e-001
 -3.5809500e-001
 -3.8631689e-001
 -4.0649367e-001
 -4.1791750e-001
 -4.2034802e-001
 -4.1402732e-001
 -3.9964917e-001
 -3.7828506e-001
 -3.5127550e-001
 -3.2010036e-001
 -2.8624522e-001
 -2.5108100e-001
 -2.1577224e-001
 -1.8122509e-001
 -1.4807945e-001
 -1.1674349e-001
 -8.7461664e-002
 -6.0402823e-002
 -3.5751790e-002
 -1.3787802e-002
  5.0644224e-003
  2.0220489e-002
  3.0962362e-002
  3.6501357e-002
  3.6068817e-002
  2.9020757e-002
  1.4940531e-002
 -6.2761022e-003
 -3.4366384e-002
 -6.8684622e-002
 -1.0822729e-001
 -1.5169550e-001
 -1.9758602e-001
 -2.4429822e-001
 -2.9024276e-001
 -3.3393862e-001
 -3.7408742e-001
 -4.0961856e-001
 -4.3970333e-001
 -4.6374114e-001
 -4.8132522e-001
 -4.9219737e-001
 -4.9620245e-001
 -4.9325214e-001
 -4.8330489e-001
 -4.6636551e-001
 -4.4250381e-001
 -4.1188804e-001
 -3.7482619e-001
 -3.3180665e-001
 -2.8352974e-001
 -2.3092313e-001
 -1.7513646e-001
 -1.1751367e-001
 -5.9544632e-002
 -2.8006014e-003
  5.1140301e-002
  1.0077019e-001
  1.4472406e-001
  1.8184204e-001
  2.1121700e-001
  2.3222551e-001
  2.4454209e-001
  2.4813840e-001
  2.4327015e-001
  2.3045479e-001
  2.1044311e-001
  1.8418705e-001
  1.5280511e-001
  1.1754629e-001
  7.9752137e-002
  4.0816882e-002
  2.1452501e-003
 -3.4891933e-002
 -6.9003509e-002
 -9.9023672e-002
 -1.2395547e-001
 -1.4300959e-001
 -1.5563597e-001
 -1.6154576e-001
 -1.6072212e-001
 -1.5341865e-001
 -1.4014559e-001
 -1.2164433e-001
 -9.8851754e-002
 -7.2856463e-002
 -4.4849136e-002
 -1.6069574e-002
  1.2247030e-002
  3.8922134e-002
  6.2881837e-002
  8.3198670e-002
  9.9125211e-002
  1.1011794e-001
  1.1585019e-001
  1.1621353e-001
  1.1130798e-001
  1.0142187e-001
  8.7003383e-002
  6.8626400e-002
  4.6953811e-002
  2.2701672e-002
 -3.3926833e-003
 -3.0596121e-002
 -5.8197387e-002
 -8.5516847e-002
 -1.1190948e-001
 -1.3676346e-001
 -1.5949738e-001
 -1.7955951e-001
 -1.9643183e-001
 -2.0964103e-001
 -2.1877681e-001
 -2.2351643e-001
 -2.2365305e-001
 -2.1912378e-001
 -2.1003303e-001
 -1.9666684e-001
 -1.7949454e-001
 -1.5915558e-001
 -1.3643165e-001
 -1.1220561e-001
 -8.7411318e-002
 -6.2979179e-002
 -3.9783231e-002
 -1.8595215e-002
 -5.0065173e-005
  1.5374354e-002
  2.7362469e-002
  3.5752366e-002
  4.0516232e-002
  4.1733933e-002
  3.9564194e-002
  3.4217521e-002
  2.5934046e-002
  1.4968050e-002
  1.5794603e-003
 -1.3968766e-002
 -3.1409349e-002
 -5.0467795e-002
 -7.0859998e-002
 -9.2291610e-002
 -1.1445950e-001
 -1.3705448e-001
 -1.5976380e-001
 -1.8227147e-001
 -2.0425486e-001
 -2.2537692e-001
 -2.4527444e-001
 -2.6354447e-001
 -2.7973202e-001
 -2.9332316e-001
 -3.0374754e-001
 -3.1039353e-001
 -3.1263766e-001
 -3.0988771e-001
 -3.0163650e-001
 -2.8752080e-001
 -2.6737857e-001
 -2.4129649e-001
 -2.0964058e-001
 -1.7306402e-001
 -1.3248914e-001
 -8.9063534e-002
 -4.4093959e-002
  1.0355469e-003
  4.4952643e-002
  8.6383148e-002
  1.2422584e-001
  1.5760822e-001
  1.8591860e-001
  2.0881336e-001
  2.2620141e-001
  2.3821091e-001
  2.4514519e-001
  2.4743536e-001
  2.4559660e-001
  2.4019336e-001
  2.3181609e-001
  2.2106959e-001
  2.0857038e-001
  1.9494881e-001
  1.8085083e-001
  1.6693488e-001
  1.5386046e-001
  1.4226732e-001
  1.3274657e-001
  1.2580703e-001
  1.2184188e-001
  1.2110093e-001
  1.2367363e-001
  1.2948613e-001
  1.3831349e-001
  1.4980571e-001
  1.6352384e-001
  1.7898081e-001
  1.9568097e-001
  2.1315272e-001
  2.3097035e-001
  2.4876305e-001
  2.6621211e-001
  2.8303933e-001
  2.9899149e-001
  3.1382638e-001
  3.2730546e-001
  3.3919641e-001
  3.4928666e-001
  3.5740619e-001
  3.6345521e-001
  3.6743103e-001
  3.6944728e-001
  3.6973990e-001
  3.6865595e-001
  3.6662435e-001
  3.6411111e-001
  3.6156467e-001
  3.5935930e-001
  3.5774569e-001
  3.5681721e-001
  3.5649838e-001
  3.5655869e-001
  3.5665086e-001
  3.5636877e-001
  3.5531654e-001
  3.5317854e-001
  3.4977958e-001
  3.4512572e-001
  3.3941951e-001
  3.3304702e-001
  3.2653899e-001
  3.2051181e-001
  3.1559763e-001
  3.1237373e-001
  3.1130120e-001
  3.1268056e-001
  3.1662888e-001
  3.2307863e-001
  3.3179485e-001
  3.4240438e-001
  3.5442917e-001
  3.6731609e-001
  3.8045758e-001
  3.9320053e-001
  4.0484465e-001
  4.1463490e-001
  4.2175553e-001
  4.2533378e-001
  4.2446070e-001
  4.1823352e-001
  4.0582008e-001
  3.8654058e-001
  3.5995767e-001
  3.2596214e-001
  2.8484019e-001
  2.3730913e-001
  1.8451162e-001
  1.2796404e-001
  6.9461316e-002
  1.0946857e-002
 -4.5637394e-002
 -9.8502660e-002
 -1.4614738e-001
 -1.8745646e-001
 -2.2175357e-001
 -2.4880114e-001
 -2.6875105e-001
 -2.8205610e-001
 -2.8935877e-001
 -2.9137670e-001
 -2.8880434e-001
 -2.8224694e-001
 -2.7219655e-001
 -2.5905211e-001
 -2.4317692e-001
 -2.2497987e-001
 -2.0500151e-001
 -1.8398461e-001
 -1.6291098e-001
 -1.4299150e-001
 -1.2560471e-001
 -1.1218808e-001
 -1.0409560e-001
 -1.0244159e-001
 -1.0795507e-001
 -1.2086848e-001
 -1.4086062e-001
 -1.6706601e-001
 -1.9815298e-001
 -2.3246219e-001
 -2.6818788e-001
 -3.0357703e-001
 -3.3711862e-001
 -3.6769644e-001
 -3.9468400e-001
 -4.1796928e-001
 -4.3790756e-001
 -4.5521130e-001
 -4.7079597e-001
 -4.8560651e-001
 -5.0045192e-001
 -5.1587282e-001
 -5.3206152e-001
 -5.4884430e-001
