  5.2616031e-001
  5.1002057e-001
  4.9089778e-001
  4.6911528e-001
  4.4505391e-001
  4.1910983e-001
  3.9165096e-001
  3.6297827e-001
  3.3329744e-001
  3.0270506e-001
  2.7119148e-001
  2.3866003e-001
  2.0496001e-001
  1.6992902e-001
  1.3343872e-001
  9.5437587e-002
  5.5984881e-002
  1.5270876e-002
 -2.6379342e-002
 -6.8519127e-002
 -1.1060877e-001
 -1.5205534e-001
 -1.9225840e-001
 -2.3065552e-001
 -2.6676129e-001
 -3.0019502e-001
 -3.3069350e-001
 -3.5810765e-001
 -3.8238426e-001
 -4.0353579e-001
 -4.2160348e-001
 -4.3661920e-001
 -4.4857237e-001
 -4.5738678e-001
 -4.6291124e-001
 -4.6492541e-001
 -4.6316035e-001
 -4.5733090e-001
 -4.4717524e-001
 -4.3249605e-001
 -4.1319736e-001
 -3.8931162e-001
 -3.6101320e-001
 -3.2861619e-001
 -2.9255682e-001
 -2.5336277e-001
 -2.1161382e-001
 -1.6789926e-001
 -1.2277795e-001
 -7.6746580e-002
 -3.0220350e-002
  1.6471500e-002
  6.3075139e-002
  1.0938860e-001
  1.5522919e-001
  2.0039728e-001
  2.4464220e-001
  2.8763606e-001
  3.2895984e-001
  3.6810453e-001
  4.0448780e-001
  4.3748441e-001
  4.6646658e-001
  4.9084887e-001
  5.1013164e-001
  5.2393697e-001
  5.3203224e-001
  5.3433810e-001
  5.3091976e-001
  5.2196309e-001
  5.0773893e-001
  4.8856104e-001
  4.6474372e-001
  4.3656548e-001
  4.0424409e-001
  3.6792686e-001
  3.2769757e-001
  2.8359933e-001
  2.3567005e-001
  1.8398532e-001
  1.2870245e-001
  7.0098999e-002
  8.5998359e-003
 -5.5211782e-002
 -1.2060136e-001
 -1.8670834e-001
 -2.5258665e-001
 -3.1725561e-001
 -3.7975508e-001
 -4.3919779e-001
 -4.9481240e-001
 -5.4597206e-001
 -5.9220534e-001
 -6.3318886e-001
 -6.6872358e-001
 -6.9869894e-001
 -7.2305088e-001
 -7.4172055e-001
 -7.5462025e-001
 -7.6161237e-001
 -7.6250485e-001
 -7.5706437e-001
 -7.4504582e-001
 -7.2623411e-001
 -7.0049241e-001
 -6.6780985e-001
 -6.2834168e-001
 -5.8243540e-001
 -5.3063882e-001
 -4.7368773e-001
 -4.1247417e-001
 -3.4799863e-001
 -2.8131183e-001
 -2.1345317e-001
 -1.4539339e-001
 -7.7988393e-002
 -1.1949550e-002
  5.2166374e-002
  1.1394738e-001
  1.7309893e-001
  2.2940400e-001
  2.8267724e-001
  3.3272037e-001
  3.7928617e-001
  4.2205671e-001
  4.6063950e-001
  4.9458256e-001
  5.2340664e-001
  5.4664995e-001
  5.6391936e-001
  5.7494026e-001
  5.7959798e-001
  5.7796422e-001
  5.7030425e-001
  5.5706311e-001
  5.3883203e-001
  5.1629901e-001
  4.9018983e-001
  4.6120700e-001
  4.2997452e-001
  3.9699569e-001
  3.6262920e-001
  3.2708639e-001
  2.9044943e-001
  2.5270753e-001
  2.1380553e-001
  1.7369763e-001
  1.3239841e-001
  9.0023529e-002
  4.6814215e-002
  3.1418588e-003
 -4.0508053e-002
 -8.3570425e-002
 -1.2544857e-001
 -1.6556890e-001
 -2.0343437e-001
 -2.3866906e-001
 -2.7104713e-001
 -3.0050220e-001
 -3.2711521e-001
 -3.5108262e-001
 -3.7266909e-001
 -3.9215142e-001
 -4.0976144e-001
 -4.2563624e-001
 -4.3978269e-001
 -4.5206146e-001
 -4.6219315e-001
 -4.6978572e-001
 -4.7437968e-001
 -4.7550491e-001
 -4.7274119e-001
 -4.6577425e-001
 -4.5443941e-001
 -4.3874686e-001
 -4.1888511e-001
 -3.9520220e-001
 -3.6816731e-001
 -3.3831832e-001
 -3.0620276e-001
 -2.7232035e-001
 -2.3707549e-001
 -2.0074606e-001
 -1.6347318e-001
 -1.2527294e-001
 -8.6068582e-002
 -4.5738048e-002
 -4.1701552e-003
  3.8679061e-002
  8.2738086e-002
  1.2778702e-001
  1.7344507e-001
  2.1918073e-001
  2.6434347e-001
  3.0821299e-001
  3.5005937e-001
  3.8920578e-001
  4.2508535e-001
  4.5728415e-001
  4.8556441e-001
  5.0986480e-001
  5.3027788e-001
  5.4700781e-001
  5.6031458e-001
  5.7045265e-001
  5.7761271e-001
  5.8187508e-001
  5.8318145e-001
  5.8132904e-001
  5.7598833e-001
  5.6674199e-001
  5.5313967e-001
  5.3476114e-001
  5.1127903e-001
  4.8251238e-001
  4.4846366e-001
  4.0933420e-001
  3.6551588e-001
  3.1756041e-001
  2.6613081e-001
  2.1194190e-001
  1.5569842e-001
  9.8039655e-002
  3.9498342e-002
 -1.9520214e-002
 -7.8736021e-002
 -1.3796970e-001
 -1.9709900e-001
 -2.5600304e-001
 -3.1450276e-001
 -3.7230655e-001
 -4.2896967e-001
 -4.8387398e-001
 -5.3623188e-001
 -5.8511505e-001
 -6.2950494e-001
 -6.6835909e-001
 -7.0068507e-001
 -7.2561272e-001
 -7.4245557e-001
 -7.5075381e-001
 -7.5029381e-001
 -7.4110219e-001
 -7.2341625e-001
 -6.9763551e-001
 -6.6426204e-001
 -6.2383818e-001
 -5.7689109e-001
 -5.2389196e-001
 -4.6523565e-001
 -4.0124353e-001
 -3.3218858e-001
 -2.5833876e-001
 -1.8001140e-001
 -9.7630205e-002
 -1.1775308e-002
  7.6781983e-002
  1.6706626e-001
  2.5791043e-001
  3.4799341e-001
  4.3589960e-001
  5.2019354e-001
  5.9950081e-001
  6.7258555e-001
  7.3841511e-001
  7.9620416e-001
  8.4543337e-001
  8.8584106e-001
  9.1739015e-001
  9.4021575e-001
  9.5456154e-001
  9.6071436e-001
  9.5894657e-001
  9.4947430e-001
  9.3243755e-001
  9.0790453e-001
  8.7589907e-001
  8.3644663e-001
  7.8963144e-001
  7.3565564e-001
  6.7489080e-001
  6.0791325e-001
  5.3551688e-001
  4.5869987e-001
  3.7862608e-001
  2.9656485e-001
  2.1381640e-001
  1.3163211e-001
  5.1139621e-002
 -2.6717548e-002
 -1.0121851e-001
 -1.7187685e-001
 -2.3842484e-001
 -3.0077293e-001
 -3.5895053e-001
 -4.1303702e-001
 -4.6309278e-001
 -5.0910034e-001
 -5.5092401e-001
 -5.8829370e-001
 -6.2081519e-001
 -6.4800530e-001
 -6.6934670e-001
 -6.8435446e-001
 -6.9264447e-001
 -6.9399384e-001
 -6.8838416e-001
 -6.7602113e-001
 -6.5732746e-001
 -6.3290933e-001
 -6.0350108e-001
 -5.6989537e-001
 -5.3286849e-001
 -4.9311108e-001
 -4.5117391e-001
 -4.0743620e-001
 -3.6210080e-001
 -3.1521689e-001
 -2.6672671e-001
 -2.1652969e-001
 -1.6455457e-001
 -1.1082913e-001
 -5.5537249e-002
  9.4512543e-004
  5.8040752e-002
  1.1499037e-001
  1.7089838e-001
  2.2479902e-001
  2.7573438e-001
  3.2283363e-001
  3.6538304e-001
  4.0287720e-001
  4.3504485e-001
  4.6184594e-001
  4.8344083e-001
  5.0013628e-001
  5.1231606e-001
  5.2036642e-001
  5.2460696e-001
  5.2523690e-001
  5.2230453e-001
  5.1570397e-001
  5.0519982e-001
  4.9047601e-001
  4.7120168e-001
  4.4710440e-001
  4.1803998e-001
  3.8404836e-001
  3.4538704e-001
  3.0253650e-001
  2.5617621e-001
  2.0713354e-001
  1.5631219e-001
  1.0460937e-001
  5.2832704e-002
  1.6280821e-003
 -4.8571888e-002
 -9.7571852e-002
 -1.4540691e-001
 -1.9230602e-001
 -2.3863073e-001
 -2.8479756e-001
 -3.3119473e-001
 -3.7810453e-001
 -4.2564181e-001
 -4.7371675e-001
 -5.2202655e-001
 -5.7007674e-001
 -6.1722854e-001
 -6.6276503e-001
 -7.0596648e-001
 -7.4618361e-001
 -7.8289840e-001
 -8.1576341e-001
 -8.4461405e-001
 -8.6945208e-001
 -8.9040263e-001
 -9.0765127e-001
 -9.2137008e-001
 -9.3164400e-001
 -9.3840816e-001
 -9.4140618e-001
 -9.4017605e-001
 -9.3406675e-001
 -9.2228454e-001
 -9.0396362e-001
 -8.7825266e-001
 -8.4440636e-001
 -8.0187064e-001
 -7.5035078e-001
 -6.8985417e-001
 -6.2070290e-001
 -5.4351531e-001
 -4.5915985e-001
 -3.6868825e-001
 -2.7325767e-001
 -1.7405248e-001
 -7.2216442e-002
  3.1196130e-002
  1.3524436e-001
  2.3909811e-001
  3.4201061e-001
  4.4327227e-001
  5.4215432e-001
  6.3785262e-001
  7.2944181e-001
  8.1584897e-001
  8.9585290e-001
  9.6811165e-001
  1.0312170e+000
  1.0837702e+000
  1.1244717e+000
  1.1522121e+000
  1.1661564e+000
  1.1658086e+000
  1.1510507e+000
  1.1221508e+000
  1.0797401e+000
  1.0247620e+000
  9.5840113e-001
  8.8199991e-001
  7.9697467e-001
  7.0474071e-001
  6.0665463e-001
  5.0397967e-001
  3.9787571e-001
  2.8941224e-001
  1.7959916e-001
  6.9427513e-002
 -4.0088733e-002
 -1.4787894e-001
 -2.5279759e-001
 -3.5362660e-001
 -4.4909986e-001
 -5.3794793e-001
 -6.1895773e-001
 -6.9103927e-001
 -7.5329028e-001
 -8.0504919e-001
 -8.4592865e-001
 -8.7582396e-001
 -8.9489435e-001
 -9.0351857e-001
 -9.0223016e-001
 -8.9164038e-001
 -8.7235856e-001
 -8.4492042e-001
 -8.0973358e-001
 -7.6704737e-001
 -7.1695078e-001
 -6.5939872e-001
 -5.9426267e-001
 -5.2139905e-001
 -4.4072578e-001
 -3.5229698e-001
 -2.5636585e-001
 -1.5342767e-001
 -4.4237606e-002
  7.0198546e-002
  1.8865877e-001
  3.0975939e-001
  4.3202209e-001
  5.5394456e-001
  6.7406563e-001
  7.9101742e-001
  9.0355888e-001
  1.0105886e+000
  1.1111375e+000
  1.2043463e+000
  1.2894323e+000
  1.3656554e+000
  1.4322893e+000
  1.4886049e+000
  1.5338705e+000
  1.5673706e+000
  1.5884407e+000
  1.5965142e+000
  1.5911752e+000
  1.5722082e+000
  1.5396384e+000
  1.4937546e+000
  1.4351118e+000
  1.3645118e+000
  1.2829637e+000
  1.1916296e+000
  1.0917632e+000
  9.8464860e-001
  8.7154889e-001
  7.5367024e-001
  6.3214673e-001
  5.0804645e-001
  3.8239660e-001
  2.5622177e-001
  1.3058740e-001
  6.6387958e-003
 -1.1437339e-001
 -2.3108905e-001
 -3.4206053e-001
 -4.4580163e-001
 -5.4086060e-001
 -6.2591003e-001
 -6.9984357e-001
 -7.6186751e-001
 -8.1157506e-001
 -8.4899262e-001
 -8.7459034e-001
 -8.8925348e-001
 -8.9421574e-001
 -8.9096079e-001
 -8.8110192e-001
 -8.6625306e-001
 -8.4790527e-001
 -8.2732227e-001
 -8.0546631e-001
 -7.8296150e-001
 -7.6009717e-001
 -7.3686848e-001
 -7.1304708e-001
 -6.8827048e-001
 -6.6213728e-001
 -6.3429472e-001
 -6.0450677e-001
 -5.7269432e-001
 -5.3894329e-001
 -5.0348157e-001
 -4.6663030e-001
 -4.2873893e-001
 -3.9011603e-001
 -3.5096807e-001
 -3.1135761e-001
 -2.7118869e-001
 -2.3022354e-001
 -1.8812921e-001
 -1.4454807e-001
 -9.9182144e-002
 -5.1878365e-002
 -2.7011966e-003
  4.8019548e-002
  9.9674849e-002
  1.5140092e-001
  2.0214081e-001
  2.5073637e-001
  2.9603910e-001
  3.3702474e-001
  3.7289554e-001
  4.0315471e-001
  4.2764119e-001
  4.4651750e-001
  4.6021011e-001
  4.6930831e-001
  4.7443364e-001
  4.7609671e-001
  4.7456098e-001
  4.6973281e-001
  4.6109494e-001
  4.4769522e-001
  4.2819599e-001
  4.0098160e-001
  3.6431419e-001
  3.1652120e-001
  2.5619342e-001
  1.8237069e-001
  9.4692913e-002
 -6.5019105e-003
 -1.2014512e-001
 -2.4447481e-001
 -3.7713960e-001
 -5.1535713e-001
 -6.5610935e-001
 -7.9635231e-001
 -9.3321717e-001
 -1.0641803e+000
 -1.1871854e+000
 -1.3007060e+000
 -1.4037458e+000
 -1.4957809e+000
 -1.5766564e+000
 -1.6464538e+000
 -1.7053500e+000
 -1.7534878e+000
 -1.7908754e+000
 -1.8173282e+000
 -1.8324577e+000
 -1.8357085e+000
 -1.8264334e+000
 -1.8039938e+000
 -1.7678700e+000
 -1.7177611e+000
 -1.6536604e+000
 -1.5758939e+000
 -1.4851150e+000
 -1.3822575e+000
 -1.2684528e+000
 -1.1449254e+000
 -1.0128813e+000
 -8.7340902e-001
 -7.2740797e-001
 -5.7555658e-001
 -4.1832718e-001
 -2.5604654e-001
 -8.8994916e-002
  8.2470330e-002
  2.5778421e-001
  4.3605669e-001
  6.1598704e-001
  7.9582528e-001
  9.7338976e-001
  1.1461430e+000
  1.3113194e+000
  1.4660917e+000
  1.6077575e+000
  1.7339223e+000
  1.8426585e+000
  1.9326185e+000
  2.0030887e+000
  2.0539765e+000
  2.0857325e+000
  2.0992169e+000
  2.0955285e+000
  2.0758170e+000
  2.0411047e+000
  1.9921403e+000
  1.9293046e+000
  1.8525817e+000
  1.7616003e+000
  1.6557407e+000
  1.5342947e+000
  1.3966597e+000
  1.2425424e+000
  1.0721466e+000
  8.8632195e-001
  6.8665513e-001
  4.7549082e-001
  2.5588018e-001
  3.1461709e-002
 -1.9371193e-001
 -4.1538185e-001
 -6.2930261e-001
 -8.3145030e-001
 -1.0181979e+000
 -1.1864422e+000
 -1.3336724e+000
 -1.4579798e+000
 -1.5580141e+000
 -1.6328993e+000
 -1.6821262e+000
 -1.7054408e+000
 -1.7027469e+000
 -1.6740395e+000
 -1.6193769e+000
 -1.5388984e+000
 -1.4328817e+000
 -1.3018331e+000
 -1.1465950e+000
 -9.6845369e-001
 -7.6923188e-001
 -5.5134773e-001
 -3.1783071e-001
 -7.2286864e-002
  1.8118642e-001
  4.3813070e-001
  6.9389082e-001
  9.4379887e-001
  1.1833616e+000
  1.4084348e+000
  1.6153716e+000
  1.8011332e+000
  1.9633571e+000
  2.1003819e+000
  2.2112317e+000
  2.2955686e+000
  2.3536214e+000
  2.3861022e+000
  2.3941202e+000
  2.3791007e+000
  2.3427150e+000
  2.2868229e+000
  2.2134281e+000
  2.1246429e+000
  2.0226582e+000
  1.9097140e+000
  1.7880672e+000
  1.6599517e+000
  1.5275325e+000
  1.3928533e+000
  1.2577811e+000
  1.1239523e+000
  9.9272434e-001
  8.6513867e-001
  7.4189794e-001
  6.2336002e-001
  5.0954955e-001
  4.0018584e-001
  2.9472497e-001
  1.9241255e-001
  9.2343893e-002
 -6.4719403e-003
 -1.0504668e-001
 -2.0434789e-001
 -3.0523552e-001
 -4.0840041e-001
 -5.1430537e-001
 -6.2312971e-001
 -7.3471922e-001
 -8.4854460e-001
 -9.6367274e-001
 -1.0787559e+000
 -1.1920439e+000
 -1.3014246e+000
 -1.4044940e+000
 -1.4986580e+000
 -1.5812613e+000
 -1.6497369e+000
 -1.7017658e+000
 -1.7354347e+000
 -1.7493756e+000
 -1.7428746e+000
 -1.7159371e+000
 -1.6693006e+000
 -1.6043929e+000
 -1.5232372e+000
 -1.4283143e+000
 -1.3223959e+000
 -1.2083662e+000
 -1.0890533e+000
 -9.6708849e-001
 -8.4480871e-001
 -7.2421319e-001
 -6.0697565e-001
 -4.9450732e-001
 -3.8805719e-001
 -2.8883046e-001
 -1.9810206e-001
 -1.1730168e-001
 -4.8049428e-002
  7.8724605e-003
  4.8618239e-002
  7.2443405e-002
  7.7921277e-002
  6.4187714e-002
  3.1183621e-002
 -2.0138250e-002
 -8.7674592e-002
 -1.6812789e-001
 -2.5707544e-001
 -3.4915643e-001
 -4.3836893e-001
 -5.1845501e-001
 -5.8334094e-001
 -6.2759129e-001
 -6.4683245e-001
 -6.3810289e-001
 -6.0009440e-001
 -5.3325998e-001
 -4.3977816e-001
 -3.2337957e-001
 -1.8905617e-001
 -4.2686342e-002
  1.0938273e-001
  2.6075089e-001
  4.0533680e-001
  5.3767127e-001
  6.5308953e-001
  7.4781419e-001
  8.1893580e-001
  8.6431153e-001
  8.8241269e-001
  8.7215748e-001
  8.3276540e-001
  7.6366422e-001
  6.6447046e-001
  5.3505070e-001
  3.7565647e-001
  1.8711139e-001
 -2.8981358e-002
 -2.7004988e-001
 -5.3242153e-001
 -8.1128170e-001
 -1.1007459e+000
 -1.3940530e+000
 -1.6838705e+000
 -1.9626855e+000
 -2.2232427e+000
 -2.4589791e+000
 -2.6644055e+000
 -2.8353874e+000
 -2.9692890e+000
 -3.0649608e+000
 -3.1225728e+000
 -3.1433132e+000
 -3.1289938e+000
 -3.0816163e+000
 -3.0029595e+000
 -2.8942497e+000
 -2.7559645e+000
 -2.5878039e+000
 -2.3888416e+000
 -2.1578435e+000
 -1.8937166e+000
 -1.5960303e+000
 -1.2655391e+000
 -9.0463086e-001
 -5.1762815e-001
 -1.1088803e-001
  3.0733527e-001
  7.2726903e-001
  1.1382175e+000
  1.5293206e+000
  1.8903984e+000
  2.2127908e+000
  2.4900962e+000
  2.7187217e+000
  2.8981764e+000
  3.0310642e+000
  3.1227703e+000
  3.1808660e+000
  3.2142922e+000
  3.2324062e+000
  3.2439949e+000
  3.2563598e+000
  3.2745732e+000
  3.3009839e+000
  3.3350238e+000
  3.3733307e+000
  3.4101673e+000
  3.4380817e+000
  3.4487308e+000
  3.4337684e+000
  3.3856972e+000
  3.2985903e+000
  3.1686078e+000
  2.9942607e+000
  2.7764072e+000
  2.5179993e+000
  2.2236292e+000
  1.8989457e+000
  1.5500266e+000
  1.1827918e+000
  8.0253478e-001
  4.1362993e-001
  1.9445586e-002
 -3.7753520e-001
 -7.7541502e-001
 -1.1724566e+000
 -1.5666016e+000
 -1.9550111e+000
 -2.3337017e+000
 -2.6973378e+000
 -3.0392186e+000
 -3.3514718e+000
 -3.6254373e+000
 -3.8522005e+000
 -4.0232110e+000
 -4.1309149e+000
 -4.1693254e+000
 -4.1344652e+000
 -4.0246314e+000
 -3.8404582e+000
 -3.5847770e+000
 -3.2623033e+000
 -2.8791970e+000
 -2.4425615e+000
 -1.9599513e+000
 -1.4389523e+000
 -8.8688766e-001
 -3.1068175e-001
  2.8311221e-001
  8.8813817e-001
  1.4979591e+000
  2.1057329e+000
  2.7039095e+000
  3.2840153e+000
  3.8365803e+000
  4.3512447e+000
  4.8170570e+000
  5.2229499e+000
  5.5583516e+000
  5.8138736e+000
  5.9819983e+000
  6.0576876e+000
  6.0388408e+000
  5.9265438e+000
  5.7250745e+000
  5.4416590e+000
  5.0859991e+000
  4.6696183e+000
  4.2050957e+000
  3.7052643e+000
  3.1824572e+000
  2.6478720e+000
  2.1111125e+000
  1.5799378e+000
  1.0602273e+000
  5.5614049e-001
  7.0430388e-002
 -3.9515001e-001
 -8.3941322e-001
 -1.2613410e+000
 -1.6597815e+000
 -2.0332769e+000
 -2.3800395e+000
 -2.6980672e+000
 -2.9853706e+000
 -3.2402662e+000
 -3.4616800e+000
 -3.6494053e+000
 -3.8042636e+000
 -3.9281343e+000
 -4.0238352e+000
 -4.0948614e+000
 -4.1450078e+000
 -4.1779211e+000
 -4.1966379e+000
 -4.2031695e+000
 -4.1981897e+000
 -4.1808708e+000
 -4.1488936e+000
 -4.0986379e+000
 -4.0255335e+000
 -3.9245363e+000
 -3.7906744e+000
 -3.6196034e+000
 -3.4081077e+000
 -3.1544942e+000
 -2.8588347e+000
 -2.5230395e+000
 -2.1507578e+000
 -1.7471284e+000
 -1.3184180e+000
 -8.7159678e-001
 -4.1390845e-001
  4.7514769e-002
  5.0594672e-001
  9.5524430e-001
  1.3898964e+000
  1.8049537e+000
  2.1958663e+000
  2.5582682e+000
  2.8877543e+000
  3.1796989e+000
  3.4291546e+000
  3.6308599e+000
  3.7793697e+000
  3.8693016e+000
  3.8956773e+000
  3.8543220e+000
  3.7422777e+000
  3.5581814e+000
  3.3025652e+000
  2.9780410e+000
  2.5893489e+000
  2.1432631e+000
  1.6483646e+000
  1.1147057e+000
  5.5340078e-001
 -2.3816541e-002
 -6.0502927e-001
 -1.1785313e+000
 -1.7331545e+000
 -2.2585152e+000
 -2.7451800e+000
 -3.1847616e+000
 -3.5699663e+000
 -3.8946150e+000
 -4.1536656e+000
 -4.3432543e+000
 -4.4607684e+000
 -4.5049512e+000
 -4.4760289e+000
 -4.3758394e+000
 -4.2079364e+000
 -3.9776395e+000
 -3.6920023e+000
 -3.3596799e+000
 -2.9906844e+000
 -2.5960336e+000
 -2.1873091e+000
 -1.7761529e+000
 -1.3737433e+000
 -9.9029022e-001
 -6.3459639e-001
 -3.1371785e-001
 -3.2752528e-002
  2.0523180e-001
  3.9913256e-001
  5.4962788e-001
  6.5890235e-001
  7.3032061e-001
  7.6808962e-001
  7.7694763e-001
  7.6191049e-001
  7.2809413e-001
  6.8061863e-001
  6.2458472e-001
  5.6510179e-001
  5.0733727e-001
  4.5655365e-001
  4.1810052e-001
  3.9733614e-001
  3.9946377e-001
  4.2928228e-001
  4.9086519e-001
  5.8719610e-001
  7.1979911e-001
  8.8840849e-001
  1.0907226e+000
  1.3222808e+000
  1.5764925e+000
  1.8448316e+000
  2.1171927e+000
  2.3823902e+000
  2.6287636e+000
  2.8448423e+000
  3.0200188e+000
  3.1451734e+000
  3.2132058e+000
  3.2194316e+000
  3.1618226e+000
  3.0410774e+000
  2.8605318e+000
  2.6259257e+000
  2.3450569e+000
  2.0273566e+000
  1.6834230e+000
  1.3245466e+000
  9.6225478e-001
  6.0789437e-001
  2.7226344e-001
 -3.4706193e-002
 -3.0421850e-001
 -5.2884180e-001
 -7.0270307e-001
 -8.2165224e-001
 -8.8339643e-001
 -8.8759854e-001
 -8.3593012e-001
 -7.3206487e-001
 -5.8159882e-001
 -3.9188538e-001
 -1.7177928e-001
  6.8709129e-002
  3.1883752e-001
  5.6761253e-001
  8.0429823e-001
  1.0189171e+000
  1.2027058e+000
  1.3484910e+000
  1.4509552e+000
  1.5067756e+000
  1.5146280e+000
  1.4750647e+000
  1.3902862e+000
  1.2638379e+000
  1.1002705e+000
  9.0480314e-001
  6.8302678e-001
  4.4067698e-001
  1.8349407e-001
 -8.2825326e-002
 -3.5259517e-001
 -6.2004790e-001
 -8.7921502e-001
 -1.1238174e+000
 -1.3472014e+000
 -1.5423523e+000
 -1.7020060e+000
 -1.8188654e+000
 -1.8859170e+000
 -1.8968240e+000
 -1.8463640e+000
 -1.7308694e+000
 -1.5486254e+000
 -1.3001852e+000
 -9.8856457e-001
 -6.1929392e-001
 -2.0031810e-001
  2.5825160e-001
  7.4451325e-001
  1.2452476e+000
  1.7464509e+000
  2.2338870e+000
  2.6936196e+000
  3.1124928e+000
  3.4785377e+000
  3.7812914e+000
  4.0120297e+000
  4.1639199e+000
  4.2321105e+000
  4.2137736e+000
  4.1081196e+000
  3.9163944e+000
  3.6418674e+000
  3.2898071e+000
  2.8674364e+000
  2.3838507e+000
  1.8498829e+000
  1.2778959e+000
  6.8149200e-001
  7.5131486e-002
 -5.2633178e-001
 -1.1081835e+000
 -1.6564231e+000
 -2.1583436e+000
 -2.6030774e+000
 -2.9820663e+000
 -3.2894192e+000
 -3.5221282e+000
 -3.6801258e+000
 -3.7661798e+000
 -3.7856356e+000
 -3.7460304e+000
 -3.6566107e+000
 -3.5277940e+000
 -3.3706136e+000
 -3.1961864e+000
 -3.0152327e+000
 -2.8376697e+000
 -2.6722899e+000
 -2.5265231e+000
 -2.4062728e+000
 -2.3158130e+000
 -2.2577283e+000
 -2.2328805e+000
 -2.2403935e+000
 -2.2776515e+000
 -2.3403161e+000
 -2.4223746e+000
 -2.5162372e+000
 -2.6129010e+000
 -2.7022017e+000
 -2.7731602e+000
 -2.8144299e+000
 -2.8148316e+000
 -2.7639556e+000
 -2.6527941e+000
 -2.4743621e+000
 -2.2242557e+000
 -1.9011013e+000
 -1.5068499e+000
 -1.0468856e+000
 -5.2992946e-001
  3.2262105e-002
  6.2538680e-001
  1.2332409e+000
  1.8384717e+000
  2.4233826e+000
  2.9707339e+000
  3.4644832e+000
  3.8904208e+000
  4.2366639e+000
  4.4939929e+000
  4.6560254e+000
  4.7192393e+000
  4.6828679e+000
  4.5486977e+000
  4.3208016e+000
  4.0052406e+000
  3.6097592e+000
  3.1434946e+000
  2.6167086e+000
  2.0405433e+000
  1.4267949e+000
  7.8769483e-001
  1.3568864e-001
 -5.1679771e-001
 -1.1576064e+000
 -1.7751090e+000
 -2.3584701e+000
 -2.8978986e+000
 -3.3848677e+000
 -3.8122832e+000
 -4.1745869e+000
 -4.4677824e+000
 -4.6893835e+000
 -4.8382944e+000
 -4.9146379e+000
 -4.9195566e+000
 -4.8550174e+000
 -4.7236462e+000
 -4.5286180e+000
 -4.2736173e+000
 -3.9628726e+000
 -3.6012558e+000
 -3.1944239e+000
 -2.7489709e+000
 -2.2725498e+000
 -1.7739260e+000
 -1.2629242e+000
 -7.5024672e-001
 -2.4714935e-001
  2.3501411e-001
  6.8535459e-001
  1.0940733e+000
  1.4530940e+000
  1.7566388e+000
  2.0016839e+000
  2.1882397e+000
  2.3194149e+000
  2.4012430e+000
  2.4422740e+000
  2.4529585e+000
  2.4448717e+000
  2.4298438e+000
  2.4190720e+000
  2.4222929e+000
  2.4470860e+000
  2.4983675e+000
  2.5781127e+000
  2.6853211e+000
  2.8162161e+000
  2.9646462e+000
  3.1226403e+000
  3.2810545e+000
  3.4302454e+000
  3.5607099e+000
  3.6636381e+000
  3.7313446e+000
  3.7575588e+000
  3.7375761e+000
  3.6682852e+000
  3.5481003e+000
  3.3768351e+000
  3.1555541e+000
  2.8864327e+000
  2.5726487e+000
  2.2183156e+000
  1.8284534e+000
  1.4089844e+000
  9.6672913e-001
  5.0937792e-001
  4.5411087e-002
 -4.1604984e-001
 -8.6546937e-001
 -1.2931998e+000
 -1.6898410e+000
 -2.0466300e+000
 -2.3558262e+000
 -2.6110520e+000
 -2.8075549e+000
 -2.9423621e+000
 -3.0143125e+000
 -3.0239649e+000
 -2.9733959e+000
 -2.8659172e+000
 -2.7057496e+000
 -2.4976960e+000
 -2.2468571e+000
 -1.9584237e+000
 -1.6375681e+000
 -1.2894421e+000
 -9.1927085e-001
 -5.3251715e-001
 -1.3507606e-001
  2.6654520e-001
  6.6510961e-001
  1.0526357e+000
  1.4205142e+000
  1.7597668e+000
  2.0614395e+000
  2.3171003e+000
  2.5193967e+000
  2.6626159e+000
  2.7431823e+000
  2.7600349e+000
  2.7148326e+000
  2.6119547e+000
  2.4582855e+000
  2.2627940e+000
  2.0359446e+000
  1.7889905e+000
  1.5332185e+000
  1.2792152e+000
  1.0362245e+000
  8.1165313e-001
  6.1076530e-001
  4.3658374e-001
  2.8999317e-001
  1.7001837e-001
  7.4232225e-002
 -7.6327153e-004
 -5.8844004e-002
 -1.0391641e-001
 -1.3956287e-001
 -1.6881087e-001
 -1.9403786e-001
 -2.1700387e-001
 -2.3898683e-001
 -2.6098211e-001
 -2.8392110e-001
 -3.0886358e-001
 -3.3712517e-001
 -3.7031353e-001
 -4.1026265e-001
 -4.5887204e-001
 -5.1787362e-001
 -5.8856165e-001
 -6.7152842e-001
 -7.6644949e-001
 -8.7195650e-001
 -9.8562466e-001
 -1.1040863e+000
 -1.2232652e+000
 -1.3387076e+000
 -1.4459753e+000
 -1.5410516e+000
 -1.6207127e+000
 -1.6828176e+000
 -1.7264792e+000
 -1.7520956e+000
 -1.7612360e+000
 -1.7563961e+000
 -1.7406524e+000
 -1.7172593e+000
 -1.6892398e+000
 -1.6590191e+000
 -1.6281488e+000
 -1.5971528e+000
 -1.5655140e+000
 -1.5318012e+000
 -1.4939187e+000
 -1.4494444e+000
 -1.3960145e+000
 -1.3317044e+000
 -1.2553600e+000
 -1.1668383e+000
 -1.0671292e+000
 -9.5834728e-001
 -8.4359519e-001
 -7.2671945e-001
 -6.1198857e-001
 -5.0373331e-001
 -4.0599023e-001
 -3.2218724e-001
 -2.5490192e-001
 -2.0571231e-001
 -1.7514692e-001
 -1.6272768e-001
 -1.6708879e-001
 -1.8614646e-001
 -2.1729149e-001
 -2.5757717e-001
 -3.0388068e-001
 -3.5302391e-001
 -4.0184966e-001
 -4.4725897e-001
 -4.8622346e-001
 -5.1579191e-001
 -5.3311155e-001
 -5.3548202e-001
 -5.2045381e-001
 -4.8597346e-001
 -4.3056829e-001
 -3.5355261e-001
 -2.5523008e-001
 -1.3706183e-001
 -1.7697116e-003
  1.4665164e-001
  3.0303188e-001
  4.6123732e-001
  6.1449095e-001
  7.5577909e-001
  8.7831144e-001
  9.7599304e-001
  1.0438628e+000
  1.0784545e+000
  1.0780434e+000
  1.0427523e+000
  9.7450661e-001
  8.7684143e-001
  7.5458348e-001
  6.1343950e-001
  4.5953511e-001
  2.9895099e-001
  1.3730273e-001
 -2.0596353e-002
 -1.7096030e-001
 -3.1112865e-001
 -4.3953746e-001
 -5.5557733e-001
 -6.5936468e-001
 -7.5146074e-001
 -8.3257620e-001
 -9.0329881e-001
 -9.6387524e-001
 -1.0140701e+000
 -1.0531133e+000
 -1.0797365e+000
 -1.0922860e+000
 -1.0888947e+000
 -1.0676869e+000
 -1.0269898e+000
 -9.6552618e-001
 -8.8257005e-001
 -7.7804978e-001
 -6.5259527e-001
 -5.0753058e-001
 -3.4482079e-001
 -1.6698572e-001
  2.3005139e-002
  2.2184315e-001
  4.2598604e-001
  6.3175235e-001
  8.3540354e-001
  1.0332168e+000
  1.2215545e+000
  1.3969381e+000
  1.5561312e+000
  1.6962378e+000
  1.8148120e+000
  1.9099758e+000
  1.9805333e+000
  2.0260685e+000
  2.0470112e+000
  2.0446562e+000
  2.0211266e+000
  1.9792740e+000
  1.9225190e+000
  1.8546403e+000
  1.7795298e+000
  1.7009344e+000
  1.6222106e+000
  1.5461159e+000
  1.4746584e+000
  1.4090212e+000
  1.3495663e+000
  1.2959177e+000
  1.2471111e+000
  1.2017898e+000
  1.1584225e+000
  1.1155151e+000
  1.0717895e+000
  1.0263096e+000
  9.7853935e-001
  9.2832883e-001
  8.7583489e-001
  8.2139050e-001
  7.6534536e-001
  7.0790410e-001
  6.4898872e-001
  5.8814876e-001
  5.2453617e-001
  4.5695276e-001
  3.8396791e-001
  3.0409438e-001
  2.1600127e-001
  1.1873785e-001
  1.1939258e-002
 -1.0401302e-001
 -2.2789805e-001
 -3.5764367e-001
 -4.9040034e-001
 -6.2269412e-001
 -7.5064329e-001
 -8.7021522e-001
 -9.7749626e-001
 -1.0689463e+000
 -1.1416131e+000
 -1.1932862e+000
 -1.2225811e+000
 -1.2289497e+000
 -1.2126269e+000
 -1.1745258e+000
 -1.1161024e+000
 -1.0392123e+000
 -9.4597751e-001
 -8.3868176e-001
 -7.1970197e-001
 -5.9147844e-001
 -4.5651773e-001
 -3.1741604e-001
 -1.7688690e-001
 -3.7775769e-002
  9.6953968e-002
  2.2427437e-001
  3.4118959e-001
  4.4487186e-001
  5.3282528e-001
  6.0305932e-001
  6.5425025e-001
  6.8586773e-001
  6.9824657e-001
  6.9258895e-001
  6.7089099e-001
  6.3579643e-001
  5.9038998e-001
  5.3795096e-001
  4.8169340e-001
  4.2452124e-001
  3.6882581e-001
  3.1634764e-001
  2.6811676e-001
  2.2447535e-001
  1.8517629e-001
  1.4954108e-001
  1.1665303e-001
  8.5557392e-002
  5.5439376e-002
  2.5754650e-002
 -3.7060704e-003
 -3.2827130e-002
 -6.1250562e-002
 -8.8518365e-002
 -1.1425247e-001
 -1.3834446e-001
 -1.6112473e-001
 -1.8348286e-001
 -2.0691677e-001
 -2.3349742e-001
 -2.6574685e-001
 -3.0643912e-001
 -3.5834411e-001
 -4.2394242e-001
 -5.0514407e-001
 -6.0304404e-001
 -7.1774369e-001
 -8.4825955e-001
 -9.9253041e-001
 -1.1475221e+000
 -1.3094174e+000
 -1.4738690e+000
 -1.6362865e+000
 -1.7921255e+000
 -1.9371468e+000
 -2.0676222e+000
 -2.1804659e+000
 -2.2732882e+000
 -2.3443714e+000
 -2.3925845e+000
 -2.4172554e+000
 -2.4180283e+000
 -2.3947308e+000
 -2.3472746e+000
 -2.2756064e+000
 -2.1797160e+000
 -2.0597004e+000
 -1.9158727e+000
 -1.7488967e+000
 -1.5599242e+000
 -1.3507100e+000
 -1.1236842e+000
 -8.8196304e-001
 -6.2929238e-001
 -3.6992388e-001
 -1.0843507e-001
  1.5048848e-001
  4.0228501e-001
  6.4273669e-001
  8.6815387e-001
  1.0755042e+000
  1.2624746e+000
  1.4274646e+000
  1.5695157e+000
  1.6881946e+000
  1.7834482e+000
  1.8554567e+000
  1.9045068e+000
  1.9309040e+000
  1.9349372e+000
  1.9168984e+000
  1.8771521e+000
  1.8162418e+000
  1.7350114e+000
  1.6347198e+000
  1.5171248e+000
  1.3845167e+000
  1.2396886e+000
  1.0858407e+000
  9.2642222e-001
  7.6492783e-001
  6.0467038e-001
  4.4855600e-001
  2.9889006e-001
  1.5723848e-001
  2.4362716e-002
 -9.9761845e-002
 -2.1584496e-001
 -3.2510919e-001
 -4.2906634e-001
 -5.2926910e-001
 -6.2706743e-001
 -7.2339822e-001
 -8.1863222e-001
 -9.1249439e-001
 -1.0040644e+000
 -1.0918533e+000
 -1.1739430e+000
 -1.2481675e+000
 -1.3123103e+000
 -1.3642913e+000
 -1.4023195e+000
 -1.4249937e+000
 -1.4313418e+000
 -1.4207991e+000
 -1.3931341e+000
 -1.3483399e+000
 -1.2865120e+000
 -1.2077379e+000
 -1.1120187e+000
 -9.9923954e-001
 -8.6919901e-001
 -7.2169478e-001
 -5.5665780e-001
 -3.7431613e-001
 -1.7536546e-001
  3.8879296e-002
  2.6637583e-001
  5.0430910e-001
  7.4912067e-001
  9.9661534e-001
  1.2421372e+000
  1.4807987e+000
  1.7077387e+000
  1.9183826e+000
  2.1086761e+000
  2.2752679e+000
  2.4156257e+000
  2.5280732e+000
  2.6117529e+000
  2.6665228e+000
  2.6928076e+000
  2.6914269e+000
  2.6634280e+000
  2.6099465e+000
  2.5321131e+000
  2.4310188e+000
  2.3077398e+000
  2.1634148e+000
  1.9993574e+000
  1.8171848e+000
  1.6189350e+000
  1.4071519e+000
  1.1849174e+000
  9.5581895e-001
  7.2385004e-001
  4.9324986e-001
  2.6829741e-001
  5.3082377e-002
 -1.4872158e-001
 -3.3405507e-001
 -5.0062010e-001
 -6.4695977e-001
 -7.7246294e-001
 -8.7729574e-001
 -9.6227116e-001
 -1.0286755e+000
 -1.0780752e+000
 -1.1121301e+000
 -1.1324353e+000
 -1.1404108e+000
 -1.1372494e+000
 -1.1239235e+000
 -1.1012446e+000
 -1.0699593e+000
 -1.0308610e+000
 -9.8489518e-001
 -9.3323562e-001
 -8.7731459e-001
 -8.1879726e-001
 -7.5949884e-001
 -7.0125256e-001
 -6.4574465e-001
 -5.9433866e-001
 -5.4791414e-001
 -5.0674423e-001
 -4.7043259e-001
 -4.3792260e-001
 -4.0758298e-001
 -3.7736352e-001
 -3.4500542e-001
 -3.0828309e-001
 -2.6524962e-001
 -2.1445723e-001
 -1.5512665e-001
 -8.7245683e-002
 -1.1586016e-002
  7.0362654e-002
  1.5653155e-001
  2.4446647e-001
  3.3155141e-001
  4.1523425e-001
  4.9322747e-001
  5.6366102e-001
  6.2517186e-001
  6.7692383e-001
  7.1856125e-001
  7.5010871e-001
  7.7183676e-001
  7.8411683e-001
  7.8728969e-001
  7.8156850e-001
  7.6699146e-001
  7.4343092e-001
  7.1065658e-001
  6.6844150e-001
  6.1669270e-001
  5.5558379e-001
  4.8566578e-001
  4.0793529e-001
  3.2384476e-001
  2.3524784e-001
  1.4428225e-001
  5.3202190e-002
 -3.5820058e-002
 -1.2089816e-001
 -2.0061446e-001
 -2.7415633e-001
 -3.4138633e-001
 -4.0283500e-001
 -4.5961477e-001
 -5.1326407e-001
 -5.6554028e-001
 -6.1818681e-001
 -6.7270372e-001
 -7.3015073e-001
 -7.9100772e-001
 -8.5511009e-001
 -9.2166662e-001
 -9.8935652e-001
 -1.0564919e+000
 -1.1212231e+000
 -1.1817587e+000
 -1.2365703e+000
 -1.2845542e+000
 -1.3251278e+000
 -1.3582485e+000
 -1.3843519e+000
 -1.4042190e+000
 -1.4187909e+000
 -1.4289560e+000
 -1.4353405e+000
 -1.4381322e+000
 -1.4369612e+000
 -1.4308573e+000
 -1.4182910e+000
 -1.3972943e+000
 -1.3656497e+000
 -1.3211211e+000
 -1.2617029e+000
 -1.1858526e+000
 -1.0926821e+000
 -9.8208264e-001
 -8.5477159e-001
 -7.1225564e-001
 -5.5671850e-001
 -3.9084892e-001
 -2.1763282e-001
 -4.0136415e-002
  1.3869224e-001
  3.1617993e-001
  4.9002649e-001
  6.5833673e-001
  8.1958821e-001
  9.7254583e-001
  1.1161422e+000
  1.2493466e+000
  1.3710468e+000
  1.4799662e+000
  1.5746309e+000
  1.6533968e+000
  1.7145339e+000
  1.7563594e+000
  1.7773997e+000
  1.7765613e+000
  1.7532832e+000
  1.7076498e+000
  1.6404446e+000
  1.5531364e+000
  1.4477942e+000
  1.3269413e+000
  1.1933646e+000
  1.0499006e+000
  8.9922726e-001
  7.4368486e-001
  5.8514936e-001
  4.2497308e-001
  2.6399907e-001
  1.0264582e-001
 -5.8950308e-002
 -2.2075514e-001
 -3.8264428e-001
 -5.4422475e-001
 -7.0469499e-001
 -8.6276239e-001
 -1.0166295e+000
 -1.1640508e+000
 -1.3024530e+000
 -1.4291018e+000
 -1.5412954e+000
 -1.6365571e+000
 -1.7128053e+000
 -1.7684770e+000
 -1.8025939e+000
 -1.8147613e+000
 -1.8051062e+000
 -1.7741647e+000
 -1.7227365e+000
 -1.6517309e+000
 -1.5620265e+000
 -1.4543665e+000
 -1.3293055e+000
 -1.1872166e+000
 -1.0283584e+000
 -8.5299337e-001
 -6.6154065e-001
 -4.5474277e-001
 -2.3382146e-001
 -5.9993164e-004
  2.4242773e-001
  4.9209257e-001
  7.4461683e-001
  9.9574579e-001
  1.2409331e+000
  1.4755607e+000
  1.6951712e+000
  1.8956874e+000
  2.0735987e+000
  2.2260965e+000
  2.3511478e+000
  2.4475048e+000
  2.5146552e+000
  2.5527262e+000
  2.5623572e+000
  2.5445627e+000
  2.5006022e+000
  2.4318756e+000
  2.3398532e+000
  2.2260476e+000
  2.0920230e+000
  1.9394363e+000
  1.7700969e+000
  1.5860287e+000
  1.3895201e+000
  1.1831468e+000
  9.6975992e-001
  7.5243265e-001
  5.3436946e-001
  3.1878451e-001
  1.0876219e-001
 -9.2885031e-002
 -2.8374492e-001
 -4.6190503e-001
 -6.2601206e-001
 -7.7528409e-001
 -9.0947504e-001
 -1.0287960e+000
 -1.1338036e+000
 -1.2252682e+000
 -1.3040386e+000
 -1.3709172e+000
 -1.4265584e+000
 -1.4714008e+000
 -1.5056369e+000
 -1.5292186e+000
 -1.5418961e+000
 -1.5432786e+000
 -1.5329079e+000
 -1.5103326e+000
 -1.4751728e+000
 -1.4271680e+000
 -1.3662052e+000
 -1.2923247e+000
 -1.2057106e+000
 -1.1066694e+000
 -9.9560716e-001
 -8.7301174e-001
 -7.3944796e-001
 -5.9556969e-001
 -4.4214973e-001
 -2.8012503e-001
 -1.1065107e-001
  6.4842926e-002
  2.4460786e-001
  4.2654702e-001
  6.0821497e-001
  7.8684782e-001
  9.5942656e-001
  1.1227705e+000
  1.2736545e+000
  1.4089408e+000
  1.5257135e+000
  1.6214045e+000
  1.6939003e+000
  1.7416206e+000
  1.7635652e+000
  1.7593264e+000
  1.7290702e+000
  1.6734931e+000
  1.5937602e+000
  1.4914361e+000
  1.3684150e+000
  1.2268586e+000
  1.0691450e+000
  8.9783123e-001
  7.1562672e-001
  5.2537414e-001
  3.3003181e-001
  1.3265104e-001
 -6.3657284e-002
 -2.5577092e-001
 -4.4062085e-001
 -6.1527070e-001
 -7.7700662e-001
 -9.2343086e-001
 -1.0525505e+000
 -1.1628529e+000
 -1.2533592e+000
 -1.3236510e+000
 -1.3738656e+000
 -1.4046615e+000
 -1.4171559e+000
 -1.4128411e+000
 -1.3934889e+000
 -1.3610502e+000
 -1.3175596e+000
 -1.2650529e+000
 -1.2055005e+000
 -1.1407612e+000
 -1.0725531e+000
 -1.0024404e+000
 -9.3182969e-001
 -8.6196976e-001
 -7.9395032e-001
 -7.2869456e-001
 -6.6694397e-001
 -6.0923588e-001
 -5.5587686e-001
 -5.0691713e-001
 -4.6213237e-001
 -4.2101940e-001
 -3.8281117e-001
 -3.4651438e-001
 -3.1097006e-001
 -2.7493434e-001
 -2.3717332e-001
 -1.9656353e-001
 -1.5218805e-001
 -1.0341801e-001
 -4.9970532e-002
  8.0632176e-003
  7.0222958e-002
  1.3571605e-001
  2.0348110e-001
  2.7226998e-001
  3.4073774e-001
  4.0752885e-001
  4.7134920e-001
  5.3101561e-001
  5.8547797e-001
  6.3381364e-001
  6.7519811e-001
  7.0885974e-001
  7.3402936e-001
  7.4989672e-001
  7.5558541e-001
  7.5015535e-001
  7.3263858e-001
  7.0210879e-001
  6.5778023e-001
  5.9912658e-001
  5.2600638e-001
  4.3877971e-001
  3.3840000e-001
  2.2646710e-001
  1.0523087e-001
 -2.2459707e-002
 -1.5326150e-001
 -2.8348937e-001
 -4.0930333e-001
 -5.2691447e-001
 -6.3279132e-001
 -7.2384818e-001
 -7.9759914e-001
 -8.5226575e-001
 -8.8683126e-001
 -9.0104062e-001
 -8.9535118e-001
 -8.7084383e-001
 -8.2910791e-001
 -7.7211455e-001
 -7.0209281e-001
 -6.2142031e-001
 -5.3253654e-001
 -4.3788206e-001
 -3.3986222e-001
 -2.4082964e-001
 -1.4307691e-001
 -4.8829371e-002
  3.9771393e-002
  1.2070072e-001
  1.9210426e-001
  2.5237077e-001
  3.0021909e-001
  3.3478974e-001
  3.5572938e-001
  3.6325492e-001
  3.5818532e-001
  3.4193187e-001
  3.1644218e-001
  2.8409849e-001
  2.4757656e-001
  2.0967666e-001
  1.7314187e-001
  1.4048124e-001
  1.1381508e-001
  9.4757381e-002
  8.4346387e-002
  8.3028472e-002
  9.0694323e-002
  1.0676027e-001
  1.3028244e-001
  1.6008786e-001
  1.9490524e-001
  2.3347911e-001
  2.7465398e-001
  3.1742003e-001
  3.6091782e-001
  4.0440538e-001
  4.4719693e-001
  4.8858642e-001
  5.2777141e-001
  5.6379282e-001
  5.9550378e-001
  6.2157673e-001
  6.4055218e-001
  6.5092668e-001
  6.5127137e-001
  6.4036806e-001
  6.1734650e-001
  5.8180580e-001
  5.3390436e-001
  4.7440631e-001
  4.0467749e-001
  3.2663033e-001
  2.4262286e-001
  1.5532280e-001
  6.7551375e-002
 -1.7876535e-002
 -9.8299509e-002
 -1.7133026e-001
 -2.3494025e-001
 -2.8750418e-001
 -3.2780594e-001
 -3.5501298e-001
 -3.6863010e-001
 -3.6844584e-001
 -3.5448474e-001
 -3.2697679e-001
 -2.8635133e-001
 -2.3325770e-001
 -1.6860913e-001
 -9.3641416e-002
 -9.9735487e-003
  8.0344603e-002
  1.7481237e-001
  2.7049876e-001
  3.6411138e-001
  4.5211601e-001
  5.3090224e-001
  5.9698404e-001
  6.4721839e-001
  6.7902185e-001
  6.9056307e-001
  6.8091097e-001
  6.5012204e-001
  5.9925628e-001
  5.3031841e-001
  4.4612921e-001
  3.5013898e-001
  2.4620096e-001
  1.3832669e-001
  3.0446285e-002
 -7.3804931e-002
 -1.7125573e-001
 -2.5931262e-001
 -3.3601316e-001
 -4.0002152e-001
 -4.5057538e-001
 -4.8739834e-001
 -5.1059453e-001
 -5.2054304e-001
 -5.1780724e-001
 -5.0307053e-001
 -4.7710425e-001
 -4.4076803e-001
 -3.9503660e-001
 -3.4104297e-001
 -2.8012482e-001
 -2.1386033e-001
 -1.4408102e-001
 -7.2852835e-002
 -2.4211863e-003
  6.4878414e-002
  1.2673735e-001
  1.8100705e-001
  2.2583394e-001
  2.5978078e-001
  2.8192021e-001
  2.9188947e-001
  2.8989984e-001
  2.7670008e-001
  2.5349862e-001
  2.2185441e-001
  1.8354975e-001
  1.4046037e-001
  9.4437204e-002
  4.7212515e-002
  3.3822498e-004
 -4.4840226e-002
 -8.7177034e-002
 -1.2569353e-001
 -1.5953117e-001
 -1.8790323e-001
 -2.1005819e-001
 -2.2526593e-001
 -2.3283369e-001
 -2.3215385e-001
 -2.2277988e-001
 -2.0452145e-001
 -1.7754569e-001
 -1.4246908e-001
 -1.0042397e-001
 -5.3085998e-002
 -2.6523360e-003
  4.8233539e-002
  9.6608623e-002
  1.3936028e-001
  1.7342527e-001
  1.9599996e-001
  2.0474173e-001
  1.9794220e-001
  1.7465552e-001
  1.3476986e-001
  7.9016211e-002
  8.9153585e-003
 -7.3329605e-002
 -1.6498264e-001
 -2.6294962e-001
 -3.6396081e-001
 -4.6474381e-001
 -5.6217248e-001
 -6.5338185e-001
 -7.3584423e-001
 -8.0740732e-001
 -8.6629998e-001
 -9.1111527e-001
 -9.4078190e-001
 -9.5453585e-001
 -9.5190170e-001
 -9.3269015e-001
 -8.9701378e-001
 -8.4531858e-001
 -7.7842463e-001
 -6.9756620e-001
 -6.0441990e-001
 -5.0111018e-001
 -3.9018298e-001
 -2.7454261e-001
 -1.5735120e-001
 -4.1895241e-002
  6.8571493e-002
  1.7099558e-001
  2.6268704e-001
  3.4146240e-001
  4.0575380e-001
  4.5467379e-001
  4.8803014e-001
  5.0629025e-001
  5.1050056e-001
  5.0217055e-001
  4.8313503e-001
  4.5540933e-001
  4.2105249e-001
  3.8205084e-001
  3.4023134e-001
  2.9720897e-001
  2.5436789e-001
  2.1287140e-001
  1.7369214e-001
  1.3765191e-001
  1.0545990e-001
  7.7739735e-002
  5.5038135e-002
  3.7812191e-002
  2.6396277e-002
  2.0953886e-002
  2.1422871e-002
  2.7464598e-002
  3.8427842e-002
  5.3336940e-002
  7.0910884e-002
  8.9616035e-002
  1.0775060e-001
  1.2355454e-001
  1.3533477e-001
  1.4159303e-001
  1.4114267e-001
  1.3320177e-001
  1.1745212e-001
  9.4057753e-002
  6.3641189e-002
  2.7220650e-002
 -1.3884137e-002
 -5.8166320e-002
 -1.0405328e-001
 -1.5002143e-001
 -1.9469218e-001
 -2.3689998e-001
 -2.7572692e-001
 -3.1050332e-001
 -3.4077791e-001
 -3.6626510e-001
 -3.8677957e-001
 -4.0216923e-001
 -4.1225770e-001
 -4.1680494e-001
 -4.1549211e-001
 -4.0793249e-001
 -3.9370682e-001
 -3.7241728e-001
 -3.4375234e-001
 -3.0755268e-001
 -2.6386881e-001
 -2.1300204e-001
 -1.5552309e-001
 -9.2265813e-002
 -2.4296787e-002
  4.7134965e-002
  1.2066172e-001
  1.9486612e-001
  2.6834751e-001
  3.3977815e-001
  4.0794437e-001
  4.7177015e-001
  5.3032377e-001
  5.8281080e-001
  6.2855899e-001
  6.6700141e-001
  6.9766443e-001
  7.2016582e-001
  7.3422574e-001
  7.3969118e-001
  7.3657080e-001
  7.2507474e-001
  7.0565201e-001
  6.7901703e-001
  6.4615755e-001
  6.0831780e-001
  5.6695355e-001
  5.2365940e-001
  4.8007249e-001
  4.3776040e-001
  3.9810390e-001
  3.6218660e-001
  3.3070412e-001
  3.0390338e-001
  2.8156033e-001
  2.6299994e-001
  2.4715812e-001
  2.3268015e-001
  2.1804635e-001
  2.0171249e-001
  1.8225082e-001
  1.5847748e-001
  1.2955397e-001
  9.5053193e-002
  5.4984789e-002
  9.7793243e-003
 -3.9764792e-002
 -9.2563591e-002
 -1.4734820e-001
 -2.0277163e-001
 -2.5750944e-001
 -3.1034401e-001
 -3.6022442e-001
 -4.0629827e-001
 -4.4791513e-001
 -4.8460538e-001
 -5.1604106e-001
 -5.4198724e-001
 -5.6225299e-001
 -5.7665047e-001
 -5.8496859e-001
 -5.8696501e-001
 -5.8237735e-001
 -5.7095094e-001
 -5.5247835e-001
 -5.2684373e-001
 -4.9406478e-001
 -4.5432511e-001
 -4.0799191e-001
 -3.5561551e-001
 -2.9791063e-001
 -2.3572179e-001
 -1.6997733e-001
 -1.0163878e-001
 -3.1652336e-002
  3.9090922e-002
  1.0978076e-001
  1.7969660e-001
  2.4819897e-001
  3.1470587e-001
  3.7865881e-001
  4.3948472e-001
  4.9656092e-001
  5.4918982e-001
  5.9658883e-001
  6.3789895e-001
  6.7221258e-001
  6.9861869e-001
  7.1626064e-001
  7.2440024e-001
  7.2248054e-001
  7.1017958e-001
  6.8744886e-001
  6.5453138e-001
  6.1195737e-001
  5.6051801e-001
  5.0122038e-001
  4.3522895e-001
  3.6380040e-001
  2.8821908e-001
  2.0973980e-001
  1.2954348e-001
  4.8708921e-002
 -3.1798348e-002
 -1.1112158e-001
 -1.8849644e-001
 -2.6322770e-001
 -3.3466502e-001
 -4.0218317e-001
 -4.6517137e-001
 -5.2303444e-001
 -5.7520644e-001
 -6.2117520e-001
 -6.6051423e-001
 -6.9291695e-001
 -7.1822773e-001
 -7.3646410e-001
 -7.4782581e-001
 -7.5268791e-001
 -7.5157711e-001
 -7.4513313e-001
 -7.3405875e-001
 -7.1906375e-001
 -7.0080907e-001
 -6.7985749e-001
 -6.5663628e-001
 -6.3141605e-001
 -6.0430782e-001
 -5.7527804e-001
 -5.4417948e-001
 -5.1079351e-001
 -4.7487861e-001
 -4.3621902e-001
 -3.9466795e-001
 -3.5018073e-001
 -3.0283476e-001
 -2.5283509e-001
 -2.0050640e-001
 -1.4627377e-001
 -9.0635969e-002
 -3.4135721e-002
  2.2668700e-002
  7.9226822e-002
  1.3501160e-001
  1.8952623e-001
  2.4230243e-001
  2.9289214e-001
  3.4085533e-001
  3.8574721e-001
  4.2710831e-001
  4.6446003e-001
  4.9730740e-001
  5.2514957e-001
  5.4749712e-001
  5.6389426e-001
  5.7394308e-001
  5.7732675e-001
  5.7382867e-001
  5.6334528e-001
  5.4589118e-001
  5.2159653e-001
  4.9069782e-001
  4.5352414e-001
  4.1048168e-001
  3.6203949e-001
  3.0871899e-001
  2.5108913e-001
  1.8976771e-001
  1.2542829e-001
  5.8810756e-002
 -9.2674002e-003
 -7.7902537e-002
 -1.4610263e-001
 -2.1279428e-001
 -2.7684101e-001
 -3.3707329e-001
 -3.9232927e-001
 -4.4150359e-001
 -4.8360041e-001
 -5.1778568e-001
 -5.4343394e-001
 -5.6016471e-001
 -5.6786501e-001
 -5.6669556e-001
 -5.5708033e-001
 -5.3968039e-001
 -5.1535493e-001
 -4.8511338e-001
 -4.5006299e-001
 -4.1135651e-001
 -3.7014396e-001
 -3.2753132e-001
 -2.8454777e-001
 -2.4212188e-001
 -2.0106535e-001
 -1.6206278e-001
 -1.2566482e-001
 -9.2282487e-002
 -6.2181148e-002
 -3.5473385e-002
 -1.2111352e-002
  8.1196441e-003
  2.5603701e-002
  4.0889891e-002
  5.4677837e-002
  6.7790984e-002
  8.1136589e-002
  9.5653080e-002
  1.1224737e-001
  1.3172642e-001
  1.5472889e-001
  1.8166328e-001
  2.1265930e-001
  2.4753812e-001
  2.8580579e-001
  3.2667158e-001
  3.6909082e-001
  4.1182867e-001
  4.5353938e-001
  4.9285349e-001
  5.2846463e-001
  5.5920775e-001
  5.8412149e-001
  6.0248953e-001
  6.1385800e-001
  6.1802935e-001
  6.1503530e-001
  6.0509436e-001
  5.8856064e-001
  5.6587142e-001
  5.3750086e-001
  5.0392541e-001
  4.6560490e-001
  4.2298037e-001
  3.7648722e-001
  3.2657980e-001
  2.7376187e-001
  2.1861620e-001
  1.6182701e-001
  1.0418963e-001
  4.6603880e-002
 -9.9500224e-003
 -6.4451512e-002
 -1.1589175e-001
 -1.6333180e-001
 -2.0595996e-001
 -2.4314101e-001
 -2.7445114e-001
 -2.9969417e-001
 -3.1889682e-001
 -3.3228396e-001
 -3.4023702e-001
 -3.4324125e-001
 -3.4182896e-001
 -3.3652600e-001
 -3.2780866e-001
 -3.1607599e-001
 -3.0164078e-001
 -2.8473915e-001
 -2.6555620e-001
 -2.4426270e-001
 -2.2105586e-001
 -1.9619690e-001
 -1.7003810e-001
 -1.4303379e-001
 -1.1573191e-001
 -8.8745721e-002
 -6.2708171e-002
 -3.8214446e-002
 -1.5760004e-002
  4.3173295e-003
  2.1882762e-002
  3.7030291e-002
  5.0083958e-002
  6.1572815e-002
  7.2181196e-002
  8.2679176e-002
  9.3840775e-002
  1.0635926e-001
  1.2076941e-001
  1.3738595e-001
  1.5626541e-001
  1.7719572e-001
  1.9971455e-001
  2.2315375e-001
  2.4670402e-001
  2.6949152e-001
  2.9065698e-001
  3.0942758e-001
  3.2517334e-001
  3.3744191e-001
  3.4596894e-001
  3.5066441e-001
  3.5157882e-001
  3.4885554e-001
  3.4267775e-001
  3.3321833e-001
  3.2060105e-001
  3.0487884e-001
  2.8603260e-001
  2.6399064e-001
  2.3866571e-001
  2.1000355e-001
  1.7803529e-001
  1.4292514e-001
  1.0500511e-001
  6.4790446e-002
  2.2972014e-002
 -1.9615100e-002
 -6.2043784e-002
 -1.0336212e-001
 -1.4266749e-001
 -1.7917822e-001
 -2.1229369e-001
 -2.4163485e-001
 -2.6706012e-001
 -2.8865433e-001
 -3.0669230e-001
 -3.2158189e-001
 -3.3379420e-001
 -3.4379035e-001
 -3.5195447e-001
 -3.5854227e-001
 -3.6365165e-001
 -3.6721952e-001
 -3.6904492e-001
 -3.6883513e-001
 -3.6626815e-001
 -3.6106283e-001
 -3.5304658e-001
 -3.4221093e-001
 -3.2874696e-001
 -3.1305489e-001
 -2.9572594e-001
 -2.7749787e-001
 -2.5918952e-001
 -2.4162195e-001
 -2.2553599e-001
 -2.1151623e-001
 -1.9993059e-001
 -1.9089278e-001
 -1.8425184e-001
 -1.7960940e-001
 -1.7636227e-001
 -1.7376429e-001
 -1.7099985e-001
 -1.6725977e-001
 -1.6181104e-001
 -1.5405257e-001
 -1.4355198e-001
 -1.3006077e-001
 -1.1350885e-001
 -9.3981685e-002
 -7.1685811e-002
 -4.6909512e-002
 -1.9985664e-002
  8.7372784e-003
  3.8911992e-002
  7.0194988e-002
  1.0223628e-001
  1.3465946e-001
  1.6703737e-001
  1.9886982e-001
  2.2956933e-001
  2.5846018e-001
  2.8479373e-001
  3.0778061e-001
  3.2663753e-001
  3.4064379e-001
  3.4920068e-001
  3.5188613e-001
  3.4849662e-001
  3.3907007e-001
  3.2388540e-001
  3.0343747e-001
  2.7838937e-001
  2.4950716e-001
  2.1758479e-001
  1.8336833e-001
  1.4748910e-001
  1.1041463e-001
  7.2423676e-002
  3.3609274e-002
 -6.0905278e-003
 -4.6837722e-002
 -8.8822186e-002
 -1.3218160e-001
 -1.7692398e-001
 -2.2286315e-001
 -2.6957608e-001
 -3.1638837e-001
 -3.6239054e-001
 -4.0648419e-001
 -4.4745318e-001
 -4.8405207e-001
 -5.1510178e-001
 -5.3958177e-001
 -5.5670849e-001
 -5.6599166e-001
 -5.6726281e-001
 -5.6067380e-001
 -5.4666689e-001
 -5.2592098e-001
 -4.9928138e-001
 -4.6768198e-001
 -4.3206896e-001
 -3.9333436e-001
 -3.5226598e-001
 -3.0951736e-001
 -2.6559866e-001
 -2.2088635e-001
 -1.7564745e-001
 -1.3007204e-001
 -8.4307732e-002
 -3.8489754e-002
  7.2379073e-003
  5.2713137e-002
  9.7758311e-002
  1.4219290e-001
  1.8585214e-001
  2.2860659e-001
  2.7037719e-001
  3.1114118e-001
  3.5092548e-001
  3.8978652e-001
  4.2777795e-001
  4.6490961e-001
  5.0110344e-001
  5.3615279e-001
  5.6969181e-001
  6.0118073e-001
  6.2991103e-001
  6.5503198e-001
  6.7559733e-001
  6.9062806e-001
  6.9918489e-001
  7.0044268e-001
  6.9375841e-001
  6.7872505e-001
  6.5520530e-001
  6.2334148e-001
  5.8354135e-001
  5.3644190e-001
  4.8285672e-001
  4.2371388e-001
  3.5999270e-001
  2.9266741e-001
  2.2266456e-001
  1.5083878e-001
  7.7968724e-002
  4.7718893e-003
 -6.8065872e-002
 -1.3985248e-001
 -2.0985117e-001
 -2.7724934e-001
 -3.4114167e-001
 -4.0053243e-001
 -4.5435913e-001
 -5.0153654e-001
 -5.4101709e-001
 -5.7186093e-001
 -5.9330750e-001
 -6.0483952e-001
 -6.0623141e-001
 -5.9757537e-001
 -5.7928157e-001
 -5.5205170e-001
 -5.1682858e-001
 -4.7472761e-001
 -4.2695787e-001
 -3.7474196e-001
 -3.1924357e-001
 -2.6151061e-001
 -2.0243933e-001
 -1.4276211e-001
 -8.3058158e-002
 -2.3783445e-002
  3.4686367e-002
  9.2007816e-002
  1.4782450e-001
  2.0173238e-001
  2.5326118e-001
  3.0187483e-001
  3.4699114e-001
  3.8801754e-001
  4.2439763e-001
  4.5566125e-001
  4.8147040e-001
  5.0165361e-001
  5.1622330e-001
  5.2537280e-001
  5.2945284e-001
  5.2893026e-001
  5.2433433e-001
  5.1619787e-001
  5.0500142e-001
  4.9112798e-001
  4.7483485e-001
  4.5624639e-001
  4.3536850e-001
  4.1212284e-001
  3.8639544e-001
  3.5809254e-001
  3.2719521e-001
  2.9380414e-001
  2.5816775e-001
  2.2068841e-001
  1.8190508e-001
  1.4245391e-001
  1.0301140e-001
  6.4227622e-002
  2.6658379e-002
 -9.2941455e-003
 -4.3423726e-002
 -7.5738862e-002
 -1.0645442e-001
 -1.3595611e-001
 -1.6474140e-001
 -1.9334356e-001
 -2.2224784e-001
 -2.5181020e-001
 -2.8218849e-001
 -3.1329482e-001
 -3.4477522e-001
 -3.7601926e-001
 -4.0619879e-001
 -4.3433135e-001
 -4.5936096e-001
 -4.8024691e-001
 -4.9605077e-001
 -5.0601209e-001
 -5.0960507e-001
 -5.0657133e-001
 -4.9692680e-001
 -4.8094418e-001
 -4.5911533e-001
 -4.3209998e-001
 -4.0066850e-001
 -3.6564632e-001
 -3.2786667e-001
 -2.8813613e-001
 -2.4721535e-001
 -2.0581412e-001
 -1.6459792e-001
 -1.2420104e-001
 -8.5240493e-002
 -4.8324892e-002
 -1.4053778e-002
  1.6995481e-002
  4.4293488e-002
  6.7395065e-002
  8.5981370e-002
  9.9901637e-002
  1.0920751e-001
  1.1417326e-001
  1.1529658e-001
  1.1327693e-001
  1.0897118e-001
  1.0332963e-001
  9.7318194e-002
  9.1834703e-002
  8.7628660e-002
  8.5233812e-002
  8.4921626e-002
  8.6681574e-002
  9.0230967e-002
  9.5053544e-002
  1.0046251e-001
  1.0568066e-001
  1.0992825e-001
  1.1250801e-001
  1.1287753e-001
  1.1070055e-001
  1.0587143e-001
  9.8510784e-002
  8.8933485e-002
  7.7594067e-002
  6.5017134e-002
  5.1722157e-002
  3.8152572e-002
  2.4618250e-002
  1.1258477e-002
 -1.9702879e-003
 -1.5280956e-002
 -2.9019126e-002
 -4.3608608e-002
 -5.9486778e-002
 -7.7038468e-002
 -9.6536999e-002
 -1.1809972e-001
 -1.4166316e-001
 -1.6698017e-001
 -1.9363826e-001
 -2.2109553e-001
 -2.4872848e-001
 -2.7588449e-001
 -3.0193151e-001
 -3.2629844e-001
 -3.4850121e-001
 -3.6815225e-001
 -3.8495327e-001
 -3.9867452e-001
 -4.0912513e-001
 -4.1612088e-001
 -4.1945610e-001
 -4.1888537e-001
 -4.1411959e-001
 -4.0483828e-001
 -3.9071778e-001
 -3.7147207e-001
 -3.4690104e-001
 -3.1693953e-001
 -2.8170003e-001
 -2.4150240e-001
 -1.9688548e-001
 -1.4859799e-001
 -9.7568219e-002
 -4.4855396e-002
  8.4123876e-003
  6.1106899e-002
  1.1216748e-001
  1.6066025e-001
  2.0582261e-001
  2.4708848e-001
  2.8409277e-001
  3.1665582e-001
  3.4475148e-001
  3.6846424e-001
  3.8794224e-001
  4.0335311e-001
  4.1484894e-001
  4.2254490e-001
  4.2651399e-001
  4.2679776e-001
  4.2343028e-001
  4.1647068e-001
  4.0603833e-001
  3.9234399e-001
  3.7571108e-001
  3.5658247e-001
  3.3551036e-001
  3.1312918e-001
  2.9011409e-001
  2.6712976e-001
  2.4477554e-001
  2.2353414e-001
  2.0373031e-001
  1.8550508e-001
  1.6880898e-001
  1.5341560e-001
  1.3895378e-001
  1.2495483e-001
  1.1090897e-001
  9.6324405e-002
  8.0782045e-002
  6.3979742e-002
  4.5761444e-002
  2.6128742e-002
  5.2346837e-003
 -1.6637973e-002
 -3.9109989e-002
 -6.1744988e-002
 -8.4089096e-002
 -1.0570542e-001
 -1.2619911e-001
 -1.4523042e-001
 -1.6251529e-001
 -1.7781501e-001
 -1.9091821e-001
 -2.0161977e-001
 -2.0970152e-001
 -2.1491929e-001
 -2.1700006e-001
 -2.1565088e-001
 -2.1057960e-001
 -2.0152540e-001
 -1.8829526e-001
 -1.7080142e-001
 -1.4909444e-001
 -1.2338675e-001
 -9.4062624e-002
 -6.1672158e-002
 -2.6909149e-002
  9.4254953e-003
  4.6470950e-002
  8.3359126e-002
  1.1926688e-001
  1.5346199e-001
  1.8533779e-001
  2.1443329e-001
  2.4043698e-001
  2.6317525e-001
  2.8258798e-001
  2.9869571e-001
  3.1156355e-001
  3.2126742e-001
  3.2786750e-001
  3.3139264e-001
  3.3183762e-001
  3.2917319e-001
  3.2336692e-001
  3.1441119e-001
  3.0235366e-001
  2.8732508e-001
  2.6955982e-001
  2.4940536e-001
  2.2731880e-001
  2.0385007e-001
  1.7961355e-001
  1.5525136e-001
  1.3139264e-001
  1.0861372e-001
  8.7403819e-002
  6.8139894e-002
  5.1073087e-002
  3.6327313e-002
  2.3908940e-002
  1.3724944e-002
  5.6059082e-003
 -6.7021998e-004
 -5.3574580e-003
 -8.7272022e-003
 -1.1061380e-002
 -1.2653385e-002
 -1.3815231e-002
 -1.4887987e-002
 -1.6251680e-002
 -1.8330627e-002
 -2.1590605e-002
 -2.6525386e-002
 -3.3631809e-002
 -4.3374416e-002
 -5.6142621e-002
 -7.2204923e-002
 -9.1665746e-002
 -1.1443079e-001
 -1.4018622e-001
 -1.6839583e-001
 -1.9831816e-001
 -2.2904351e-001
 -2.5954808e-001
 -2.8876050e-001
 -3.1563418e-001
 -3.3921819e-001
 -3.5871941e-001
 -3.7354938e-001
 -3.8335154e-001
 -3.8800641e-001
 -3.8761513e-001
 -3.8246437e-001
 -3.7297758e-001
 -3.5965927e-001
 -3.4303933e-001
 -3.2362429e-001
 -3.0186109e-001
 -2.7811678e-001
 -2.5267571e-001
 -2.2575260e-001
 -1.9751832e-001
 -1.6813311e-001
 -1.3778113e-001
 -1.0670048e-001
 -7.5203320e-002
 -4.3682669e-002
 -1.2604311e-002
  1.7515273e-002
  4.6142018e-002
  7.2763742e-002
  9.6930317e-002
  1.1828876e-001
  1.3660815e-001
  1.5179082e-001
  1.6386811e-001
  1.7298152e-001
  1.7935179e-001
  1.8324075e-001
  1.8491131e-001
  1.8459156e-001
  1.8244819e-001
  1.7857311e-001
  1.7298497e-001
  1.6564538e-001
  1.5648684e-001
  1.4544816e-001
  1.3251133e-001
  1.1773391e-001
  1.0127125e-001
  8.3384293e-002
  6.4430903e-002
  4.4840790e-002
  2.5076847e-002
  5.5876150e-003
 -1.3242804e-002
 -3.1140462e-002
 -4.7976317e-002
 -6.3784672e-002
 -7.8762022e-002
 -9.3245511e-002
 -1.0767296e-001
 -1.2252884e-001
 -1.3828255e-001
 -1.5532635e-001
 -1.7392056e-001
 -1.9415257e-001
 -2.1591456e-001
 -2.3890239e-001
 -2.6263529e-001
 -2.8649354e-001
 -3.0976893e-001
 -3.3172130e-001
 -3.5163415e-001
 -3.6886238e-001
 -3.8286691e-001
 -3.9323298e-001
 -3.9967115e-001
 -4.0200310e-001
 -4.0013593e-001
 -3.9403088e-001
 -3.8367251e-001
 -3.6904461e-001
 -3.5011757e-001
 -3.2685008e-001
 -2.9920572e-001
 -2.6718229e-001
 -2.3084951e-001
 -1.9038913e-001
 -1.4613072e-001
 -9.8576461e-002
 -4.8409668e-002
  3.5162736e-003
  5.6209232e-002
  1.0858780e-001
  1.5954419e-001
  2.0801378e-001
  2.5304341e-001
  2.9385044e-001
  3.2986557e-001
  3.6075429e-001
  3.8641475e-001
  4.0695259e-001
  4.2263643e-001
  4.3384003e-001
  4.4097917e-001
  4.4445137e-001
  4.4458664e-001
  4.4161528e-001
  4.3565689e-001
  4.2673110e-001
  4.1478802e-001
  3.9975327e-001
  3.8158049e-001
  3.6030320e-001
  3.3607790e-001
  3.0921152e-001
  2.8016855e-001
  2.4955596e-001
  2.1808729e-001
  1.8653006e-001
  1.5564314e-001
  1.2611229e-001
  9.8491971e-002
  7.3161439e-002
  5.0300460e-002
  2.9887903e-002
  1.1723078e-002
 -4.5332723e-003
 -1.9304080e-002
 -3.3034688e-002
 -4.6133493e-002
 -5.8922340e-002
 -7.1602970e-002
 -8.4243411e-002
 -9.6785235e-002
 -1.0906956e-001
 -1.2087693e-001
 -1.3197415e-001
 -1.4216035e-001
 -1.5130437e-001
 -1.5936736e-001
 -1.6640627e-001
 -1.7255736e-001
 -1.7800139e-001
 -1.8291576e-001
 -1.8742041e-001
 -1.9152622e-001
 -1.9509412e-001
 -1.9781227e-001
 -1.9919644e-001
 -1.9861538e-001
 -1.9533995e-001
 -1.8861100e-001
 -1.7771863e-001
 -1.6208346e-001
 -1.4132991e-001
 -1.1534229e-001
 -8.4296532e-002
 -4.8663249e-002
 -9.1813445e-003
  3.3194821e-002
  7.7368496e-002
  1.2218511e-001
  1.6651833e-001
  2.0934744e-001
  2.4981756e-001
  2.8727614e-001
  3.2128296e-001
  3.5159424e-001
  3.7812484e-001
  4.0089556e-001
  4.1997424e-001
  4.3542003e-001
  4.4723938e-001
  4.5536023e-001
  4.5962829e-001
  4.5982557e-001
  4.5570805e-001
  4.4705653e-001
  4.3373236e-001
  4.1572917e-001
  3.9321189e-001
  3.6653632e-001
  3.3624491e-001
  3.0303814e-001
  2.6772414e-001
  2.3115247e-001
  1.9414051e-001
  1.5740209e-001
  1.2148780e-001
  8.6745372e-002
  5.3305444e-002
  2.1095200e-002
 -1.0121856e-002
 -4.0685000e-002
 -7.0962345e-002
 -1.0127374e-001
 -1.3182097e-001
 -1.6263471e-001
 -1.9354572e-001
 -2.2418427e-001
 -2.5400818e-001
 -2.8235599e-001
 -3.0851818e-001
 -3.3181716e-001
 -3.5168520e-001
 -3.6772997e-001
 -3.7977873e-001
 -3.8789522e-001
 -3.9236680e-001
 -3.9366338e-001
 -3.9237352e-001
 -3.8912587e-001
 -3.8450639e-001
 -3.7898209e-001
 -3.7284119e-001
 -3.6615740e-001
 -3.5878290e-001
 -3.5037069e-001
 -3.4042315e-001
 -3.2836034e-001
 -3.1359904e-001
 -2.9563226e-001
 -2.7409922e-001
 -2.4883704e-001
 -2.1990831e-001
 -1.8760169e-001
 -1.5240680e-001
 -1.1496753e-001
 -7.6021124e-002
 -3.6331779e-002
  3.3719890e-003
  4.2447869e-002
  8.0371851e-002
  1.1674850e-001
  1.5129929e-001
  1.8383223e-001
  2.1419869e-001
  2.4224519e-001
  2.6776873e-001
  2.9048348e-001
  3.1000520e-001
  3.2585678e-001
  3.3749538e-001
  3.4435842e-001
  3.4592245e-001
  3.4176736e-001
  3.3163692e-001
  3.1548717e-001
  2.9351561e-001
  2.6616635e-001
  2.3410989e-001
  1.9819912e-001
  1.5940665e-001
  1.1875082e-001
  7.7219167e-002
  3.5698779e-002
 -5.0785407e-003
 -4.4569902e-002
 -8.2430539e-002
 -1.1849851e-001
 -1.5275808e-001
 -1.8528771e-001
 -2.1620050e-001
 -2.4558577e-001
 -2.7345995e-001
 -2.9973373e-001
 -3.2419949e-001
 -3.4654069e-001
 -3.6636121e-001
 -3.8323019e-001
 -3.9673559e-001
 -4.0653869e-001
 -4.1242145e-001
 -4.1432011e-001
 -4.1234008e-001
 -4.0675004e-001
 -3.9795604e-001
 -3.8645921e-001
 -3.7280296e-001
 -3.5751690e-001
 -3.4106506e-001
 -3.2380541e-001
 -3.0596572e-001
 -2.8763880e-001
 -2.6879691e-001
 -2.4932288e-001
 -2.2905276e-001
 -2.0782351e-001
 -1.8551844e-001
 -1.6210370e-001
 -1.3765038e-001
 -1.1233902e-001
 -8.6445931e-002
 -6.0313388e-002
 -3.4308234e-002
 -8.7750384e-003
  1.6009114e-002
  3.9871314e-002
  6.2765294e-002
  8.4775916e-002
  1.0610446e-001
  1.2703619e-001
  1.4789418e-001
  1.6898539e-001
  1.9054605e-001
  2.1269362e-001
  2.3539183e-001
  2.5843348e-001
  2.8144345e-001
  3.0390164e-001
  3.2518299e-001
  3.4460972e-001
  3.6150903e-001
  3.7526945e-001
  3.8538901e-001
  3.9150993e-001
  3.9343622e-001
  3.9113344e-001
  3.8471166e-001
  3.7439550e-001
  3.6048624e-001
  3.4332200e-001
  3.2324199e-001
  3.0055964e-001
  2.7554812e-001
  2.4843931e-001
  2.1943562e-001
  1.8873131e-001
  1.5653917e-001
  1.2311719e-001
  8.8789865e-002
  5.3959818e-002
  1.9106813e-002
 -1.5226874e-002
 -4.8463475e-002
 -8.0026002e-002
 -1.0937909e-001
 -1.3606889e-001
 -1.5975639e-001
 -1.8023943e-001
 -1.9746006e-001
 -2.1149596e-001
 -2.2253673e-001
 -2.3084818e-001
 -2.3672914e-001
 -2.4046669e-001
 -2.4229561e-001
 -2.4236766e-001
 -2.4073449e-001
 -2.3734649e-001
 -2.3206735e-001
 -2.2470217e-001
 -2.1503482e-001
 -2.0286930e-001
 -1.8806898e-001
 -1.7058833e-001
 -1.5049259e-001
 -1.2796264e-001
 -1.0328459e-001
 -7.6825606e-002
 -4.8999643e-002
 -2.0227876e-002
  9.1002979e-003
  3.8660269e-002
  6.8214529e-002
  9.7621259e-002
  1.2682811e-001
  1.5585228e-001
  1.8474994e-001
  2.1357957e-001
  2.4236462e-001
  2.7106104e-001
  2.9953427e-001
  3.2754911e-001
  3.5477381e-001
  3.8079774e-001
  4.0515989e-001
  4.2738409e-001
  4.4701564e-001
  4.6365416e-001
  4.7697780e-001
  4.8675568e-001
  4.9284685e-001
  4.9518651e-001
  4.9376215e-001
  4.8858369e-001
  4.7965315e-001
  4.6693922e-001
  4.5036167e-001
  4.2978925e-001
  4.0505261e-001
  3.7597166e-001
  3.4239446e-001
  3.0424296e-001
  2.6155942e-001
  2.1454714e-001
  1.6359924e-001
  1.0931080e-001
  5.2471386e-002
 -5.9622620e-003
 -6.4911553e-002
 -1.2323478e-001
 -1.7979322e-001
 -2.3351751e-001
 -2.8346707e-001
 -3.2887639e-001
 -3.6918351e-001
 -4.0403848e-001
 -4.3329181e-001
 -4.5696587e-001
 -4.7521373e-001
 -4.8827168e-001
 -4.9641207e-001
 -4.9990266e-001
 -4.9897757e-001
 -4.9382284e-001
 -4.8457755e-001
 -4.7134886e-001
 -4.5423756e-001
 -4.3336901e-001
 -4.0892365e-001
 -3.8116168e-001
 -3.5043706e-001
 -3.1719817e-001
 -2.8197408e-001
 -2.4534797e-001
 -2.0792121e-001
 -1.7027288e-001
 -1.3292071e-001
 -9.6288940e-002
 -6.0688083e-002
 -2.6309569e-002
  6.7635693e-003
  3.8531309e-002
  6.9039967e-002
  9.8339412e-002
  1.2644029e-001
  1.5327758e-001
  1.7868590e-001
  2.0239073e-001
  2.2401709e-001
  2.4311528e-001
  2.5920067e-001
  2.7180231e-001
  2.8051435e-001
  2.8504316e-001
  2.8524394e-001
  2.8114175e-001
  2.7293386e-001
  2.6097304e-001
  2.4573355e-001
  2.2776434e-001
  2.0763518e-001
  1.8588284e-001
  1.6296394e-001
  1.3922063e-001
  1.1486295e-001
  8.9970060e-002
  6.4509386e-002
  3.8370865e-002
  1.1411061e-002
 -1.6499021e-002
 -4.5429157e-002
 -7.5354265e-002
 -1.0613268e-001
 -1.3750108e-001
 -1.6908646e-001
 -2.0043312e-001
 -2.3104074e-001
 -2.6040777e-001
 -2.8807432e-001
 -3.1365820e-001
 -3.3687957e-001
 -3.5757076e-001
 -3.7567053e-001
 -3.9120387e-001
 -4.0425090e-001
 -4.1490976e-001
 -4.2325926e-001
 -4.2932720e-001
 -4.3306918e-001
 -4.3436143e-001
 -4.3300895e-001
 -4.2876805e-001
 -4.2138036e-001
 -4.1061349e-001
 -3.9630280e-001
 -3.7838812e-001
 -3.5694023e-001
 -3.3217326e-001
 -3.0444080e-001
 -2.7421618e-001
 -2.4205913e-001
 -2.0857321e-001
 -1.7435947e-001
 -1.3997225e-001
 -1.0588278e-001
 -7.2455017e-002
 -3.9936408e-002
 -8.4641912e-003
  2.1914392e-002
  5.1211463e-002
  7.9462384e-002
  1.0668974e-001
  1.3287293e-001
  1.5792785e-001
  1.8169980e-001
  2.0397043e-001
  2.2447777e-001
  2.4294609e-001
  2.5912113e-001
  2.7280521e-001
  2.8388666e-001
  2.9235911e-001
  2.9832709e-001
  3.0199678e-001
  3.0365280e-001
  3.0362369e-001
  3.0224095e-001
  2.9979685e-001
  2.9650724e-001
  2.9248425e-001
  2.8772314e-001
  2.8210517e-001
  2.7541641e-001
  2.6738034e-001
  2.5769978e-001
  2.4610289e-001
  2.3238700e-001
  2.1645457e-001
  1.9833634e-001
  1.7819887e-001
  1.5633523e-001
  1.3314036e-001
  1.0907433e-001
  8.4618409e-002
  6.0229856e-002
  3.6301322e-002
  1.3130102e-002
 -9.0988922e-003
 -3.0314512e-002
 -5.0545286e-002
 -6.9892136e-002
 -8.8491907e-002
 -1.0647684e-001
 -1.2393559e-001
 -1.4088098e-001
 -1.5722882e-001
 -1.7279011e-001
 -1.8727765e-001
 -2.0032550e-001
 -2.1151853e-001
 -2.2042767e-001
 -2.2664618e-001
 -2.2982213e-001
 -2.2968320e-001
 -2.2605106e-001
 -2.1884449e-001
 -2.0807184e-001
 -1.9381521e-001
 -1.7620978e-001
 -1.5542238e-001
 -1.3163322e-001
 -1.0502415e-001
 -7.5775481e-002
 -4.4071966e-002
 -1.0116754e-002
  2.5849133e-002
  6.3525526e-002
  1.0253418e-001
  1.4240628e-001
  1.8257962e-001
  2.2240752e-001
  2.6117982e-001
  2.9815452e-001
  3.3259712e-001
  3.6382336e-001
  3.9124046e-001
  4.1438199e-001
  4.3293216e-001
  4.4673658e-001
  4.5579830e-001
  4.6025988e-001
  4.6037383e-001
  4.5646558e-001
  4.4889371e-001
  4.3801268e-001
  4.2414278e-001
  4.0755082e-001
  3.8844360e-001
  3.6697427e-001
  3.4325995e-001
  3.1740704e-001
  2.8954008e-001
  2.5982901e-001
  2.2851028e-001
  1.9589805e-001
  1.6238320e-001
  1.2841970e-001
  9.4499674e-002
  6.1120385e-002
  2.8747298e-002
 -2.2216706e-003
 -3.1485883e-002
 -5.8861536e-002
 -8.4288272e-002
 -1.0782180e-001
 -1.2961344e-001
 -1.4987916e-001
 -1.6886225e-001
 -1.8679452e-001
 -2.0386098e-001
 -2.2017263e-001
 -2.3575057e-001
 -2.5052313e-001
 -2.6433602e-001
 -2.7697324e-001
 -2.8818563e-001
 -2.9772238e-001
 -3.0536098e-001
 -3.1093099e-001
 -3.1432856e-001
 -3.1551965e-001
 -3.1453197e-001
 -3.1143733e-001
 -3.0632761e-001
 -2.9928858e-001
 -2.9037627e-001
 -2.7960009e-001
 -2.6691625e-001
 -2.5223314e-001
 -2.3542882e-001
 -2.1637877e-001
 -1.9499036e-001
 -1.7123949e-001
 -1.4520404e-001
 -1.1708914e-001
 -8.7240268e-002
 -5.6141250e-002
 -2.4396754e-002
  7.2996129e-003
  3.8208287e-002
  6.7593109e-002
  9.4771451e-002
  1.1915937e-001
  1.4030665e-001
  1.5791792e-001
  1.7185780e-001
  1.8214019e-001
  1.8890361e-001
  1.9237663e-001
  1.9283810e-001
  1.9057792e-001
  1.8586331e-001
  1.7891506e-001
  1.6989624e-001
  1.5891434e-001
  1.4603554e-001
  1.3130830e-001
  1.1479194e-001
  9.6585465e-002
  7.6851453e-002
  5.5831222e-002
  3.3848213e-002
  1.1298640e-002
 -1.1369816e-002
 -3.3688706e-002
 -5.5204968e-002
 -7.5517804e-002
 -9.4311392e-002
 -1.1137914e-001
 -1.2663636e-001
 -1.4011978e-001
 -1.5197428e-001
 -1.6242866e-001
 -1.7176414e-001
 -1.8027964e-001
 -1.8825865e-001
 -1.9594188e-001
 -2.0350870e-001
 -2.1106939e-001
 -2.1866805e-001
 -2.2629464e-001
 -2.3390327e-001
 -2.4143280e-001
 -2.4882569e-001
 -2.5604132e-001
 -2.6306104e-001
 -2.6988377e-001
 -2.7651232e-001
 -2.8293264e-001
 -2.8908935e-001
 -2.9486183e-001
 -3.0004542e-001
 -3.0434182e-001
 -3.0736161e-001
 -3.0864027e-001
 -3.0766713e-001
 -3.0392477e-001
 -2.9693472e-001
 -2.8630439e-001
 -2.7176925e-001
 -2.5322519e-001
 -2.3074664e-001
 -2.0458777e-001
 -1.7516653e-001
 -1.4303296e-001
 -1.0882561e-001
 -7.3221262e-002
 -3.6884189e-002
 -4.2087772e-004
  3.5654194e-002
  7.0937984e-002
  1.0514163e-001
  1.3807696e-001
  1.6962943e-001
  1.9972203e-001
  2.2827577e-001
  2.5517306e-001
  2.8022965e-001
  3.0317957e-001
  3.2367588e-001
  3.4130754e-001
  3.5563053e-001
  3.6620949e-001
  3.7266414e-001
  3.7471464e-001
  3.7221955e-001
  3.6520128e-001
  3.5385548e-001
  3.3854287e-001
  3.1976435e-001
  2.9812249e-001
  2.7427399e-001
  2.4887909e-001
  2.2255400e-001
  1.9583194e-001
  1.6913694e-001
  1.4277310e-001
  1.1692920e-001
  9.1697191e-002
  6.7100618e-002
  4.3128261e-002
  1.9767540e-002
 -2.9674004e-003
 -2.5016989e-002
 -4.6269331e-002
 -6.6565624e-002
 -8.5716386e-002
 -1.0352527e-001
 -1.1981601e-001
 -1.3445760e-001
 -1.4738295e-001
 -1.5859737e-001
 -1.6817480e-001
 -1.7624167e-001
 -1.8295031e-001
 -1.8844546e-001
 -1.9282916e-001
 -1.9612909e-001
 -1.9827612e-001
 -1.9909483e-001
 -1.9830978e-001
 -1.9556771e-001
 -1.9047373e-001
 -1.8263748e-001
 -1.7172353e-001
 -1.5749966e-001
 -1.3987636e-001
 -1.1893223e-001
 -9.4921287e-002
 -6.8260713e-002
 -3.9500128e-002
 -9.2757741e-003
  2.1744760e-002
  5.2920421e-002
  8.3689852e-002
  1.1361305e-001
  1.4239620e-001
  1.6989651e-001
  1.9610662e-001
  2.2112065e-001
  2.4508668e-001
  2.6815198e-001
  2.9040867e-001
  3.1184705e-001
  3.3232324e-001
  3.5154564e-001
  3.6908244e-001
  3.8438956e-001
  3.9685574e-001
  4.0585937e-001
  4.1083004e-001
  4.1130733e-001
  4.0698974e-001
  3.9776797e-001
  3.8373885e-001
  3.6519889e-001
  3.4261858e-001
  3.1660161e-001
  2.8783413e-001
  2.5703095e-001
  2.2488504e-001
  1.9202622e-001
  1.5899312e-001
  1.2622069e-001
  9.4042809e-002
  6.2707800e-002
  3.2402685e-002
  3.2809533e-003
 -2.4511505e-002
 -5.0817144e-002
 -7.5457681e-002
 -9.8236820e-002
 -1.1895436e-001
 -1.3742922e-001
 -1.5352738e-001
 -1.6718961e-001
 -1.7845380e-001
 -1.8746728e-001
 -1.9448580e-001
 -1.9985790e-001
 -2.0399539e-001
 -2.0733303e-001
 -2.1028197e-001
 -2.1318292e-001
 -2.1626525e-001
 -2.1961755e-001
 -2.2317412e-001
 -2.2671964e-001
 -2.2991196e-001
 -2.3232065e-001
 -2.3347674e-001
 -2.3292758e-001
 -2.3029002e-001
 -2.2529532e-001
 -2.1782012e-001
 -2.0789986e-001
 -1.9572310e-001
 -1.8160782e-001
 -1.6596307e-001
 -1.4924134e-001
 -1.3188796e-001
 -1.1429427e-001
 -9.6760658e-002
 -7.9474046e-002
 -6.2502347e-002
 -4.5806162e-002
 -2.9265492e-002
 -1.2717286e-002
  4.0017394e-003
  2.1013238e-002
  3.8362210e-002
  5.5993652e-002
  7.3743960e-002
  9.1347972e-002
  1.0846035e-001
  1.2468797e-001
  1.3962847e-001
  1.5290935e-001
  1.6422217e-001
  1.7334703e-001
  1.8016419e-001
  1.8465176e-001
  1.8687017e-001
  1.8693643e-001
  1.8499247e-001
  1.8117282e-001
  1.7557673e-001
  1.6824942e-001
  1.5917535e-001
  1.4828479e-001
  1.3547273e-001
  1.2062736e-001
  1.0366359e-001
  8.4556527e-002
  6.3369307e-002
  4.0270799e-002
  1.5539803e-002
 -1.0445520e-002
 -3.7232159e-002
 -6.4327767e-002
 -9.1242542e-002
 -1.1753178e-001
 -1.4283319e-001
 -1.6689355e-001
 -1.8958089e-001
 -2.1088016e-001
 -2.3087270e-001
 -2.4970222e-001
 -2.6753195e-001
 -2.8449872e-001
 -3.0067071e-001
 -3.1601484e-001
 -3.3037861e-001
 -3.4348952e-001
 -3.5497241e-001
 -3.6438296e-001
 -3.7125303e-001
 -3.7514204e-001
 -3.7568761e-001
 -3.7264875e-001
 -3.6593568e-001
 -3.5562255e-001
 -3.4194098e-001
 -3.2525569e-001
 -3.0602520e-001
 -2.8475306e-001
 -2.6193623e-001
 -2.3801732e-001
 -2.1334715e-001
 -1.8816242e-001
 -1.6258103e-001
 -1.3661538e-001
 -1.1020122e-001
 -8.3237466e-002
 -5.5631052e-002
 -2.7340017e-002
  1.5914974e-003
  3.1011554e-002
  6.0655238e-002
  9.0156790e-002
  1.1907733e-001
  1.4694419e-001
  1.7329604e-001
  1.9772737e-001
  2.1992567e-001
  2.3969577e-001
  2.5696787e-001
  2.7178770e-001
  2.8429025e-001
  2.9466086e-001
  3.0308915e-001
  3.0972279e-001
  3.1462795e-001
  3.1776265e-001
  3.1896745e-001
  3.1797548e-001
  3.1444115e-001
  3.0798425e-001
  2.9824375e-001
  2.8493425e-001
  2.6789744e-001
  2.4714130e-001
  2.2286161e-001
  1.9544220e-001
  1.6543354e-001
  1.3351196e-001
  1.0042449e-001
  6.6926144e-002
  3.3717726e-002
  1.3919845e-003
 -2.9605077e-002
 -5.8992936e-002
 -8.6653267e-002
 -1.1260553e-001
 -1.3696515e-001
 -1.5989039e-001
 -1.8152544e-001
 -2.0194786e-001
 -2.2112775e-001
 -2.3890441e-001
 -2.5498391e-001
 -2.6895796e-001
 -2.8034172e-001
 -2.8862537e-001
 -2.9333261e-001
 -2.9407813e-001
 -2.9061644e-001
 -2.8287536e-001
 -2.7096995e-001
 -2.5519498e-001
 -2.3599721e-001
 -2.1393125e-001
 -1.8960511e-001
 -1.6362275e-001
 -1.3653123e-001
 -1.0877934e-001
 -8.0692798e-002
 -5.2468733e-002
 -2.4189419e-002
  4.1475386e-003
  3.2587628e-002
  6.1173099e-002
  8.9899103e-002
  1.1867910e-001
  1.4732487e-001
  1.7554441e-001
  2.0295812e-001
  2.2913125e-001
  2.5361797e-001
  2.7601064e-001
  2.9598719e-001
  3.1334948e-001
  3.2804672e-001
  3.4018016e-001
  3.4998770e-001
  3.5780991e-001
  3.6404164e-001
  3.6907535e-001
  3.7324357e-001
  3.7676815e-001
  3.7972313e-001
  3.8201630e-001
  3.8339207e-001
  3.8345552e-001
  3.8171468e-001
  3.7763572e-001
  3.7070405e-001
  3.6048372e-001
  3.4666771e-001
  3.2911302e-001
  3.0785666e-001
  2.8311113e-001
  2.5524074e-001
  2.2472262e-001
  1.9209815e-001
  1.5792182e-001
  1.2271425e-001
  8.6925768e-002
  5.0914736e-002
  1.4943062e-002
 -2.0811630e-002
 -5.6229838e-002
 -9.1214784e-002
 -1.2565377e-001
 -1.5938269e-001
 -1.9215942e-001
 -2.2365070e-001
 -2.5343469e-001
 -2.8101937e-001
 -3.0587459e-001
 -3.2747322e-001
 -3.4533603e-001
 -3.5907390e-001
 -3.6842165e-001
 -3.7325873e-001
 -3.7361412e-001
 -3.6965478e-001
 -3.6165960e-001
 -3.4998252e-001
 -3.3501043e-001
 -3.1712173e-001
 -2.9665153e-001
 -2.7386841e-001
 -2.4896596e-001
 -2.2207000e-001
 -1.9326012e-001
 -1.6260214e-001
 -1.3018628e-001
 -9.6164922e-002
 -6.0783913e-002
 -2.4402119e-002
  1.2504465e-002
  4.9355554e-002
  8.5495501e-002
  1.2023515e-001
  1.5290155e-001
  1.8288932e-001
  2.0970704e-001
  2.3301265e-001
  2.5263321e-001
  2.6856642e-001
  2.8096375e-001
  2.9009716e-001
  2.9631398e-001
  2.9998571e-001
  3.0145713e-001
  3.0100248e-001
  2.9879380e-001
  2.9488518e-001
  2.8921452e-001
  2.8162169e-001
  2.7188018e-001
  2.5973740e-001
  2.4495784e-001
  2.2736311e-001
  2.0686354e-001
  1.8347743e-001
  1.5733585e-001
  1.2867318e-001
  9.7805504e-002
  6.5100758e-002
  3.0945551e-002
 -4.2860012e-003
 -4.0256679e-002
 -7.6680159e-002
 -1.1332274e-001
 -1.4999289e-001
 -1.8652069e-001
 -2.2273102e-001
 -2.5841503e-001
 -2.9330548e-001
 -3.2706025e-001
 -3.5925788e-001
 -3.8940680e-001
 -4.1696811e-001
 -4.4138954e-001
 -4.6214665e-001
 -4.7878582e-001
 -4.9096345e-001
 -4.9847575e-001
 -5.0127506e-001
 -4.9946985e-001
 -4.9330834e-001
 -4.8314738e-001
 -4.6941066e-001
 -4.5254151e-001
 -4.3295672e-001
 -4.1100747e-001
 -3.8695253e-001
 -3.6094764e-001
 -3.3305217e-001
 -3.0325255e-001
 -2.7149899e-001
 -2.3775056e-001
 -2.0202248e-001
 -1.6442883e-001
 -1.2521483e-001
 -8.4773830e-002
 -4.3646269e-002
 -2.5002645e-003
  3.7904294e-002
  7.6764042e-002
  1.1328721e-001
  1.4674906e-001
  1.7654132e-001
  2.0221014e-001
  2.2347865e-001
  2.4025237e-001
  2.5260767e-001
  2.6076593e-001
  2.6505745e-001
  2.6588030e-001
  2.6365969e-001
  2.5881274e-001
  2.5172258e-001
  2.4272386e-001
  2.3210001e-001
  2.2009064e-001
  2.0690609e-001
  1.9274495e-001
  1.7781036e-001
  1.6232104e-001
  1.4651440e-001
  1.3064023e-001
  1.1494557e-001
  9.9652710e-002
  8.4934140e-002
  7.0888495e-002
  5.7522244e-002
  4.4740972e-002
  3.2353017e-002
  2.0086479e-002
  7.6186609e-003
 -5.3848771e-003
 -1.9226099e-002
 -3.4130535e-002
 -5.0209314e-002
 -6.7432389e-002
 -8.5616901e-002
 -1.0443278e-001
 -1.2342545e-001
 -1.4205341e-001
 -1.5973618e-001
 -1.7590705e-001
 -1.9006415e-001
 -2.0181343e-001
 -2.1089846e-001
 -2.1721340e-001
 -2.2079774e-001
 -2.2181390e-001
 -2.2051095e-001
 -2.1717949e-001
 -2.1210398e-001
 -2.0551894e-001
 -1.9757501e-001
 -1.8831932e-001
 -1.7769275e-001
 -1.6554422e-001
 -1.5165999e-001
 -1.3580372e-001
 -1.1776174e-001
 -9.7387297e-002
 -7.4637609e-002
 -4.9598821e-002
 -2.2495403e-002
  6.3171931e-003
  3.6375549e-002
  6.7143845e-002
  9.8057191e-002
  1.2856700e-001
  1.5818256e-001
  1.8650365e-001
  2.1324034e-001
  2.3821809e-001
  2.6136836e-001
  2.8270681e-001
  3.0230306e-001
  3.2024680e-001
  3.3661553e-001
  3.5144863e-001
  3.6473135e-001
  3.7639074e-001
  3.8630345e-001
  3.9431347e-001
  4.0025658e-001
  4.0398681e-001
  4.0540041e-001
  4.0445280e-001
  4.0116558e-001
  3.9562199e-001
  3.8795137e-001
  3.7830499e-001
  3.6682712e-001
  3.5362651e-001
  3.3875324e-001
  3.2218588e-001
  3.0383197e-001
  2.8354344e-001
  2.6114608e-001
  2.3647981e-001
  2.0944483e-001
  1.8004721e-001
  1.4843710e-001
  1.1493316e-001
  8.0028333e-002
  4.4374088e-002
  8.7431890e-003
 -2.6026268e-002
 -5.9100032e-002
 -8.9722541e-002
 -1.1728867e-001
 -1.4140350e-001
 -1.6192212e-001
 -1.7896375e-001
 -1.9289703e-001
 -2.0429682e-001
 -2.1387625e-001
 -2.2240087e-001
 -2.3059387e-001
 -2.3904287e-001
 -2.4811889e-001
 -2.5791670e-001
 -2.6822386e-001
 -2.7852253e-001
 -2.8802444e-001
 -2.9573595e-001
 -3.0054688e-001
 -3.0133405e-001
 -2.9706905e-001
 -2.8691962e-001
 -2.7033444e-001
 -2.4710346e-001
 -2.1738836e-001
 -1.8172113e-001
 -1.4097176e-001
 -9.6289517e-002
 -4.9024048e-002
 -6.3482341e-004
  4.7402616e-002
  9.3685125e-002
  1.3695807e-001
  1.7617386e-001
  2.1052992e-001
  2.3948550e-001
  2.6275868e-001
  2.8030687e-001
  2.9229488e-001
  2.9905533e-001
  3.0104583e-001
  2.9880681e-001
  2.9292271e-001
  2.8398829e-001
  2.7258065e-001
  2.5923673e-001
  2.4443541e-001
  2.2858353e-001
  2.1200485e-001
  1.9493184e-001
  1.7750039e-001
  1.5974830e-001
  1.4161845e-001
  1.2296789e-001
  1.0358358e-001
  8.3205072e-002
  6.1553443e-002
  3.8365007e-002
  1.3427272e-002
 -1.3386051e-002
 -4.2084579e-002
 -7.2538889e-002
 -1.0446929e-001
 -1.3744781e-001
 -1.7091423e-001
 -2.0420540e-001
 -2.3659565e-001
 -2.6734482e-001
 -2.9574933e-001
 -3.2119145e-001
 -3.4318178e-001
 -3.6139096e-001
 -3.7566730e-001
 -3.8603911e-001
 -3.9270157e-001
 -3.9599007e-001
 -3.9634309e-001
 -3.9425867e-001
 -3.9024925e-001
 -3.8479914e-001
 -3.7832876e-001
 -3.7116839e-001
 -3.6354324e-001
 -3.5556986e-001
 -3.4726312e-001
 -3.3855143e-001
 -3.2929768e-001
 -3.1932274e-001
 -3.0842882e-001
 -2.9642029e-001
 -2.8312056e-001
 -2.6838425e-001
 -2.5210496e-001
 -2.3421933e-001
 -2.1470885e-001
 -1.9360055e-001
 -1.7096772e-001
 -1.4693136e-001
 -1.2166240e-001
 -9.5383946e-002
 -6.8372736e-002
 -4.0958178e-002
 -1.3517767e-002
  1.3532265e-002
  3.9751543e-002
  6.4695084e-002
  8.7936676e-002
  1.0909418e-001
  1.2785425e-001
  1.4399379e-001
  1.5739535e-001
  1.6805444e-001
  1.7607736e-001
  1.8166918e-001
  1.8511292e-001
  1.8674177e-001
  1.8690739e-001
  1.8594749e-001
  1.8415648e-001
  1.8176210e-001
  1.7891072e-001
  1.7566244e-001
  1.7199613e-001
  1.6782327e-001
  1.6300841e-001
  1.5739303e-001
  1.5081975e-001
  1.4315353e-001
  1.3429735e-001
  1.2420069e-001
  1.1286039e-001
  1.0031454e-001
  8.6631177e-002
  7.1894456e-002
  5.6190952e-002
  3.9599068e-002
  2.2183635e-002
  3.9970014e-003
 -1.4913267e-002
 -3.4491165e-002
 -5.4655624e-002
 -7.5283355e-002
 -9.6194318e-002
 -1.1714279e-001
 -1.3781629e-001
 -1.5784358e-001
 -1.7681165e-001
 -1.9429003e-001
 -2.0985999e-001
 -2.2314467e-001
 -2.3383651e-001
 -2.4171791e-001
 -2.4667218e-001
 -2.4868299e-001
 -2.4782200e-001
 -2.4422606e-001
 -2.3806695e-001
 -2.2951768e-001
 -2.1872013e-001
 -2.0575889e-001
 -1.9064513e-001
 -1.7331358e-001
 -1.5363354e-001
 -1.3143327e-001
 -1.0653483e-001
 -7.8795399e-002
 -4.8149460e-002
 -1.4646350e-002
  2.1522198e-002
  6.0008668e-002
  1.0031298e-001
  1.4180274e-001
  1.8374863e-001
  2.2537127e-001
  2.6589410e-001
  3.0459625e-001
  3.4085899e-001
  3.7420045e-001
  4.0429444e-001
  4.3097146e-001
  4.5420214e-001
  4.7406561e-001
  4.9070730e-001
  5.0429184e-001
  5.1495747e-001
  5.2277812e-001
  5.2773802e-001
  5.2972231e-001
  5.2852466e-001
  5.2387100e-001
  5.1545593e-001
  5.0298702e-001
  4.8623122e-001
  4.6505710e-001
  4.3946770e-001
  4.0961967e-001
  3.7582655e-001
  3.3854596e-001
  2.9835262e-001
  2.5590103e-001
  2.1188261e-001
  1.6698286e-001
  1.2184373e-001
  7.7035520e-002
  3.3040973e-002
 -9.7474800e-003
 -5.1018375e-002
 -9.0522513e-002
 -1.2804889e-001
 -1.6339989e-001
 -1.9637021e-001
 -2.2673339e-001
 -2.5423818e-001
 -2.7861571e-001
 -2.9959610e-001
 -3.1693212e-001
 -3.3042573e-001
 -3.3995321e-001
 -3.4548439e-001
 -3.4709234e-001
 -3.4495136e-001
 -3.3932265e-001
 -3.3052923e-001
 -3.1892296e-001
 -3.0484832e-001
 -2.8860787e-001
 -2.7043465e-001
 -2.5047563e-001
 -2.2878919e-001
 -2.0535759e-001
 -1.8011321e-001
 -1.5297552e-001
 -1.2389391e-001
 -9.2890771e-002
 -6.0098523e-002
 -2.5785454e-002
  9.6339355e-003
  4.5606174e-002
  8.1463578e-002
  1.1646415e-001
  1.4984222e-001
  1.8086403e-001
  2.0888157e-001
  2.3337852e-001
  2.5400260e-001
  2.7058090e-001
  2.8311642e-001
  2.9176692e-001
  2.9680893e-001
  2.9859210e-001
  2.9748963e-001
  2.9385148e-001
  2.8796591e-001
  2.8003417e-001
  2.7016079e-001
  2.5836012e-001
  2.4457717e-001
  2.2871927e-001
  2.1069335e-001
  1.9044317e-001
  1.6798106e-001
  1.4340946e-001
  1.1692934e-001
  8.8834469e-002
  5.9492474e-002
  2.9315777e-002
 -1.2733374e-003
 -3.1878301e-002
 -6.2159330e-002
 -9.1855527e-002
 -1.2079496e-001
 -1.4889147e-001
 -1.7612891e-001
 -2.0253550e-001
 -2.2815225e-001
 -2.5300052e-001
 -2.7705373e-001
 -3.0021768e-001
 -3.2232275e-001
 -3.4312926e-001
 -3.6234558e-001
 -3.7965655e-001
 -3.9475797e-001
 -4.0739243e-001
 -4.1738095e-001
 -4.2464579e-001
 -4.2922070e-001
 -4.3124696e-001
 -4.3095506e-001
 -4.2863461e-001
 -4.2459604e-001
 -4.1912949e-001
 -4.1246645e-001
 -4.0474946e-001
 -3.9601413e-001
 -3.8618620e-001
 -3.7509417e-001
 -3.6249589e-001
 -3.4811574e-001
 -3.3168741e-001
 -3.1299652e-001
 -2.9191751e-001
 -2.6843979e-001
 -2.4267980e-001
 -2.1487757e-001
 -1.8537835e-001
 -1.5460214e-001
 -1.2300541e-001
 -9.1040448e-002
 -5.9117961e-002
 -2.7577992e-002
  3.3269522e-003
  3.3434563e-002
  6.2661202e-002
  9.0978288e-002
  1.1838046e-001
  1.4485053e-001
  1.7032677e-001
  1.9467767e-001
  2.1768826e-001
  2.3906038e-001
  2.5842738e-001
  2.7538140e-001
  2.8950969e-001
  3.0043516e-001
  3.0785541e-001
  3.1157481e-001
  3.1152524e-001
  3.0777220e-001
  3.0050566e-001
  2.9001651e-001
  2.7666191e-001
  2.6082421e-001
  2.4286908e-001
  2.2310854e-001
  2.0177401e-001
  1.7900301e-001
  1.5484125e-001
  1.2925988e-001
  1.0218522e-001
  7.3536918e-002
  4.3269174e-002
  1.1409151e-002
 -2.1912678e-002
 -5.6444521e-002
 -9.1810069e-002
 -1.2752058e-001
 -1.6300055e-001
 -1.9762359e-001
 -2.3075350e-001
 -2.6178538e-001
 -2.9018124e-001
 -3.1549586e-001
 -3.3739002e-001
 -3.5563009e-001
 -3.7007506e-001
 -3.8065391e-001
 -3.8733745e-001
 -3.9010980e-001
 -3.8894432e-001
 -3.8378821e-001
 -3.7455865e-001
 -3.6115130e-001
 -3.4346020e-001
 -3.2140619e-001
 -2.9496950e-001
 -2.6422144e-001
 -2.2934995e-001
 -1.9067468e-001
 -1.4864839e-001
 -1.0384377e-001
 -5.6926313e-002
 -8.6164138e-003
  4.0354891e-002
  8.9290927e-002
  1.3756939e-001
  1.8467216e-001
  2.3020111e-001
  2.7387794e-001
  3.1552835e-001
  3.5505307e-001
  3.9238996e-001
  4.2747297e-001
  4.6019407e-001
  4.9037387e-001
  5.1774568e-001
  5.4195569e-001
  5.6257990e-001
  5.7915587e-001
  5.9122549e-001
  5.9838309e-001
  6.0032260e-001
  5.9687735e-001
  5.8804695e-001
  5.7400766e-001
  5.5510439e-001
  5.3182536e-001
  5.0476237e-001
  4.7456184e-001
  4.4187275e-001
  4.0729821e-001
  3.7135648e-001
  3.3445636e-001
  2.9688948e-001
  2.5883977e-001
  2.2040819e-001
  1.8164848e-001
  1.4260834e-001
  1.0336984e-001
  6.4082881e-002
  2.4986803e-002
 -1.3583133e-002
 -5.1205418e-002
 -8.7396796e-002
 -1.2164814e-001
 -1.5346664e-001
 -1.8241822e-001
 -2.0816435e-001
 -2.3048782e-001
 -2.4930401e-001
 -2.6465604e-001
 -2.7669455e-001
 -2.8564510e-001
 -2.9176784e-001
 -2.9531542e-001
 -2.9649494e-001
 -2.9543976e-001
 -2.9219493e-001
 -2.8671854e-001
 -2.7889868e-001
 -2.6858364e-001
 -2.5562088e-001
 -2.3989920e-001
 -2.2138791e-001
 -2.0016718e-001
 -1.7644502e-001
 -1.5055828e-001
 -1.2295702e-001
 -9.4174313e-002
 -6.4785289e-002
 -3.5360903e-002
 -6.4226283e-003
  2.1595897e-002
  4.8375196e-002
  7.3720886e-002
  9.7558044e-002
  1.1991017e-001
  1.4086604e-001
  1.6053960e-001
  1.7902869e-001
  1.9637892e-001
  2.1255794e-001
  2.2744388e-001
  2.4082976e-001
  2.5244320e-001
  2.6197856e-001
  2.6913680e-001
  2.7366712e-001
  2.7540419e-001
  2.7429526e-001
  2.7041292e-001
  2.6395119e-001
  2.5520511e-001
  2.4453619e-001
  2.3232845e-001
  2.1894070e-001
  2.0466195e-001
  1.8967583e-001
  1.7403936e-001
  1.5767901e-001
  1.4040487e-001
  1.2194123e-001
  1.0196957e-001
  8.0178354e-002
  5.6312864e-002
  3.0218620e-002
  1.8725066e-003
 -2.8602344e-002
 -6.0939758e-002
 -9.4751107e-002
 -1.2956023e-001
 -1.6484769e-001
 -2.0009814e-001
 -2.3484431e-001
 -2.6870151e-001
 -3.0138826e-001
 -3.3273042e-001
 -3.6264877e-001
 -3.9113240e-001
 -4.1820206e-001
 -4.4386945e-001
 -4.6809859e-001
 -4.9077538e-001
 -5.1169007e-001
 -5.3053558e-001
 -5.4692224e-001
 -5.6040711e-001
 -5.7053395e-001
 -5.7687824e-001
 -5.7909102e-001
 -5.7693534e-001
 -5.7031004e-001
 -5.5925776e-001
 -5.4395564e-001
 -5.2469054e-001
 -5.0182193e-001
 -4.7573817e-001
 -4.4681234e-001
 -4.1536415e-001
 -3.8163368e-001
 -3.4577069e-001
 -3.0784153e-001
 -2.6785265e-001
 -2.2578761e-001
 -1.8165238e-001
 -1.3552238e-001
 -8.7584367e-002
 -3.8166912e-002
  1.2245460e-002
  6.3017133e-002
  1.1338541e-001
  1.6250126e-001
  2.0948203e-001
  2.5346981e-001
  2.9368839e-001
  3.2949177e-001
  3.6039858e-001
  3.8610849e-001
  4.0649922e-001
  4.2160537e-001
  4.3158272e-001
  4.3666339e-001
  4.3710858e-001
  4.3316562e-001
  4.2503522e-001
  4.1285335e-001
  3.9668989e-001
  3.7656351e-001
  3.5247019e-001
  3.2442049e-001
  2.9247955e-001
  2.5680338e-001
  2.1766559e-001
  1.7547008e-001
  1.3074735e-001
  8.4134420e-002
  3.6340822e-002
 -1.1894779e-002
 -5.9851438e-002
 -1.0686978e-001
 -1.5238672e-001
 -1.9595633e-001
 -2.3725398e-001
 -2.7606346e-001
 -3.1224917e-001
 -3.4571770e-001
 -3.7637497e-001
 -4.0408530e-001
 -4.2863938e-001
 -4.4973613e-001
 -4.6698214e-001
 -4.7990961e-001
 -4.8801107e-001
 -4.9078679e-001
 -4.8779885e-001
 -4.7872478e-001
 -4.6340348e-001
 -4.4186709e-001
 -4.1435436e-001
 -3.8130322e-001
 -3.4332328e-001
 -3.0115154e-001
 -2.5559676e-001
 -2.0747947e-001
 -1.5757523e-001
 -1.0656795e-001
 -5.5019046e-002
 -3.3554471e-003
  4.8122608e-002
  9.9216274e-002
  1.4978968e-001
  1.9972469e-001
  2.4887587e-001
  2.9703275e-001
  3.4389499e-001
  3.8906452e-001
  4.3205570e-001
  4.7232248e-001
  5.0929833e-001
  5.4244356e-001
  5.7129289e-001
  5.9549648e-001
  6.1484838e-001
  6.2929818e-001
  6.3894405e-001
  6.4400805e-001
  6.4479729e-001
  6.4165635e-001
  6.3491795e-001
  6.2485913e-001
  6.1166924e-001
  5.9543474e-001
  5.7614316e-001
  5.5370591e-001
  5.2799695e-001
  4.9890169e-001
  4.6636943e-001
  4.3046127e-001
  3.9138658e-001
  3.4952216e-001
  3.0541058e-001
  2.5973714e-001
  2.1328777e-001
  1.6689271e-001
  1.2136303e-001
  7.7428028e-002
  3.5681373e-002
 -3.4569904e-003
 -3.9758504e-002
 -7.3181098e-002
 -1.0384270e-001
 -1.3197699e-001
 -1.5787760e-001
 -1.8183843e-001
 -2.0409819e-001
 -2.2479662e-001
 -2.4394816e-001
 -2.6143625e-001
 -2.7702853e-001
 -2.9041048e-001
 -3.0123220e-001
 -3.0916136e-001
 -3.1393454e-001
 -3.1539957e-001
 -3.1354249e-001
 -3.0849558e-001
 -3.0052492e-001
 -2.8999970e-001
 -2.7734735e-001
 -2.6300124e-001
 -2.4734846e-001
 -2.3068508e-001
 -2.1318576e-001
 -1.9489179e-001
 -1.7571967e-001
 -1.5548903e-001
 -1.3396597e-001
 -1.1091569e-001
 -8.6157003e-002
 -5.9610717e-002
 -3.1335062e-002
 -1.5428346e-003
  2.9402356e-002
  6.1010426e-002
  9.2706523e-002
  1.2388436e-001
  1.5396379e-001
  1.8244449e-001
  2.0894827e-001
  2.3324392e-001
  2.5525095e-001
  2.7502171e-001
  2.9270429e-001
  3.0849130e-001
  3.2256186e-001
  3.3502508e-001
  3.4587324e-001
  3.5495156e-001
  3.6194944e-001
  3.6641480e-001
  3.6779052e-001
  3.6546827e-001
  3.5885329e-001
  3.4743159e-001
  3.3083110e-001
  3.0886869e-001
  2.8157717e-001
  2.4920887e-001
  2.1221553e-001
  1.7120754e-001
  1.2689804e-001
  8.0039487e-002
  3.1361227e-002
 -1.8483919e-002
 -6.8957159e-002
 -1.1965097e-001
 -1.7028456e-001
 -2.2067909e-001
 -2.7071712e-001
 -3.2029287e-001
 -3.6926114e-001
 -4.1739279e-001
 -4.6434386e-001
 -5.0964309e-001
 -5.5270030e-001
 -5.9283474e-001
 -6.2931985e-001
 -6.6143850e-001
 -6.8854120e-001
 -7.1009928e-001
 -7.2574600e-001
 -7.3529987e-001
 -7.3876719e-001
 -7.3632385e-001
 -7.2827891e-001
 -7.1502551e-001
 -6.9698612e-001
 -6.7455992e-001
 -6.4807996e-001
 -6.1778590e-001
 -5.8381636e-001
 -5.4622169e-001
 -5.0499522e-001
 -4.6011822e-001
 -4.1161198e-001
 -3.5958917e-001
 -3.0429670e-001
 -2.4614362e-001
 -1.8570925e-001
 -1.2372999e-001
 -6.1065743e-002
  1.3499750e-003
  6.2569930e-002
  1.2169546e-001
  1.7793309e-001
  2.3063814e-001
  2.7934004e-001
  3.2374613e-001
  3.6372434e-001
  3.9926732e-001
  4.3044389e-001
  4.5734482e-001
  4.8003107e-001
  4.9849201e-001
  5.1261999e-001
  5.2220483e-001
  5.2694953e-001
  5.2650511e-001
  5.2051985e-001
  5.0869623e-001
  4.9084773e-001
  4.6694740e-001
  4.3716149e-001
  4.0186327e-001
  3.6162464e-001
  3.1718665e-001
  2.6941213e-001
  2.1922679e-001
  1.6755591e-001
  1.1526484e-001
  6.3110427e-002
  1.1709349e-002
 -3.8473543e-002
 -8.7116078e-002
 -1.3401122e-001
 -1.7902582e-001
 -2.2205229e-001
 -2.6296049e-001
 -3.0155724e-001
 -3.3755934e-001
 -3.7058419e-001
 -4.0015958e-001
 -4.2575128e-001
 -4.4680472e-001
 -4.6279516e-001
 -4.7327933e-001
 -4.7794171e-001
 -4.7662913e-001
 -4.6936921e-001
 -4.5637043e-001
 -4.3800395e-001
 -4.1477008e-001
 -3.8725401e-001
 -3.5607691e-001
 -3.2184889e-001
 -2.8512981e-001
 -2.4640253e-001
 -2.0606141e-001
 -1.6441631e-001
 -1.2171041e-001
 -7.8147676e-002
 -3.3925096e-002
  1.0736265e-002
  5.5566733e-002
  1.0023428e-001
  1.4434411e-001
  1.8745185e-001
  2.2908870e-001
  2.6879466e-001
  3.0615497e-001
  3.4083409e-001
  3.7260188e-001
  4.0134791e-001
  4.2708120e-001
  4.4991510e-001
  4.7003917e-001
  4.8768175e-001
  5.0306837e-001
  5.1638191e-001
  5.2773022e-001
  5.3712569e-001
  5.4447994e-001
  5.4961435e-001
  5.5228498e-001
  5.5221845e-001
  5.4915358e-001
  5.4288280e-001
  5.3328747e-001
