 -4.5050065e-001
 -4.7767211e-001
 -4.9582623e-001
 -5.0422949e-001
 -5.0261718e-001
 -4.9127431e-001
 -4.7105534e-001
 -4.4333784e-001
 -4.0991536e-001
 -3.7284370e-001
 -3.3426185e-001
 -2.9621228e-001
 -2.6048522e-001
 -2.2850719e-001
 -2.0128705e-001
 -1.7942338e-001
 -1.6316727e-001
 -1.5252595e-001
 -1.4738653e-001
 -1.4763594e-001
 -1.5325476e-001
 -1.6436710e-001
 -1.8123646e-001
 -2.0420706e-001
 -2.3359950e-001
 -2.6957801e-001
 -3.1201180e-001
 -3.6035513e-001
 -4.1356843e-001
 -4.7009738e-001
 -5.2791819e-001
 -5.8464777e-001
 -6.3770754e-001
 -6.8452152e-001
 -7.2272440e-001
 -7.5035322e-001
 -7.6599903e-001
 -7.6890053e-001
 -7.5896995e-001
 -7.3675118e-001
 -7.0331954e-001
 -6.6014001e-001
 -6.0890598e-001
 -5.5138152e-001
 -4.8926838e-001
 -4.2411323e-001
 -3.5726313e-001
 -2.8986897e-001
 -2.2292822e-001
 -1.5735249e-001
 -9.4041418e-002
 -3.3944602e-002
  2.1904313e-002
  7.2391315e-002
  1.1636645e-001
  1.5272419e-001
  1.8050817e-001
  1.9902397e-001
  2.0794135e-001
  2.0736853e-001
  1.9788495e-001
  1.8052498e-001
  1.5671234e-001
  1.2815253e-001
  9.6696532e-002
  6.4193077e-002
  3.2348304e-002
  2.6097095e-003
 -2.3912658e-002
 -4.6480936e-002
 -6.4720118e-002
 -7.8571212e-002
 -8.8218619e-002
 -9.4006516e-002
 -9.6359449e-002
 -9.5720246e-002
 -9.2514050e-002
 -8.7141703e-002
 -7.9999739e-002
 -7.1518953e-002
 -6.2209877e-002
 -5.2701947e-002
 -4.3764163e-002
 -3.6298182e-002
 -3.1299707e-002
 -2.9789711e-002
 -3.2722634e-002
 -4.0883123e-002
 -5.4785536e-002
 -7.4590745e-002
 -1.0005273e-001
 -1.3050346e-001
 -1.6487916e-001
 -2.0178513e-001
 -2.3959119e-001
 -2.7654543e-001
 -3.1089219e-001
 -3.4098027e-001
 -3.6534971e-001
 -3.8278962e-001
 -3.9236438e-001
 -3.9341109e-001
 -3.8551510e-001
 -3.6847379e-001
 -3.4225958e-001
 -3.0699202e-001
 -2.6292620e-001
 -2.1046040e-001
 -1.5016112e-001
 -8.2799725e-002
 -9.3910806e-003
  6.8776277e-002
  1.5012911e-001
  2.3282551e-001
  3.1480222e-001
  3.9385261e-001
  4.6773003e-001
  5.3426673e-001
  5.9149624e-001
  6.3776588e-001
  6.7182740e-001
  6.9289659e-001
  7.0067690e-001
  6.9534709e-001
  6.7751764e-001
  6.4816418e-001
  6.0854884e-001
  5.6014052e-001
  5.0454392e-001
  4.4344405e-001
  3.7856923e-001
  3.1167117e-001
  2.4451731e-001
  1.7888790e-001
  1.1656917e-001
  5.9335084e-002
  8.9121427e-003
 -3.3074575e-002
 -6.5171944e-002
 -8.6179821e-002
 -9.5233495e-002
 -9.1876894e-002
 -7.6116046e-002
 -4.8444141e-002
 -9.8329004e-003
  3.8310795e-002
  9.4219568e-002
  1.5586403e-001
  2.2106470e-001
  2.8760575e-001
  3.5333915e-001
  4.1627028e-001
  4.7461895e-001
  5.2685428e-001
  5.7170556e-001
  6.0815484e-001
  6.3541911e-001
  6.5293032e-001
  6.6032086e-001
  6.5741944e-001
  6.4425916e-001
  6.2109599e-001
  5.8843249e-001
  5.4703965e-001
  4.9796846e-001
  4.4254395e-001
  3.8233618e-001
  3.1910641e-001
  2.5473012e-001
  1.9110268e-001
  1.3003632e-001
  7.3159041e-002
  2.1826166e-002
 -2.2946056e-002
 -6.0518149e-002
 -9.0633641e-002
 -1.1339510e-001
 -1.2921511e-001
 -1.3875022e-001
 -1.4282747e-001
 -1.4237312e-001
 -1.3835157e-001
 -1.3171989e-001
 -1.2339990e-001
 -1.1426603e-001
 -1.0514452e-001
 -9.6817337e-002
 -9.0023681e-002
 -8.5452967e-002
 -8.3725171e-002
 -8.5357630e-002
 -9.0720684e-002
 -9.9987671e-002
 -1.1308695e-001
 -1.2966457e-001
 -1.4906565e-001
 -1.7034054e-001
 -1.9227852e-001
 -2.1346852e-001
 -2.3238183e-001
 -2.4746935e-001
 -2.5726324e-001
 -2.6047264e-001
 -2.5606380e-001
 -2.4331734e-001
 -2.2185882e-001
 -1.9166215e-001
 -1.5302961e-001
 -1.0655428e-001
 -5.3073002e-002
  6.3820550e-003
  7.0626519e-002
  1.3835686e-001
  2.0817199e-001
  2.7858495e-001
  3.4802919e-001
  4.1486547e-001
  4.7739593e-001
  5.3389120e-001
  5.8263388e-001
  6.2197910e-001
  6.5042915e-001
  6.6671628e-001
  6.6988541e-001
  6.5936728e-001
  6.3503295e-001
  5.9722252e-001
  5.4674358e-001
  4.8483871e-001
  4.1312525e-001
  3.3351356e-001
  2.4811264e-001
  1.5913271e-001
  6.8794102e-002
 -2.0750191e-002
 -1.0747373e-001
 -1.8951636e-001
 -2.6520650e-001
 -3.3307067e-001
 -3.9183647e-001
 -4.4043562e-001
 -4.7801220e-001
 -5.0393970e-001
 -5.1784683e-001
 -5.1964978e-001
 -5.0958537e-001
 -4.8823829e-001
 -4.5655503e-001
 -4.1583788e-001
 -3.6771492e-001
 -3.1408460e-001
 -2.5703743e-001
 -1.9876023e-001
 -1.4143140e-001
 -8.7116878e-002
 -3.7676610e-002
  5.3100929e-003
  4.0594412e-002
  6.7280684e-002
  8.4823007e-002
  9.3000228e-002
  9.1876141e-002
  8.1752940e-002
  6.3125726e-002
  3.6644389e-002
  3.0866798e-003
 -3.6656779e-002
 -8.1587773e-002
 -1.3060075e-001
 -1.8248418e-001
 -2.3592923e-001
 -2.8955093e-001
 -3.4192471e-001
 -3.9163812e-001
 -4.3735461e-001
 -4.7788327e-001
 -5.1224678e-001
 -5.3973887e-001
 -5.5996368e-001
 -5.7285108e-001
 -5.7864537e-001
 -5.7786816e-001
 -5.7125947e-001
 -5.5970449e-001
 -5.4415460e-001
 -5.2555203e-001
 -5.0476650e-001
 -4.8254972e-001
 -4.5951085e-001
 -4.3611248e-001
 -4.1268347e-001
 -3.8944289e-001
 -3.6652781e-001
 -3.4401798e-001
 -3.2195178e-001
 -3.0033038e-001
 -2.7910960e-001
 -2.5818257e-001
 -2.3735805e-001
 -2.1634122e-001
 -1.9472376e-001
 -1.7198872e-001
 -1.4753384e-001
 -1.2071356e-001
 -9.0896810e-002
 -5.7534811e-002
 -2.0230844e-002
  2.1196924e-002
  6.6667928e-002
  1.1581365e-001
  1.6797774e-001
  2.2224207e-001
  2.7747547e-001
  3.3239900e-001
  3.8565954e-001
  4.3590282e-001
  4.8183793e-001
  5.2228708e-001
  5.5621751e-001
  5.8275534e-001
  6.0118464e-001
  6.1093704e-001
  6.1157842e-001
  6.0279940e-001
  5.8441473e-001
  5.5637442e-001
  5.1878651e-001
  4.7194830e-001
  4.1638039e-001
  3.5285624e-001
  2.8242000e-001
  2.0638587e-001
  1.2631523e-001
  4.3970244e-002
 -3.8753496e-002
 -1.1990967e-001
 -1.9759131e-001
 -2.7001894e-001
 -3.3561779e-001
 -3.9307647e-001
 -4.4138232e-001
 -4.7983198e-001
 -5.0801906e-001
 -5.2580402e-001
 -5.3327347e-001
 -5.3069661e-001
 -5.1848650e-001
 -4.9717165e-001
 -4.6738087e-001
 -4.2984113e-001
 -3.8538535e-001
 -3.3496444e-001
 -2.7965702e-001
 -2.2067000e-001
 -1.5932493e-001
 -9.7027177e-002
 -3.5218366e-002
  2.4684603e-002
  8.1357614e-002
  1.3363660e-001
  1.8057555e-001
  2.2148768e-001
  2.5596448e-001
  2.8387030e-001
  3.0531363e-001
  3.2059972e-001
  3.3017146e-001
  3.3454737e-001
  3.3426500e-001
  3.2983738e-001
  3.2172720e-001
  3.1034032e-001
  2.9603712e-001
  2.7915679e-001
  2.6004783e-001
  2.3909733e-001
  2.1675182e-001
  1.9352460e-001
  1.6998703e-001
  1.4674451e-001
  1.2440095e-001
  1.0351775e-001
  8.4574764e-002
  6.7940508e-002
  5.3857384e-002
  4.2445333e-002
  3.3723964e-002
  2.7649995e-002
  2.4163964e-002
  2.3238336e-002
  2.4918585e-002
  2.9349752e-002
  3.6783178e-002
  4.7561276e-002
  6.2081779e-002
  8.0746298e-002
  1.0390063e-001
  1.3177572e-001
  1.6443803e-001
  2.0175673e-001
  2.4339214e-001
  2.8880673e-001
  3.3729604e-001
  3.8803382e-001
  4.4012386e-001
  4.9264951e-001
  5.4471352e-001
  5.9546211e-001
  6.4409112e-001
  6.8983497e-001
  7.3194316e-001
  7.6965143e-001
  8.0215596e-001
  8.2859914e-001
  8.4807329e-001
  8.5964607e-001
  8.6240724e-001
  8.5553264e-001
  8.3835776e-001
  8.1045112e-001
  7.7167675e-001
  7.2223625e-001
  6.6268340e-001
  5.9390825e-001
  5.1709165e-001
  4.3363589e-001
  3.4508035e-001
  2.5301305e-001
  1.5898957e-001
  6.4469125e-002
 -2.9225443e-002
 -1.2092092e-001
 -2.0958210e-001
 -2.9428119e-001
 -3.7415714e-001
 -4.4837547e-001
 -5.1609862e-001
 -5.7647497e-001
 -6.2865100e-001
 -6.7180674e-001
 -7.0521019e-001
 -7.2828274e-001
 -7.4066485e-001
 -7.4227089e-001
 -7.3332301e-001
 -7.1435672e-001
 -6.8619539e-001
 -6.4989525e-001
 -6.0666725e-001
 -5.5778577e-001
 -5.0449616e-001
 -4.4793336e-001
 -3.8906203e-001
 -3.2864542e-001
 -2.6724546e-001
 -2.0525196e-001
 -1.4293423e-001
 -8.0505294e-002
 -1.8187059e-002
  4.3734591e-002
  1.0487395e-001
  1.6473430e-001
  2.2272228e-001
  2.7818448e-001
  3.3045865e-001
  3.7892975e-001
  4.2308020e-001
  4.6252468e-001
  4.9702277e-001
  5.2646666e-001
  5.5084545e-001
  5.7019223e-001
  5.8452284e-001
  5.9377744e-001
  5.9777566e-001
  5.9619420e-001
  5.8857232e-001
  5.7434645e-001
  5.5291030e-001
  5.2369298e-001
  4.8624470e-001
  4.4031849e-001
  3.8593687e-001
  3.2343495e-001
  2.5347480e-001
  1.7703049e-001
  9.5347264e-002
  9.8818567e-003
 -7.7766858e-002
 -1.6592724e-001
 -2.5291570e-001
 -3.3708316e-001
 -4.1684458e-001
 -4.9069312e-001
 -5.5720344e-001
 -6.1503141e-001
 -6.6291772e-001
 -6.9970273e-001
 -7.2435692e-001
 -7.3602838e-001
 -7.3410458e-001
 -7.1828216e-001
 -6.8863562e-001
 -6.4567434e-001
 -5.9037811e-001
 -5.2420295e-001
 -4.4905294e-001
 -3.6721791e-001
 -2.8128150e-001
 -1.9400794e-001
 -1.0821884e-001
 -2.6671918e-002
  4.8046769e-002
  1.1360843e-001
  1.6800000e-001
  2.0955484e-001
  2.3695957e-001
  2.4924401e-001
  2.4576366e-001
  2.2618379e-001
  1.9047295e-001
  1.3891039e-001
  7.2107723e-002
 -8.9590469e-003
 -1.0291496e-001
 -2.0795908e-001
 -3.2185593e-001
 -4.4195502e-001
 -5.6524476e-001
 -6.8844279e-001
 -8.0811923e-001
 -9.2084460e-001
 -1.0233497e+000
 -1.1126825e+000
 -1.1863472e+000
 -1.2424109e+000
 -1.2795702e+000
 -1.2971706e+000
 -1.2951829e+000
 -1.2741408e+000
 -1.2350524e+000
 -1.1792975e+000
 -1.1085260e+000
 -1.0245681e+000
 -9.2936466e-001
 -8.2492203e-001
 -7.1328885e-001
 -5.9654915e-001
 -4.7682224e-001
 -3.5625885e-001
 -2.3702358e-001
 -1.2125630e-001
 -1.1009898e-002
  9.1833836e-002
  1.8566307e-001
  2.6923852e-001
  3.4178635e-001
  4.0306780e-001
  4.5341351e-001
  4.9371457e-001
  5.2536734e-001
  5.5017478e-001
  5.7021236e-001
  5.8767122e-001
  6.0469352e-001
  6.2321562e-001
  6.4483316e-001
  6.7069864e-001
  7.0145779e-001
  7.3722579e-001
  7.7760004e-001
  8.2170241e-001
  8.6824195e-001
  9.1558860e-001
  9.6184990e-001
  1.0049449e+000
  1.0426727e+000
  1.0727772e+000
  1.0930089e+000
  1.1011908e+000
  1.0952903e+000
  1.0735016e+000
  1.0343359e+000
  9.7671976e-001
  9.0009170e-001
  8.0449052e-001
  6.9062435e-001
  5.5991095e-001
  4.1448163e-001
  2.5714442e-001
  9.1306299e-002
 -7.9141296e-002
 -2.4996549e-001
 -4.1675261e-001
 -5.7507420e-001
 -7.2064676e-001
 -8.4947535e-001
 -9.5797487e-001
 -1.0430663e+000
 -1.1022488e+000
 -1.1336528e+000
 -1.1360780e+000
 -1.1090240e+000
 -1.0527161e+000
 -9.6812931e-001
 -8.5700701e-001
 -7.2186986e-001
 -5.6600686e-001
 -3.9343940e-001
 -2.0884994e-001
 -1.7469635e-002
  1.7507667e-001
  3.6296436e-001
  5.4039256e-001
  7.0182340e-001
  8.4221924e-001
  9.5725962e-001
  1.0435201e+000
  1.0985991e+000
  1.1211852e+000
  1.1110608e+000
  1.0690500e+000
  9.9691882e-001
  8.9724436e-001
  7.7326874e-001
  6.2875408e-001
  4.6785108e-001
  2.9498904e-001
  1.1478883e-001
 -6.8004973e-002
 -2.4858183e-001
 -4.2212401e-001
 -5.8387824e-001
 -7.2924921e-001
 -8.5391977e-001
 -9.5399623e-001
 -1.0261710e+000
 -1.0678888e+000
 -1.0774992e+000
 -1.0543764e+000
 -9.9898862e-001
 -9.1290444e-001
 -7.9872965e-001
 -6.5997612e-001
 -5.0087257e-001
 -3.2613393e-001
 -1.4071105e-001
  5.0455793e-002
  2.4265729e-001
  4.3159149e-001
  6.1348498e-001
  7.8515574e-001
  9.4402225e-001
  1.0880707e+000
  1.2157962e+000
  1.3261365e+000
  1.4184131e+000
  1.4922942e+000
  1.5477825e+000
  1.5852294e+000
  1.6053654e+000
  1.6093344e+000
  1.5987161e+000
  1.5755200e+000
  1.5421392e+000
  1.5012566e+000
  1.4557052e+000
  1.4082890e+000
  1.3615820e+000
  1.3177234e+000
  1.2782329e+000
  1.2438657e+000
  1.2145251e+000
  1.1892438e+000
  1.1662341e+000
  1.1430041e+000
  1.1165252e+000
  1.0834341e+000
  1.0402482e+000
  9.8357622e-001
  9.1030655e-001
  8.1776239e-001
  7.0381979e-001
  5.6698908e-001
  4.0646610e-001
  2.2216243e-001
  1.4724024e-002
 -2.1445402e-001
 -4.6321266e-001
 -7.2861491e-001
 -1.0069384e+000
 -1.2936840e+000
 -1.5836115e+000
 -1.8708134e+000
 -2.1488354e+000
 -2.4108443e+000
 -2.6498427e+000
 -2.8589177e+000
 -3.0315093e+000
 -3.1616791e+000
 -3.2443574e+000
 -3.2755513e+000
 -3.2524981e+000
 -3.1737567e+000
 -3.0392364e+000
 -2.8501693e+000
 -2.6090392e+000
 -2.3194818e+000
 -1.9861731e+000
 -1.6147177e+000
 -1.2115476e+000
 -7.8382935e-001
 -3.3937803e-001
  1.1343612e-001
  5.6580124e-001
  1.0086129e+000
  1.4326699e+000
  1.8289214e+000
  2.1887622e+000
  2.5043618e+000
  2.7690050e+000
  2.9774150e+000
  3.1260261e+000
  3.2131761e+000
  3.2391918e+000
  3.2063542e+000
  3.1187399e+000
  2.9819511e+000
  2.8027569e+000
  2.5886821e+000
  2.3475816e+000
  2.0872416e+000
  1.8150425e+000
  1.5377094e+000
  1.2611626e+000
  9.9046647e-001
  7.2986199e-001
  4.8285626e-001
  2.5233749e-001
  4.0681959e-002
 -1.5017541e-001
 -3.1872614e-001
 -4.6393553e-001
 -5.8534534e-001
 -6.8321174e-001
 -7.5864915e-001
 -8.1374561e-001
 -8.5161574e-001
 -8.7636414e-001
 -8.9294301e-001
 -9.0690214e-001
 -9.2404527e-001
 -9.5002066e-001
 -9.8988529e-001
 -1.0476874e+000
 -1.1261127e+000
 -1.2262331e+000
 -1.3473858e+000
 -1.4871966e+000
 -1.6417420e+000
 -1.8058343e+000
 -1.9733955e+000
 -2.1378810e+000
 -2.2927105e+000
 -2.4316661e+000
 -2.5492242e+000
 -2.6408020e+000
 -2.7029078e+000
 -2.7332015e+000
 -2.7304791e+000
 -2.6946025e+000
 -2.6264005e+000
 -2.5275622e+000
 -2.4005408e+000
 -2.2484780e+000
 -2.0751483e+000
 -1.8849169e+000
 -1.6826971e+000
 -1.4738910e+000
 -1.2642978e+000
 -1.0599772e+000
 -8.6706505e-001
 -6.9154160e-001
 -5.3896686e-001
 -4.1419937e-001
 -3.2112274e-001
 -2.6240384e-001
 -2.3930532e-001
 -2.5156994e-001
 -2.9738725e-001
 -3.7344487e-001
 -4.7505866e-001
 -5.9636968e-001
 -7.3059071e-001
 -8.7028391e-001
 -1.0076510e+000
 -1.1348203e+000
 -1.2441197e+000
 -1.3283268e+000
 -1.3808943e+000
 -1.3961495e+000
 -1.3694681e+000
 -1.2974221e+000
 -1.1779016e+000
 -1.0102047e+000
 -7.9509147e-001
 -5.3479381e-001
 -2.3297556e-001
  1.0536171e-001
  4.7402744e-001
  8.6584073e-001
  1.2728690e+000
  1.6866919e+000
  2.0986731e+000
  2.5002208e+000
  2.8830210e+000
  3.2392297e+000
  3.5616193e+000
  3.8436784e+000
  4.0796734e+000
  4.2646850e+000
  4.3946360e+000
  4.4663254e+000
  4.4774826e+000
  4.4268454e+000
  4.3142629e+000
  4.1408084e+000
  3.9088860e+000
  3.6223064e+000
  3.2863054e+000
  2.9074839e+000
  2.4936538e+000
  2.0535857e+000
  1.5966667e+000
  1.1324910e+000
  6.7041588e-001
  2.1912529e-001
 -2.1375656e-001
 -6.2195956e-001
 -1.0007395e+000
 -1.3469085e+000
 -1.6587241e+000
 -1.9356519e+000
 -2.1780349e+000
 -2.3867135e+000
 -2.5626458e+000
 -2.7065771e+000
 -2.8188024e+000
 -2.8990477e+000
 -2.9464840e+000
 -2.9598644e+000
 -2.9377611e+000
 -2.8788610e+000
 -2.7822739e+000
 -2.6478034e+000
 -2.4761374e+000
 -2.2689271e+000
 -2.0287397e+000
 -1.7588895e+000
 -1.4631689e+000
 -1.1455179e+000
 -8.0967914e-001
 -4.5888805e-001
 -9.5644792e-002
  2.7839709e-001
  6.6240614e-001
  1.0562117e+000
  1.4600239e+000
  1.8740698e+000
  2.2981903e+000
  2.7314511e+000
  3.1718157e+000
  3.6159238e+000
  4.0590029e+000
  4.4949255e+000
  4.9164070e+000
  5.3153205e+000
  5.6830955e+000
  6.0111572e+000
  6.2913608e+000
  6.5163788e+000
  6.6800103e+000
  6.7773887e+000
  6.8050812e+000
  6.7610858e+000
  6.6447433e+000
  6.4565878e+000
  6.1981669e+000
  5.8718593e+000
  5.4807142e+000
  5.0283313e+000
  4.5187911e+000
  3.9566341e+000
  3.3468836e+000
  2.6950973e+000
  2.0074315e+000
  1.2906987e+000
  5.5240291e-001
 -1.9926157e-001
 -9.5545616e-001
 -1.7067934e+000
 -2.4434807e+000
 -3.1555070e+000
 -3.8328647e+000
 -4.4657961e+000
 -5.0450520e+000
 -5.5621509e+000
 -6.0096261e+000
 -6.3812480e+000
 -6.6722119e+000
 -6.8792800e+000
 -7.0008710e+000
 -7.0370894e+000
 -6.9896943e+000
 -6.8620064e+000
 -6.6587596e+000
 -6.3859058e+000
 -6.0503861e+000
 -5.6598832e+000
 -5.2225736e+000
 -4.7468943e+000
 -4.2413400e+000
 -3.7142994e+000
 -3.1739354e+000
 -2.6281082e+000
 -2.0843330e+000
 -1.5497608e+000
 -1.0311670e+000
 -5.3493207e-001
 -6.7003147e-002
  3.6717328e-001
  7.6274772e-001
  1.1155877e+000
  1.4224082e+000
  1.6808958e+000
  1.8898034e+000
  2.0489986e+000
  2.1594478e+000
  2.2231278e+000
  2.2428655e+000
  2.2221161e+000
  2.1646988e+000
  2.0745171e+000
  1.9552943e+000
  1.8103524e+000
  1.6424621e+000
  1.4537771e+000
  1.2458616e+000
  1.0198021e+000
  7.7638559e-001
  5.1631913e-001
  2.4045599e-001
 -5.0001902e-002
 -3.5335476e-001
 -6.6732815e-001
 -9.8907726e-001
 -1.3152680e+000
 -1.6422190e+000
 -1.9660798e+000
 -2.2830145e+000
 -2.5893619e+000
 -2.8817459e+000
 -3.1571207e+000
 -3.4127455e+000
 -3.6460994e+000
 -3.8547541e+000
 -4.0362346e+000
 -4.1878999e+000
 -4.3068740e+000
 -4.3900521e+000
 -4.4341935e+000
 -4.4361015e+000
 -4.3928729e+000
 -4.3021913e+000
 -4.1626247e+000
 -3.9738880e+000
 -3.7370329e+000
 -3.4545344e+000
 -3.1302576e+000
 -2.7693047e+000
 -2.3777578e+000
 -1.9623472e+000
 -1.5300863e+000
 -1.0879164e+000
 -6.4240540e-001
 -1.9953304e-001
  2.3541735e-001
  6.5785625e-001
  1.0637886e+000
  1.4496461e+000
  1.8120899e+000
  2.1478265e+000
  2.4534785e+000
  2.7255399e+000
  2.9604346e+000
  3.1546769e+000
  3.3051172e+000
  3.4092400e+000
  3.4654704e+000
  3.4734436e+000
  3.4341939e+000
  3.3502298e+000
  3.2254785e+000
  3.0651003e+000
  2.8751933e+000
  2.6624243e+000
  2.4336309e+000
  2.1954470e+000
  1.9539965e+000
  1.7146917e+000
  1.4821550e+000
  1.2602637e+000
  1.0522981e+000
  8.6115743e-001
  6.8959465e-001
  5.4042162e-001
  4.1663637e-001
  3.2143883e-001
  2.5811810e-001
  2.2981510e-001
  2.3918579e-001
  2.8800776e-001
  3.7678507e-001
  5.0441056e-001
  6.6794032e-001
  8.6252287e-001
  1.0815065e+000
  1.3167256e+000
  1.5589439e+000
  1.7984114e+000
  2.0254779e+000
  2.2311969e+000
  2.4078583e+000
  2.5493954e+000
  2.6516304e+000
  2.7123431e+000
  2.7311721e+000
  2.7093747e+000
  2.6494926e+000
  2.5549759e+000
  2.4298188e+000
  2.2782552e+000
  2.1045465e+000
  1.9128759e+000
  1.7073437e+000
  1.4920412e+000
  1.2711654e+000
  1.0491307e+000
  8.3063470e-001
  6.2064344e-001
  4.2427442e-001
  2.4657631e-001
  9.2221696e-002
 -3.4852540e-002
 -1.3181067e-001
 -1.9723691e-001
 -2.3135757e-001
 -2.3612646e-001
 -2.1514971e-001
 -1.7344662e-001
 -1.1706457e-001
 -5.2585412e-002
  1.3424376e-002
  7.4959949e-002
  1.2706113e-001
  1.6618096e-001
  1.9040359e-001
  1.9949477e-001
  1.9478980e-001
  1.7894351e-001
  1.5558278e-001
  1.2891145e-001
  1.0331964e-001
  8.3043659e-002
  7.1910558e-002
  7.3185205e-002
  8.9518979e-002
  1.2298241e-001
  1.7515063e-001
  2.4720314e-001
  3.3999887e-001
  4.5409432e-001
  5.8968472e-001
  7.4646470e-001
  9.2342238e-001
  1.1185966e+000
  1.3288386e+000
  1.5496246e+000
  1.7749638e+000
  1.9974362e+000
  2.2083813e+000
  2.3982359e+000
  2.5570026e+000
  2.6748089e+000
  2.7425048e+000
  2.7522391e+000
  2.6979543e+000
  2.5757502e+000
  2.3840821e+000
  2.1237763e+000
  1.7978732e+000
  1.4113239e+000
  9.7058568e-001
  4.8317167e-001
 -4.2788815e-002
 -5.9892715e-001
 -1.1769113e+000
 -1.7685996e+000
 -2.3660731e+000
 -2.9615647e+000
 -3.5473222e+000
 -4.1154511e+000
 -4.6577860e+000
 -5.1658351e+000
 -5.6308307e+000
 -6.0439009e+000
 -6.3963580e+000
 -6.6800808e+000
 -6.8879513e+000
 -7.0142947e+000
 -7.0552715e+000
 -7.0091710e+000
 -6.8765699e+000
 -6.6603352e+000
 -6.3654688e+000
 -5.9988142e+000
 -5.5686584e+000
 -5.0842765e+000
 -4.5554693e+000
 -3.9921439e+000
 -3.4039744e+000
 -2.8001687e+000
 -2.1893482e+000
 -1.5795282e+000
 -9.7817445e-001
 -3.9229828e-001
  1.7145045e-001
  7.0673008e-001
  1.2075227e+000
  1.6682329e+000
  2.0838685e+000
  2.4502823e+000
  2.7644453e+000
  3.0247052e+000
  3.2309884e+000
  3.3849023e+000
  3.4897085e+000
  3.5501519e+000
  3.5721487e+000
  3.5623562e+000
  3.5276616e+000
  3.4746403e+000
  3.4090376e+000
  3.3353272e+000
  3.2563898e+000
  3.1733410e+000
  3.0855237e+000
  2.9906555e+000
  2.8851108e+000
  2.7643016e+000
  2.6231121e+000
  2.4563441e+000
  2.2591314e+000
  2.0272919e+000
  1.7575998e+000
  1.4479708e+000
  1.0975694e+000
  7.0685320e-001
  2.7757667e-001
 -1.8722397e-001
 -6.8324778e-001
 -1.2049386e+000
 -1.7454876e+000
 -2.2968402e+000
 -2.8497256e+000
 -3.3937327e+000
 -3.9174559e+000
 -4.4087291e+000
 -4.8549574e+000
 -5.2435444e+000
 -5.5623974e+000
 -5.8004827e+000
 -5.9483906e+000
 -5.9988653e+000
 -5.9472537e+000
 -5.7918327e+000
 -5.5339833e+000
 -5.1781958e+000
 -4.7319044e+000
 -4.2051664e+000
 -3.6102141e+000
 -2.9609195e+000
 -2.2722138e+000
 -1.5595077e+000
 -8.3814916e-001
 -1.2294979e-001
  5.7220337e-001
  1.2346442e+000
  1.8531380e+000
  2.4180203e+000
  2.9212827e+000
  3.3566266e+000
  3.7195007e+000
  4.0071337e+000
  4.2185659e+000
  4.3546723e+000
  4.4181671e+000
  4.4135718e+000
  4.3471280e+000
  4.2266401e+000
  4.0612372e+000
  3.8610514e+000
  3.6368218e+000
  3.3994394e+000
  3.1594611e+000
  2.9266225e+000
  2.7093850e+000
  2.5145507e+000
  2.3469740e+000
  2.2093898e+000
  2.1023730e+000
  2.0244267e+000
  1.9721929e+000
  1.9407655e+000
  1.9240802e+000
  1.9153527e+000
  1.9075317e+000
  1.8937398e+000
  1.8676723e+000
  1.8239356e+000
  1.7583085e+000
  1.6679186e+000
  1.5513328e+000
  1.4085645e+000
  1.2410065e+000
  1.0513030e+000
  8.4317238e-001
  6.2119813e-001
  3.9060211e-001
  1.5701377e-001
 -7.3752584e-002
 -2.9590343e-001
 -5.0384855e-001
 -6.9235757e-001
 -8.5669092e-001
 -9.9270808e-001
 -1.0969578e+000
 -1.1667564e+000
 -1.2002587e+000
 -1.1965261e+000
 -1.1555926e+000
 -1.0785255e+000
 -9.6747685e-001
 -8.2571312e-001
 -6.5761449e-001
 -4.6862878e-001
 -2.6516993e-001
 -5.4452647e-002
  1.5573930e-001
  3.5734686e-001
  5.4237959e-001
  7.0329046e-001
  8.3335615e-001
  9.2703380e-001
  9.8026461e-001
  9.9069724e-001
  9.5781023e-001
  8.8292171e-001
  7.6908513e-001
  6.2088135e-001
  4.4412732e-001
  2.4552994e-001
  3.2317818e-002
 -1.8811562e-001
 -4.0852817e-001
 -6.2208200e-001
 -8.2252162e-001
 -1.0042761e+000
 -1.1624954e+000
 -1.2930383e+000
 -1.3924379e+000
 -1.4578669e+000
 -1.4871256e+000
 -1.4786671e+000
 -1.4316639e+000
 -1.3461105e+000
 -1.2229443e+000
 -1.0641639e+000
 -8.7291359e-001
 -6.5350972e-001
 -4.1138669e-001
 -1.5295006e-001
  1.1466216e-001
  3.8389713e-001
  6.4715816e-001
  8.9719451e-001
  1.1274711e+000
  1.3324798e+000
  1.5079605e+000
  1.6510107e+000
  1.7600761e+000
  1.8348313e+000
  1.8759712e+000
  1.8849474e+000
  1.8636876e+000
  1.8143384e+000
  1.7390640e+000
  1.6399263e+000
  1.5188533e+000
  1.3776925e+000
  1.2183279e+000
  1.0428305e+000
  8.5360566e-001
  6.5350055e-001
  4.4584104e-001
  2.3437890e-001
  2.3144138e-002
 -1.8378639e-001
 -3.8257849e-001
 -5.6995171e-001
 -7.4346930e-001
 -9.0176507e-001
 -1.0446716e+000
 -1.1732269e+000
 -1.2895510e+000
 -1.3966037e+000
 -1.4978473e+000
 -1.5968544e+000
 -1.6969042e+000
 -1.8006155e+000
 -1.9096575e+000
 -2.0245668e+000
 -2.1446889e+000
 -2.2682410e+000
 -2.3924813e+000
 -2.5139553e+000
 -2.6287827e+000
 -2.7329463e+000
 -2.8225484e+000
 -2.8940084e+000
 -2.9441890e+000
 -2.9704486e+000
 -2.9706347e+000
 -2.9430384e+000
 -2.8863376e+000
 -2.7995564e+000
 -2.6820610e+000
 -2.5336065e+000
 -2.3544339e+000
 -2.1454070e+000
 -1.9081661e+000
 -1.6452713e+000
 -1.3603023e+000
 -1.0578878e+000
 -7.4364417e-001
 -4.2401381e-001
 -1.0600909e-001
  2.0311985e-001
  4.9626352e-001
  7.6684051e-001
  1.0091541e+000
  1.2186821e+000
  1.3922705e+000
  1.5282173e+000
  1.6262405e+000
  1.6873462e+000
  1.7136163e+000
  1.7079504e+000
  1.6737947e+000
  1.6148899e+000
  1.5350664e+000
  1.4380990e+000
  1.3276282e+000
  1.2071380e+000
  1.0799747e+000
  9.4938262e-001
  8.1853335e-001
  6.9052615e-001
  5.6834648e-001
  4.5477723e-001
  3.5226939e-001
  2.6278780e-001
  1.8765535e-001
  1.2742197e-001
  8.1784084e-002
  4.9574533e-002
  2.8833974e-002
  1.6963751e-002
  1.0948432e-002
  7.6259829e-003
  3.9761916e-003
 -2.6052957e-003
 -1.4078624e-002
 -3.1602584e-002
 -5.5464912e-002
 -8.5104803e-002
 -1.1922057e-001
 -1.5594478e-001
 -1.9306147e-001
 -2.2823613e-001
 -2.5922980e-001
 -2.8407276e-001
 -3.0118167e-001
 -3.0941319e-001
 -3.0805761e-001
 -2.9678469e-001
 -2.7556031e-001
 -2.4455536e-001
 -2.0406745e-001
 -1.5447166e-001
 -9.6209499e-002
 -2.9817110e-002
  4.4014938e-002
  1.2436439e-001
  2.1000125e-001
  2.9933251e-001
  3.9038487e-001
  4.8083725e-001
  5.6810715e-001
  6.4948681e-001
  7.2231648e-001
  7.8417635e-001
  8.3307454e-001
  8.6760839e-001
  8.8707912e-001
  8.9154573e-001
  8.8181177e-001
  8.5934726e-001
  8.2615603e-001
  7.8460553e-001
  7.3723998e-001
  6.8659887e-001
  6.3506055e-001
  5.8472625e-001
  5.3735290e-001
  4.9433597e-001
  4.5673640e-001
  4.2533960e-001
  4.0073129e-001
  3.8337312e-001
  3.7366310e-001
  3.7196891e-001
  3.7862793e-001
  3.9391347e-001
  4.1797253e-001
  4.5074537e-001
  4.9188008e-001
  5.4065642e-001
  5.9593210e-001
  6.5612204e-001
  7.1921655e-001
  7.8283976e-001
  8.4434471e-001
  9.0093724e-001
  9.4981788e-001
  9.8832945e-001
  1.0140980e+000
  1.0251561e+000
  1.0200400e+000
  9.9785536e-001
  9.5830903e-001
  9.0170840e-001
  8.2893108e-001
  7.4137039e-001
  6.4086272e-001
  5.2960304e-001
  4.1005434e-001
  2.8485637e-001
  1.5673758e-001
  2.8433447e-002
 -9.7386811e-002
 -2.1818380e-001
 -3.3160139e-001
 -4.3551009e-001
 -5.2804104e-001
 -6.0761158e-001
 -6.7294405e-001
 -7.2307918e-001
 -7.5738603e-001
 -7.7556970e-001
 -7.7767789e-001
 -7.6410640e-001
 -7.3560284e-001
 -6.9326664e-001
 -6.3854252e-001
 -5.7320433e-001
 -4.9932540e-001
 -4.1923277e-001
 -3.3544330e-001
 -2.5058178e-001
 -1.6728327e-001
 -8.8084234e-002
 -1.5309127e-002
  4.9039042e-002
  1.0337521e-001
  1.4660692e-001
  1.7817970e-001
  1.9808825e-001
  2.0685150e-001
  2.0545333e-001
  1.9525412e-001
  1.7788125e-001
  1.5510845e-001
  1.2873484e-001
  1.0047374e-001
  7.1859440e-002
  4.4177505e-002
  1.8420677e-002
 -4.7306425e-003
 -2.4907353e-002
 -4.2035856e-002
 -5.6314098e-002
 -6.8185505e-002
 -7.8315246e-002
 -8.7570875e-002
 -9.7006659e-002
 -1.0784838e-001
 -1.2147360e-001
 -1.3938148e-001
 -1.6314694e-001
 -1.9435554e-001
 -2.3451821e-001
 -2.8496854e-001
 -3.4674860e-001
 -4.2049230e-001
 -5.0631739e-001
 -6.0373749e-001
 -7.1160509e-001
 -8.2809345e-001
 -9.5072225e-001
 -1.0764274e+000
 -1.2016705e+000
 -1.3225809e+000
 -1.4351182e+000
 -1.5352440e+000
 -1.6190896e+000
 -1.6831090e+000
 -1.7242094e+000
 -1.7398537e+000
 -1.7281336e+000
 -1.6878156e+000
 -1.6183641e+000
 -1.5199456e+000
 -1.3934211e+000
 -1.2403289e+000
 -1.0628609e+000
 -8.6383213e-001
 -6.4664023e-001
 -4.1521248e-001
 -1.7393504e-001
  7.2438768e-002
  3.1890281e-001
  5.6033452e-001
  7.9164907e-001
  1.0079644e+000
  1.2047678e+000
  1.3780727e+000
  1.5245547e+000
  1.6416579e+000
  1.7276630e+000
  1.7817136e+000
  1.8038015e+000
  1.7947144e+000
  1.7559525e+000
  1.6896244e+000
  1.5983307e+000
  1.4850463e+000
  1.3530087e+000
  1.2056168e+000
  1.0463439e+000
  8.7866359e-001
  7.0598628e-001
  5.3160262e-001
  3.5862969e-001
  1.8995705e-001
  2.8191443e-002
 -1.2439908e-001
 -2.6593822e-001
 -3.9498686e-001
 -5.1057476e-001
 -6.1221293e-001
 -6.9988184e-001
 -7.7399324e-001
 -8.3532597e-001
 -8.8493943e-001
 -9.2407089e-001
 -9.5402538e-001
 -9.7606765e-001
 -9.9132561e-001
 -1.0007136e+000
 -1.0048807e+000
 -1.0041880e+000
 -9.9871260e-001
 -9.8827687e-001
 -9.7249563e-001
 -9.5083529e-001
 -9.2267727e-001
 -8.8737916e-001
 -8.4432911e-001
 -7.9299039e-001
 -7.3293578e-001
 -6.6387297e-001
 -5.8566359e-001
 -4.9833888e-001
 -4.0211452e-001
 -2.9740626e-001
 -1.8484638e-001
 -6.5299364e-002
  6.0126004e-002
  1.9007180e-001
  3.2293706e-001
  4.5689771e-001
  5.8994170e-001
  7.1991895e-001
  8.4460346e-001
  9.6176354e-001
  1.0692343e+000
  1.1649871e+000
  1.2471899e+000
  1.3142547e+000
  1.3648713e+000
  1.3980245e+000
  1.4130007e+000
  1.4093850e+000
  1.3870545e+000
  1.3461735e+000
  1.2871918e+000
  1.2108502e+000
  1.1181910e+000
  1.0105719e+000
  8.8967733e-001
  7.5752204e-001
  6.1644075e-001
  4.6905879e-001
  3.1824074e-001
  1.6701708e-001
  1.8491541e-002
 -1.2426465e-001
 -2.5832377e-001
 -3.8100815e-001
 -4.8998321e-001
 -5.8332888e-001
 -6.5958403e-001
 -7.1776183e-001
 -7.5733769e-001
 -7.7821437e-001
 -7.8067200e-001
 -7.6531161e-001
 -7.3300099e-001
 -6.8483038e-001
 -6.2208265e-001
 -5.4621963e-001
 -4.5888259e-001
 -3.6190162e-001
 -2.5730690e-001
 -1.4733321e-001
 -3.4410145e-002
  7.8868047e-002
  1.8979585e-001
  2.9563252e-001
  3.9369638e-001
  4.8146979e-001
  5.5670518e-001
  6.1752170e-001
  6.6248269e-001
  6.9064646e-001
  7.0158598e-001
  6.9537700e-001
  6.7255791e-001
  6.3406781e-001
  5.8117166e-001
  5.1538212e-001
  4.3838689e-001
  3.5198879e-001
  2.5806245e-001
  1.5852828e-001
  5.5341026e-002
 -4.9512617e-002
 -1.5401446e-001
 -2.5612072e-001
 -3.5377994e-001
 -4.4496690e-001
 -5.2773384e-001
 -6.0027677e-001
 -6.6101132e-001
 -7.0865068e-001
 -7.4227650e-001
 -7.6139393e-001
 -7.6596352e-001
 -7.5640500e-001
 -7.3357163e-001
 -6.9869699e-001
 -6.5331964e-001
 -5.9919318e-001
 -5.3819100e-001
 -4.7221454e-001
 -4.0311318e-001
 -3.3262110e-001
 -2.6231408e-001
 -1.9358565e-001
 -1.2763975e-001
 -6.5494653e-002
 -7.9922509e-003
  4.4193208e-002
  9.0551437e-002
  1.3074002e-001
  1.6459590e-001
  1.9215182e-001
  2.1365325e-001
  2.2956980e-001
  2.4059510e-001
  2.4763006e-001
  2.5174598e-001
  2.5412716e-001
  2.5599496e-001
  2.5851867e-001
  2.6272053e-001
  2.6938379e-001
  2.7897309e-001
  2.9157570e-001
  3.0687016e-001
  3.2412632e-001
  3.4223766e-001
  3.5978366e-001
  3.7511683e-001
  3.8646730e-001
  3.9205619e-001
  3.9020876e-001
  3.7945915e-001
  3.5863965e-001
  3.2694983e-001
  2.8400271e-001
  2.2984779e-001
  1.6497242e-001
  9.0284534e-002
  7.0807011e-003
 -8.2996315e-002
 -1.7800674e-001
 -2.7576646e-001
 -3.7390108e-001
 -4.6990019e-001
 -5.6117160e-001
 -6.4509628e-001
 -7.1908471e-001
 -7.8063590e-001
 -8.2739983e-001
 -8.5724351e-001
 -8.6832026e-001
 -8.5914075e-001
 -8.2864360e-001
 -7.7626231e-001
 -7.0198467e-001
 -6.0640051e-001
 -4.9073304e-001
 -3.5684994e-001
 -2.0725027e-001
 -4.5024876e-002
  1.2621097e-001
  3.0241203e-001
  4.7922220e-001
  6.5211374e-001
  8.1654041e-001
  9.6809670e-001
  1.1026746e+000
  1.2166090e+000
  1.3068031e+000
  1.3708275e+000
  1.4069868e+000
  1.4143520e+000
  1.3927588e+000
  1.3427745e+000
  1.2656389e+000
  1.1631858e+000
  1.0377538e+000
  8.9209357e-001
  7.2927782e-001
  5.5262028e-001
  3.6560498e-001
  1.7182668e-001
 -2.5059802e-002
 -2.2138528e-001
 -4.1351151e-001
 -5.9788089e-001
 -7.7107410e-001
 -9.2987757e-001
 -1.0713600e+000
 -1.1929551e+000
 -1.2925446e+000
 -1.3685349e+000
 -1.4199194e+000
 -1.4463188e+000
 -1.4479937e+000
 -1.4258256e+000
 -1.3812662e+000
 -1.3162574e+000
 -1.2331276e+000
 -1.1344730e+000
 -1.0230338e+000
 -9.0157389e-001
 -7.7277440e-001
 -6.3914715e-001
 -5.0297262e-001
 -3.6626335e-001
 -2.3075094e-001
 -9.7892318e-002
  3.1110691e-002
  1.5528508e-001
  2.7385961e-001
  3.8624167e-001
  4.9200061e-001
  5.9085778e-001
  6.8268134e-001
  7.6748222e-001
  8.4540690e-001
  9.1672248e-001
  9.8179079e-001
  1.0410299e+000
  1.0948635e+000
  1.1436617e+000
  1.1876765e+000
  1.2269808e+000
  1.2614156e+000
  1.2905524e+000
  1.3136765e+000
  1.3297939e+000
  1.3376621e+000
  1.3358429e+000
  1.3227743e+000
  1.2968542e+000
  1.2565306e+000
  1.2003912e+000
  1.1272467e+000
  1.0362044e+000
  9.2672807e-001
  7.9868375e-001
  6.5237216e-001
  4.8854859e-001
  3.0843217e-001
  1.1370604e-001
 -9.3490830e-002
 -3.1058029e-001
 -5.3457097e-001
 -7.6209546e-001
 -9.8946036e-001
 -1.2127110e+000
 -1.4277114e+000
 -1.6302390e+000
 -1.8160919e+000
 -1.9812054e+000
 -2.1217720e+000
 -2.2343603e+000
 -2.3160256e+000
 -2.3644081e+000
 -2.3778121e+000
 -2.3552665e+000
 -2.2965608e+000
 -2.2022613e+000
 -2.0737051e+000
 -1.9129758e+000
 -1.7228639e+000
 -1.5068111e+000
 -1.2688435e+000
 -1.0134904e+000
 -7.4569178e-001
 -4.7069195e-001
 -1.9391957e-001
  7.9145043e-002
  3.4311396e-001
  5.9284298e-001
  8.2358487e-001
  1.0311372e+000
  1.2119761e+000
  1.3633684e+000
  1.4834517e+000
  1.5712793e+000
  1.6268233e+000
  1.6509369e+000
  1.6452789e+000
  1.6122048e+000
  1.5546353e+000
  1.4759102e+000
  1.3796393e+000
  1.2695601e+000
  1.1494089e+000
  1.0228110e+000
  8.9319288e-001
  7.6371355e-001
  6.3721376e-001
  5.1617772e-001
  4.0270266e-001
  2.9847240e-001
  2.0473255e-001
  1.2226735e-001
  5.1380561e-002
 -8.1152286e-003
 -5.6895178e-002
 -9.6098881e-002
 -1.2728235e-001
 -1.5234263e-001
 -1.7341545e-001
 -1.9274964e-001
 -2.1256555e-001
 -2.3490727e-001
 -2.6150041e-001
 -2.9362729e-001
 -3.3203053e-001
 -3.7685345e-001
 -4.2762222e-001
 -4.8327065e-001
 -5.4220436e-001
 -6.0239744e-001
 -6.6151200e-001
 -7.1702984e-001
 -7.6638516e-001
 -8.0708885e-001
 -8.3683717e-001
 -8.5360059e-001
 -8.5569162e-001
 -8.4181319e-001
 -8.1109124e-001
 -7.6309560e-001
 -6.9785370e-001
 -6.1585988e-001
 -5.1808154e-001
 -4.0596124e-001
 -2.8141172e-001
 -1.4679958e-001
 -4.9128754e-003
  1.4109160e-001
  2.8776407e-001
  4.3146071e-001
  5.6846328e-001
  6.9511408e-001
  8.0795826e-001
  9.0388431e-001
  9.8025256e-001
  1.0350027e+000
  1.0667329e+000
  1.0747453e+000
  1.0590572e+000
  1.0203782e+000
  9.6005919e-001
  8.8001770e-001
  7.8264912e-001
  6.7072944e-001
  5.4731715e-001
  4.1565879e-001
  2.7910111e-001
  1.4101079e-001
  4.7009261e-003
 -1.2663727e-001
 -2.4999968e-001
 -3.6263265e-001
 -4.6209494e-001
 -5.4631719e-001
 -6.1365624e-001
 -6.6294092e-001
 -6.9350500e-001
 -7.0520350e-001
 -6.9840949e-001
 -6.7398995e-001
 -6.3326152e-001
 -5.7792875e-001
 -5.1000929e-001
 -4.3175183e-001
 -3.4555261e-001
 -2.5387630e-001
 -1.5918543e-001
 -6.3881036e-002
  2.9744914e-002
  1.1954688e-001
  2.0355556e-001
  2.8000396e-001
  3.4735314e-001
  4.0432028e-001
  4.4991013e-001
  4.8344876e-001
  5.0461666e-001
  5.1347667e-001
  5.1049118e-001
  4.9652322e-001
  4.7281704e-001
  4.4095575e-001
  4.0279624e-001
  3.6038431e-001
  3.1585566e-001
  2.7133051e-001
  2.2881057e-001
  1.9008703e-001
  1.5666688e-001
  1.2972289e-001
  1.1006915e-001
  9.8161201e-002
  9.4116881e-002
  9.7751449e-002
  1.0861979e-001
  1.2605826e-001
  1.4922026e-001
  1.7710165e-001
  2.0855522e-001
  2.4229630e-001
  2.7690420e-001
  3.1082591e-001
  3.4238904e-001
  3.6983024e-001
  3.9134321e-001
  4.0514748e-001
  4.0957587e-001
  4.0317454e-001
  3.8480736e-001
  3.5375395e-001
  3.0979044e-001
  2.5324344e-001
  1.8500944e-001
  1.0653618e-001
  1.9765919e-002
 -7.2954757e-002
 -1.6899077e-001
 -2.6554951e-001
 -3.5981540e-001
 -4.4907668e-001
 -5.3083518e-001
 -6.0289229e-001
 -6.6340822e-001
 -7.1093496e-001
 -7.4442654e-001
 -7.6323249e-001
 -7.6708137e-001
 -7.5606083e-001
 -7.3059943e-001
 -6.9145308e-001
 -6.3969613e-001
 -5.7671456e-001
 -5.0419688e-001
 -4.2411685e-001
 -3.3870247e-001
 -2.5038688e-001
 -1.6173896e-001
 -7.5374527e-002
  6.1481524e-003
  8.0441708e-002
  1.4540320e-001
  1.9931818e-001
  2.4094586e-001
  2.6957776e-001
  2.8506449e-001
  2.8780904e-001
  2.7872795e-001
  2.5918532e-001
  2.3090671e-001
  1.9588164e-001
  1.5626345e-001
  1.1427416e-001
  7.2120264e-002
  3.1922669e-002
 -4.3386445e-003
 -3.4867131e-002
 -5.8082947e-002
 -7.2651422e-002
 -7.7510923e-002
 -7.1903182e-002
 -5.5407174e-002
 -2.7975434e-002
  1.0030596e-002
  5.7811347e-002
  1.1411223e-001
  1.7722523e-001
  2.4501421e-001
  3.1496704e-001
  3.8427523e-001
  4.4993859e-001
  5.0888979e-001
  5.5813112e-001
  5.9487452e-001
  6.1667502e-001
  6.2154871e-001
  6.0806744e-001
  5.7542500e-001
  5.2347200e-001
  4.5271948e-001
  3.6431356e-001
  2.5998557e-001
  1.4198281e-001
  1.2985775e-002
 -1.2398282e-001
 -2.6565287e-001
 -4.0860239e-001
 -5.4935166e-001
 -6.8445522e-001
 -8.1059137e-001
 -9.2464912e-001
 -1.0238122e+000
 -1.1056392e+000
 -1.1681374e+000
 -1.2098285e+000
 -1.2298016e+000
 -1.2277511e+000
 -1.2039950e+000
 -1.1594717e+000
 -1.0957129e+000
 -1.0147938e+000
 -9.1926078e-001
 -8.1204102e-001
 -6.9633681e-001
 -5.7551083e-001
 -4.5296729e-001
 -3.3203435e-001
 -2.1585272e-001
 -1.0727438e-001
 -8.7745687e-003
  7.7620683e-002
  1.5039018e-001
  2.0855539e-001
  2.5170000e-001
  2.7997107e-001
  2.9406150e-001
  2.9517401e-001
  2.8496688e-001
  2.6548246e-001
  2.3905987e-001
  2.0823458e-001
  1.7562833e-001
  1.4383398e-001
  1.1530072e-001
  9.2225362e-002
  7.6455717e-002
  6.9411311e-002
  7.2025841e-002
  8.4714224e-002
  1.0736541e-001
  1.3936025e-001
  1.7961215e-001
  2.2662650e-001
  2.7857451e-001
  3.3337612e-001
  3.8878726e-001
  4.4248714e-001
  4.9216248e-001
  5.3558642e-001
  5.7069118e-001
  5.9563436e-001
  6.0885885e-001
  6.0914707e-001
  5.9566901e-001
  5.6802369e-001
  5.2627215e-001
  4.7095984e-001
  4.0312535e-001
  3.2429255e-001
  2.3644353e-001
  1.4197057e-001
  4.3606858e-002
 -5.5662740e-002
 -1.5270775e-001
 -2.4437016e-001
 -3.2758844e-001
 -3.9952066e-001
 -4.5765965e-001
 -4.9993371e-001
 -5.2478768e-001
 -5.3124050e-001
 -5.1891734e-001
 -4.8805652e-001
 -4.3949258e-001
 -3.7461868e-001
 -2.9533192e-001
 -2.0396551e-001
 -1.0321166e-001
  3.9619242e-003
  1.1439943e-001
  2.2484690e-001
  3.3204375e-001
  4.3281530e-001
  5.2416578e-001
  6.0337043e-001
  6.6806515e-001
  7.1633061e-001
  7.4676745e-001
  7.5855813e-001
  7.5151098e-001
  7.2608232e-001
  6.8337306e-001
  6.2509794e-001
  5.5352688e-001
  4.7140026e-001
  3.8182142e-001
  2.8813189e-001
  1.9377574e-001
  1.0216025e-001
  1.6520414e-002
 -6.0206121e-002
 -1.2548775e-001
 -1.7728706e-001
 -2.1412572e-001
 -2.3512496e-001
 -2.4002201e-001
 -2.2916403e-001
 -2.0348150e-001
 -1.6444369e-001
 -1.1399857e-001
 -5.4499447e-002
  1.1379655e-002
  8.0738312e-002
  1.5055188e-001
  2.1777976e-001
  2.7947739e-001
  3.3290904e-001
  3.7565757e-001
  4.0572687e-001
  4.2163183e-001
  4.2247080e-001
  4.0797564e-001
  3.7853510e-001
  3.3518885e-001
  2.7959062e-001
  2.1394128e-001
  1.4089446e-001
  6.3439027e-002
 -1.5235291e-002
 -9.1882113e-002
 -1.6334466e-001
 -2.2669630e-001
 -2.7936835e-001
 -3.1925892e-001
 -3.4481832e-001
 -3.5510784e-001
 -3.4983057e-001
 -3.2933420e-001
 -2.9458735e-001
 -2.4713167e-001
 -1.8901274e-001
 -1.2269349e-001
 -5.0953627e-002
  2.3220964e-002
  9.6754997e-002
  1.6660298e-001
  2.2986687e-001
  2.8390830e-001
  3.2645144e-001
  3.5567254e-001
  3.7027256e-001
  3.6952938e-001
  3.5332719e-001
  3.2216088e-001
  2.7711511e-001
  2.1981828e-001
  1.5237360e-001
  7.7270122e-002
 -2.7217070e-003
 -8.4665113e-002
 -1.6557696e-001
 -2.4254702e-001
 -3.1285128e-001
 -3.7405445e-001
 -4.2409803e-001
 -4.6137114e-001
 -4.8476245e-001
 -4.9369240e-001
 -4.8812604e-001
 -4.6856692e-001
 -4.3603349e-001
 -3.9201894e-001
 -3.3843624e-001
 -2.7754971e-001
 -2.1189475e-001
 -1.4418757e-001
 -7.7227103e-002
 -1.3791767e-002
  4.3465664e-002
  9.2121277e-002
  1.3007702e-001
  1.5564698e-001
  1.6762831e-001
  1.6535294e-001
  1.4871656e-001
  1.1818295e-001
  7.4762925e-002
  1.9968738e-002
 -4.4253376e-002
 -1.1560882e-001
 -1.9155331e-001
 -2.6939905e-001
 -3.4642253e-001
 -4.1996854e-001
 -4.8754568e-001
 -5.4690958e-001
 -5.9613150e-001
 -6.3365116e-001
 -6.5831344e-001
 -6.6939012e-001
 -6.6658749e-001
 -6.5004169e-001
 -6.2030298e-001
 -5.7831009e-001
 -5.2535547e-001
 -4.6304182e-001
 -3.9323030e-001
 -3.1798066e-001
 -2.3948424e-001
 -1.5999092e-001
 -8.1732231e-002
 -6.8432865e-003
  6.2713048e-002
  1.2521592e-001
  1.7924644e-001
  2.2373429e-001
  2.5798838e-001
  2.8170989e-001
  2.9498748e-001
  2.9827558e-001
  2.9235817e-001
  2.7830109e-001
  2.5739668e-001
  2.3110443e-001
  2.0099107e-001
  1.6867275e-001
  1.3576086e-001
  1.0381240e-001
  7.4284415e-002
  4.8492013e-002
  2.7568889e-002
  1.2429827e-002
  3.7352076e-003
  1.8585164e-003
  6.8588607e-003
  1.8461393e-002
  3.6049069e-002
  5.8669203e-002
  8.5057720e-002
  1.1368282e-001
  1.4280812e-001
  1.7057325e-001
  1.9508801e-001
  2.1453420e-001
  2.2726792e-001
  2.3191477e-001
  2.2745030e-001
  2.1325943e-001
  1.8917042e-001
  1.5546130e-001
  1.1283936e-001
  6.2396944e-002
  5.5487369e-003
 -5.6042654e-002
 -1.2054576e-001
 -1.8603715e-001
 -2.5057071e-001
 -3.1223587e-001
 -3.6920333e-001
 -4.1975947e-001
 -4.6233205e-001
 -4.9551129e-001
 -5.1807057e-001
 -5.2899057e-001
 -5.2748903e-001
 -5.1305663e-001
 -4.8549707e-001
 -4.4496743e-001
 -3.9201324e-001
 -3.2759192e-001
 -2.5307842e-001
 -1.7024800e-001
 -8.1233217e-002
  1.1545104e-002
  1.0547010e-001
  1.9783888e-001
  2.8598222e-001
  3.6738498e-001
  4.3979740e-001
  5.0132880e-001
  5.5051678e-001
  5.8636803e-001
  6.0836953e-001
  6.1647256e-001
  6.1105413e-001
  5.9286262e-001
  5.6295506e-001
  5.2263339e-001
  4.7338560e-001
  4.1683578e-001
  3.5470451e-001
  2.8877860e-001
  2.2088721e-001
  1.5287991e-001
  8.6601914e-002
  2.3862306e-002
 -3.3607449e-002
 -8.4205260e-002
 -1.2651860e-001
 -1.5938894e-001
 -1.8197455e-001
 -1.9380459e-001
 -1.9481777e-001
 -1.8537957e-001
 -1.6627416e-001
 -1.3866989e-001
 -1.0405974e-001
 -6.4181248e-002
 -2.0922514e-002
  2.3777909e-002
  6.8028743e-002
  1.1007377e-001
  1.4836365e-001
  1.8160798e-001
  2.0880644e-001
  2.2926040e-001
  2.4256835e-001
  2.4860986e-001
  2.4752326e-001
  2.3968177e-001
  2.2567142e-001
  2.0627252e-001
  1.8244437e-001
  1.5531110e-001
  1.2614533e-001
  9.6345679e-002
  6.7404476e-002
  4.0863201e-002
  1.8254807e-002
  1.0343647e-003
 -9.4983939e-003
 -1.2279161e-002
 -6.5550165e-003
  8.0509302e-003
  3.1492905e-002
  6.3279183e-002
  1.0247540e-001
  1.4773522e-001
  1.9735642e-001
  2.4935840e-001
  3.0157486e-001
  3.5175481e-001
  3.9766462e-001
  4.3718459e-001
  4.6839468e-001
  4.8964588e-001
  4.9961563e-001
  4.9734706e-001
  4.8227374e-001
  4.5423167e-001
  4.1346113e-001
  3.6060010e-001
  2.9667053e-001
  2.2305761e-001
  1.4148132e-001
  5.3959064e-002
 -3.7242214e-002
 -1.2966543e-001
 -2.2073470e-001
 -3.0783749e-001
 -3.8841537e-001
 -4.6005937e-001
 -5.2060507e-001
 -5.6822171e-001
 -6.0148965e-001
 -6.1946091e-001
 -6.2169880e-001
 -6.0829415e-001
 -5.7985747e-001
 -5.3748836e-001
 -4.8272483e-001
 -4.1747657e-001
 -3.4394695e-001
 -2.6454829e-001
 -1.8181504e-001
 -9.8318185e-002
 -1.6583812e-002
  6.0982768e-002
  1.3216627e-001
  1.9500375e-001
  2.4783974e-001
  2.8937370e-001
  3.1869890e-001
  3.3533137e-001
  3.3922684e-001
  3.3078378e-001
  3.1083034e-001
  2.8059392e-001
  2.4165290e-001
  1.9587138e-001
  1.4531938e-001
  9.2182111e-002
  3.8663496e-002
 -1.3110569e-002
 -6.1183119e-002
 -1.0384574e-001
 -1.3970237e-001
 -1.6771402e-001
 -1.8722327e-001
 -1.9795844e-001
 -2.0001969e-001
 -1.9385000e-001
 -1.8019481e-001
 -1.6005451e-001
 -1.3463333e-001
 -1.0528768e-001
 -7.3475901e-002
 -4.0710374e-002
 -8.5119796e-003
  2.1633551e-002
  4.8318281e-002
  7.0254275e-002
  8.6315461e-002
  9.5578442e-002
  9.7360725e-002
  9.1254070e-002
  7.7150178e-002
  5.5255847e-002
  2.6095052e-002
 -9.5038413e-003
 -5.0436366e-002
 -9.5365132e-002
 -1.4277588e-001
 -1.9104322e-001
 -2.3850200e-001
 -2.8351975e-001
 -3.2456570e-001
 -3.6027221e-001
 -3.8948561e-001
 -4.1130413e-001
 -4.2510218e-001
 -4.3054106e-001
 -4.2756750e-001
 -4.1640170e-001
 -3.9751703e-001
 -3.7161371e-001
 -3.3958816e-001
 -3.0249963e-001
 -2.6153501e-001
 -2.1797249e-001
 -1.7314421e-001
 -1.2839812e-001
 -8.5059387e-002
 -4.4391751e-002
 -7.5597365e-003
  2.4407119e-002
  5.0646558e-002
  7.0490858e-002
  8.3487550e-002
  8.9412374e-002
  8.8273701e-002
  8.0308151e-002
  6.5967761e-002
  4.5899575e-002
  2.0918941e-002
 -8.0219134e-003
 -3.9868381e-002
 -7.3499472e-002
 -1.0776393e-001
 -1.4151532e-001
 -1.7364533e-001
 -2.0311448e-001
 -2.2897998e-001
 -2.5042020e-001
 -2.6675521e-001
 -2.7746317e-001
 -2.8219179e-001
 -2.8076442e-001
 -2.7318050e-001
 -2.5961002e-001
 -2.4038236e-001
 -2.1596996e-001
 -1.8696796e-001
 -1.5407100e-001
 -1.1804888e-001
 -7.9722526e-002
 -3.9941697e-002
  4.3456935e-004
  4.0554389e-002
  7.9586436e-002
  1.1673106e-001
  1.5123027e-001
  1.8237794e-001
  2.0953148e-001
  2.3212603e-001
  2.4969129e-001
  2.6187082e-001
  2.6844239e-001
  2.6933754e-001
  2.6465793e-001
  2.5468597e-001
  2.3988725e-001
  2.2090321e-001
  1.9853309e-001
  1.7370544e-001
  1.4744065e-001
  1.2080689e-001
  9.4872671e-002
  7.0659629e-002
  4.9098941e-002
  3.0994493e-002
  1.6994868e-002
  7.5752465e-003
  3.0291423e-003
  3.4688530e-003
  8.8327442e-003
  1.8897082e-002
  3.3290155e-002
  5.1506831e-002
  7.2922438e-002
  9.6805719e-002
  1.2233151e-001
  1.4859446e-001
  1.7462557e-001
  1.9941318e-001
  2.2192976e-001
  2.4116482e-001
  2.5616355e-001
  2.6606928e-001
  2.7016706e-001
  2.6792505e-001
  2.5902982e-001
  2.4341203e-001
  2.2125983e-001
  1.9301807e-001
  1.5937308e-001
  1.2122417e-001
  7.9644160e-002
  3.5832543e-002
 -8.9350195e-003
 -5.3356716e-002
 -9.6150801e-002
 -1.3609547e-001
 -1.7206106e-001
 -2.0303451e-001
 -2.2813706e-001
 -2.4663698e-001
 -2.5795945e-001
 -2.6169559e-001
 -2.5761192e-001
 -2.4566085e-001
 -2.2599146e-001
 -1.9895907e-001
 -1.6513103e-001
 -1.2528605e-001
 -8.0404463e-002
 -3.1647175e-002
  1.9677390e-002
  7.2158094e-002
  1.2433565e-001
  1.7476373e-001
  2.2207234e-001
  2.6502862e-001
  3.0259035e-001
  3.3394806e-001
  3.5855264e-001
  3.7612705e-001
  3.8666216e-001
  3.9039835e-001
  3.8779574e-001
  3.7949675e-001
  3.6628479e-001
  3.4904292e-001
  3.2871517e-001
  3.0627258e-001
  2.8268446e-001
  2.5889470e-001
  2.3580161e-001
  2.1423978e-001
  1.9496214e-001
  1.7862088e-001
  1.6574676e-001
  1.5672701e-001
  1.5178329e-001
  1.5095177e-001
  1.5406799e-001
  1.6075921e-001
  1.7044656e-001
  1.8235872e-001
  1.9555756e-001
  2.0897514e-001
  2.2146036e-001
  2.3183223e-001
  2.3893650e-001
  2.4170178e-001
  2.3919160e-001
  2.3064936e-001
  2.1553392e-001
  1.9354458e-001
  1.6463512e-001
  1.2901742e-001
  8.7155774e-002
  3.9753352e-002
 -1.2267888e-002
 -6.7792476e-002
 -1.2554118e-001
 -1.8410472e-001
 -2.4198144e-001
 -2.9761874e-001
 -3.4945853e-001
 -3.9598606e-001
 -4.3578135e-001
 -4.6757174e-001
 -4.9028335e-001
 -5.0308889e-001
 -5.0544884e-001
 -4.9714308e-001
 -4.7829045e-001
 -4.4935431e-001
 -4.1113297e-001
 -3.6473520e-001
 -3.1154168e-001
 -2.5315465e-001
 -1.9133848e-001
 -1.2795445e-001
 -6.4893272e-002
 -4.0086377e-003
  5.2945231e-002
  1.0436971e-001
  1.4886989e-001
  1.8529351e-001
  2.1276050e-001
  2.3068273e-001
  2.3877445e-001
  2.3705374e-001
  2.2583524e-001
  2.0571462e-001
  1.7754523e-001
  1.4240720e-001
  1.0156970e-001
  5.6447028e-002
  8.5498146e-003
 -4.0567351e-002
 -8.9359989e-002
 -1.3634747e-001
 -1.8016422e-001
 -2.1960628e-001
 -2.5367108e-001
 -2.8158893e-001
 -3.0284474e-001
 -3.1718943e-001
 -3.2464048e-001
 -3.2547210e-001
 -3.2019540e-001
 -3.0952957e-001
 -2.9436540e-001
 -2.7572234e-001
 -2.5470092e-001
 -2.3243216e-001
 -2.1002595e-001
 -1.8852061e-001
 -1.6883563e-001
 -1.5173024e-001
 -1.3776975e-001
 -1.2730195e-001
 -1.2044514e-001
 -1.1708887e-001
 -1.1690759e-001
 -1.1938674e-001
 -1.2385951e-001
 -1.2955175e-001
 -1.3563206e-001
 -1.4126307e-001
 -1.4565042e-001
 -1.4808588e-001
 -1.4798180e-001
 -1.4489519e-001
 -1.3854056e-001
 -1.2879217e-001
 -1.1567710e-001
 -9.9361536e-002
 -8.0132952e-002
 -5.8380979e-002
 -3.4579262e-002
 -9.2699056e-003
  1.6948838e-002
  4.3432012e-002
  6.9495734e-002
  9.4425168e-002
  1.1748471e-001
  1.3793223e-001
  1.5503865e-001
  1.6811301e-001
  1.7653233e-001
  1.7977433e-001
  1.7745018e-001
  1.6933394e-001
  1.5538535e-001
  1.3576295e-001
  1.1082541e-001
  8.1120378e-002
  4.7361217e-002
  1.0393782e-002
 -2.8843774e-002
 -6.9364253e-002
 -1.1017367e-001
 -1.5030874e-001
 -1.8886671e-001
 -2.2502578e-001
 -2.5805590e-001
 -2.8732089e-001
 -3.1227428e-001
 -3.3245173e-001
 -3.4746331e-001
 -3.5698848e-001
 -3.6077602e-001
 -3.5864963e-001
 -3.5051908e-001
 -3.3639520e-001
 -3.1640611e-001
 -2.9081160e-001
 -2.6001236e-001
 -2.2455143e-001
 -1.8510608e-001
 -1.4246958e-001
 -9.7523695e-002
 -5.1204212e-002
 -4.4623615e-003
  4.1774007e-002
  8.6635949e-002
  1.2934250e-001
  1.6922116e-001
  2.0571881e-001
  2.3840355e-001
  2.6695900e-001
  2.9117354e-001
  3.1092745e-001
  3.2618078e-001
  3.3696422e-001
  3.4337439e-001
  3.4557361e-001
  3.4379342e-001
  3.3833966e-001
  3.2959661e-001
  3.1802759e-001
  3.0416934e-001
  2.8861881e-001
  2.7201183e-001
  2.5499444e-001
  2.3818907e-001
  2.2215861e-001
  2.0737213e-001
  1.9417601e-001
  1.8277394e-001
  1.7321806e-001
  1.6541272e-001
  1.5913032e-001
  1.5403771e-001
  1.4973041e-001
  1.4577090e-001
  1.4172705e-001
  1.3720721e-001
  1.3188858e-001
  1.2553715e-001
  1.1801807e-001
  1.0929702e-001
  9.9433726e-002
  8.8569871e-002
  7.6913668e-002
  6.4723512e-002
  5.2292601e-002
  3.9935781e-002
  2.7979104e-002
  1.6751787e-002
  6.5797190e-003
 -2.2207054e-003
 -9.3496826e-003
 -1.4532996e-002
 -1.7533400e-002
 -1.8164214e-002
 -1.6304323e-002
 -1.1913158e-002
 -5.0439244e-003
  4.1467873e-003
  1.5394669e-002
  2.8329861e-002
  4.2486188e-002
  5.7317307e-002
  7.2218873e-002
  8.6555238e-002
  9.9688764e-002
  1.1100968e-001
  1.1996442e-001
  1.2608079e-001
  1.2898860e-001
  1.2843497e-001
  1.2429411e-001
  1.1657163e-001
  1.0540381e-001
  9.1052575e-002
  7.3896465e-002
  5.4418446e-002
  3.3190709e-002
  1.0856822e-002
 -1.1888574e-002
 -3.4322290e-002
 -5.5716919e-002
 -7.5366378e-002
 -9.2611767e-002
 -1.0686640e-001
 -1.1763868e-001
 -1.2455148e-001
 -1.2735671e-001
 -1.2594395e-001
 -1.2034281e-001
 -1.1071850e-001
 -9.7361364e-002
 -8.0671055e-002
 -6.1136760e-002
 -3.9314941e-002
 -1.5806189e-002
  8.7673417e-003
  3.3782770e-002
  5.8634775e-002
  8.2750953e-002
  1.0560423e-001
  1.2672261e-001
  1.4569667e-001
  1.6218530e-001
  1.7592003e-001
  1.8670803e-001
  1.9443388e-001
  1.9905968e-001
  2.0062317e-001
  1.9923348e-001
  1.9506415e-001
  1.8834339e-001
  1.7934180e-001
  1.6835808e-001
  1.5570365e-001
  1.4168733e-001
  1.2660105e-001
  1.1070796e-001
  9.4233666e-002
  7.7361191e-002
  6.0229849e-002
  4.2937732e-002
  2.5547213e-002
  8.0925487e-003
 -9.4114035e-003
 -2.6960348e-002
 -4.4552410e-002
 -6.2181246e-002
 -7.9830677e-002
 -9.7470799e-002
 -1.1505532e-001
 -1.3251974e-001
 -1.4978001e-001
 -1.6673132e-001
 -1.8324701e-001
 -1.9917771e-001
 -2.1435091e-001
 -2.2857164e-001
 -2.4162449e-001
 -2.5327766e-001
 -2.6328890e-001
 -2.7141365e-001
 -2.7741470e-001
 -2.8107290e-001
 -2.8219803e-001
 -2.8063898e-001
 -2.7629232e-001
 -2.6910869e-001
 -2.5909675e-001
 -2.4632456e-001
 -2.3091893e-001
 -2.1306315e-001
 -1.9299407e-001
 -1.7099889e-001
 -1.4741247e-001
 -1.2261512e-001
 -9.7030554e-002
 -7.1123733e-002
 -4.5397313e-002
 -2.0385958e-002
  3.3525175e-003
  2.5249811e-002
  4.4743722e-002
  6.1298261e-002
  7.4426174e-002
  8.3712284e-002
  8.8835626e-002
  8.9588246e-002
  8.5888702e-002
  7.7788730e-002
  6.5472262e-002
  4.9246788e-002
  2.9527946e-002
  6.8189539e-003
 -1.8312911e-002
 -4.5260376e-002
 -7.3398452e-002
 -1.0210304e-001
 -1.3076465e-001
 -1.5879700e-001
 -1.8564093e-001
 -2.1076507e-001
 -2.3366507e-001
 -2.5386350e-001
 -2.7091221e-001
 -2.8439855e-001
 -2.9395608e-001
 -2.9927930e-001
 -3.0014113e-001
 -2.9641122e-001
 -2.8807245e-001
 -2.7523310e-001
 -2.5813236e-001
 -2.3713769e-001
 -2.1273332e-001
 -1.8550031e-001
 -1.5608995e-001
 -1.2519260e-001
 -9.3505247e-002
 -6.1700716e-002
 -3.0401550e-002
 -1.6064456e-004
  2.8550060e-002
  5.5342708e-002
  7.9909402e-002
  1.0201268e-001
  1.2147295e-001
  1.3815564e-001
  1.5196024e-001
  1.6281328e-001
  1.7066606e-001
  1.7549724e-001
  1.7731932e-001
  1.7618739e-001
  1.7220795e-001
  1.6554575e-001
  1.5642655e-001
  1.4513471e-001
  1.3200494e-001
  1.1740868e-001
  1.0173641e-001
  8.5377741e-002
  6.8701421e-002
  5.2037643e-002
  3.5664427e-002
  1.9799418e-002
  4.5976201e-003
 -9.8452426e-003
 -2.3484732e-002
 -3.6316631e-002
 -4.8364581e-002
 -5.9668177e-002
 -7.0272921e-002
 -8.0222919e-002
 -8.9556543e-002
 -9.8304678e-002
 -1.0649063e-001
 -1.1413052e-001
 -1.2123290e-001
 -1.2779659e-001
 -1.3380616e-001
 -1.3922518e-001
 -1.4398763e-001
 -1.4798903e-001
 -1.5107843e-001
 -1.5305340e-001
 -1.5365914e-001
 -1.5259316e-001
 -1.4951598e-001
 -1.4406756e-001
 -1.3588879e-001
 -1.2464624e-001
 -1.1005843e-001
 -9.1921221e-002
 -7.0130306e-002
 -4.4698986e-002
 -1.5769799e-002
  1.6380641e-002
  5.1343738e-002
  8.8587440e-002
  1.2747028e-001
  1.6725978e-001
  2.0715385e-001
  2.4630406e-001
  2.8383977e-001
  3.1889231e-001
  3.5061864e-001
  3.7822442e-001
  4.0098600e-001
  4.1827132e-001
  4.2955945e-001
  4.3445829e-001
  4.3271996e-001
  4.2425315e-001
  4.0913181e-001
  3.8759933e-001
  3.6006783e-001
  3.2711207e-001
  2.8945812e-001
  2.4796675e-001
  2.0361229e-001
  1.5745747e-001
  1.1062513e-001
  6.4267748e-002
  1.9535433e-002
 -2.2456517e-002
 -6.0659960e-002
 -9.4125268e-002
 -1.2203096e-001
 -1.4371075e-001
 -1.5867700e-001
 -1.6663947e-001
 -1.6751828e-001
 -1.6144986e-001
 -1.4878486e-001
 -1.3007763e-001
 -1.0606676e-001
 -7.7647412e-002
 -4.5836422e-002
 -1.1731948e-002
  2.3530014e-002
  5.8819626e-002
  9.3055008e-002
  1.2523933e-001
  1.5449120e-001
  1.8006704e-001
  2.0137508e-001
  2.1798121e-001
  2.2960812e-001
  2.3612928e-001
  2.3755979e-001
  2.3404593e-001
  2.2585501e-001
  2.1336622e-001
  1.9706262e-001
  1.7752350e-001
  1.5541582e-001
  1.3148299e-001
  1.0652928e-001
  8.1398648e-002
  5.6947266e-002
  3.4010140e-002
  1.3363332e-002
 -4.3158702e-003
 -1.8487571e-002
 -2.8783098e-002
 -3.5030492e-002
 -3.7268659e-002
 -3.5748181e-002
 -3.0918027e-002
 -2.3398910e-002
 -1.3945351e-002
 -3.3997121e-003
  7.3577992e-003
  1.7458926e-002
  2.6092967e-002
  3.2544979e-002
  3.6224467e-002
  3.6683748e-002
  3.3626467e-002
  2.6907832e-002
  1.6528847e-002
  2.6271253e-003
 -1.4533367e-002
 -3.4571873e-002
 -5.6998881e-002
 -8.1222832e-002
 -1.0655665e-001
 -1.3222595e-001
 -1.5738116e-001
 -1.8111557e-001
 -2.0249076e-001
 -2.2056990e-001
 -2.3445826e-001
 -2.4334872e-001
 -2.4656942e-001
 -2.4362944e-001
 -2.3425848e-001
 -2.1843640e-001
 -1.9640949e-001
 -1.6869135e-001
 -1.3604773e-001
 -9.9466360e-002
 -6.0113905e-002
 -1.9283664e-002
  2.1661995e-002
  6.1350139e-002
  9.8452762e-002
  1.3173608e-001
  1.6010143e-001
  1.8261681e-001
  1.9853903e-001
  2.0732753e-001
  2.0865127e-001
  2.0239044e-001
  1.8863441e-001
  1.6767707e-001
  1.4000982e-001
  1.0631220e-001
  6.7439181e-002
  2.4404297e-002
 -2.1642653e-002
 -6.9443918e-002
 -1.1766842e-001
 -1.6495214e-001
 -2.0994287e-001
 -2.5134750e-001
 -2.8797905e-001
 -3.1880094e-001
 -3.4296568e-001
 -3.5984560e-001
 -3.6905423e-001
 -3.7045710e-001
 -3.6417212e-001
 -3.5056004e-001
 -3.3020632e-001
 -3.0389588e-001
 -2.7258252e-001
 -2.3735460e-001
 -1.9939829e-001
 -1.5995955e-001
 -1.2030565e-001
 -8.1686782e-002
 -4.5298459e-002
 -1.2245221e-002
  1.6493371e-002
  4.0093436e-002
  5.7912835e-002
  6.9511183e-002
  7.4662487e-002
  7.3359362e-002
  6.5808235e-002
  5.2415623e-002
  3.3766254e-002
  1.0594493e-002
 -1.6248920e-002
 -4.5832462e-002
 -7.7179404e-002
 -1.0930121e-001
 -1.4122718e-001
 -1.7202942e-001
 -2.0084296e-001
 -2.2688163e-001
 -2.4945075e-001
 -2.6795796e-001
 -2.8192345e-001
 -2.9099050e-001
 -2.9493657e-001
 -2.9368448e-001
 -2.8731231e-001
 -2.7606043e-001
 -2.6033330e-001
 -2.4069403e-001
 -2.1785010e-001
 -1.9262946e-001
 -1.6594713e-001
 -1.3876383e-001
 -1.1203920e-001
 -8.6682818e-002
 -6.3507129e-002
 -4.3185988e-002
 -2.6222316e-002
 -1.2927361e-002
 -3.4128370e-003
  2.4041308e-003
  4.7846465e-003
  4.1427516e-003
  1.0143647e-003
 -3.9761476e-003
 -1.0148634e-002
 -1.6796600e-002
 -2.3211959e-002
 -2.8704716e-002
 -3.2618253e-002
 -3.4341683e-002
 -3.3321140e-002
 -2.9071885e-002
 -2.1192626e-002
 -9.3826708e-003
  6.5384982e-003
  2.6610648e-002
  5.0713529e-002
  7.8551758e-002
  1.0964681e-001
  1.4333864e-001
  1.7879875e-001
  2.1505519e-001
  2.5102875e-001
  2.8557829e-001
  3.1755195e-001
  3.4584044e-001
  3.6942815e-001
  3.8743840e-001
  3.9916950e-001
  4.0411991e-001
  4.0200157e-001
  3.9274205e-001
  3.7647716e-001
  3.5353639e-001
  3.2442379e-001
  2.8979691e-001
  2.5044556e-001
  2.0727177e-001
  1.6127101e-001
  1.1351411e-001
  6.5128633e-002
  1.7278196e-002
 -2.8861680e-002
 -7.2132042e-002
 -1.1142342e-001
 -1.4571228e-001
 -1.7409924e-001
 -1.9584644e-001
 -2.1041100e-001
 -2.1747157e-001
 -2.1694527e-001
 -2.0899311e-001
 -1.9401313e-001
 -1.7262157e-001
 -1.4562371e-001
 -1.1397672e-001
 -7.8747694e-002
 -4.1070120e-002
 -2.1017070e-003
  3.7013876e-002
  7.5179864e-002
  1.1137322e-001
  1.4466570e-001
  1.7424011e-001
  1.9940312e-001
  2.1959605e-001
  2.3440464e-001
  2.4356837e-001
  2.4698918e-001
  2.4473867e-001
  2.3706233e-001
  2.2437913e-001
  2.0727477e-001
  1.8648730e-001
  1.6288444e-001
  1.3743300e-001
  1.1116148e-001
  8.5117898e-002
  6.0325664e-002
  3.7740362e-002
  1.8210468e-002
  2.4445111e-003
 -9.0134875e-003
 -1.5799344e-002
 -1.7734801e-002
 -1.4825193e-002
 -7.2501376e-003
  4.6509755e-003
  2.0396880e-002
  3.9384192e-002
  6.0907976e-002
  8.4182624e-002
  1.0836313e-001
  1.3256724e-001
  1.5589909e-001
  1.7747495e-001
  1.9645126e-001
  2.1205449e-001
  2.2361203e-001
  2.3058224e-001
  2.3258168e-001
  2.2940704e-001
  2.2104962e-001
  2.0770037e-001
  1.8974447e-001
  1.6774511e-001
  1.4241731e-001
  1.1459355e-001
  8.5183455e-002
  5.5130838e-002
  2.5370787e-002
 -3.2101096e-003
 -2.9808218e-002
 -5.3730442e-002
 -7.4414222e-002
 -9.1440073e-002
 -1.0453743e-001
 -1.1358502e-001
 -1.1860703e-001
 -1.1976645e-001
 -1.1735626e-001
 -1.1178914e-001
 -1.0358543e-001
 -9.3359031e-002
 -8.1800664e-002
 -6.9657664e-002
 -5.7710130e-002
 -4.6743398e-002
 -3.7517528e-002
 -3.0735035e-002
 -2.7008620e-002
 -2.6831020e-002
 -3.0549137e-002
 -3.8344477e-002
 -5.0221465e-002
 -6.6004562e-002
 -8.5344385e-002
 -1.0773225e-001
 -1.3252193e-001
 -1.5895684e-001
 -1.8620085e-001
 -2.1337054e-001
 -2.3956735e-001
 -2.6390818e-001
 -2.8555350e-001
 -3.0373256e-001
 -3.1776562e-001
 -3.2708324e-001
 -3.3124288e-001
 -3.2994281e-001
 -3.2303314e-001
 -3.1052362e-001
 -2.9258759e-001
 -2.6956113e-001
 -2.4193697e-001
 -2.1035246e-001
 -1.7557154e-001
 -1.3846114e-001
 -9.9962849e-002
 -6.1061349e-002
 -2.2751220e-002
  1.3995827e-002
  4.8261542e-002
  7.9207956e-002
  1.0609938e-001
  1.2831904e-001
  1.4538052e-001
  1.5693449e-001
  1.6277176e-001
  1.6282370e-001
  1.5716087e-001
  1.4599073e-001
  1.2965434e-001
  1.0862198e-001
  8.3486777e-002
  5.4955401e-002
  2.3834683e-002
 -8.9867056e-003
 -4.2561962e-002
 -7.5915055e-002
 -1.0807388e-001
 -1.3810601e-001
 -1.6515486e-001
 -1.8847364e-001
 -2.0745456e-001
 -2.2165103e-001
 -2.3079120e-001
 -2.3478192e-001
 -2.3370342e-001
 -2.2779550e-001
 -2.1743719e-001
 -2.0312210e-001
 -1.8543179e-001
 -1.6500958e-001
 -1.4253646e-001
 -1.1871025e-001
 -9.4228345e-002
 -6.9773619e-002
 -4.6002531e-002
 -2.3534202e-002
 -2.9391788e-003
  1.5273026e-002
  3.0668017e-002
  4.2901879e-002
  5.1736818e-002
  5.7055421e-002
  5.8871590e-002
  5.7336099e-002
  5.2735060e-002
  4.5480184e-002
  3.6090540e-002
  2.5166506e-002
  1.3357501e-002
  1.3258675e-003
 -1.0290265e-002
 -2.0912132e-002
 -3.0050761e-002
 -3.7330487e-002
 -4.2504128e-002
 -4.5459381e-002
 -4.6216820e-002
 -4.4920709e-002
 -4.1824310e-002
 -3.7271609e-002
 -3.1677299e-002
 -2.5506489e-002
 -1.9255150e-002
 -1.3431670e-002
 -8.5394231e-003
 -5.0598988e-003
 -3.4357740e-003
 -4.0534749e-003
 -7.2250908e-003
 -1.3170012e-002
 -2.1997214e-002
 -3.3689597e-002
 -4.8092118e-002
 -6.4905519e-002
 -8.3687232e-002
 -1.0386056e-001
 -1.2473247e-001
 -1.4551952e-001
 -1.6538058e-001
 -1.8345419e-001
 -1.9889800e-001
 -2.1092743e-001
 -2.1885089e-001
 -2.2209920e-001
 -2.2024776e-001
 -2.1303059e-001
 -2.0034632e-001
 -1.8225703e-001
 -1.5898108e-001
 -1.3088174e-001
 -9.8452964e-002
 -6.2303771e-002
 -2.3141941e-002
  1.8242581e-002
  6.0994798e-002
  1.0421280e-001
  1.4696764e-001
  1.8832543e-001
  2.2737203e-001
  2.6323997e-001
  2.9513669e-001
  3.2237288e-001
  3.4438884e-001
  3.6077689e-001
  3.7129798e-001
  3.7589061e-001
  3.7467124e-001
  3.6792589e-001
  3.5609341e-001
  3.3974188e-001
  3.1953999e-001
  2.9622577e-001
  2.7057492e-001
  2.4337088e-001
  2.1537831e-001
  1.8732093e-001
  1.5986407e-001
  1.3360167e-001
  1.0904688e-001
  8.6625540e-002
  6.6671373e-002
  4.9422308e-002
  3.5017669e-002
  2.3496359e-002
  1.4796687e-002
  8.7587436e-003
  5.1303246e-003
  3.5772536e-003
  3.6985586e-003
  5.0463909e-003
  7.1499097e-003
  9.5417090e-003
  1.1784847e-002
  1.3498240e-002
  1.4378185e-002
  1.4214043e-002
  1.2896724e-002
  1.0419337e-002
  6.8702481e-003
  2.4196124e-003
 -2.6989010e-003
 -8.2090296e-003
 -1.3813217e-002
 -1.9212216e-002
 -2.4121407e-002
 -2.8282879e-002
 -3.1473116e-002
 -3.3506796e-002
 -3.4237789e-002
 -3.3558756e-002
 -3.1400759e-002
 -2.7734067e-002
 -2.2570837e-002
 -1.5969725e-002
 -8.0418284e-003
  1.0432183e-003
  1.1052549e-002
  2.1688446e-002
  3.2591291e-002
  4.3348126e-002
  5.3507200e-002
  6.2598107e-002
  7.0156313e-002
  7.5750238e-002
  7.9008603e-002
  7.9645588e-002
  7.7481522e-002
  7.2457223e-002
  6.4640812e-002
  5.4226569e-002
  4.1526224e-002
  2.6953784e-002
  1.1005492e-002
 -5.7631517e-003
 -2.2761411e-002
 -3.9386663e-002
 -5.5045796e-002
 -6.9173862e-002
 -8.1249741e-002
 -9.0809007e-002
 -9.7454504e-002
 -1.0086528e-001
 -1.0080444e-001
 -9.7126377e-002
 -8.9783276e-002
 -7.8830803e-002
 -6.4432229e-002
 -4.6860233e-002
 -2.6495522e-002
 -3.8214814e-003
  2.0585651e-002
  4.6071214e-002
  7.1920880e-002
  9.7382996e-002
  1.2169345e-001
  1.4410173e-001
  1.6389674e-001
  1.8043107e-001
  1.9314252e-001
  2.0157197e-001
  2.0537713e-001
  2.0434195e-001
  1.9838172e-001
  1.8754418e-001
  1.7200695e-001
  1.5207178e-001
  1.2815574e-001
  1.0077974e-001
  7.0554393e-002
  3.8163404e-002
  4.3444763e-003
 -3.0131949e-002
 -6.4485796e-002
 -9.7951683e-002
 -1.2980366e-001
 -1.5937931e-001
 -1.8610206e-001
 -2.0950051e-001
 -2.2922370e-001
 -2.4505132e-001
 -2.5689832e-001
 -2.6481361e-001
 -2.6897296e-001
 -2.6966658e-001
 -2.6728214e-001
 -2.6228428e-001
 -2.5519170e-001
 -2.4655308e-001
 -2.3692281e-001
 -2.2683783e-001
 -2.1679611e-001
 -2.0723773e-001
 -1.9852907e-001
 -1.9095041e-001
 -1.8468733e-001
 -1.7982611e-001
 -1.7635313e-001
 -1.7415827e-001
 -1.7304221e-001
 -1.7272724e-001
 -1.7287124e-001
 -1.7308413e-001
 -1.7294627e-001
 -1.7202772e-001
 -1.6990790e-001
 -1.6619452e-001
 -1.6054126e-001
 -1.5266368e-001
 -1.4235274e-001
 -1.2948594e-001
 -1.1403582e-001
 -9.6075900e-002
 -7.5783948e-002
 -5.3442664e-002
 -2.9437519e-002
 -4.2515426e-003
  2.1543318e-002
  4.7298665e-002
  7.2306294e-002
  9.5819176e-002
  1.1707668e-001
  1.3533349e-001
  1.4989130e-001
  1.6013187e-001
  1.6554951e-001
  1.6578115e-001
  1.6063159e-001
  1.5009210e-001
  1.3435058e-001
  1.1379229e-001
  8.8990549e-002
  6.0687990e-002
  2.9769253e-002
 -2.7730514e-003
 -3.5876977e-002
 -6.8452064e-002
 -9.9420008e-002
 -1.2775305e-001
 -1.5250841e-001
 -1.7285777e-001
 -1.8811103e-001
 -1.9773457e-001
 -2.0136430e-001
 -1.9881391e-001
 -1.9007921e-001
 -1.7533877e-001
 -1.5495116e-001
 -1.2944873e-001
 -9.9527433e-002
 -6.6032218e-002
 -2.9937499e-002
  7.6778000e-003
  4.5660562e-002
  8.2818727e-002
  1.1796046e-001
  1.4993573e-001
  1.7767824e-001
  2.0024565e-001
  2.1685557e-001
  2.2691546e-001
  2.3004469e-001
  2.2608760e-001
  2.1511725e-001
  1.9743001e-001
  1.7353184e-001
  1.4411755e-001
  1.1004447e-001
  7.2302242e-002
  3.1980013e-002
 -9.7677182e-003
 -5.1755690e-002
 -9.2802335e-002
 -1.3176369e-001
 -1.6756645e-001
 -1.9923972e-001
 -2.2594494e-001
 -2.4700308e-001
 -2.6191805e-001
 -2.7039492e-001
 -2.7235163e-001
 -2.6792287e-001
 -2.5745519e-001
 -2.4149295e-001
 -2.2075517e-001
 -1.9610440e-001
 -1.6850900e-001
 -1.3900109e-001
 -1.0863265e-001
 -7.8432225e-002
 -4.9364882e-002
 -2.2297099e-002
  2.0317640e-003
  2.3030824e-002
  4.0271774e-002
  5.3496232e-002
  6.2617208e-002
  6.7715720e-002
  6.9033504e-002
  6.6962493e-002
  6.2031394e-002
  5.4889265e-002
  4.6285726e-002
  3.7047261e-002
  2.8049177e-002
  2.0183089e-002
  1.4320312e-002
  1.1272229e-002
  1.1749357e-002
  1.6321460e-002
  2.5381460e-002
  3.9116014e-002
  5.7485419e-002
  8.0214935e-002
  1.0679882e-001
  1.3651727e-001
  1.6846545e-001
  2.0159269e-001
  2.3474918e-001
  2.6673688e-001
  2.9636131e-001
  3.2248109e-001
  3.4405243e-001
  3.6016698e-001
  3.7008166e-001
  3.7324073e-001
  3.6929019e-001
  3.5808585e-001
  3.3969599e-001
  3.1439975e-001
  2.8268185e-001
  2.4522398e-001
  2.0289243e-001
  1.5672138e-001
  1.0789086e-001
  5.7698631e-002
  7.5254483e-003
 -4.1206237e-002
 -8.7079236e-002
 -1.2873263e-001
 -1.6491438e-001
 -1.9453266e-001
 -2.1670259e-001
 -2.3078531e-001
 -2.3641664e-001
 -2.3352330e-001
 -2.2232582e-001
 -2.0332797e-001
 -1.7729380e-001
 -1.4521432e-001
 -1.0826604e-001
 -6.7764449e-002
 -2.5114938e-002
  1.8236175e-002
  6.0848678e-002
  1.0133212e-001
  1.3838536e-001
  1.7083160e-001
  1.9764910e-001
  2.1799747e-001
  2.3123972e-001
  2.3695977e-001
  2.3497508e-001
  2.2534347e-001
  2.0836334e-001
  1.8456647e-001
  1.5470254e-001
  1.1971542e-001
  8.0711347e-002
  3.8920085e-002
 -4.3493142e-003
 -4.7756012e-002
 -8.9975692e-002
 -1.2974711e-001
 -1.6591452e-001
 -1.9746405e-001
 -2.2355258e-001
 -2.4352856e-001
 -2.5694455e-001
 -2.6356222e-001
 -2.6335052e-001
 -2.5647835e-001
 -2.4330257e-001
 -2.2435244e-001
 -2.0031101e-001
 -1.7199372e-001
 -1.4032419e-001
 -1.0630722e-001
 -7.0998814e-002
 -3.5473467e-002
 -7.8920310e-004
  3.2048551e-002
  6.2122831e-002
  8.8638879e-002
  1.1095370e-001
  1.2859944e-001
  1.4129878e-001
  1.4897124e-001
  1.5172970e-001
  1.4986761e-001
  1.4383772e-001
  1.3422416e-001
  1.2171000e-001
  1.0704262e-001
  9.0999172e-002
  7.4354123e-002
  5.7850255e-002
  4.2173995e-002
  2.7935263e-002
  1.5651563e-002
  5.7356810e-003
 -1.5137484e-003
 -5.9194369e-003
 -7.4307727e-003
 -6.1272452e-003
 -2.2195288e-003
  3.9525529e-003
  1.1926138e-002
  2.1126449e-002
  3.0883608e-002
  4.0455394e-002
  4.9055577e-002
  5.5886857e-002
  6.0176808e-002
  6.1214784e-002
  5.8387497e-002
  5.1210953e-002
  3.9356740e-002
  2.2671068e-002
  1.1856538e-003
 -2.4879829e-002
 -5.5123331e-002
 -8.8973130e-002
 -1.2570639e-001
 -1.6447215e-001
 -2.0431745e-001
 -2.4421540e-001
 -2.8309439e-001
 -3.1986793e-001
 -3.5346483e-001
 -3.8285957e-001
 -4.0710265e-001
 -4.2535064e-001
 -4.3689520e-001
 -4.4119020e-001
 -4.3787552e-001
 -4.2679627e-001
 -4.0801581e-001
 -3.8182137e-001
 -3.4872125e-001
 -3.0943338e-001
 -2.6486537e-001
 -2.1608698e-001
 -1.6429664e-001
 -1.1078356e-001
 -5.6887815e-002
 -3.9600948e-003
  4.6676991e-002
  9.3764914e-002
  1.3614173e-001
  1.7277081e-001
  2.0276600e-001
  2.2541337e-001
  2.4019005e-001
  2.4678009e-001
  2.4508718e-001
  2.3524347e-001
  2.1761340e-001
  1.9279123e-001
  1.6159077e-001
  1.2502638e-001
  8.4284359e-002
  4.0685149e-002
 -4.3628018e-003
 -4.9415329e-002
 -9.3048283e-002
 -1.3391325e-001
 -1.7078964e-001
 -2.0262973e-001
 -2.2859369e-001
 -2.4807275e-001
 -2.6069952e-001
 -2.6634596e-001
 -2.6511030e-001
 -2.5729539e-001
 -2.4338120e-001
 -2.2399450e-001
 -1.9987828e-001
 -1.7186303e-001
 -1.4084090e-001
 -1.0774300e-001
 -7.3519224e-002
 -3.9119368e-002
 -5.4739927e-003
  2.6526222e-002
  5.6053568e-002
  8.2368911e-002
  1.0484896e-001
  1.2301351e-001
  1.3655013e-001
  1.4533354e-001
  1.4943678e-001
  1.4913183e-001
  1.4487821e-001
  1.3729915e-001
  1.2714645e-001
  1.1525614e-001
  1.0249835e-001
  8.9725318e-002
  7.7721790e-002
  6.7161707e-002
  5.8574405e-002
  5.2322422e-002
  4.8591745e-002
  4.7394024e-002
  4.8579135e-002
  5.1855635e-002
  5.6816209e-002
  6.2965216e-002
  6.9745819e-002
  7.6564889e-002
  8.2814751e-002
  8.7891698e-002
  9.1211959e-002
  9.2226281e-002
  9.0434451e-002
  8.5400880e-002
  7.6771881e-002
  6.4294598e-002
  4.7836763e-002
  2.7405750e-002
  3.1649154e-003
 -2.4555023e-002
 -5.5251682e-002
 -8.8255435e-002
 -1.2274349e-001
 -1.5776360e-001
 -1.9226659e-001
 -2.2514572e-001
 -2.5528061e-001
 -2.8158275e-001
 -3.0303986e-001
 -3.1875630e-001
 -3.2798757e-001
 -3.3016742e-001
 -3.2492678e-001
 -3.1210474e-001
 -2.9175180e-001
 -2.6412659e-001
 -2.2968692e-001
 -1.8907607e-001
 -1.4310532e-001
 -9.2732959e-002
 -3.9040214e-002
  1.6795955e-002
  7.3533041e-002
  1.2989601e-001
  1.8461273e-001
  2.3645085e-001
  2.8425518e-001
  3.2698366e-001
  3.6374045e-001
  3.9380422e-001
  4.1664987e-001
  4.3196265e-001
  4.3964368e-001
  4.3980686e-001
  4.3276754e-001
  4.1902404e-001
  3.9923339e-001
  3.7418305e-001
  3.4476018e-001
  3.1192014e-001
  2.7665542e-001
  2.3996601e-001
  2.0283162e-001
  1.6618625e-001
  1.3089499e-001
  9.7733229e-002
  6.7368276e-002
  4.0343793e-002
  1.7067392e-002
 -2.1978916e-003
 -1.7337521e-002
 -2.8384097e-002
 -3.5510201e-002
 -3.9015294e-002
 -3.9306959e-002
 -3.6877291e-002
 -3.2275683e-002
 -2.6079695e-002
 -1.8865842e-002
 -1.1182236e-002
 -3.5247785e-003
  3.6817472e-003
  1.0096843e-002
  1.5471456e-002
  1.9649430e-002
  2.2563998e-002
  2.4230403e-002
  2.4735841e-002
  2.4227909e-002
  2.2902462e-002
  2.0991556e-002
  1.8751709e-002
  1.6452482e-002
  1.4365101e-002
  1.2750821e-002
  1.1848777e-002
  1.1863313e-002
  1.2951072e-002
  1.5208505e-002
  1.8660720e-002
  2.3252825e-002
  2.8844900e-002
  3.5211645e-002
  4.2047352e-002
  4.8976431e-002
  5.5569153e-002
  6.1361719e-002
  6.5879334e-002
  6.8660615e-002
  6.9281561e-002
  6.7377435e-002
  6.2661134e-002
  5.4937145e-002
  4.4110615e-002
  3.0191648e-002
  1.3295315e-002
 -6.3617975e-003
 -2.8467612e-002
 -5.2622306e-002
 -7.8347166e-002
 -1.0509427e-001
 -1.3225707e-001
 -1.5918223e-001
 -1.8518324e-001
 -2.0955652e-001
 -2.3160015e-001
 -2.5063559e-001
 -2.6603177e-001
 -2.7723069e-001
 -2.8377328e-001
 -2.8532353e-001
 -2.8168920e-001
 -2.7283703e-001
 -2.5890102e-001
 -2.4018258e-001
 -2.1714217e-001
 -1.9038277e-001
 -1.6062607e-001
 -1.2868313e-001
 -9.5421552e-002
 -6.1731302e-002
 -2.8491504e-002
  3.4599336e-003
  3.3352379e-002
  6.0503310e-002
  8.4333581e-002
  1.0437733e-001
  1.2028713e-001
  1.3183516e-001
  1.3891147e-001
  1.4151989e-001
  1.3977250e-001
  1.3388261e-001
  1.2415670e-001
  1.1098467e-001
  9.4828496e-002
  7.6208721e-002
  5.5688690e-002
  3.3856615e-002
  1.1305839e-002
 -1.1386006e-002
 -3.3677938e-002
 -5.5085466e-002
 -7.5198074e-002
 -9.3693134e-002
 -1.1034524e-001
 -1.2503029e-001
 -1.3772395e-001
 -1.4849474e-001
 -1.5749210e-001
 -1.6493049e-001
 -1.7107042e-001
 -1.7619795e-001
 -1.8060377e-001
 -1.8456315e-001
 -1.8831794e-001
 -1.9206145e-001
 -1.9592681e-001
 -1.9997933e-001
 -2.0421295e-001
 -2.0855075e-001
 -2.1284929e-001
 -2.1690640e-001
 -2.2047197e-001
 -2.2326107e-001
 -2.2496879e-001
 -2.2528619e-001
 -2.2391658e-001
 -2.2059144e-001
 -2.1508548e-001
 -2.0723018e-001
 -1.9692529e-001
 -1.8414805e-001
 -1.6895963e-001
 -1.5150882e-001
 -1.3203262e-001
 -1.1085377e-001
 -8.8375193e-002
 -6.5071249e-002
 -4.1476011e-002
 -1.8168524e-002
  4.2446659e-003
  2.5149382e-002
  4.3945602e-002
  6.0070431e-002
  7.3021359e-002
  8.2378712e-002
  8.7826081e-002
  8.9167453e-002
  8.6339850e-002
  7.9420480e-002
  6.8627675e-002
  5.4315336e-002
  3.6961051e-002
  1.7148527e-002
 -4.4545900e-003
 -2.7122085e-002
 -5.0096152e-002
 -7.2614336e-002
 -9.3934964e-002
 -1.1335985e-001
 -1.3025347e-001
 -1.4405820e-001
 -1.5430572e-001
 -1.6062480e-001
 -1.6274620e-001
 -1.6050522e-001
 -1.5384251e-001
 -1.4280343e-001
 -1.2753608e-001
 -1.0828800e-001
 -8.5400848e-002
 -5.9302974e-002
 -3.0499278e-002
  4.4171411e-004
  3.2903412e-002
  6.6238799e-002
  9.9789196e-002
  1.3290291e-001
  1.6495238e-001
  1.9534854e-001
  2.2355137e-001
  2.4907611e-001
  2.7149525e-001
  2.9043713e-001
  3.0558234e-001
  3.1665991e-001
  3.2344499e-001
  3.2575983e-001
  3.2347919e-001
  3.1654063e-001
  3.0495897e-001
  2.8884358e-001
  2.6841580e-001
  2.4402370e-001
  2.1615087e-001
  1.8541630e-001
  1.5256346e-001
  1.1843723e-001
  8.3949461e-002
  5.0035056e-002
  1.7601801e-002
 -1.2521491e-002
 -3.9633657e-002
 -6.3201759e-002
 -8.2889340e-002
 -9.8569355e-002
 -1.1032044e-001
 -1.1840698e-001
 -1.2324532e-001
 -1.2535986e-001
 -1.2533395e-001
 -1.2376078e-001
 -1.2119932e-001
 -1.1813930e-001
 -1.1497799e-001
 -1.1200973e-001
 -1.0942742e-001
 -1.0733358e-001
 -1.0575769e-001
 -1.0467558e-001
 -1.0402703e-001
 -1.0372835e-001
 -1.0367776e-001
 -1.0375320e-001
 -1.0380339e-001
 -1.0363474e-001
 -1.0299730e-001
 -1.0157392e-001
 -9.8976024e-002
 -9.4749180e-002
 -8.8390076e-002
 -7.9375019e-002
 -6.7198448e-002
 -5.1418419e-002
 -3.1704828e-002
 -7.8855326e-003
  2.0014551e-002
  5.1745731e-002
  8.6820519e-002
  1.2451718e-001
  1.6390015e-001
  2.0385596e-001
  2.4314213e-001
  2.8044518e-001
  3.1444366e-001
  3.4387181e-001
  3.6757980e-001
  3.8458715e-001
  3.9412686e-001
  3.9567861e-001
  3.8899016e-001
  3.7408713e-001
  3.5127148e-001
  3.2110968e-001
  2.8441155e-001
  2.4220098e-001
  1.9567964e-001
  1.4618498e-001
  9.5143878e-002
  4.4023388e-002
 -5.7195008e-003
 -5.2687324e-002
 -9.5588652e-002
 -1.3327965e-001
 -1.6479879e-001
 -1.8939332e-001
 -2.0653642e-001
 -2.1593502e-001
 -2.1752858e-001
 -2.1147999e-001
 -1.9816028e-001
 -1.7812892e-001
 -1.5211153e-001
 -1.2097669e-001
 -8.5712705e-002
 -4.7404849e-002
 -7.2128198e-003
  3.3652426e-002
  7.3953505e-002
  1.1245421e-001
  1.4795067e-001
  1.7930627e-001
  2.0548955e-001
  2.2561369e-001
  2.3897510e-001
  2.4508807e-001
  2.4371236e-001
  2.3487050e-001
  2.1885246e-001
  1.9620601e-001
  1.6771283e-001
  1.3435122e-001
  9.7248074e-002
  5.7623610e-002
  1.6732923e-002
 -2.4191149e-002
 -6.3989893e-002
 -1.0162204e-001
 -1.3619639e-001
 -1.6699290e-001
 -1.9347252e-001
 -2.1527743e-001
 -2.3222363e-001
 -2.4428863e-001
 -2.5159652e-001
 -2.5440241e-001
 -2.5307746e-001
 -2.4809482e-001
 -2.4001598e-001
 -2.2947669e-001
 -2.1717083e-001
 -2.0383130e-001
 -1.9020694e-001
 -1.7703540e-001
 -1.6501281e-001
 -1.5476173e-001
 -1.4679972e-001
 -1.4151110e-001
 -1.3912467e-001
 -1.3969956e-001
 -1.4312090e-001
 -1.4910584e-001
 -1.5721960e-001
 -1.6689994e-001
 -1.7748808e-001
 -1.8826321e-001
 -1.9847793e-001
 -2.0739204e-001
 -2.1430287e-001
 -2.1857094e-001
 -2.1964072e-001
 -2.1705679e-001
 -2.1047643e-001
 -1.9967974e-001
 -1.8457814e-001
 -1.6522212e-001
 -1.4180787e-001
 -1.1468242e-001
 -8.4345762e-002
 -5.1448453e-002
 -1.6782892e-002
  1.8733126e-002
  5.4081393e-002
  8.8176733e-002
  1.1990779e-001
  1.4818311e-001
  1.7197952e-001
  1.9038952e-001
  2.0266409e-001
  2.0824775e-001
  2.0680349e-001
  1.9822603e-001
  1.8264317e-001
  1.6040605e-001
  1.3207000e-001
  9.8368535e-002
  6.0183004e-002
  1.8510478e-002
 -2.5568069e-002
 -7.0917959e-002
 -1.1637885e-001
 -1.6079078e-001
 -2.0301891e-001
 -2.4197798e-001
 -2.7665729e-001
 -3.0614666e-001
 -3.2966330e-001
 -3.4657861e-001
 -3.5644339e-001
 -3.5900939e-001
 -3.5424496e-001
 -3.4234263e-001
 -3.2371700e-001
 -2.9899224e-001
 -2.6897927e-001
 -2.3464380e-001
 -1.9706753e-001
 -1.5740499e-001
 -1.1683935e-001
 -7.6539996e-002
 -3.7624352e-002
 -1.1258836e-003
  3.2031067e-002
  6.1049568e-002
  8.5272365e-002
  1.0418946e-001
  1.1744255e-001
  1.2482756e-001
  1.2629636e-001
  1.2195766e-001
  1.1207681e-001
  9.7073372e-002
  7.7515034e-002
  5.4106435e-002
  2.7671669e-002
 -8.7006325e-004
 -3.0535372e-002
 -6.0312969e-002
 -8.9203223e-002
 -1.1625826e-001
 -1.4061953e-001
 -1.6154995e-001
 -1.7845803e-001
 -1.9091258e-001
 -1.9864723e-001
 -2.0155557e-001
 -1.9967824e-001
 -1.9318467e-001
 -1.8235180e-001
 -1.6754284e-001
 -1.4918793e-001
 -1.2776841e-001
 -1.0380500e-001
 -7.7849460e-002
 -5.0478443e-002
 -2.2287703e-002
  6.1152802e-003
  3.4121860e-002
  6.1136984e-002
  8.6598220e-002
  1.0999813e-001
  1.3090816e-001
  1.4900160e-001
  1.6407272e-001
  1.7604960e-001
  1.8499844e-001
  1.9111830e-001
  1.9472619e-001
  1.9623371e-001
  1.9611740e-001
  1.9488571e-001
  1.9304581e-001
  1.9107333e-001
  1.8938750e-001
  1.8833343e-001
  1.8817193e-001
  1.8907648e-001
  1.9113594e-001
  1.9436088e-001
  1.9869144e-001
  2.0400475e-001
  2.1012040e-001
  2.1680349e-001
  2.2376545e-001
  2.3066396e-001
  2.3710350e-001
  2.4263860e-001
  2.4678161e-001
  2.4901623e-001
  2.4881725e-001
  2.4567592e-001
  2.3912944e-001
  2.2879216e-001
  2.1438564e-001
  1.9576457e-001
  1.7293599e-001
  1.4606964e-001
  1.1549865e-001
  8.1710486e-002
  4.5329408e-002
  7.0922233e-003
 -3.2180067e-002
 -7.1612233e-002
 -1.1030404e-001
 -1.4735700e-001
 -1.8189769e-001
 -2.1309747e-001
 -2.4018918e-001
 -2.6248192e-001
 -2.7937503e-001
 -2.9037245e-001
 -2.9509788e-001
 -2.9331080e-001
 -2.8492226e-001
 -2.7000906e-001
 -2.4882425e-001
 -2.2180178e-001
 -1.8955348e-001
 -1.5285700e-001
 -1.1263443e-001
 -6.9922038e-002
 -2.5832977e-002
  1.8484741e-002
  6.1891796e-002
  1.0329953e-001
  1.4170736e-001
  1.7623331e-001
  2.0613629e-001
  2.3082968e-001
  2.4988696e-001
  2.6304070e-001
  2.7017688e-001
  2.7132674e-001
  2.6665773e-001
  2.5646503e-001
  2.4116409e-001
  2.2128384e-001
  1.9745960e-001
  1.7042431e-001
  1.4099641e-001
  1.1006308e-001
  7.8558094e-002
  4.7434267e-002
  1.7631430e-002
 -9.9582283e-003
 -3.4525093e-002
 -5.5374535e-002
 -7.1954110e-002
 -8.3873277e-002
 -9.0914108e-002
 -9.3032450e-002
 -9.0349987e-002
 -8.3138594e-002
 -7.1799052e-002
 -5.6836543e-002
 -3.8835340e-002
 -1.8434740e-002
  3.6923600e-003
  2.6857593e-002
  5.0372106e-002
  7.3559187e-002
  9.5765681e-002
  1.1637346e-001
  1.3481192e-001
  1.5057203e-001
  1.6322166e-001
  1.7242145e-001
  1.7793952e-001
  1.7966342e-001
  1.7760724e-001
  1.7191235e-001
  1.6284072e-001
  1.5076078e-001
  1.3612621e-001
  1.1944963e-001
  1.0127302e-001
  8.2137819e-002
  6.2556979e-002
  4.2991525e-002
  2.3833024e-002
  5.3928551e-003
 -1.2101847e-002
 -2.8506456e-002
 -4.3752814e-002
 -5.7840625e-002
 -7.0828011e-002
 -8.2822589e-002
 -9.3973879e-002
 -1.0446719e-001
 -1.1451847e-001
 -1.2436919e-001
 -1.3427998e-001
 -1.4452203e-001
 -1.5536535e-001
 -1.6706380e-001
 -1.7983751e-001
 -1.9385370e-001
 -2.0920801e-001
 -2.2590813e-001
 -2.4386202e-001
 -2.6287233e-001
 -2.8263811e-001
 -3.0276398e-001
 -3.2277625e-001
 -3.4214438e-001
 -3.6030580e-001
 -3.7669169e-001
 -3.9075154e-001
 -4.0197459e-001
 -4.0990683e-001
 -4.1416329e-001
 -4.1443584e-001
 -4.1049762e-001
 -4.0220529e-001
 -3.8950076e-001
 -3.7241341e-001
 -3.5106346e-001
 -3.2566650e-001
 -2.9653834e-001
 -2.6409866e-001
 -2.2887196e-001
 -1.9148379e-001
 -1.5265087e-001
 -1.1316436e-001
 -7.3866362e-002
 -3.5620657e-002
  7.2029582e-004
  3.4349476e-002
  6.4537612e-002
  9.0660831e-002
  1.1222133e-001
  1.2885962e-001
  1.4035783e-001
  1.4663499e-001
  1.4773574e-001
  1.4381488e-001
  1.3512056e-001
  1.2197830e-001
  1.0477809e-001
  8.3965354e-002
  6.0036017e-002
  3.3534632e-002
  5.0538738e-003
 -2.4766791e-002
 -5.5245438e-002
 -8.5666814e-002
 -1.1529724e-001
 -1.4340532e-001
 -1.6928725e-001
 -1.9229478e-001
 -2.1186310e-001
 -2.2753558e-001
 -2.3898274e-001
 -2.4601329e-001
 -2.4857613e-001
 -2.4675345e-001
 -2.4074600e-001
 -2.3085292e-001
 -2.1744871e-001
 -2.0096041e-001
 -1.8184749e-001
 -1.6058642e-001
 -1.3766075e-001
 -1.1355635e-001
 -8.8760725e-002
 -6.3764208e-002
 -3.9060713e-002
 -1.5145841e-002
  7.4894041e-003
  2.8370053e-002
  4.7053442e-002
  6.3148912e-002
  7.6338647e-002
  8.6396848e-002
  9.3204372e-002
  9.6756430e-002
  9.7161776e-002
  9.4633011e-002
  8.9468845e-002
  8.2030356e-002
  7.2714101e-002
  6.1925382e-002
  5.0054830e-002
  3.7460907e-002
  2.4459883e-002
  1.1323642e-002
 -1.7156066e-003
 -1.4455705e-002
 -2.6712720e-002
 -3.8309837e-002
 -4.9069605e-002
 -5.8811419e-002
 -6.7355000e-002
 -7.4529434e-002
 -8.0186154e-002
 -8.4213379e-002
 -8.6549096e-002
 -8.7189747e-002
 -8.6192396e-002
 -8.3669173e-002
 -7.9774064e-002
 -7.4683431e-002
 -6.8572767e-002
 -6.1592949e-002
 -5.3849452e-002
 -4.5387698e-002
 -3.6186822e-002
 -2.6162959e-002
 -1.5181691e-002
 -3.0779865e-003
  1.0319203e-002
  2.5161108e-002
  4.1555652e-002
  5.9549402e-002
  7.9117122e-002
  1.0015986e-001
  1.2251106e-001
  1.4594914e-001
  1.7021370e-001
  1.9502257e-001
  2.2008652e-001
  2.4511954e-001
  2.6984312e-001
  2.9398464e-001
  3.1727093e-001
  3.3941911e-001
  3.6012754e-001
  3.7906956e-001
  3.9589255e-001
  4.1022374e-001
  4.2168308e-001
  4.2990230e-001
  4.3454787e-001
  4.3534523e-001
  4.3210070e-001
  4.2471832e-001
  4.1320907e-001
  3.9769140e-001
  3.7838301e-001
  3.5558539e-001
  3.2966350e-001
  3.0102368e-001
  2.7009296e-001
  2.3730268e-001
  2.0307809e-001
  1.6783486e-001
  1.3198170e-001
  9.5927439e-002
  6.0089884e-002
  2.4903490e-002
 -9.1769162e-003
 -4.1678455e-002
 -7.2119554e-002
 -1.0002602e-001
 -1.2495228e-001
 -1.4650513e-001
 -1.6436682e-001
 -1.7831432e-001
 -1.8823180e-001
 -1.9411472e-001
 -1.9606494e-001
 -1.9427771e-001
 -1.8902264e-001
 -1.8062154e-001
 -1.6942652e-001
 -1.5580140e-001
 -1.4010878e-001
 -1.2270414e-001
 -1.0393669e-001
 -8.4155664e-002
 -6.3719620e-002
 -4.3005589e-002
 -2.2415084e-002
 -2.3743685e-003
  1.6672551e-002
  3.4278410e-002
  5.0013463e-002
  6.3490121e-002
  7.4388165e-002
  8.2476957e-002
  8.7631337e-002
  8.9838775e-002
  8.9196608e-002
  8.5899700e-002
  8.0220273e-002
  7.2482861e-002
  6.3037961e-002
  5.2238074e-002
  4.0419249e-002
  2.7890213e-002
  1.4929748e-002
  1.7915256e-003
 -1.1285743e-002
 -2.4065877e-002
 -3.6303926e-002
 -4.7739124e-002
 -5.8094400e-002
 -6.7083453e-002
 -7.4424914e-002
 -7.9861724e-002
 -8.3182701e-002
 -8.4242733e-002
 -8.2978049e-002
 -7.9413713e-002
 -7.3661711e-002
 -6.5909532e-002
 -5.6400762e-002
 -4.5410570e-002
 -3.3219921e-002
 -2.0092580e-002
 -6.2586069e-003
  8.0930547e-003
  2.2811817e-002
  3.7773169e-002
  5.2859219e-002
  6.7935692e-002
  8.2829708e-002
  9.7312665e-002
  1.1109177e-001
  1.2381240e-001
  1.3507171e-001
  1.4444200e-001
  1.5150076e-001
  1.5586319e-001
  1.5721235e-001
  1.5532274e-001
  1.5007383e-001
  1.4145192e-001
  1.2954056e-001
  1.1450139e-001
  9.6549180e-002
  7.5925347e-002
  5.2874559e-002
  2.7628340e-002
  3.9820133e-004
 -2.8620922e-002
 -5.9238107e-002
 -9.1247642e-002
 -1.2440811e-001
 -1.5842400e-001
 -1.9293412e-001
 -2.2751014e-001
 -2.6166665e-001
 -2.9488249e-001
 -3.2663072e-001
 -3.5641342e-001
 -3.8379619e-001
 -4.0843746e-001
 -4.3010803e-001
 -4.4869812e-001
 -4.6421091e-001
 -4.7674379e-001
 -4.8646042e-001
 -4.9355816e-001
 -4.9823608e-001
 -5.0066843e-001
 -5.0098754e-001
 -4.9927838e-001
 -4.9558480e-001
 -4.8992550e-001
 -4.8231623e-001
 -4.7279330e-001
 -4.6143374e-001
 -4.4836768e-001
 -4.3378042e-001
 -4.1790333e-001
 -4.0099486e-001
 -3.8331503e-001
 -3.6509807e-001
 -3.4652818e-001
 -3.2772333e-001
 -3.0873056e-001
 -2.8953436e-001
 -2.7007731e-001
 -2.5029021e-001
 -2.3012689e-001
 -2.0959791e-001
 -1.8879754e-001
 -1.6791906e-001
 -1.4725533e-001
 -1.2718405e-001
 -1.0813935e-001
 -9.0573947e-002
 -7.4917346e-002
 -6.1536491e-002
 -5.0704665e-002
 -4.2583128e-002
 -3.7217734e-002
 -3.4550214e-002
 -3.4441263e-002
 -3.6700520e-002
 -4.1117374e-002
 -4.7486412e-002
 -5.5622365e-002
 -6.5361378e-002
 -7.6548076e-002
 -8.9010638e-002
 -1.0252861e-001
 -1.1679993e-001
 -1.3141411e-001
 -1.4583823e-001
 -1.5942026e-001
 -1.7141177e-001
 -1.8100907e-001
 -1.8740827e-001
 -1.8986797e-001
 -1.8777100e-001
 -1.8067721e-001
 -1.6835994e-001
 -1.5082131e-001
 -1.2828494e-001
 -1.0116761e-001
 -7.0035091e-002
 -3.5549333e-002
  1.5843734e-003
  4.0662253e-002
  8.1012392e-002
  1.2200700e-001
  1.6305644e-001
  2.0358836e-001
  2.4301825e-001
  2.8071955e-001
  3.1600174e-001
  3.4810395e-001
  3.7620864e-001
  3.9947688e-001
  4.1710249e-001
  4.2837871e-001
  4.3276857e-001
  4.2996856e-001
  4.1995567e-001
  4.0301001e-001
  3.7970843e-001
  3.5088910e-001
  3.1759105e-001
  2.8097683e-001
  2.4224875e-001
  2.0257018e-001
  1.6300240e-001
  1.2446464e-001
  8.7721064e-002
  5.3393820e-002
  2.1996683e-002
 -6.0196777e-003
 -3.0221778e-002
 -5.0157790e-002
 -6.5341550e-002
 -7.5261617e-002
 -7.9416153e-002
 -7.7369409e-002
 -6.8821052e-002
 -5.3676510e-002
 -3.2105305e-002
 -4.5754300e-003
  2.8145002e-002
  6.5022720e-002
  1.0482900e-001
  1.4623653e-001
  1.8793102e-001
  2.2872243e-001
  2.6763996e-001
  3.0399710e-001
  3.3741735e-001
  3.6781726e-001
  3.9534988e-001
  4.2031860e-001
  4.4307553e-001
  4.6392196e-001
  4.8302768e-001
  5.0038350e-001
  5.1579533e-001
  5.2892184e-001
  5.3934958e-001
  5.4669328e-001
  5.5070354e-001
  5.5136263e-001
  5.4894956e-001
  5.4406007e-001
  5.3757387e-001
  5.3056961e-001
  5.2419666e-001
  5.1952028e-001
  5.1736175e-001
  5.1815731e-001
  5.2185754e-001
  5.2788450e-001
  5.3515521e-001
  5.4217151e-001
  5.4716604e-001
  5.4828622e-001
  5.4379224e-001
  5.3224283e-001
  5.1264444e-001
  4.8454456e-001
  4.4805816e-001
  4.0382616e-001
  3.5291434e-001
  2.9667008e-001
  2.3655951e-001
  1.7401037e-001
  1.1028347e-001
  4.6391008e-002
 -1.6928920e-002
 -7.9181054e-002
 -1.4003443e-001
 -1.9921353e-001
 -2.5638125e-001
 -3.1103688e-001
 -3.6245008e-001
 -4.0964549e-001
 -4.5144423e-001
