 -2.7313116e-001
 -2.4740203e-001
 -2.3164138e-001
 -2.2501008e-001
 -2.2586167e-001
 -2.3277753e-001
 -2.4383418e-001
 -2.5748137e-001
 -2.7200986e-001
 -2.8624809e-001
 -2.9912416e-001
 -3.1019808e-001
 -3.1924551e-001
 -3.2664031e-001
 -3.3292864e-001
 -3.3908955e-001
 -3.4610313e-001
 -3.5513289e-001
 -3.6711536e-001
 -3.8291586e-001
 -4.0297489e-001
 -4.2748315e-001
 -4.5611199e-001
 -4.8823509e-001
 -5.2275006e-001
 -5.5834965e-001
 -5.9341772e-001
 -6.2632827e-001
 -6.5538131e-001
 -6.7909436e-001
 -6.9613669e-001
 -7.0557723e-001
 -7.0678297e-001
 -6.9959983e-001
 -6.8419894e-001
 -6.6118756e-001
 -6.3140887e-001
 -5.9600078e-001
 -5.5617318e-001
 -5.1324563e-001
 -4.6843425e-001
 -4.2290129e-001
 -3.7757949e-001
 -3.3325672e-001
 -2.9045151e-001
 -2.4953818e-001
 -2.1066919e-001
 -1.7392891e-001
 -1.3928238e-001
 -1.0673349e-001
 -7.6273153e-002
 -4.8015596e-002
 -2.2122928e-002
  1.0970634e-003
  2.1300813e-002
  3.8051687e-002
  5.0958082e-002
  5.9641971e-002
  6.3885511e-002
  6.3601239e-002
  5.8960911e-002
  5.0341928e-002
  3.8416895e-002
  2.4059536e-002
  8.3865888e-003
 -7.3769463e-003
 -2.1895935e-002
 -3.3885538e-002
 -4.2126581e-002
 -4.5624632e-002
 -4.3613965e-002
 -3.5687120e-002
 -2.1761757e-002
 -2.1607734e-003
  2.2471239e-002
  5.1142521e-002
  8.2644149e-002
  1.1556647e-001
  1.4845677e-001
  1.7985325e-001
  2.0844179e-001
  2.3307780e-001
  2.5291481e-001
  2.6739046e-001
  2.7630875e-001
  2.7977891e-001
  2.7824823e-001
  2.7239890e-001
  2.6314301e-001
  2.5149417e-001
  2.3854741e-001
  2.2535020e-001
  2.1289084e-001
  2.0199087e-001
  1.9332006e-001
  1.8732248e-001
  1.8426508e-001
  1.8419803e-001
  1.8703073e-001
  1.9251524e-001
  2.0033508e-001
  2.1009476e-001
  2.2140417e-001
  2.3385816e-001
  2.4710342e-001
  2.6079920e-001
  2.7466266e-001
  2.8841134e-001
  3.0179280e-001
  3.1451895e-001
  3.2629210e-001
  3.3674462e-001
  3.4547548e-001
  3.5200736e-001
  3.5584258e-001
  3.5644249e-001
  3.5330310e-001
  3.4595210e-001
  3.3403508e-001
  3.1731736e-001
  2.9576546e-001
  2.6953727e-001
  2.3904273e-001
  2.0490826e-001
  1.6800595e-001
  1.2938584e-001
  9.0272435e-002
  5.1969184e-002
  1.5831478e-002
 -1.6843400e-002
 -4.4849322e-002
 -6.7176439e-002
 -8.3031065e-002
 -9.1917623e-002
 -9.3629397e-002
 -8.8295334e-002
 -7.6334406e-002
 -5.8465294e-002
 -3.5627706e-002
 -8.9632581e-003
  2.0283769e-002
  5.0798715e-002
  8.1298972e-002
  1.1056148e-001
  1.3751157e-001
  1.6123153e-001
  1.8102425e-001
  1.9639499e-001
  2.0708715e-001
  2.1303854e-001
  2.1439418e-001
  2.1144518e-001
  2.0462887e-001
  1.9446192e-001
  1.8153932e-001
  1.6647220e-001
  1.4989460e-001
  1.3241223e-001
  1.1462044e-001
  9.7064758e-002
  8.0268037e-002
  6.4698192e-002
  5.0799193e-002
  3.8960190e-002
  2.9543888e-002
  2.2851660e-002
  1.9145791e-002
  1.8608931e-002
  2.1360824e-002
  2.7414902e-002
  3.6694241e-002
  4.8991469e-002
  6.3990942e-002
  8.1238964e-002
  1.0017849e-001
  1.2013434e-001
  1.4036325e-001
  1.6005481e-001
  1.7839417e-001
  1.9457323e-001
  2.0785911e-001
  2.1760660e-001
  2.2332193e-001
  2.2466584e-001
  2.2150257e-001
  2.1388469e-001
  2.0208038e-001
  1.8653595e-001
  1.6788015e-001
  1.4686556e-001
  1.2435503e-001
  1.0125026e-001
  7.8469146e-002
  5.6871978e-002
  3.7241779e-002
  2.0219168e-002
  6.2962732e-003
 -4.2305084e-003
 -1.1246833e-002
 -1.4845950e-002
 -1.5293919e-002
 -1.3034954e-002
 -8.6395163e-003
 -2.7955360e-003
  3.7530246e-003
  1.0220356e-002
  1.5840930e-002
  1.9880925e-002
  2.1693014e-002
  2.0718158e-002
  1.6528593e-002
  8.8170863e-003
 -2.5732435e-003
 -1.7671804e-002
 -3.6362059e-002
 -5.8413614e-002
 -8.3471467e-002
 -1.1109336e-001
 -1.4074287e-001
 -1.7182837e-001
 -2.0369709e-001
 -2.3567395e-001
 -2.6705490e-001
 -2.9714460e-001
 -3.2524940e-001
 -3.5071444e-001
 -3.7291678e-001
 -3.9130244e-001
 -4.0537990e-001
 -4.1475685e-001
 -4.1913316e-001
 -4.1833584e-001
 -4.1230915e-001
 -4.0114454e-001
 -3.8506511e-001
 -3.6444795e-001
 -3.3979930e-001
 -3.1176613e-001
 -2.8110048e-001
 -2.4865971e-001
 -2.1536018e-001
 -1.8216787e-001
 -1.5004454e-001
 -1.1993291e-001
 -9.2700770e-002
 -6.9126908e-002
 -4.9849829e-002
 -3.5361486e-002
 -2.5966969e-002
 -2.1791404e-002
 -2.2755624e-002
 -2.8599881e-002
 -3.8876727e-002
 -5.2991140e-002
 -7.0208625e-002
 -8.9707908e-002
 -1.1059884e-001
 -1.3198100e-001
 -1.5296382e-001
 -1.7272314e-001
 -1.9051571e-001
 -2.0572605e-001
 -2.1786889e-001
 -2.2662169e-001
 -2.3181121e-001
 -2.3342946e-001
 -2.3160489e-001
 -2.2660399e-001
 -2.1879055e-001
 -2.0861787e-001
 -1.9658205e-001
 -1.8321138e-001
 -1.6902037e-001
 -1.5450268e-001
 -1.4009149e-001
 -1.2616077e-001
 -1.1299535e-001
 -1.0080196e-001
 -8.9689836e-002
 -7.9691174e-002
 -7.0749866e-002
 -6.2748311e-002
 -5.5500982e-002
 -4.8783929e-002
 -4.2329621e-002
 -3.5856083e-002
 -2.9060605e-002
 -2.1646940e-002
 -1.3317210e-002
 -3.7973352e-003
  7.1719867e-003
  1.9810435e-002
  3.4306459e-002
  5.0791227e-002
  6.9345761e-002
  8.9973877e-002
  1.1260833e-001
  1.3708436e-001
  1.6314749e-001
  1.9043068e-001
  2.1846811e-001
  2.4668055e-001
  2.7439892e-001
  3.0086113e-001
  3.2524795e-001
  3.4669225e-001
  3.6432647e-001
  3.7730198e-001
  3.8484341e-001
  3.8627193e-001
  3.8105879e-001
  3.6884365e-001
  3.4947853e-001
  3.2303245e-001
  2.8981786e-001
  2.5037499e-001
  2.0547633e-001
  1.5608887e-001
  1.0335723e-001
  4.8547244e-002
 -6.9862055e-003
 -6.1866035e-002
 -1.1473043e-001
 -1.6429920e-001
 -2.0940533e-001
 -2.4905005e-001
 -2.8241903e-001
 -3.0891853e-001
 -3.2817095e-001
 -3.4002964e-001
 -3.4455397e-001
 -3.4200555e-001
 -3.3280820e-001
 -3.1753297e-001
 -2.9685099e-001
 -2.7151558e-001
 -2.4231681e-001
 -2.1006835e-001
 -1.7556975e-001
 -1.3960266e-001
 -1.0290276e-001
 -6.6164946e-002
 -3.0023387e-002
  4.9372799e-003
  3.8198352e-002
  6.9294810e-002
  9.7832365e-002
  1.2347784e-001
  1.4597922e-001
  1.6515915e-001
  1.8093715e-001
  1.9332355e-001
  2.0243963e-001
  2.0850676e-001
  2.1185875e-001
  2.1292078e-001
  2.1220957e-001
  2.1029917e-001
  2.0780801e-001
  2.0535323e-001
  2.0352866e-001
  2.0285430e-001
  2.0375373e-001
  2.0650833e-001
  2.1124513e-001
  2.1790671e-001
  2.2625848e-001
  2.3588128e-001
  2.4620292e-001
  2.5651565e-001
  2.6602937e-001
  2.7390692e-001
  2.7933107e-001
  2.8154634e-001
  2.7992565e-001
  2.7400491e-001
  2.6353442e-001
  2.4849189e-001
  2.2910881e-001
  2.0585498e-001
  1.7943513e-001
  1.5074655e-001
  1.2084927e-001
  9.0902408e-002
  6.2120871e-002
  3.5704802e-002
  1.2796049e-002
 -5.5838788e-003
 -1.8565318e-002
 -2.5473486e-002
 -2.5838516e-002
 -1.9418089e-002
 -6.1813740e-003
  1.3686183e-002
  3.9818529e-002
  7.1682794e-002
  1.0861781e-001
  1.4985149e-001
  1.9453787e-001
  2.4176226e-001
  2.9057606e-001
  3.3999599e-001
  3.8902691e-001
  4.3666238e-001
  4.8189627e-001
  5.2372165e-001
  5.6114677e-001
  5.9319883e-001
  6.1895268e-001
  6.3754004e-001
  6.4819679e-001
  6.5027667e-001
  6.4330939e-001
  6.2702475e-001
  6.0139674e-001
  5.6666642e-001
  5.2336090e-001
  4.7227795e-001
  4.1449159e-001
  3.5129696e-001
  2.8418859e-001
  2.1480792e-001
  1.4486615e-001
  7.6083195e-002
  1.0095890e-002
 -5.1636464e-002
 -1.0787972e-001
 -1.5771426e-001
 -2.0053831e-001
 -2.3610194e-001
 -2.6448873e-001
 -2.8609140e-001
 -3.0156813e-001
 -3.1180759e-001
 -3.1784131e-001
 -3.2078734e-001
 -3.2176387e-001
 -3.2181565e-001
 -3.2186125e-001
 -3.2264309e-001
 -3.2470076e-001
 -3.2836517e-001
 -3.3374415e-001
 -3.4078765e-001
 -3.4926228e-001
 -3.5881575e-001
 -3.6898974e-001
 -3.7924218e-001
 -3.8900403e-001
 -3.9771603e-001
 -4.0485440e-001
 -4.0998747e-001
 -4.1275755e-001
 -4.1289319e-001
 -4.1020690e-001
 -4.0455249e-001
 -3.9584350e-001
 -3.8407298e-001
 -3.6927976e-001
 -3.5154827e-001
 -3.3100824e-001
 -3.0781243e-001
 -2.8216300e-001
 -2.5436242e-001
 -2.2477553e-001
 -1.9392293e-001
 -1.6240406e-001
 -1.3091715e-001
 -1.0025296e-001
 -7.1164041e-002
 -4.4449950e-002
 -2.0957269e-002
 -1.5060893e-003
  1.3036855e-002
  2.1914735e-002
  2.4533649e-002
  2.0518269e-002
  9.7641019e-003
 -7.5300035e-003
 -3.0870477e-002
 -5.9454632e-002
 -9.2152240e-002
 -1.2760141e-001
 -1.6419082e-001
 -2.0020940e-001
 -2.3395440e-001
 -2.6379516e-001
 -2.8831701e-001
 -3.0632822e-001
 -3.1695597e-001
 -3.1962730e-001
 -3.1415092e-001
 -3.0067028e-001
 -2.7952606e-001
 -2.5135455e-001
 -2.1691016e-001
 -1.7711676e-001
 -1.3318797e-001
 -8.6396667e-002
 -3.8124612e-002
  1.0306964e-002
  5.7683665e-002
  1.0295323e-001
  1.4525123e-001
  1.8390839e-001
  2.1845240e-001
  2.4857360e-001
  2.7411830e-001
  2.9500741e-001
  3.1128988e-001
  3.2303051e-001
  3.3022278e-001
  3.3284648e-001
  3.3078689e-001
  3.2394583e-001
  3.1225220e-001
  2.9574333e-001
  2.7457129e-001
  2.4907281e-001
  2.1983612e-001
  1.8765359e-001
  1.5359011e-001
  1.1886116e-001
  8.4765188e-002
  5.2620862e-002
  2.3601130e-002
 -1.2763032e-003
 -2.1249211e-002
 -3.5852211e-002
 -4.4966450e-002
 -4.8833193e-002
 -4.8070443e-002
 -4.3626639e-002
 -3.6710529e-002
 -2.8727687e-002
 -2.1186525e-002
 -1.5601602e-002
 -1.3370312e-002
 -1.5695543e-002
 -2.3483332e-002
 -3.7273323e-002
 -5.7291114e-002
 -8.3301400e-002
 -1.1479856e-001
 -1.5086412e-001
 -1.9020758e-001
 -2.3131196e-001
 -2.7226018e-001
 -3.1114021e-001
 -3.4608725e-001
 -3.7548049e-001
 -3.9819443e-001
 -4.1350749e-001
 -4.2131220e-001
 -4.2192784e-001
 -4.1605458e-001
 -4.0471313e-001
 -3.8896912e-001
 -3.7000207e-001
 -3.4898423e-001
 -3.2701404e-001
 -3.0511826e-001
 -2.8413252e-001
 -2.6471457e-001
 -2.4727842e-001
 -2.3210279e-001
 -2.1928330e-001
 -2.0873259e-001
 -2.0027109e-001
 -1.9370292e-001
 -1.8884031e-001
 -1.8561543e-001
 -1.8404970e-001
 -1.8420044e-001
 -1.8618902e-001
 -1.9019951e-001
 -1.9640516e-001
 -2.0489623e-001
 -2.1563283e-001
 -2.2836536e-001
 -2.4259843e-001
 -2.5761789e-001
 -2.7246854e-001
 -2.8579836e-001
 -2.9606838e-001
 -3.0164098e-001
 -3.0085522e-001
 -2.9221779e-001
 -2.7440178e-001
 -2.4647888e-001
 -2.0782824e-001
 -1.5838277e-001
 -9.8531030e-002
 -2.8851134e-002
  4.9651399e-002
  1.3558621e-001
  2.2722077e-001
  3.2245735e-001
  4.1899432e-001
  5.1445894e-001
  6.0650079e-001
  6.9283060e-001
  7.7135791e-001
  8.4040954e-001
  8.9867103e-001
  9.4524828e-001
  9.7968011e-001
  1.0018412e+000
  1.0120137e+000
  1.0108044e+000
  9.9914903e-001
  9.7822406e-001
  9.4939187e-001
  9.1423787e-001
  8.7442163e-001
  8.3152737e-001
  7.8709343e-001
  7.4250187e-001
  6.9899772e-001
  6.5771775e-001
  6.1965186e-001
  5.8552961e-001
  5.5590868e-001
  5.3119735e-001
  5.1162275e-001
  4.9729579e-001
  4.8813758e-001
  4.8388173e-001
  4.8404288e-001
  4.8795363e-001
  4.9474215e-001
  5.0327936e-001
  5.1229715e-001
  5.2032193e-001
  5.2584367e-001
  5.2744334e-001
  5.2382582e-001
  5.1396804e-001
  4.9713933e-001
  4.7293189e-001
  4.4133777e-001
  4.0276562e-001
  3.5803283e-001
  3.0845824e-001
  2.5571821e-001
  2.0171109e-001
  1.4855240e-001
  9.8288685e-002
  5.2973298e-002
  1.4473233e-002
 -1.5597060e-002
 -3.5763960e-002
 -4.5022815e-002
 -4.2734167e-002
 -2.8838510e-002
 -4.0538408e-003
  3.0313654e-002
  7.2205857e-002
  1.1909628e-001
  1.6815693e-001
  2.1633841e-001
  2.6067783e-001
  2.9830386e-001
  3.2653235e-001
  3.4305848e-001
  3.4581175e-001
  3.3324638e-001
  3.0442739e-001
  2.5895340e-001
  1.9726679e-001
  1.2027972e-001
  2.9363076e-002
 -7.3773120e-002
 -1.8740972e-001
 -3.0960793e-001
 -4.3856197e-001
 -5.7234387e-001
 -7.0882145e-001
 -8.4578367e-001
 -9.8065413e-001
 -1.1107612e+000
 -1.2334803e+000
 -1.3461564e+000
 -1.4463404e+000
 -1.5316916e+000
 -1.6000140e+000
 -1.6493995e+000
 -1.6781537e+000
 -1.6850742e+000
 -1.6694097e+000
 -1.6310282e+000
 -1.5706675e+000
 -1.4896992e+000
 -1.3904221e+000
 -1.2756851e+000
 -1.1486478e+000
 -1.0127987e+000
 -8.7144606e-001
 -7.2789512e-001
 -5.8533254e-001
 -4.4663124e-001
 -3.1453170e-001
 -1.9124656e-001
 -7.8481220e-002
  2.2663490e-002
  1.1196670e-001
  1.8975325e-001
  2.5706779e-001
  3.1533344e-001
  3.6605905e-001
  4.1087856e-001
  4.5113608e-001
  4.8804943e-001
  5.2261528e-001
  5.5554908e-001
  5.8743079e-001
  6.1853667e-001
  6.4885684e-001
  6.7814041e-001
  7.0578258e-001
  7.3105250e-001
  7.5303765e-001
  7.7085135e-001
  7.8362456e-001
  7.9064477e-001
  7.9137282e-001
  7.8545987e-001
  7.7283977e-001
  7.5360337e-001
  7.2801258e-001
  6.9641674e-001
  6.5914352e-001
  6.1650999e-001
  5.6881049e-001
  5.1629961e-001
  4.5925192e-001
  3.9798880e-001
  3.3288911e-001
  2.6444202e-001
  1.9349634e-001
  1.2104471e-001
  4.8670109e-002
 -2.1878199e-002
 -8.8606941e-002
 -1.4944556e-001
 -2.0243101e-001
 -2.4568618e-001
 -2.7745783e-001
 -2.9625998e-001
 -3.0075524e-001
 -2.8995019e-001
 -2.6347677e-001
 -2.2135614e-001
 -1.6440204e-001
 -9.3789450e-002
 -1.1196177e-002
  8.1434703e-002
  1.8193402e-001
  2.8795835e-001
  3.9711093e-001
  5.0687535e-001
  6.1475762e-001
  7.1819612e-001
  8.1451964e-001
  9.0114434e-001
  9.7506004e-001
  1.0335570e+000
  1.0737096e+000
  1.0931044e+000
  1.0899191e+000
  1.0630082e+000
  1.0123083e+000
  9.3843407e-001
  8.4289757e-001
  7.2770911e-001
  5.9521309e-001
  4.4789914e-001
  2.8834260e-001
  1.1894003e-001
 -5.8031131e-002
 -2.4063711e-001
 -4.2731290e-001
 -6.1684775e-001
 -8.0827218e-001
 -1.0007902e+000
 -1.1935362e+000
 -1.3855427e+000
 -1.5755212e+000
 -1.7618638e+000
 -1.9425312e+000
 -2.1150896e+000
 -2.2768747e+000
 -2.4249144e+000
 -2.5563612e+000
 -2.6683346e+000
 -2.7581921e+000
 -2.8236057e+000
 -2.8626712e+000
 -2.8741058e+000
 -2.8573774e+000
 -2.8127942e+000
 -2.7414908e+000
 -2.6454338e+000
 -2.5273277e+000
 -2.3904970e+000
 -2.2387007e+000
 -2.0759304e+000
 -1.9062080e+000
 -1.7333418e+000
 -1.5608083e+000
 -1.3914981e+000
 -1.2277083e+000
 -1.0709617e+000
 -9.2205468e-001
 -7.8105135e-001
 -6.4733821e-001
 -5.1984642e-001
 -3.9710097e-001
 -2.7758661e-001
 -1.5985266e-001
 -4.2823325e-002
  7.4084794e-002
  1.9085331e-001
  3.0678428e-001
  4.2059838e-001
  5.3054565e-001
  6.3450686e-001
  7.3041012e-001
  8.1614062e-001
  8.9004806e-001
  9.5073568e-001
  9.9736767e-001
  1.0295319e+000
  1.0472555e+000
  1.0510319e+000
  1.0416323e+000
  1.0202482e+000
  9.8817654e-001
  9.4702793e-001
  8.9852961e-001
  8.4461849e-001
  7.8736699e-001
  7.2895249e-001
  6.7159819e-001
  6.1750706e-001
  5.6888584e-001
  5.2780676e-001
  4.9621402e-001
  4.7582277e-001
  4.6807217e-001
  4.7411291e-001
  4.9477674e-001
  5.3061891e-001
  5.8177628e-001
  6.4820137e-001
  7.2938769e-001
  8.2480581e-001
  9.3351468e-001
  1.0547122e+000
  1.1874608e+000
  1.3310399e+000
  1.4849758e+000
  1.6489555e+000
  1.8228922e+000
  2.0066222e+000
  2.1998741e+000
  2.4019523e+000
  2.6117448e+000
  2.8274270e+000
  3.0465427e+000
  3.2658477e+000
  3.4813269e+000
  3.6883754e+000
  3.8818439e+000
  4.0564219e+000
  4.2069243e+000
  4.3285568e+000
  4.4172824e+000
  4.4699517e+000
  4.4844978e+000
  4.4599670e+000
  4.3966842e+000
  4.2959922e+000
  4.1603249e+000
  3.9928038e+000
  3.7970610e+000
  3.5769203e+000
  3.3362151e+000
  3.0785226e+000
  2.8071705e+000
  2.5249891e+000
  2.2343860e+000
  1.9373221e+000
  1.6352620e+000
  1.3295099e+000
  1.0211599e+000
  7.1151470e-001
  4.0221403e-001
  9.5407407e-002
 -2.0614942e-001
 -4.9911266e-001
 -7.7968906e-001
 -1.0437405e+000
 -1.2870450e+000
 -1.5055274e+000
 -1.6954993e+000
 -1.8539516e+000
 -1.9788592e+000
 -2.0693003e+000
 -2.1256631e+000
 -2.1495582e+000
 -2.1438834e+000
 -2.1124891e+000
 -2.0601700e+000
 -1.9921801e+000
 -1.9138843e+000
 -1.8305313e+000
 -1.7467579e+000
 -1.6665869e+000
 -1.5932819e+000
 -1.5292999e+000
 -1.4762359e+000
 -1.4350064e+000
 -1.4056889e+000
 -1.3879590e+000
 -1.3811717e+000
 -1.3846006e+000
 -1.3977247e+000
 -1.4201570e+000
 -1.4518654e+000
 -1.4929379e+000
 -1.5436839e+000
 -1.6043433e+000
 -1.6749999e+000
 -1.7554378e+000
 -1.8449279e+000
 -1.9422942e+000
 -2.0458899e+000
 -2.1536790e+000
 -2.2634346e+000
 -2.3728186e+000
 -2.4796059e+000
 -2.5818531e+000
 -2.6780589e+000
 -2.7673455e+000
 -2.8495054e+000
 -2.9251447e+000
 -2.9955231e+000
 -3.0626172e+000
 -3.1288337e+000
 -3.1969218e+000
 -3.2696618e+000
 -3.3496253e+000
 -3.4389108e+000
 -3.5388322e+000
 -3.6496683e+000
 -3.7704986e+000
 -3.8990706e+000
 -4.0317983e+000
 -4.1639051e+000
 -4.2895231e+000
 -4.4020765e+000
 -4.4944709e+000
 -4.5595152e+000
 -4.5902580e+000
 -4.5803029e+000
 -4.5242157e+000
 -4.4178574e+000
 -4.2585660e+000
 -4.0454667e+000
 -3.7793899e+000
 -3.4628310e+000
 -3.0998673e+000
 -2.6958777e+000
 -2.2574395e+000
 -1.7919601e+000
 -1.3075049e+000
 -8.1257540e-001
 -3.1576225e-001
  1.7429020e-001
  6.4929997e-001
  1.1015505e+000
  1.5239881e+000
  1.9105958e+000
  2.2562463e+000
  2.5566694e+000
  2.8085671e+000
  3.0095266e+000
  3.1580707e+000
  3.2540301e+000
  3.2981899e+000
  3.2924610e+000
  3.2397679e+000
  3.1436650e+000
  3.0087144e+000
  2.8401124e+000
  2.6439732e+000
  2.4271879e+000
  2.1973104e+000
  1.9625014e+000
  1.7311354e+000
  1.5115010e+000
  1.3114598e+000
  1.1380356e+000
  9.9711400e-001
  8.9329133e-001
  8.2952392e-001
  8.0697039e-001
  8.2502397e-001
  8.8103136e-001
  9.7081925e-001
  1.0888385e+000
  1.2286094e+000
  1.3833240e+000
  1.5459811e+000
  1.7101000e+000
  1.8697092e+000
  2.0198226e+000
  2.1564288e+000
  2.2765769e+000
  2.3784331e+000
  2.4612434e+000
  2.5252653e+000
  2.5716797e+000
  2.6023942e+000
  2.6199671e+000
  2.6273204e+000
  2.6276587e+000
  2.6242173e+000
  2.6200898e+000
  2.6181650e+000
  2.6209018e+000
  2.6304004e+000
  2.6482643e+000
  2.6756627e+000
  2.7133053e+000
  2.7614092e+000
  2.8197283e+000
  2.8874740e+000
  2.9632043e+000
  3.0449477e+000
  3.1297422e+000
  3.2142116e+000
  3.2939585e+000
  3.3643980e+000
  3.4204634e+000
  3.4572152e+000
  3.4699835e+000
  3.4544902e+000
  3.4074198e+000
  3.3259564e+000
  3.2086094e+000
  3.0545135e+000
  2.8633219e+000
  2.6353185e+000
  2.3710417e+000
  2.0715485e+000
  1.7391207e+000
  1.3766339e+000
  9.8810285e-001
  5.7824025e-001
  1.5236714e-001
 -2.8352677e-001
 -7.2279894e-001
 -1.1582563e+000
 -1.5821609e+000
 -1.9864289e+000
 -2.3629786e+000
 -2.7037383e+000
 -3.0012344e+000
 -3.2484863e+000
 -3.4395481e+000
 -3.5694756e+000
 -3.6348914e+000
 -3.6338623e+000
 -3.5663606e+000
 -3.4341201e+000
 -3.2407678e+000
 -2.9917683e+000
 -2.6943060e+000
 -2.3571883e+000
 -1.9905093e+000
 -1.6054411e+000
 -1.2138936e+000
 -8.2810982e-001
 -4.6005886e-001
 -1.2115270e-001
  1.7838535e-001
  4.2976031e-001
  6.2595552e-001
  7.6201670e-001
  8.3535959e-001
  8.4570680e-001
  7.9531325e-001
  6.8858459e-001
  5.3197980e-001
  3.3352522e-001
  1.0248477e-001
 -1.5114734e-001
 -4.1710020e-001
 -6.8527783e-001
 -9.4619053e-001
 -1.1913300e+000
 -1.4133221e+000
 -1.6063458e+000
 -1.7660458e+000
 -1.8897896e+000
 -1.9767927e+000
 -2.0277950e+000
 -2.0453654e+000
 -2.0331321e+000
 -1.9959129e+000
 -1.9390183e+000
 -1.8679259e+000
 -1.7880840e+000
 -1.7043898e+000
 -1.6213964e+000
 -1.5429883e+000
 -1.4725612e+000
 -1.4131458e+000
 -1.3672243e+000
 -1.3371395e+000
 -1.3245876e+000
 -1.3308950e+000
 -1.3565577e+000
 -1.4011726e+000
 -1.4633110e+000
 -1.5402058e+000
 -1.6280232e+000
 -1.7216088e+000
 -1.8149155e+000
 -1.9012232e+000
 -1.9734210e+000
 -2.0243211e+000
 -2.0470565e+000
 -2.0353253e+000
 -1.9838777e+000
 -1.8888417e+000
 -1.7480077e+000
 -1.5610497e+000
 -1.3296123e+000
 -1.0572967e+000
 -7.4955019e-001
 -4.1355315e-001
 -5.7763905e-002
  3.0811048e-001
  6.7391868e-001
  1.0292878e+000
  1.3642782e+000
  1.6699505e+000
  1.9385185e+000
  2.1638437e+000
  2.3413536e+000
  2.4680566e+000
  2.5425770e+000
  2.5647448e+000
  2.5357266e+000
  2.4578002e+000
  2.3341440e+000
  2.1689295e+000
  1.9667635e+000
  1.7329702e+000
  1.4728844e+000
  1.1921584e+000
  8.9622855e-001
  5.9039861e-001
  2.7970993e-001
 -3.1058106e-002
 -3.3726817e-001
 -6.3443870e-001
 -9.1804421e-001
 -1.1835854e+000
 -1.4264000e+000
 -1.6418960e+000
 -1.8253673e+000
 -1.9725137e+000
 -2.0791946e+000
 -2.1420988e+000
 -2.1585617e+000
 -2.1268629e+000
 -2.0464608e+000
 -1.9180644e+000
 -1.7439439e+000
 -1.5280423e+000
 -1.2759844e+000
 -9.9502011e-001
 -6.9376813e-001
 -3.8188431e-001
 -6.9657176e-002
  2.3244865e-001
  5.1427310e-001
  7.6673765e-001
  9.8197537e-001
  1.1542164e+000
  1.2795881e+000
  1.3563880e+000
  1.3850665e+000
  1.3678736e+000
  1.3090552e+000
  1.2141237e+000
  1.0900387e+000
  9.4458100e-001
  7.8619703e-001
  6.2367761e-001
  4.6565363e-001
  3.2012008e-001
  1.9416962e-001
  9.3476641e-002
  2.2261471e-002
 -1.6880384e-002
 -2.3050682e-002
  3.1591168e-003
  5.9527923e-002
  1.4262198e-001
  2.4770101e-001
  3.6906630e-001
  5.0019174e-001
  6.3411278e-001
  7.6364415e-001
  8.8172270e-001
  9.8167731e-001
  1.0575188e+000
  1.1041848e+000
  1.1177822e+000
  1.0957359e+000
  1.0369034e+000
  9.4163030e-001
  8.1183415e-001
  6.5082561e-001
  4.6342044e-001
  2.5552708e-001
  3.4034516e-002
 -1.9353264e-001
 -4.1931494e-001
 -6.3533885e-001
 -8.3384990e-001
 -1.0074861e+000
 -1.1495813e+000
 -1.2542424e+000
 -1.3167274e+000
 -1.3333204e+000
 -1.3017891e+000
 -1.2210707e+000
 -1.0915854e+000
 -9.1499895e-001
 -6.9415388e-001
 -4.3311074e-001
 -1.3705633e-001
  1.8773482e-001
  5.3391320e-001
  8.9322664e-001
  1.2568516e+000
  1.6154162e+000
  1.9594884e+000
  2.2796085e+000
  2.5667526e+000
  2.8125029e+000
  3.0094505e+000
  3.1514608e+000
  3.2339847e+000
  3.2543155e+000
  3.2117522e+000
  3.1077592e+000
  2.9459024e+000
  2.7318401e+000
  2.4731211e+000
  2.1788921e+000
  1.8595663e+000
  1.5263203e+000
  1.1905739e+000
  8.6348591e-001
  5.5545224e-001
  2.7567263e-001
  3.1583276e-002
 -1.7123246e-001
 -3.2943118e-001
 -4.4175419e-001
 -5.0899915e-001
 -5.3380787e-001
 -5.2045463e-001
 -4.7450330e-001
 -4.0242061e-001
 -3.1126644e-001
 -2.0822096e-001
 -1.0036818e-001
  5.5905638e-003
  1.0359938e-001
  1.8828761e-001
  2.5526345e-001
  3.0109193e-001
  3.2345478e-001
  3.2113099e-001
  2.9399589e-001
  2.4297324e-001
  1.6991731e-001
  7.7584884e-002
 -3.0592100e-002
 -1.5052406e-001
 -2.7776245e-001
 -4.0748985e-001
 -5.3489404e-001
 -6.5515841e-001
 -7.6379620e-001
 -8.5681052e-001
 -9.3081120e-001
 -9.8325026e-001
 -1.0123691e+000
 -1.0173059e+000
 -9.9806886e-001
 -9.5550830e-001
 -8.9130510e-001
 -8.0796413e-001
 -7.0868465e-001
 -5.9735822e-001
 -4.7837353e-001
 -3.5647467e-001
 -2.3661071e-001
 -1.2377791e-001
 -2.2850604e-002
  6.1583225e-002
  1.2538197e-001
  1.6502790e-001
  1.7774243e-001
  1.6158787e-001
  1.1557245e-001
  3.9675779e-002
 -6.5097276e-002
 -1.9670562e-001
 -3.5216814e-001
 -5.2756847e-001
 -7.1829513e-001
 -9.1908465e-001
 -1.1243569e+000
 -1.3282778e+000
 -1.5251249e+000
 -1.7094073e+000
 -1.8761124e+000
 -2.0209472e+000
 -2.1403186e+000
 -2.2316793e+000
 -2.2932384e+000
 -2.3242708e+000
 -2.3247381e+000
 -2.2953515e+000
 -2.2373811e+000
 -2.1525655e+000
 -2.0430615e+000
 -1.9113868e+000
 -1.7604195e+000
 -1.5933170e+000
 -1.4135759e+000
 -1.2250048e+000
 -1.0316979e+000
 -8.3800357e-001
 -6.4840117e-001
 -4.6740795e-001
 -2.9940312e-001
 -1.4839989e-001
 -1.7929595e-002
  8.9295199e-002
  1.7138842e-001
  2.2751808e-001
  2.5791625e-001
  2.6384591e-001
  2.4766474e-001
  2.1264806e-001
  1.6295606e-001
  1.0342881e-001
  3.9380351e-002
 -2.3711957e-002
 -8.0448904e-002
 -1.2583999e-001
 -1.5555583e-001
 -1.6609065e-001
 -1.5508177e-001
 -1.2123481e-001
 -6.4634057e-002
  1.3382668e-002
  1.1016093e-001
  2.2190454e-001
  3.4385482e-001
  4.7057132e-001
  5.9625157e-001
  7.1501145e-001
  8.2129380e-001
  9.1007640e-001
  9.7728340e-001
  1.0199025e+000
  1.0362472e+000
  1.0258931e+000
  9.8982790e-001
  9.3015807e-001
  8.5015686e-001
  7.5393784e-001
  6.4630410e-001
  5.3252078e-001
  4.1795193e-001
  3.0787399e-001
  2.0710740e-001
  1.1984798e-001
  4.9430890e-002
 -1.7185650e-003
 -3.2200361e-002
 -4.1539935e-002
 -3.0211558e-002
  5.8571473e-004
  4.8953081e-002
  1.1254901e-001
  1.8864928e-001
  2.7438815e-001
  3.6680173e-001
  4.6297335e-001
  5.6008536e-001
  6.5544135e-001
  7.4654311e-001
  8.3107333e-001
  9.0695486e-001
  9.7231255e-001
  1.0255386e+000
  1.0652523e+000
  1.0903675e+000
  1.1001171e+000
  1.0940836e+000
  1.0722464e+000
  1.0350196e+000
  9.8315775e-001
  9.1791559e-001
  8.4088051e-001
  7.5410961e-001
  6.6005133e-001
  5.6150935e-001
  4.6156060e-001
  3.6342900e-001
  2.7027430e-001
  1.8510893e-001
  1.1058009e-001
  4.8887869e-002
  1.6520909e-003
 -3.0175617e-002
 -4.6357263e-002
 -4.7411876e-002
 -3.4530908e-002
 -9.6005398e-003
  2.5001725e-002
  6.6398536e-002
  1.1147548e-001
  1.5691707e-001
  1.9950316e-001
  2.3613364e-001
  2.6406271e-001
  2.8097956e-001
  2.8506207e-001
  2.7514510e-001
  2.5065863e-001
  2.1179020e-001
  1.5939133e-001
  9.5007756e-002
  2.0848291e-002
 -6.0397893e-002
 -1.4559287e-001
 -2.3142519e-001
 -3.1459088e-001
 -3.9194434e-001
 -4.6076105e-001
 -5.1875377e-001
 -5.6419915e-001
 -5.9596222e-001
 -6.1349985e-001
 -6.1683569e-001
 -6.0658264e-001
 -5.8373764e-001
 -5.4979543e-001
 -5.0640197e-001
 -4.5536530e-001
 -3.9844665e-001
 -3.3725056e-001
 -2.7321540e-001
 -2.0752779e-001
 -1.4121624e-001
 -7.5140181e-002
 -1.0108777e-002
  5.3080799e-002
  1.1355719e-001
  1.7034667e-001
  2.2232906e-001
  2.6830424e-001
  3.0695069e-001
  3.3702009e-001
  3.5730515e-001
  3.6680359e-001
  3.6475552e-001
  3.5080840e-001
  3.2503360e-001
  2.8805930e-001
  2.4105293e-001
  1.8562258e-001
  1.2387868e-001
  5.8257608e-002
 -8.4861347e-003
 -7.3445989e-002
 -1.3368812e-001
 -1.8643053e-001
 -2.2919683e-001
 -2.5999734e-001
 -2.7741540e-001
 -2.8081556e-001
 -2.7027983e-001
 -2.4667672e-001
 -2.1156055e-001
 -1.6706635e-001
 -1.1580898e-001
 -6.0716229e-002
 -4.8930783e-003
  4.8580369e-002
  9.6771953e-002
  1.3706076e-001
  1.6723805e-001
  1.8561232e-001
  1.9104285e-001
  1.8303754e-001
  1.6166614e-001
  1.2758795e-001
  8.1926272e-002
  2.6197329e-002
 -3.7781321e-002
 -1.0798459e-001
 -1.8225928e-001
 -2.5836030e-001
 -3.3404527e-001
 -4.0711652e-001
 -4.7545247e-001
 -5.3710437e-001
 -5.9025217e-001
 -6.3323483e-001
 -6.6455941e-001
 -6.8291569e-001
 -6.8720552e-001
 -6.7667523e-001
 -6.5087526e-001
 -6.0975018e-001
 -5.5362776e-001
 -4.8331195e-001
 -4.0005378e-001
 -3.0562980e-001
 -2.0228298e-001
 -9.2665696e-002
  2.0183924e-002
  1.3294464e-001
  2.4208808e-001
  3.4401203e-001
  4.3516118e-001
  5.1222276e-001
  5.7222423e-001
  6.1273618e-001
  6.3194825e-001
  6.2876559e-001
  6.0290551e-001
  5.5487883e-001
  4.8604954e-001
  3.9862638e-001
  2.9554783e-001
  1.8044715e-001
  5.7426487e-002
 -6.9127823e-002
 -1.9472695e-001
 -3.1501289e-001
 -4.2590910e-001
 -5.2380065e-001
 -6.0566777e-001
 -6.6918112e-001
 -7.1279025e-001
 -7.3574329e-001
 -7.3810463e-001
 -7.2067525e-001
 -6.8496178e-001
 -6.3306503e-001
 -5.6756744e-001
 -4.9143861e-001
 -4.0787397e-001
 -3.2009929e-001
 -2.3129556e-001
 -1.4446044e-001
 -6.2305742e-002
  1.2711856e-002
  7.8568184e-002
  1.3370974e-001
  1.7709285e-001
  2.0823716e-001
  2.2719717e-001
  2.3446851e-001
  2.3102025e-001
  2.1823438e-001
  1.9784803e-001
  1.7194609e-001
  1.4282467e-001
  1.1291995e-001
  8.4704494e-002
  6.0586261e-002
  4.2827512e-002
  3.3447850e-002
  3.4160202e-002
  4.6266103e-002
  7.0626050e-002
  1.0761996e-001
  1.5710242e-001
  2.1841330e-001
  2.9036560e-001
  3.7120421e-001
  4.5871749e-001
  5.5022958e-001
  6.4274738e-001
  7.3308345e-001
  8.1794539e-001
  8.9408281e-001
  9.5838717e-001
  1.0079919e+000
  1.0404158e+000
  1.0536106e+000
  1.0461106e+000
  1.0170925e+000
  9.6643386e-001
  8.9476850e-001
  8.0344083e-001
  6.9452113e-001
  5.7068519e-001
  4.3514992e-001
  2.9152533e-001
  1.4370203e-001
 -4.3196195e-003
 -1.4850038e-001
 -2.8497662e-001
 -4.1015256e-001
 -5.2085071e-001
 -6.1442906e-001
 -6.8883879e-001
 -7.4264957e-001
 -7.7509903e-001
 -7.8603117e-001
 -7.7591427e-001
 -7.4585069e-001
 -6.9745117e-001
 -6.3284228e-001
 -5.5450064e-001
 -4.6517291e-001
 -3.6775532e-001
 -2.6527176e-001
 -1.6071069e-001
 -5.7029221e-002
  4.2987942e-002
  1.3680866e-001
  2.2217928e-001
  2.9717752e-001
  3.6022996e-001
  4.1009179e-001
  4.4589594e-001
  4.6715041e-001
  4.7374200e-001
  4.6599405e-001
  4.4460586e-001
  4.1062657e-001
  3.6545040e-001
  3.1071502e-001
  2.4831523e-001
  1.8038728e-001
  1.0919101e-001
  3.7127417e-002
 -3.3455358e-002
 -1.0029865e-001
 -1.6140355e-001
 -2.1508732e-001
 -2.6011115e-001
 -2.9571696e-001
 -3.2168394e-001
 -3.3837094e-001
 -3.4665172e-001
 -3.4790458e-001
 -3.4388456e-001
 -3.3660849e-001
 -3.2823785e-001
 -3.2093249e-001
 -3.1673429e-001
 -3.1745468e-001
 -3.2455773e-001
 -3.3910702e-001
 -3.6166943e-001
 -3.9233531e-001
 -4.3065558e-001
 -4.7573062e-001
 -5.2618692e-001
 -5.8030350e-001
 -6.3604426e-001
 -6.9114432e-001
 -7.4323617e-001
 -7.8990949e-001
 -8.2885854e-001
 -8.5799818e-001
 -8.7552286e-001
 -8.8001161e-001
 -8.7043902e-001
 -8.4617600e-001
 -8.0703406e-001
 -7.5317273e-001
 -6.8516438e-001
 -6.0393894e-001
 -5.1076530e-001
 -4.0727571e-001
 -2.9535034e-001
 -1.7710635e-001
 -5.4813973e-002
  6.9205078e-002
  1.9257397e-001
  3.1295720e-001
  4.2806021e-001
  5.3563685e-001
  6.3355989e-001
  7.1986098e-001
  7.9277369e-001
  8.5080566e-001
  8.9276551e-001
  9.1778607e-001
  9.2538294e-001
  9.1548526e-001
  8.8845220e-001
  8.4512537e-001
  7.8677343e-001
  7.1509805e-001
  6.3216083e-001
  5.4030042e-001
  4.4208412e-001
  3.4018381e-001
  2.3732640e-001
  1.3619054e-001
  3.9324676e-002
 -5.0931597e-002
 -1.3253010e-001
 -2.0377891e-001
 -2.6337308e-001
 -3.1049879e-001
 -3.4474583e-001
 -3.6620987e-001
 -3.7533656e-001
 -3.7291922e-001
 -3.5999385e-001
 -3.3774578e-001
 -3.0747884e-001
 -2.7051762e-001
 -2.2820803e-001
 -1.8183293e-001
 -1.3264389e-001
 -8.1765105e-002
 -3.0265726e-002
  2.0904341e-002
  7.0855593e-002
  1.1876040e-001
  1.6387268e-001
  2.0553476e-001
  2.4320913e-001
  2.7653862e-001
  3.0533951e-001
  3.2965725e-001
  3.4974933e-001
  3.6607477e-001
  3.7929604e-001
  3.9020989e-001
  3.9975191e-001
  4.0889344e-001
  4.1862178e-001
  4.2986051e-001
  4.4338436e-001
  4.5980507e-001
  4.7944653e-001
  5.0227418e-001
  5.2789330e-001
  5.5541540e-001
  5.8360970e-001
  6.1087248e-001
  6.3537716e-001
  6.5520125e-001
  6.6840047e-001
  6.7316009e-001
  6.6787009e-001
  6.5119938e-001
  6.2220453e-001
  5.8035813e-001
  5.2561169e-001
  4.5846070e-001
  3.7986602e-001
  2.9131751e-001
  1.9466679e-001
  9.2095615e-002
 -1.4017443e-002
 -1.2121024e-001
 -2.2699848e-001
 -3.2900173e-001
 -4.2496155e-001
 -5.1281111e-001
 -5.9069436e-001
 -6.5699086e-001
 -7.1033627e-001
 -7.4964154e-001
 -7.7410236e-001
 -7.8320484e-001
 -7.7673209e-001
 -7.5480998e-001
 -7.1786946e-001
 -6.6672403e-001
 -6.0249192e-001
 -5.2663796e-001
 -4.4090272e-001
 -3.4729023e-001
 -2.4800843e-001
 -1.4543697e-001
 -4.2045256e-002
  5.9662480e-002
  1.5723588e-001
  2.4836314e-001
  3.3094606e-001
  4.0316484e-001
  4.6355549e-001
  5.1106188e-001
  5.4504811e-001
  5.6538649e-001
  5.7237269e-001
  5.6674868e-001
  5.4961442e-001
  5.2235398e-001
  4.8656305e-001
  4.4396673e-001
  3.9633472e-001
  3.4546917e-001
  2.9303569e-001
  2.4059802e-001
  1.8946641e-001
  1.4068086e-001
  9.4979959e-002
  5.2776232e-002
  1.4186583e-002
 -2.0936996e-002
 -5.2961954e-002
 -8.2428674e-002
 -1.0998091e-001
 -1.3633571e-001
 -1.6218983e-001
 -1.8822008e-001
 -2.1498059e-001
 -2.4290791e-001
 -2.7225123e-001
 -3.0308898e-001
 -3.3528849e-001
 -3.6855103e-001
 -4.0239318e-001
 -4.3617767e-001
 -4.6913946e-001
 -5.0041730e-001
 -5.2909068e-001
 -5.5423915e-001
 -5.7495938e-001
 -5.9039268e-001
 -5.9977317e-001
 -6.0238766e-001
 -5.9767000e-001
 -5.8520339e-001
 -5.6475351e-001
 -5.3632133e-001
 -5.0011402e-001
 -4.5654213e-001
 -4.0622375e-001
 -3.4992639e-001
 -2.8859342e-001
 -2.2332978e-001
 -1.5536348e-001
 -8.6078725e-002
 -1.6912718e-002
  5.0640405e-002
  1.1510925e-001
  1.7511382e-001
  2.2937510e-001
  2.7678421e-001
  3.1641132e-001
  3.4745809e-001
  3.6936037e-001
  3.8169317e-001
  3.8428739e-001
  3.7720817e-001
  3.6076543e-001
  3.3555848e-001
  3.0238766e-001
  2.6226929e-001
  2.1634117e-001
  1.6584416e-001
  1.1202353e-001
  5.6154796e-002
 -5.9135214e-004
 -5.7106694e-002
 -1.1243701e-001
 -1.6577141e-001
 -2.1648258e-001
 -2.6408410e-001
 -3.0824130e-001
 -3.4874757e-001
 -3.8547354e-001
 -4.1837236e-001
 -4.4739099e-001
 -4.7246428e-001
 -4.9345935e-001
 -5.1015762e-001
 -5.2225246e-001
 -5.2937855e-001
 -5.3110747e-001
 -5.2704081e-001
 -5.1678856e-001
 -5.0006595e-001
 -4.7666133e-001
 -4.4651944e-001
 -4.0971675e-001
 -3.6650355e-001
 -3.1728741e-001
 -2.6266350e-001
 -2.0338105e-001
 -1.4033137e-001
 -7.4527228e-002
 -7.0537298e-003
  6.0932867e-002
  1.2826861e-001
  1.9376991e-001
  2.5631396e-001
  3.1481221e-001
  3.6825668e-001
  4.1572713e-001
  4.5639412e-001
  4.8956051e-001
  5.1469845e-001
  5.3144632e-001
  5.3968635e-001
  5.3949069e-001
  5.3115603e-001
  5.1517145e-001
  4.9218929e-001
  4.6302865e-001
  4.2863197e-001
  3.9006123e-001
  3.4844612e-001
  3.0497364e-001
  2.6082142e-001
  2.1714373e-001
  1.7503161e-001
  1.3546445e-001
  9.9316828e-002
  6.7279280e-002
  3.9850243e-002
  1.7304151e-002
 -3.4600818e-004
 -1.3317467e-002
 -2.2037492e-002
 -2.7117519e-002
 -2.9293101e-002
 -2.9392800e-002
 -2.8295911e-002
 -2.6872064e-002
 -2.5921876e-002
 -2.6141144e-002
 -2.8064615e-002
 -3.2048720e-002
 -3.8270365e-002
 -4.6700779e-002
 -5.7128076e-002
 -6.9138940e-002
 -8.2193020e-002
 -9.5580339e-002
 -1.0855015e-001
 -1.2025821e-001
 -1.2978947e-001
 -1.3622777e-001
 -1.3862140e-001
 -1.3610831e-001
 -1.2796598e-001
 -1.1365528e-001
 -9.2880568e-002
 -6.5597689e-002
 -3.2027693e-002
  7.3334661e-003
  5.1740709e-002
  1.0019604e-001
  1.5152404e-001
  2.0436505e-001
  2.5723755e-001
  3.0858931e-001
  3.5679205e-001
  4.0027569e-001
  4.3753838e-001
  4.6726453e-001
  4.8837183e-001
  5.0006892e-001
  5.0188145e-001
  4.9366633e-001
  4.7564343e-001
  4.4833723e-001
  4.1258927e-001
  3.6946929e-001
  3.2021681e-001
  2.6618309e-001
  2.0878273e-001
  1.4942763e-001
  8.9518330e-002
  3.0373900e-002
 -2.6794171e-002
 -8.0891725e-002
 -1.3097480e-001
 -1.7622276e-001
 -2.1591496e-001
 -2.4943397e-001
 -2.7624056e-001
 -2.9587042e-001
 -3.0798867e-001
 -3.1233751e-001
 -3.0878061e-001
 -2.9728592e-001
 -2.7793502e-001
 -2.5095511e-001
 -2.1674737e-001
 -1.7590555e-001
 -1.2923485e-001
 -7.7748820e-002
 -2.2682244e-002
  3.4555836e-002
  9.2401395e-002
  1.4920030e-001
  2.0330246e-001
  2.5309899e-001
  2.9712508e-001
  3.3409967e-001
  3.6300454e-001
  3.8311210e-001
  3.9407074e-001
  3.9587936e-001
  3.8890090e-001
  3.7384086e-001
  3.5167665e-001
  3.2364378e-001
  2.9117320e-001
  2.5582837e-001
  2.1922097e-001
  1.8295283e-001
  1.4850390e-001
  1.1720069e-001
  9.0171969e-002
  6.8291478e-002
  5.2167923e-002
  4.2115491e-002
  3.8123327e-002
  3.9899277e-002
  4.6864310e-002
  5.8218636e-002
  7.3001808e-002
  9.0126398e-002
  1.0844854e-001
  1.2680069e-001
  1.4402336e-001
  1.5902344e-001
  1.7078251e-001
  1.7840772e-001
  1.8116711e-001
  1.7848743e-001
  1.6999377e-001
  1.5548536e-001
  1.3492724e-001
  1.0845489e-001
  7.6361799e-002
  3.9101129e-002
 -2.7089593e-003
 -4.8299902e-002
 -9.6764728e-002
 -1.4706648e-001
 -1.9805663e-001
 -2.4849921e-001
 -2.9707971e-001
 -3.4246449e-001
 -3.8332342e-001
 -4.1839925e-001
 -4.4656047e-001
 -4.6685219e-001
 -4.7856460e-001
 -4.8125770e-001
 -4.7480172e-001
 -4.5938901e-001
 -4.3554825e-001
 -4.0411810e-001
 -3.6627226e-001
 -3.2342103e-001
 -2.7721100e-001
 -2.2940542e-001
 -1.8181785e-001
 -1.3623441e-001
 -9.4310705e-002
 -5.7549230e-002
 -2.7192469e-002
 -4.2514716e-003
  1.0586211e-002
  1.6890698e-002
  1.4525520e-002
  3.5959394e-003
 -1.5570589e-002
 -4.2443949e-002
 -7.6333527e-002
 -1.1638373e-001
 -1.6161937e-001
 -2.1093136e-001
 -2.6310648e-001
 -3.1681944e-001
 -3.7067901e-001
 -4.2320989e-001
 -4.7294280e-001
 -5.1837843e-001
 -5.5808093e-001
 -5.9066799e-001
 -6.1488607e-001
 -6.2964201e-001
 -6.3408698e-001
 -6.2764636e-001
 -6.1010326e-001
 -5.8161067e-001
 -5.4270507e-001
 -4.9434030e-001
 -4.3781313e-001
 -3.7480325e-001
 -3.0726761e-001
 -2.3742172e-001
 -1.6759428e-001
 -1.0019417e-001
 -3.7546348e-002
  1.8171928e-002
  6.5076125e-002
  1.0163042e-001
  1.2677309e-001
  1.3993489e-001
  1.4110613e-001
  1.3079981e-001
  1.1004299e-001
  8.0309169e-002
  4.3457640e-002
  1.6299692e-003
 -4.2847428e-002
 -8.7574487e-002
 -1.3022077e-001
 -1.6859286e-001
 -2.0076193e-001
 -2.2510139e-001
 -2.4036254e-001
 -2.4568519e-001
 -2.4067029e-001
 -2.2528034e-001
 -1.9993538e-001
 -1.6535047e-001
 -1.2253912e-001
 -7.2711017e-002
 -1.7218480e-002
  4.2487059e-002
  1.0491908e-001
  1.6857865e-001
  2.3194574e-001
  2.9354553e-001
  3.5192073e-001
  4.0569440e-001
  4.5361573e-001
  4.9455227e-001
  5.2757204e-001
  5.5190516e-001
  5.6701160e-001
  5.7255021e-001
  5.6847901e-001
  5.5498329e-001
  5.3258399e-001
  5.0204785e-001
  4.6440395e-001
  4.2091444e-001
  3.7302885e-001
  3.2237650e-001
  2.7071316e-001
  2.1988771e-001
  1.7175417e-001
  1.2813317e-001
  9.0716594e-002
  6.1012645e-002
  4.0267177e-002
  2.9407113e-002
  2.8941878e-002
  3.8971516e-002
  5.9096682e-002
  8.8495744e-002
  1.2588979e-001
  1.6965612e-001
  2.1785555e-001
  2.6835706e-001
  3.1892030e-001
  3.6730385e-001
  4.1139054e-001
  4.4924649e-001
  4.7923803e-001
  5.0005187e-001
  5.1077156e-001
  5.1086179e-001
  5.0021962e-001
  4.7911033e-001
  4.4818872e-001
  4.0841256e-001
  3.6100419e-001
  3.0738729e-001
  2.4913828e-001
  1.8792479e-001
  1.2548581e-001
  6.3558793e-002
  3.8414543e-003
 -5.2041456e-002
 -1.0261281e-001
 -1.4652616e-001
 -1.8262775e-001
 -2.0994639e-001
 -2.2772157e-001
 -2.3542254e-001
 -2.3279125e-001
 -2.1983982e-001
 -1.9692749e-001
 -1.6471915e-001
 -1.2421898e-001
 -7.6744977e-002
 -2.3885163e-002
  3.2501024e-002
  9.0372068e-002
  1.4751636e-001
  2.0164925e-001
  2.5047106e-001
  2.9177161e-001
  3.2351365e-001
  3.4396734e-001
  3.5176632e-001
  3.4602734e-001
  3.2637915e-001
  2.9301576e-001
  2.4670395e-001
  1.8875925e-001
  1.2102579e-001
  4.5774777e-002
 -3.4339728e-002
 -1.1646182e-001
 -1.9757680e-001
 -2.7472525e-001
 -3.4505717e-001
 -4.0597369e-001
 -4.5524872e-001
 -4.9106281e-001
 -5.1215732e-001
 -5.1788063e-001
 -5.0822498e-001
 -4.8388310e-001
 -4.4616028e-001
 -3.9690793e-001
 -3.3843609e-001
 -2.7334105e-001
 -2.0444286e-001
 -1.3458587e-001
 -6.6579291e-002
 -3.0396963e-003
  5.3680357e-002
  1.0158456e-001
  1.3910599e-001
  1.6512283e-001
  1.7902749e-001
  1.8068655e-001
  1.7047653e-001
  1.4924074e-001
  1.1825379e-001
  7.9158257e-002
  3.3891483e-002
 -1.5411048e-002
 -6.6495447e-002
 -1.1707169e-001
 -1.6492070e-001
 -2.0793603e-001
 -2.4424889e-001
 -2.7227562e-001
 -2.9079314e-001
 -2.9899250e-001
 -2.9648807e-001
 -2.8335082e-001
 -2.6006776e-001
 -2.2754108e-001
 -1.8702722e-001
 -1.4006432e-001
 -8.8437196e-002
 -3.4069082e-002
  2.1011796e-002
  7.4731952e-002
  1.2506231e-001
  1.7004729e-001
  2.0792227e-001
  2.3715147e-001
  2.5651884e-001
  2.6516701e-001
  2.6264493e-001
  2.4894068e-001
  2.2447260e-001
  1.9010138e-001
  1.4707610e-001
  9.6980609e-002
  4.1679688e-002
 -1.6781548e-002
 -7.6234203e-002
 -1.3447882e-001
 -1.8936677e-001
 -2.3888270e-001
 -2.8122769e-001
 -3.1488149e-001
 -3.3867219e-001
 -3.5179515e-001
 -3.5386806e-001
 -3.4492267e-001
 -3.2541474e-001
 -2.9619665e-001
 -2.5848009e-001
 -2.1377390e-001
 -1.6382580e-001
 -1.1052498e-001
 -5.5847919e-002
 -1.7592611e-003
  4.9842791e-002
  9.7208184e-002
  1.3878505e-001
  1.7327485e-001
  1.9967687e-001
  2.1727405e-001
  2.2569940e-001
  2.2487860e-001
  2.1508611e-001
  1.9691922e-001
  1.7127139e-001
  1.3933166e-001
  1.0249113e-001
  6.2308160e-002
  2.0421597e-002
 -2.1538657e-002
 -6.1990615e-002
 -9.9498200e-002
 -1.3278262e-001
 -1.6078822e-001
 -1.8268790e-001
 -1.9791794e-001
 -2.0617609e-001
 -2.0743257e-001
 -2.0191764e-001
 -1.9009198e-001
 -1.7264507e-001
 -1.5044628e-001
 -1.2453766e-001
 -9.6085063e-002
 -6.6351628e-002
 -3.6639772e-002
 -8.2608459e-003
  1.7528944e-002
  3.9561411e-002
  5.6825349e-002
  6.8491497e-002
  7.3967744e-002
  7.2923554e-002
  6.5286826e-002
  5.1285462e-002
  3.1421400e-002
  6.4809801e-003
 -2.2475725e-002
 -5.4170688e-002
 -8.7162307e-002
 -1.1990814e-001
 -1.5085908e-001
 -1.7851655e-001
 -2.0149702e-001
 -2.1861366e-001
 -2.2891358e-001
 -2.3174706e-001
 -2.2680360e-001
 -2.1411784e-001
 -1.9409175e-001
 -1.6744757e-001
 -1.3518258e-001
 -9.8521150e-002
 -5.8841430e-002
 -1.7615656e-002
  2.3644437e-002
  6.3462431e-002
  1.0047813e-001
  1.3347238e-001
  1.6144327e-001
  1.8360194e-001
  1.9937107e-001
  2.0841013e-001
  2.1058437e-001
  2.0598417e-001
  1.9490282e-001
  1.7783049e-001
  1.5542743e-001
  1.2851248e-001
  9.8019126e-002
  6.4986267e-002
  3.0533981e-002
 -4.1768052e-003
 -3.7942551e-002
 -6.9587844e-002
 -9.7991982e-002
 -1.2213592e-001
 -1.4115647e-001
 -1.5436286e-001
 -1.6127109e-001
 -1.6161838e-001
 -1.5537376e-001
 -1.4274135e-001
 -1.2416293e-001
 -1.0029542e-001
 -7.1977471e-002
 -4.0204452e-002
 -6.0775663e-003
  2.9236690e-002
  6.4535936e-002
  9.8650446e-002
  1.3049115e-001
  1.5909336e-001
  1.8366638e-001
  2.0361397e-001
  2.1853832e-001
  2.2825906e-001
  2.3281662e-001
  2.3245043e-001
  2.2758545e-001
  2.1879414e-001
  2.0675101e-001
  1.9220024e-001
  1.7592943e-001
  1.5871733e-001
  1.4132436e-001
  1.2444296e-001
  1.0867621e-001
  9.4526786e-002
  8.2372211e-002
  7.2486270e-002
  6.5027932e-002
  6.0074946e-002
  5.7619399e-002
  5.7602316e-002
  5.9909358e-002
  6.4398712e-002
  7.0888311e-002
  7.9174593e-002
  8.9021954e-002
  1.0016126e-001
  1.1229420e-001
  1.2506907e-001
  1.3809815e-001
  1.5092832e-001
  1.6306599e-001
  1.7395933e-001
  1.8304825e-001
  1.8975408e-001
  1.9353953e-001
  1.9391807e-001
  1.9049605e-001
  1.8300874e-001
  1.7135409e-001
  1.5562125e-001
  1.3611692e-001
  1.1336510e-001
  8.8089839e-002
  6.1205169e-002
  3.3757135e-002
  6.9005192e-003
 -1.8188803e-002
 -4.0340553e-002
 -5.8490719e-002
 -7.1705411e-002
 -7.9246298e-002
 -8.0607242e-002
 -7.5541509e-002
 -6.4086695e-002
 -4.6575342e-002
 -2.3618177e-002
  3.9160807e-003
  3.4943579e-002
  6.8226967e-002
  1.0241888e-001
  1.3613955e-001
  1.6801932e-001
  1.9676551e-001
  2.2120281e-001
  2.4032526e-001
  2.5331744e-001
  2.5958875e-001
  2.5877150e-001
  2.5074136e-001
  2.3559112e-001
  2.1363023e-001
  1.8535636e-001
  1.5141791e-001
  1.1260965e-001
  6.9834453e-002
  2.4096486e-002
 -2.3515099e-002
 -7.1849812e-002
 -1.1972740e-001
 -1.6594993e-001
 -2.0935019e-001
 -2.4879959e-001
 -2.8325008e-001
 -3.1175727e-001
 -3.3352419e-001
 -3.4792780e-001
 -3.5456073e-001
 -3.5325503e-001
 -3.4408542e-001
 -3.2740463e-001
 -3.0381836e-001
 -2.7420168e-001
 -2.3967447e-001
 -2.0156455e-001
 -1.6136373e-001
 -1.2065705e-001
 -8.1060341e-002
 -4.4135445e-002
 -1.1318622e-002
  1.6151587e-002
  3.7306676e-002
  5.1482658e-002
  5.8358175e-002
  5.7957515e-002
  5.0639362e-002
  3.7075572e-002
  1.8193885e-002
 -4.8595171e-003
 -3.0802771e-002
 -5.8267613e-002
 -8.5876196e-002
 -1.1230000e-001
 -1.3632100e-001
 -1.5688049e-001
 -1.7312415e-001
 -1.8442454e-001
 -1.9039456e-001
 -1.9089374e-001
 -1.8600613e-001
 -1.7603723e-001
 -1.6148571e-001
 -1.4302005e-001
 -1.2144187e-001
 -9.7661603e-002
 -7.2642887e-002
 -4.7397409e-002
 -2.2925599e-002
 -2.1999093e-004
  1.9779080e-002
  3.6195112e-002
  4.8229618e-002
  5.5201939e-002
  5.6563693e-002
  5.1939595e-002
  4.1151530e-002
  2.4244756e-002
  1.4997173e-003
 -2.6552070e-002
 -5.9142759e-002
 -9.5264055e-002
 -1.3370797e-001
 -1.7308375e-001
 -2.1187842e-001
 -2.4850497e-001
 -2.8137008e-001
 -3.0894500e-001
 -3.2983600e-001
 -3.4285619e-001
 -3.4709364e-001
 -3.4195664e-001
 -3.2722187e-001
 -3.0304560e-001
 -2.6995279e-001
 -2.2883647e-001
 -1.8088330e-001
 -1.2756623e-001
 -7.0551061e-002
 -1.1653679e-002
  4.7240455e-002
  1.0425667e-001
  1.5759902e-001
  2.0564183e-001
  2.4696418e-001
  2.8043777e-001
  3.0524173e-001
  3.2090847e-001
  3.2733229e-001
  3.2475312e-001
  3.1372653e-001
  2.9508443e-001
  2.6986774e-001
  2.3928079e-001
  2.0462630e-001
  1.6724595e-001
  1.2847574e-001
  8.9581843e-002
  5.1735425e-002
  1.5963601e-002
 -1.6866454e-002
 -4.6068609e-002
 -7.1130276e-002
 -9.1722945e-002
 -1.0767038e-001
 -1.1895422e-001
 -1.2570309e-001
 -1.2816499e-001
 -1.2671328e-001
 -1.2180239e-001
 -1.1395855e-001
 -1.0375293e-001
 -9.1783935e-002
 -7.8661435e-002
 -6.5000931e-002
 -5.1401207e-002
 -3.8433629e-002
 -2.6625936e-002
 -1.6435664e-002
 -8.2448358e-003
 -2.3456194e-003
  1.0749782e-003
  1.9446772e-003
  3.1654514e-004
 -3.6157802e-003
 -9.5304000e-003
 -1.6967135e-002
 -2.5358521e-002
 -3.4042974e-002
 -4.2296419e-002
 -4.9378744e-002
 -5.4553608e-002
 -5.7133899e-002
 -5.6507173e-002
 -5.2177057e-002
 -4.3781505e-002
 -3.1135508e-002
 -1.4231527e-002
  6.7570068e-003
  3.1466205e-002
  5.9368543e-002
  8.9765968e-002
  1.2182788e-001
  1.5460414e-001
  1.8705908e-001
  2.1811197e-001
  2.4667255e-001
  2.7169271e-001
  2.9220823e-001
  3.0738430e-001
  3.1654527e-001
  3.1921300e-001
  3.1512493e-001
  3.0425349e-001
  2.8680206e-001
  2.6320787e-001
  2.3411515e-001
  2.0035960e-001
  1.6293939e-001
  1.2297021e-001
  8.1654246e-002
  4.0220889e-002
 -1.1055513e-004
 -3.8186957e-002
 -7.2941505e-002
 -1.0345565e-001
 -1.2895662e-001
 -1.4887007e-001
 -1.6281916e-001
 -1.7064210e-001
 -1.7238498e-001
 -1.6828813e-001
 -1.5876919e-001
 -1.4438688e-001
 -1.2582641e-001
 -1.0384578e-001
 -7.9259128e-002
 -5.2890926e-002
 -2.5537033e-002
  2.0487727e-003
  2.9180253e-002
  5.5248986e-002
  7.9705955e-002
  1.0209695e-001
  1.2202741e-001
  1.3920348e-001
  1.5340707e-001
  1.6452068e-001
  1.7252570e-001
  1.7749690e-001
  1.7960409e-001
  1.7909863e-001
  1.7629627e-001
  1.7156846e-001
  1.6533264e-001
  1.5802916e-001
  1.5011122e-001
  1.4201635e-001
  1.3415412e-001
  1.2687638e-001
  1.2047767e-001
  1.1515912e-001
  1.1104159e-001
  1.0813035e-001
  1.0633057e-001
  1.0543071e-001
  1.0511988e-001
  1.0499547e-001
  1.0458713e-001
  1.0338025e-001
  1.0084540e-001
  9.6473223e-002
  8.9805530e-002
  8.0470987e-002
  6.8198145e-002
  5.2854406e-002
  3.4439075e-002
  1.3113982e-002
 -1.0813177e-002
 -3.6881729e-002
 -6.4511474e-002
 -9.3015215e-002
 -1.2163267e-001
 -1.4957043e-001
 -1.7601528e-001
 -2.0020016e-001
 -2.2142394e-001
 -2.3910024e-001
 -2.5278324e-001
 -2.6218156e-001
 -2.6715687e-001
 -2.6772488e-001
 -2.6404082e-001
 -2.5637921e-001
 -2.4511115e-001
 -2.3067726e-001
 -2.1354950e-001
 -1.9421877e-001
 -1.7316530e-001
 -1.5085221e-001
 -1.2771982e-001
 -1.0417688e-001
 -8.0614642e-002
 -5.7395709e-002
 -3.4875976e-002
 -1.3393580e-002
  6.7171320e-003
  2.5132362e-002
  4.1537704e-002
  5.5632508e-002
  6.7143879e-002
  7.5829816e-002
  8.1494147e-002
  8.3997765e-002
  8.3269129e-002
  7.9315790e-002
  7.2249504e-002
  6.2272770e-002
  4.9699026e-002
  3.4923862e-002
  1.8421612e-002
  7.1948612e-004
 -1.7624831e-002
 -3.6043571e-002
 -5.3986727e-002
 -7.0936637e-002
 -8.6441956e-002
 -1.0011487e-001
 -1.1167053e-001
 -1.2090345e-001
 -1.2771182e-001
 -1.3207144e-001
 -1.3403656e-001
 -1.3372607e-001
 -1.3130379e-001
 -1.2698362e-001
 -1.2100077e-001
 -1.1363052e-001
 -1.0516030e-001
 -9.5910496e-002
 -8.6211530e-002
 -7.6418627e-002
 -6.6891472e-002
 -5.7996781e-002
 -5.0091761e-002
 -4.3508107e-002
 -3.8538111e-002
 -3.5406047e-002
 -3.4255619e-002
 -3.5120527e-002
 -3.7924433e-002
 -4.2453728e-002
 -4.8374283e-002
 -5.5218353e-002
 -6.2411589e-002
 -6.9285032e-002
 -7.5125880e-002
 -7.9197407e-002
 -8.0803394e-002
 -7.9317815e-002
 -7.4223962e-002
 -6.5165082e-002
 -5.1962841e-002
 -3.4659527e-002
 -1.3526904e-002
  1.0925929e-002
  3.7977185e-002
  6.6708610e-002
  9.6059875e-002
  1.2486431e-001
  1.5191849e-001
  1.7603082e-001
  1.9610161e-001
  2.1116535e-001
  2.2045198e-001
  2.2342190e-001
  2.1978748e-001
  2.0953921e-001
  1.9292509e-001
  1.7046160e-001
  1.4289865e-001
  1.1118948e-001
  7.6461582e-002
  3.9943844e-002
  2.9267281e-003
 -3.3313587e-002
 -6.7568983e-002
 -9.8747198e-002
 -1.2592870e-001
 -1.4837644e-001
 -1.6557163e-001
 -1.7720186e-001
 -1.8315706e-001
 -1.8351765e-001
 -1.7852851e-001
 -1.6858606e-001
 -1.5420655e-001
 -1.3600969e-001
 -1.1470103e-001
 -9.1044242e-002
 -6.5852937e-002
 -3.9962142e-002
 -1.4205835e-002
  1.0594285e-002
  3.3656591e-002
  5.4246795e-002
  7.1700115e-002
  8.5437582e-002
  9.4987014e-002
  1.0000377e-001
  1.0029273e-001
  9.5824611e-002
  8.6750754e-002
  7.3410846e-002
  5.6329071e-002
  3.6208838e-002
  1.3915682e-002
 -9.5535529e-003
 -3.3103072e-002
 -5.5592757e-002
 -7.5877051e-002
 -9.2879639e-002
 -1.0562510e-001
 -1.1331799e-001
 -1.1538291e-001
 -1.1150334e-001
 -1.0166414e-001
 -8.6133593e-002
 -6.5478855e-002
 -4.0509828e-002
 -1.2247929e-002
  1.8136053e-002
  4.9394568e-002
  8.0251912e-002
  1.0947481e-001
  1.3592328e-001
  1.5858950e-001
  1.7665210e-001
  1.8948806e-001
  1.9670873e-001
  1.9815369e-001
  1.9389648e-001
  1.8423372e-001
  1.6965323e-001
  1.5081851e-001
  1.2851670e-001
  1.0362275e-001
  7.7056766e-002
  4.9751806e-002
  2.2616336e-002
 -3.4796385e-003
 -2.7740887e-002
 -4.9448919e-002
 -6.7991452e-002
 -8.2856621e-002
 -9.3651290e-002
 -1.0010495e-001
 -1.0207117e-001
 -9.9530316e-002
 -9.2587868e-002
 -8.1469800e-002
 -6.6521957e-002
 -4.8212859e-002
 -2.7119183e-002
 -3.9246923e-003
  2.0603660e-002
  4.5627009e-002
  7.0266197e-002
  9.3623138e-002
  1.1481873e-001
  1.3302484e-001
  1.4750050e-001
  1.5762815e-001
  1.6294235e-001
  1.6315653e-001
  1.5818051e-001
  1.4813554e-001
  1.3334892e-001
  1.1436279e-001
  9.1895210e-002
  6.6829439e-002
  4.0157818e-002
  1.2947710e-002
 -1.3713449e-002
 -3.8771667e-002
 -6.1244277e-002
 -8.0275548e-002
 -9.5156421e-002
 -1.0535764e-001
 -1.1054230e-001
 -1.1056854e-001
 -1.0549520e-001
 -9.5575446e-002
 -8.1238704e-002
 -6.3080304e-002
 -4.1824285e-002
 -1.8298851e-002
  6.6026552e-003
  3.1943879e-002
  5.6786849e-002
  8.0226719e-002
  1.0141139e-001
  1.1958867e-001
  1.3410473e-001
  1.4442152e-001
  1.5013105e-001
  1.5095012e-001
  1.4673996e-001
  1.3752509e-001
  1.2348168e-001
  1.0494437e-001
  8.2394401e-002
  5.6441431e-002
  2.7816721e-002
 -2.6423383e-003
 -3.4018998e-002
 -6.5336436e-002
 -9.5595865e-002
 -1.2381550e-001
 -1.4906195e-001
 -1.7049209e-001
 -1.8738270e-001
 -1.9916181e-001
 -2.0543576e-001
 -2.0600873e-001
 -2.0089770e-001
 -1.9032836e-001
 -1.7474053e-001
 -1.5475674e-001
 -1.3117674e-001
 -1.0493180e-001
 -7.7056655e-002
 -4.8653979e-002
 -2.0831692e-002
  5.3238789e-003
  2.8821800e-002
  4.8810999e-002
  6.4621013e-002
  7.5802563e-002
  8.2136500e-002
  8.3639792e-002
  8.0559535e-002
  7.3348430e-002
  6.2641637e-002
  4.9217688e-002
  3.3955875e-002
  1.7794307e-002
  1.6755740e-003
 -1.3490629e-002
 -2.6882213e-002
 -3.7781183e-002
 -4.5623060e-002
 -5.0006360e-002
 -5.0710042e-002
 -4.7710077e-002
 -4.1153905e-002
 -3.1356578e-002
 -1.8763564e-002
 -3.9241109e-003
  1.2541672e-002
  2.9965993e-002
  4.7667608e-002
  6.4974082e-002
  8.1241956e-002
  9.5879959e-002
  1.0835209e-001
  1.1818804e-001
  1.2498575e-001
  1.2841215e-001
  1.2820642e-001
  1.2420046e-001
  1.1630602e-001
  1.0453647e-001
  8.9001686e-002
  6.9899821e-002
  4.7540413e-002
  2.2337837e-002
 -5.1785421e-003
 -3.4350159e-002
 -6.4420574e-002
 -9.4525349e-002
 -1.2374450e-001
 -1.5113881e-001
 -1.7578146e-001
 -1.9682465e-001
 -2.1351473e-001
 -2.2524093e-001
 -2.3155799e-001
 -2.3221407e-001
 -2.2716865e-001
 -2.1659549e-001
 -2.0088805e-001
 -1.8063724e-001
 -1.5661757e-001
 -1.2975610e-001
 -1.0108869e-001
 -7.1723754e-002
 -4.2782390e-002
 -1.5343178e-002
  9.6012907e-003
  3.1201813e-002
  4.8774935e-002
  6.1835007e-002
  7.0103289e-002
  7.3515716e-002
  7.2212044e-002
  6.6527847e-002
  5.6962157e-002
  4.4149319e-002
  2.8824377e-002
  1.1769385e-002
 -6.2060462e-003
 -2.4308042e-002
 -4.1782604e-002
 -5.7933331e-002
 -7.2152928e-002
 -8.3937438e-002
 -9.2902412e-002
 -9.8793996e-002
 -1.0149030e-001
 -1.0100085e-001
 -9.7461805e-002
 -9.1130090e-002
 -8.2371506e-002
 -7.1644002e-002
 -5.9488035e-002
 -4.6493812e-002
 -3.3298313e-002
 -2.0552653e-002
 -8.9108609e-003
  9.9460807e-004
  8.5775785e-003
  1.3324628e-002
  1.4820189e-002
  1.2773931e-002
  7.0409967e-003
 -2.3680043e-003
 -1.5266241e-002
 -3.1299525e-002
 -4.9934741e-002
 -7.0480851e-002
 -9.2100768e-002
 -1.1384141e-001
 -1.3467271e-001
 -1.5352530e-001
 -1.6934786e-001
 -1.8115320e-001
 -1.8807596e-001
 -1.8941425e-001
 -1.8467809e-001
 -1.7360641e-001
 -1.5620044e-001
 -1.3272546e-001
 -1.0370722e-001
 -6.9916163e-002
 -3.2329467e-002
  7.9139981e-003
  4.9566138e-002
  9.1323121e-002
  1.3188818e-001
  1.7002470e-001
  2.0460876e-001
  2.3468729e-001
  2.5949683e-001
  2.7849615e-001
  2.9136822e-001
  2.9801313e-001
  2.9854669e-001
  2.9327353e-001
  2.8267302e-001
  2.6736753e-001
  2.4809552e-001
  2.2567530e-001
  2.0097760e-001
  1.7489132e-001
  1.4829999e-001
  1.2205723e-001
  9.6966245e-002
  7.3753582e-002
  5.3059558e-002
  3.5419388e-002
  2.1252805e-002
  1.0866834e-002
  4.4322772e-003
  1.9897774e-003
  3.4344779e-003
  8.5092366e-003
  1.6815528e-002
  2.7816903e-002
  4.0860553e-002
  5.5200297e-002
  7.0021301e-002
  8.4479279e-002
  9.7726953e-002
  1.0896315e-001
  1.1745711e-001
  1.2259309e-001
  1.2389073e-001
  1.2103809e-001
  1.1390272e-001
  1.0255058e-001
  8.7241229e-002
  6.8430376e-002
  4.6744744e-002
  2.2963069e-002
 -2.0179410e-003
 -2.7234338e-002
 -5.1680947e-002
 -7.4369579e-002
 -9.4356461e-002
 -1.1078764e-001
 -1.2293041e-001
 -1.3021331e-001
 -1.3224567e-001
 -1.2883647e-001
 -1.2000786e-001
 -1.0598693e-001
 -8.7210538e-002
 -6.4312862e-002
 -3.8102566e-002
 -9.5367047e-003
  2.0315884e-002
  5.0322730e-002
  7.9322427e-002
  1.0617789e-001
  1.2981174e-001
  1.4925213e-001
  1.6366615e-001
  1.7239679e-001
  1.7498354e-001
  1.7118946e-001
  1.6100235e-001
  1.4464037e-001
  1.2254100e-001
  9.5341422e-002
  6.3859778e-002
  2.9060039e-002
 -7.9755084e-003
 -4.6095128e-002
 -8.4106579e-002
 -1.2083180e-001
 -1.5513609e-001
 -1.8596867e-001
 -2.1239837e-001
 -2.3364660e-001
 -2.4911599e-001
 -2.5840603e-001
 -2.6133630e-001
 -2.5793766e-001
 -2.4846806e-001
 -2.3339719e-001
 -2.1339646e-001
 -1.8930705e-001
 -1.6211600e-001
 -1.3290794e-001
 -1.0283074e-001
 -7.3051997e-002
 -4.4708284e-002
 -1.8860234e-002
  3.5551259e-003
  2.1760731e-002
  3.5177826e-002
  4.3439354e-002
  4.6416268e-002
  4.4215379e-002
  3.7177300e-002
  2.5865178e-002
  1.1028028e-002
 -6.4223584e-003
 -2.5469222e-002
 -4.5037594e-002
 -6.4046337e-002
 -8.1462740e-002
 -9.6344224e-002
 -1.0787745e-001
 -1.1541318e-001
 -1.1848460e-001
 -1.1682831e-001
 -1.1038788e-001
 -9.9311957e-002
 -8.3944576e-002
 -6.4804590e-002
 -4.2554021e-002
 -1.7974090e-002
  8.0723847e-003
  3.4672010e-002
  6.0893065e-002
  8.5821105e-002
  1.0859205e-001
  1.2841774e-001
  1.4462036e-001
  1.5664383e-001
  1.6407063e-001
  1.6663444e-001
  1.6421522e-001
  1.5685330e-001
  1.4474667e-001
  1.2824600e-001
  1.0784742e-001
  8.4176165e-002
  5.7960363e-002
  3.0012584e-002
  1.2116843e-003
 -2.7538566e-002
 -5.5319091e-002
 -8.1248552e-002
 -1.0451768e-001
 -1.2441715e-001
 -1.4037126e-001
 -1.5195302e-001
 -1.5889687e-001
 -1.6110940e-001
 -1.5866920e-001
 -1.5182164e-001
 -1.4097342e-001
 -1.2666640e-001
 -1.0956148e-001
 -9.0403206e-002
 -6.9988026e-002
 -4.9134182e-002
 -2.8642288e-002
 -9.2740965e-003
  8.2835481e-003
  2.3432810e-002
  3.5689344e-002
  4.4692927e-002
  5.0212851e-002
  5.2157749e-002
  5.0576160e-002
  4.5651775e-002
  3.7704205e-002
  2.7167833e-002
  1.4577993e-002
  5.4911613e-004
 -1.4254426e-002
 -2.9137816e-002
 -4.3400699e-002
 -5.6366647e-002
 -6.7402091e-002
 -7.5950930e-002
 -8.1550046e-002
 -8.3857336e-002
 -8.2669127e-002
 -7.7928818e-002
 -6.9734595e-002
 -5.8333611e-002
 -4.4112296e-002
 -2.7581692e-002
 -9.3511116e-003
  9.8912821e-003
  2.9416855e-002
  4.8477626e-002
  6.6343053e-002
  8.2323713e-002
  9.5807249e-002
  1.0627520e-001
  1.1332547e-001
  1.1668744e-001
  1.1621996e-001
  1.1192846e-001
  1.0395499e-001
  9.2579767e-002
  7.8207994e-002
  6.1354678e-002
  4.2624853e-002
  2.2686879e-002
  2.2537059e-003
 -1.7952031e-002
 -3.7222165e-002
 -5.4891197e-002
 -7.0363694e-002
 -8.3130221e-002
 -9.2784877e-002
 -9.9036552e-002
 -1.0170895e-001
 -1.0075244e-001
 -9.6230778e-002
 -8.8327975e-002
 -7.7338376e-002
 -6.3655531e-002
 -4.7762359e-002
 -3.0208908e-002
 -1.1590030e-002
  7.4746287e-003
  2.6363788e-002
  4.4476855e-002
  6.1255038e-002
  7.6202876e-002
  8.8905536e-002
  9.9046568e-002
  1.0641357e-001
  1.1091225e-001
  1.1256599e-001
  1.1151701e-001
  1.0801934e-001
  1.0242520e-001
  9.5172808e-002
  8.6758456e-002
  7.7719554e-002
  6.8598915e-002
  5.9925638e-002
  5.2179275e-002
  4.5773715e-002
  4.1029503e-002
  3.8160903e-002
  3.7264973e-002
  3.8321968e-002
  4.1195555e-002
  4.5650698e-002
  5.1359357e-002
  5.7930755e-002
  6.4922318e-002
  7.1863872e-002
  7.8281362e-002
  8.3711165e-002
  8.7729851e-002
  8.9964913e-002
  9.0116370e-002
  8.7962343e-002
  8.3368185e-002
  7.6288961e-002
  6.6762098e-002
  5.4913910e-002
  4.0936588e-002
  2.5081940e-002
  7.6466599e-003
 -1.1047757e-002
 -3.0655936e-002
 -5.0815125e-002
 -7.1152721e-002
 -9.1280890e-002
 -1.1080939e-001
 -1.2934453e-001
 -1.4649839e-001
 -1.6188927e-001
 -1.7515186e-001
 -1.8595103e-001
 -1.9398478e-001
 -1.9900638e-001
 -2.0082554e-001
 -1.9932185e-001
 -1.9445487e-001
 -1.8627000e-001
 -1.7491045e-001
 -1.6061396e-001
 -1.4372126e-001
 -1.2465979e-001
 -1.0394503e-001
 -8.2156328e-002
 -5.9924463e-002
 -3.7904646e-002
 -1.6751496e-002
  2.9157882e-003
  2.0534613e-002
  3.5639726e-002
  4.7872584e-002
  5.6998159e-002
  6.2918117e-002
  6.5655858e-002
  6.5370337e-002
  6.2338555e-002
  5.6943908e-002
  4.9658032e-002
  4.1008932e-002
  3.1551720e-002
  2.1837799e-002
  1.2382070e-002
  3.6414183e-003
 -4.0088429e-003
 -1.0287104e-002
 -1.5009693e-002
 -1.8095963e-002
 -1.9559745e-002
 -1.9502810e-002
 -1.8099202e-002
 -1.5581561e-002
 -1.2212762e-002
 -8.2796359e-003
 -4.0659364e-003
  1.4896848e-004
  4.1098706e-003
  7.5830189e-003
  1.0366654e-002
  1.2287566e-002
  1.3204808e-002
  1.3007968e-002
  1.1618780e-002
  8.9934605e-003
  5.1197983e-003
  2.7432453e-005
 -6.2095104e-003
 -1.3464258e-002
 -2.1554791e-002
 -3.0238116e-002
 -3.9215616e-002
 -4.8130496e-002
 -5.6581381e-002
 -6.4130149e-002
 -7.0315033e-002
 -7.4676674e-002
 -7.6776677e-002
 -7.6230579e-002
 -7.2729317e-002
 -6.6068629e-002
 -5.6166291e-002
 -4.3080079e-002
 -2.7008738e-002
 -8.2977773e-003
  1.2579666e-002
  3.5032247e-002
  5.8378254e-002
  8.1876218e-002
  1.0475635e-001
  1.2626313e-001
  1.4568911e-001
  1.6241112e-001
  1.7592460e-001
  1.8585823e-001
  1.9199000e-001
  1.9424531e-001
  1.9269285e-001
  1.8752769e-001
  1.7905138e-001
  1.6764630e-001
  1.5374603e-001
  1.3780979e-001
  1.2030112e-001
  1.0166357e-001
  8.2306668e-002
  6.2593492e-002
  4.2841458e-002
  2.3318653e-002
  4.2533517e-003
 -1.4162147e-002
 -3.1754582e-002
 -4.8369439e-002
 -6.3847230e-002
 -7.8034189e-002
 -9.0778453e-002
 -1.0193593e-001
 -1.1137662e-001
 -1.1899337e-001
 -1.2471112e-001
 -1.2849736e-001
 -1.3037527e-001
 -1.3042613e-001
 -1.2879364e-001
 -1.2568119e-001
 -1.2134309e-001
 -1.1607371e-001
 -1.1019436e-001
 -1.0403143e-001
 -9.7900126e-002
 -9.2077895e-002
 -8.6794864e-002
 -8.2209075e-002
 -7.8393788e-002
 -7.5337602e-002
 -7.2930477e-002
 -7.0989802e-002
 -6.9269257e-002
 -6.7486882e-002
 -6.5349490e-002
 -6.2578551e-002
 -5.8930465e-002
 -5.4220704e-002
 -4.8338462e-002
 -4.1257606e-002
 -3.3037438e-002
 -2.3821291e-002
 -1.3820818e-002
 -3.3033833e-003
  7.4217673e-003
  1.8032817e-002
  2.8209032e-002
  3.7658344e-002
  4.6141520e-002
  5.3476565e-002
  5.9549297e-002
  6.4307151e-002
  6.7753666e-002
  6.9934196e-002
  7.0925343e-002
  7.0811244e-002
  6.9678775e-002
  6.7590580e-002
  6.4590836e-002
  6.0684154e-002
  5.5841349e-002
  5.0003529e-002
  4.3087786e-002
  3.5013295e-002
  2.5718475e-002
  1.5186202e-002
  3.4706014e-003
 -9.2929267e-003
 -2.2875293e-002
 -3.6954557e-002
 -5.1123205e-002
 -6.4902951e-002
 -7.7768540e-002
 -8.9175869e-002
 -9.8596370e-002
 -1.0555233e-001
 -1.0964189e-001
 -1.1057812e-001
 -1.0820427e-001
 -1.0251636e-001
 -9.3668180e-002
 -8.1965003e-002
 -6.7851553e-002
 -5.1883243e-002
 -3.4689388e-002
 -1.6940532e-002
  6.9938207e-004
  1.7603725e-002
  3.3215161e-002
  4.7075547e-002
  5.8842421e-002
  6.8301923e-002
  7.5370838e-002
  8.0086135e-002
  8.2592536e-002
  8.3114447e-002
  8.1937003e-002
  7.9369456e-002
  7.5723666e-002
  7.1284310e-002
  6.6296903e-002
  6.0950357e-002
  5.5377525e-002
  4.9654905e-002
  4.3811926e-002
  3.7846023e-002
  3.1739935e-002
  2.5480460e-002
  1.9071532e-002
  1.2549698e-002
  5.9897339e-003
 -4.9564449e-004
 -6.7518823e-003
 -1.2607159e-002
 -1.7879515e-002
 -2.2409402e-002
 -2.6077778e-002
 -2.8829740e-002
 -3.0691286e-002
 -3.1774528e-002
 -3.2287478e-002
 -3.2514121e-002
 -3.2805530e-002
 -3.3546139e-002
 -3.5117311e-002
 -3.7869771e-002
 -4.2080615e-002
 -4.7931658e-002
 -5.5489307e-002
 -6.4684585e-002
 -7.5312948e-002
 -8.7034539e-002
 -9.9382590e-002
 -1.1179579e-001
 -1.2364393e-001
 -1.3427496e-001
 -1.4305401e-001
 -1.4940953e-001
 -1.5286468e-001
 -1.5307610e-001
 -1.4985246e-001
 -1.4316899e-001
 -1.3316754e-001
 -1.2015042e-001
 -1.0454670e-001
 -8.6898951e-002
 -6.7814100e-002
 -4.7944821e-002
 -2.7943899e-002
 -8.4389373e-003
  1.0003554e-002
  2.6896136e-002
  4.1849540e-002
  5.4581043e-002
  6.4908799e-002
  7.2754978e-002
  7.8131672e-002
  8.1131441e-002
  8.1912105e-002
  8.0681242e-002
  7.7676780e-002
  7.3157852e-002
  6.7388238e-002
  6.0636956e-002
  5.3167767e-002
  4.5248692e-002
  3.7147619e-002
  2.9139393e-002
  2.1512421e-002
  1.4559836e-002
  8.5905100e-003
  3.9045214e-003
  7.8711463e-004
 -5.1372974e-004
  1.9769844e-004
  3.0433921e-003
  8.0645410e-003
  1.5198903e-002
  2.4280116e-002
  3.5026737e-002
  4.7056050e-002
  5.9886815e-002
  7.2965619e-002
  8.5687407e-002
  9.7423050e-002
  1.0755912e-001
  1.1552831e-001
  1.2084956e-001
  1.2316168e-001
  1.2224401e-001
  1.1804142e-001
  1.1066010e-001
  1.0037455e-001
  8.7601827e-002
  7.2882330e-002
  5.6846263e-002
  4.0174388e-002
  2.3565182e-002
  7.6934837e-003
 -6.8173185e-003
 -1.9431285e-002
 -2.9714817e-002
 -3.7357117e-002
 -4.2170507e-002
 -4.4092247e-002
 -4.3177489e-002
 -3.9583341e-002
 -3.3559818e-002
 -2.5424381e-002
 -1.5554562e-002
 -4.3629275e-003
  7.7086567e-003
  2.0208262e-002
  3.2676621e-002
  4.4668833e-002
  5.5748289e-002
  6.5506453e-002
  7.3558452e-002
  7.9549155e-002
  8.3166397e-002
  8.4141029e-002
  8.2270836e-002
  7.7430859e-002
  6.9589167e-002
  5.8823337e-002
  4.5323017e-002
  2.9396537e-002
  1.1465014e-002
 -7.9472857e-003
 -2.8228954e-002
 -4.8698629e-002
 -6.8637990e-002
 -8.7316456e-002
 -1.0403335e-001
 -1.1814832e-001
 -1.2912094e-001
 -1.3653234e-001
 -1.4011720e-001
 -1.3977753e-001
 -1.3559337e-001
 -1.2781783e-001
 -1.1686944e-001
 -1.0330537e-001
 -8.7798566e-002
 -7.1106442e-002
 -5.4028472e-002
 -3.7375314e-002
 -2.1921059e-002
 -8.3662338e-003
  2.6917332e-003
  1.0791402e-002
  1.5612878e-002
  1.7000245e-002
  1.4944053e-002
  9.5869234e-003
  1.1963350e-003
 -9.8576074e-003
 -2.3118792e-002
 -3.8074542e-002
 -5.4169913e-002
 -7.0820240e-002
 -8.7435499e-002
 -1.0342549e-001
 -1.1822140e-001
 -1.3128792e-001
 -1.4213077e-001
 -1.5031429e-001
 -1.5546106e-001
 -1.5726408e-001
 -1.5549304e-001
 -1.4999718e-001
 -1.4072249e-001
 -1.2771310e-001
 -1.1112842e-001
 -9.1244664e-002
 -6.8461851e-002
 -4.3300366e-002
 -1.6393517e-002
  1.1529562e-002
  3.9662112e-002
  6.7156895e-002
  9.3147657e-002
  1.1679791e-001
  1.3732583e-001
  1.5404465e-001
  1.6639458e-001
  1.7396865e-001
  1.7653964e-001
  1.7407668e-001
  1.6674974e-001
  1.5492649e-001
  1.3915692e-001
  1.2014672e-001
  9.8726968e-002
  7.5814989e-002
  5.2371498e-002
  2.9353682e-002
  7.6715398e-003
 -1.1850331e-002
 -2.8514546e-002
 -4.1766852e-002
 -5.1232180e-002
 -5.6715086e-002
 -5.8213980e-002
 -5.5911445e-002
 -5.0160969e-002
 -4.1465732e-002
 -3.0447188e-002
 -1.7809577e-002
 -4.3061605e-003
  9.3016816e-003
  2.2273703e-002
  3.3922618e-002
  4.3641246e-002
  5.0913560e-002
  5.5341565e-002
  5.6645373e-002
  5.4677292e-002
  4.9424796e-002
  4.0999465e-002
  2.9645091e-002
  1.5705625e-002
 -3.7469329e-004
 -1.8085857e-002
 -3.6864178e-002
 -5.6118408e-002
 -7.5241731e-002
 -9.3635273e-002
 -1.1071735e-001
 -1.2594453e-001
 -1.3882087e-001
 -1.4891442e-001
 -1.5586758e-001
 -1.5940901e-001
 -1.5936160e-001
 -1.5565130e-001
 -1.4831621e-001
 -1.3750668e-001
 -1.2349268e-001
 -1.0665523e-001
 -8.7481858e-002
 -6.6554243e-002
 -4.4533830e-002
 -2.2143648e-002
 -1.4226920e-004
  2.0695763e-002
  3.9619228e-002
  5.5916174e-002
  6.8948627e-002
  7.8173105e-002
  8.3166055e-002
  8.3642396e-002
  7.9478558e-002
  7.0714397e-002
  5.7567331e-002
  4.0417416e-002
  1.9805084e-002
 -3.5961802e-003
 -2.8996559e-002
 -5.5526386e-002
 -8.2265668e-002
 -1.0828165e-001
 -1.3266686e-001
 -1.5456989e-001
 -1.7323163e-001
 -1.8800806e-001
 -1.9839458e-001
 -2.0404075e-001
 -2.0476258e-001
 -2.0054564e-001
 -1.9154131e-001
 -1.7806155e-001
 -1.6055820e-001
 -1.3961167e-001
 -1.1590504e-001
 -9.0201892e-002
 -6.3314805e-002
 -3.6079536e-002
 -9.3182191e-003
  1.6183830e-002
  3.9710224e-002
  6.0634427e-002
  7.8448126e-002
  9.2771882e-002
  1.0337578e-001
  1.1017837e-001
  1.1325381e-001
  1.1282182e-001
  1.0923977e-001
  1.0298544e-001
  9.4637415e-002
  8.4849926e-002
  7.4331976e-002
  6.3811576e-002
  5.4011878e-002
  4.5614955e-002
  3.9234428e-002
  3.5388375e-002
  3.4477894e-002
  3.6768797e-002
  4.2381905e-002
  5.1284934e-002
  6.3293584e-002
  7.8076625e-002
  9.5167519e-002
  1.1398192e-001
  1.3383945e-001
  1.5398876e-001
  1.7363862e-001
  1.9198464e-001
  2.0824301e-001
  2.2167587e-001
  2.3162792e-001
  2.3754349e-001
  2.3899450e-001
  2.3569220e-001
  2.2750877e-001
  2.1447572e-001
  1.9680149e-001
  1.7485442e-001
  1.4915835e-001
  1.2037609e-001
  8.9284573e-002
  5.6758502e-002
  2.3738415e-002
 -8.7943248e-003
 -3.9852730e-002
 -6.8476892e-002
 -9.3768073e-002
 -1.1492524e-001
 -1.3127554e-001
 -1.4230648e-001
 -1.4768993e-001
 -1.4730079e-001
 -1.4122795e-001
 -1.2977629e-001
 -1.1345465e-001
 -9.2965442e-002
 -6.9168197e-002
 -4.3058362e-002
 -1.5717948e-002
  1.1716741e-002
  3.8109059e-002
  6.2361381e-002
  8.3467405e-002
  1.0054698e-001
  1.1288989e-001
  1.1997604e-001
  1.2150520e-001
  1.1739682e-001
  1.0779738e-001
  9.3063097e-002
  7.3746208e-002
  5.0563811e-002
  2.4368233e-002
 -3.8916464e-003
 -3.3210028e-002
 -6.2562191e-002
 -9.0947749e-002
 -1.1742053e-001
 -1.4112736e-001
 -1.6132842e-001
 -1.7742200e-001
 -1.8896013e-001
 -1.9565547e-001
 -1.9739505e-001
 -1.9423175e-001
 -1.8639419e-001
 -1.7427009e-001
 -1.5840511e-001
 -1.3948174e-001
 -1.1830346e-001
 -9.5764428e-002
 -7.2823935e-002
 -5.0464939e-002
 -2.9663728e-002
 -1.1344763e-002
  3.6550237e-003
  1.4620399e-002
  2.0998877e-002
  2.2426580e-002
  1.8756057e-002
  1.0076108e-002
 -3.2882109e-003
 -2.0780952e-002
 -4.1638516e-002
 -6.4905403e-002
 -8.9491227e-002
 -1.1420551e-001
 -1.3782449e-001
 -1.5915921e-001
 -1.7710543e-001
 -1.9068649e-001
 -1.9910869e-001
 -2.0179709e-001
 -1.9842040e-001
 -1.8891550e-001
 -1.7348247e-001
 -1.5254546e-001
 -1.2675627e-001
 -9.6949983e-002
 -6.4113940e-002
 -2.9356733e-002
  6.1561446e-003
  4.1239021e-002
  7.4744497e-002
  1.0561733e-001
  1.3291014e-001
  1.5587318e-001
  1.7391632e-001
  1.8661829e-001
  1.9373983e-001
  1.9516626e-001
  1.9095676e-001
  1.8133118e-001
  1.6666705e-001
  1.4750588e-001
  1.2451248e-001
  9.8508669e-002
  7.0399505e-002
  4.1157520e-002
  1.1790630e-002
 -1.6726801e-002
 -4.3441916e-002
 -6.7471583e-002
 -8.8014049e-002
 -1.0434717e-001
 -1.1588733e-001
 -1.2217455e-001
 -1.2292995e-001
 -1.1809445e-001
 -1.0781732e-001
 -9.2494337e-002
 -7.2731068e-002
 -4.9309631e-002
 -2.3182114e-002
  4.5952551e-003
  3.2870739e-002
  6.0459103e-002
  8.6178156e-002
  1.0889052e-001
  1.2756588e-001
  1.4132286e-001
  1.4947472e-001
  1.5159042e-001
  1.4749179e-001
  1.3727770e-001
  1.2131062e-001
  1.0018785e-001
  7.4727755e-002
  4.5917932e-002
  1.4880631e-002
 -1.7173487e-002
 -4.9010863e-002
 -7.9409302e-002
 -1.0723534e-001
 -1.3148571e-001
 -1.5133502e-001
 -1.6617933e-001
 -1.7564345e-001
 -1.7959250e-001
 -1.7812434e-001
 -1.7153936e-001
 -1.6033217e-001
 -1.4514078e-001
 -1.2673154e-001
 -1.0595074e-001
 -8.3696365e-002
 -6.0887017e-002
 -3.8422164e-002
 -1.7156464e-002
  2.1298270e-003
  1.8762156e-002
  3.2178567e-002
  4.1949454e-002
  4.7779793e-002
  4.9505417e-002
  4.7102759e-002
  4.0685191e-002
  3.0500936e-002
  1.6940654e-002
  5.1563021e-004
 -1.8144774e-002
 -3.8318535e-002
 -5.9204644e-002
 -7.9951549e-002
 -9.9684083e-002
 -1.1753368e-001
 -1.3266780e-001
 -1.4432920e-001
 -1.5185359e-001
 -1.5471869e-001
 -1.5256568e-001
 -1.4522916e-001
 -1.3276140e-001
 -1.1543252e-001
 -9.3725865e-002
 -6.8326263e-002
 -4.0086292e-002
 -9.9979535e-003
  2.0841267e-002
  5.1284587e-002
  8.0192946e-002
  1.0648266e-001
  1.2918715e-001
  1.4749137e-001
  1.6077179e-001
  1.6861819e-001
  1.7085955e-001
  1.6755667e-001
  1.5899830e-001
  1.4567628e-001
  1.2825830e-001
  1.0754659e-001
  8.4452823e-002
  5.9936807e-002
  3.4977070e-002
  1.0516094e-002
 -1.2572515e-002
 -3.3516291e-002
 -5.1663990e-002
 -6.6497440e-002
 -7.7646146e-002
 -8.4874934e-002
 -8.8083650e-002
 -8.7293066e-002
 -8.2612644e-002
 -7.4249284e-002
 -6.2481065e-002
 -4.7662200e-002
 -3.0223679e-002
 -1.0660293e-002
  1.0470528e-002
  3.2557912e-002
  5.4956218e-002
  7.6985159e-002
  9.7954655e-002
  1.1717022e-001
  1.3397200e-001
  1.4774226e-001
  1.5794321e-001
  1.6413742e-001
  1.6600966e-001
  1.6339909e-001
  1.5631635e-001
  1.4496074e-001
  1.2972562e-001
  1.1119143e-001
  9.0105288e-002
  6.7353265e-002
  4.3917476e-002
  2.0827928e-002
 -8.8673803e-004
 -2.0266231e-002
 -3.6455600e-002
 -4.8778997e-002
 -5.6765747e-002
 -6.0198080e-002
 -5.9124917e-002
 -5.3863756e-002
 -4.4979105e-002
 -3.3254320e-002
 -1.9625801e-002
 -5.1431181e-003
  9.1103946e-003
  2.2072395e-002
  3.2758033e-002
  4.0328235e-002
  4.4120773e-002
  4.3703737e-002
  3.8883260e-002
  2.9718821e-002
  1.6513849e-002
 -2.2026726e-004
 -1.9773703e-002
 -4.1320528e-002
 -6.3954482e-002
 -8.6757986e-002
 -1.0887804e-001
 -1.2954284e-001
 -1.4810506e-001
 -1.6405252e-001
 -1.7698288e-001
 -1.8663343e-001
 -1.9283743e-001
 -1.9553676e-001
 -1.9475614e-001
 -1.9058732e-001
 -1.8317607e-001
 -1.7270253e-001
 -1.5936478e-001
 -1.4338297e-001
 -1.2498988e-001
 -1.0444837e-001
 -8.2070724e-002
 -5.8224140e-002
 -3.3339418e-002
 -7.9234563e-003
  1.7463153e-002
  4.2190519e-002
  6.5581407e-002
  8.6932138e-002
  1.0552768e-001
  1.2069917e-001
  1.3185408e-001
  1.3853071e-001
  1.4044891e-001
  1.3752583e-001
  1.2991967e-001
  1.1800694e-001
  1.0238697e-001
  8.3842525e-002
  6.3283180e-002
  4.1715274e-002
  2.0156557e-002
 -3.9711791e-004
 -1.9023450e-002
 -3.4939243e-002
 -4.7504532e-002
 -5.6301218e-002
 -6.1119900e-002
 -6.1999454e-002
 -5.9212757e-002
 -5.3244212e-002
 -4.4754935e-002
 -3.4528740e-002
 -2.3402934e-002
 -1.2218985e-002
 -1.7527431e-003
  7.3261676e-003
  1.4494206e-002
  1.9402029e-002
  2.1885005e-002
  2.1964895e-002
  1.9826000e-002
  1.5797318e-002
  1.0302545e-002
  3.8325828e-003
 -3.1020318e-003
 -1.0007545e-002
 -1.6433184e-002
 -2.2009577e-002
 -2.6449497e-002
 -2.9575578e-002
 -3.1300273e-002
 -3.1634381e-002
 -3.0655285e-002
 -2.8503298e-002
 -2.5334371e-002
 -2.1320079e-002
 -1.6608610e-002
 -1.1327998e-002
 -5.5706378e-003
  5.9989865e-004
  7.1518443e-003
  1.4067297e-002
  2.1323596e-002
  2.8885602e-002
  3.6658112e-002
  4.4512747e-002
  5.2238873e-002
  5.9587273e-002
  6.6252587e-002
  7.1903851e-002
  7.6216975e-002
  7.8867647e-002
  7.9602025e-002
  7.8190264e-002
  7.4498328e-002
  6.8433006e-002
  5.9982950e-002
  4.9182554e-002
  3.6129374e-002
  2.0966063e-002
  3.8826642e-003
 -1.4884497e-002
 -3.5069267e-002
 -5.6356492e-002
 -7.8401224e-002
 -1.0080548e-001
 -1.2313661e-001
 -1.4491145e-001
 -1.6562255e-001
 -1.8472915e-001
 -2.0169100e-001
 -2.1596981e-001
 -2.2705583e-001
 -2.3449594e-001
 -2.3789784e-001
 -2.3698689e-001
 -2.3159640e-001
 -2.2172963e-001
 -2.0754453e-001
 -1.8939339e-001
 -1.6779557e-001
 -1.4344308e-001
 -1.1716924e-001
 -8.9914295e-002
 -6.2678752e-002
 -3.6469038e-002
 -1.2243205e-002
  9.1467641e-003
  2.6995783e-002
  4.0793343e-002
  5.0254133e-002
  5.5326342e-002
  5.6209672e-002
  5.3316693e-002
  4.7258951e-002
  3.8786074e-002
  2.8740948e-002
  1.7998230e-002
  7.4109240e-003
 -2.2407930e-003
 -1.0292858e-002
 -1.6227572e-002
 -1.9696371e-002
 -2.0523608e-002
 -1.8702880e-002
 -1.4380894e-002
 -7.8285823e-003
  5.8051105e-004
  1.0418936e-002
  2.1217964e-002
  3.2512862e-002
  4.3848217e-002
  5.4809398e-002
  6.5019746e-002
  7.4156003e-002
  8.1939397e-002
  8.8141463e-002
  9.2571741e-002
  9.5080315e-002
  9.5550785e-002
  9.3892895e-002
  9.0053627e-002
  8.4016821e-002
  7.5818276e-002
  6.5558971e-002
  5.3412443e-002
  3.9634861e-002
  2.4567051e-002
  8.6367802e-003
 -7.6537175e-003
 -2.3726230e-002
 -3.8965220e-002
 -5.2721317e-002
 -6.4366687e-002
 -7.3314216e-002
 -7.9066632e-002
 -8.1241003e-002
 -7.9600918e-002
 -7.4074676e-002
 -6.4763810e-002
 -5.1946443e-002
 -3.6062992e-002
 -1.7692312e-002
  2.4714348e-003
  2.3663749e-002
  4.5075730e-002
  6.5900350e-002
  8.5360784e-002
  1.0275166e-001
  1.1745842e-001
  1.2899157e-001
  1.3698749e-001
  1.4123149e-001
  1.4164035e-001
  1.3827119e-001
  1.3129414e-001
  1.2098735e-001
  1.0771039e-001
  9.1887878e-002
  7.3991613e-002
  5.4523530e-002
  3.4004572e-002
  1.2960904e-002
 -8.0834507e-003
 -2.8616732e-002
 -4.8146937e-002
 -6.6206816e-002
 -8.2367724e-002
 -9.6239434e-002
 -1.0749349e-001
 -1.1586424e-001
 -1.2117342e-001
 -1.2333234e-001
 -1.2236161e-001
 -1.1838588e-001
 -1.1164659e-001
 -1.0248921e-001
 -9.1362470e-002
 -7.8793636e-002
 -6.5376451e-002
 -5.1735567e-002
 -3.8505924e-002
 -2.6298795e-002
 -1.5672426e-002
 -7.1059181e-003
 -9.7071447e-004
  2.4901114e-003
  3.1727538e-003
  1.1262798e-003
 -3.4605834e-003
 -1.0261268e-002
 -1.8841606e-002
 -2.8675819e-002
 -3.9186917e-002
 -4.9765023e-002
 -5.9813728e-002
 -6.8767012e-002
 -7.6129170e-002
 -8.1486676e-002
 -8.4533082e-002
 -8.5069944e-002
 -8.3016102e-002
 -7.8397443e-002
 -7.1342953e-002
 -6.2068777e-002
 -5.0865070e-002
 -3.8074323e-002
 -2.4079827e-002
 -9.2811744e-003
  5.9100948e-003
  2.1090784e-002
  3.5864927e-002
  4.9861879e-002
  6.2729836e-002
  7.4149731e-002
  8.3829979e-002
  9.1519012e-002
  9.7003031e-002
  1.0012279e-001
  1.0077151e-001
  9.8912927e-002
  9.4579619e-002
  8.7887300e-002
  7.9032863e-002
  6.8296513e-002
  5.6039458e-002
  4.2696133e-002
  2.8763165e-002
  1.4787135e-002
  1.3395196e-003
 -1.1002863e-002
 -2.1690907e-002
 -3.0220936e-002
 -3.6173658e-002
 -3.9223184e-002
 -3.9174112e-002
 -3.5962333e-002
 -2.9677840e-002
 -2.0550538e-002
 -8.9567924e-003
  4.6090768e-003
  1.9544984e-002
  3.5179051e-002
  5.0792531e-002
  6.5664931e-002
  7.9098602e-002
  9.0458141e-002
  9.9192397e-002
  1.0486438e-001
  1.0716197e-001
  1.0591346e-001
  1.0108566e-001
  9.2781319e-002
  8.1228423e-002
  6.6767030e-002
  4.9828692e-002
  3.0921095e-002
  1.0599532e-002
 -1.0547338e-002
 -3.1928294e-002
 -5.2958440e-002
 -7.3089135e-002
 -9.1811431e-002
 -1.0868143e-001
 -1.2331848e-001
 -1.3542508e-001
 -1.4477908e-001
 -1.5124922e-001
 -1.5478575e-001
 -1.5542942e-001
 -1.5329848e-001
 -1.4859358e-001
 -1.4158255e-001
 -1.3259940e-001
 -1.2203035e-001
 -1.1030452e-001
 -9.7877512e-002
 -8.5218254e-002
 -7.2789458e-002
 -6.1034705e-002
 -5.0355231e-002
 -4.1102539e-002
 -3.3558097e-002
 -2.7930614e-002
 -2.4341312e-002
 -2.2829794e-002
 -2.3339030e-002
 -2.5736448e-002
 -2.9801652e-002
 -3.5258803e-002
 -4.1774050e-002
 -4.8987154e-002
 -5.6522495e-002
 -6.4008876e-002
 -7.1088291e-002
 -7.7434410e-002
 -8.2749200e-002
 -8.6784724e-002
 -8.9336794e-002
 -9.0261417e-002
 -8.9469987e-002
 -8.6937944e-002
 -8.2697209e-002
 -7.6841850e-002
 -6.9518440e-002
 -6.0928925e-002
 -5.1321048e-002
 -4.0987148e-002
 -3.0249601e-002
 -1.9459254e-002
 -8.9776471e-003
  8.2678929e-004
  9.5996274e-003
  1.7005737e-002
  2.2752773e-002
  2.6596095e-002
  2.8358862e-002
  2.7937455e-002
  2.5317325e-002
  2.0572579e-002
  1.3880720e-002
  5.5084033e-003
 -4.1803456e-003
 -1.4750097e-002
 -2.5696510e-002
 -3.6479234e-002
 -4.6531428e-002
 -5.5296894e-002
 -6.2243434e-002
 -6.6897603e-002
 -6.8857301e-002
 -6.7819858e-002
 -6.3583519e-002
 -5.6069829e-002
 -4.5314109e-002
 -3.1477388e-002
 -1.4832419e-002
  4.2396917e-003
  2.5271653e-002
  4.7720738e-002
  7.0997091e-002
  9.4476582e-002
  1.1753063e-001
  1.3953702e-001
  1.5990938e-001
  1.7810201e-001
  1.9363456e-001
  2.0609184e-001
  2.1514216e-001
  2.2053363e-001
  2.2210815e-001
  2.1979445e-001
  2.1361790e-001
  2.0369171e-001
  1.9022411e-001
  1.7350688e-001
  1.5391796e-001
  1.3190770e-001
  1.0799620e-001
  8.2754261e-002
  5.6801537e-002
  3.0776126e-002
  5.3290655e-003
 -1.8912089e-002
 -4.1352805e-002
 -6.1468360e-002
 -7.8812089e-002
 -9.3048252e-002
 -1.0395467e-001
 -1.1144577e-001
 -1.1556567e-001
 -1.1649748e-001
 -1.1454370e-001
 -1.1012154e-001
 -1.0373313e-001
 -9.5947672e-002
 -8.7367694e-002
 -7.8603726e-002
 -7.0232849e-002
 -6.2781235e-002
 -5.6687365e-002
 -5.2294857e-002
 -4.9825123e-002
 -4.9384349e-002
 -5.0950402e-002
 -5.4391414e-002
 -5.9468201e-002
 -6.5859918e-002
 -7.3173348e-002
 -8.0976130e-002
 -8.8801230e-002
 -9.6188014e-002
 -1.0268247e-001
 -1.0787528e-001
 -1.1140635e-001
 -1.1298746e-001
 -1.1240138e-001
 -1.0951554e-001
 -1.0427428e-001
 -9.6706683e-002
 -8.6916271e-002
 -7.5083637e-002
 -6.1452937e-002
 -4.6333065e-002
 -3.0085917e-002
 -1.3124250e-002
  4.1037406e-003
  2.1114374e-002
  3.7414022e-002
  5.2493590e-002
  6.5857888e-002
  7.7022498e-002
  8.5544084e-002
  9.1022333e-002
  9.3132776e-002
  9.1629857e-002
  8.6377330e-002
  7.7350309e-002
  6.4658546e-002
  4.8541834e-002
  2.9386193e-002
  7.7047551e-003
 -1.5860827e-002
 -4.0571286e-002
 -6.5604910e-002
 -9.0097430e-002
 -1.1316407e-001
 -1.3394825e-001
 -1.5164555e-001
 -1.6555213e-001
 -1.7508509e-001
 -1.7982090e-001
 -1.7950331e-001
 -1.7406776e-001
 -1.6362956e-001
 -1.4849375e-001
 -1.2912706e-001
 -1.0615119e-001
 -8.0301860e-002
 -5.2409644e-002
 -2.3355069e-002
  5.9587134e-003
  3.4649016e-002
  6.1878982e-002
  8.6901658e-002
  1.0906917e-001
  1.2786929e-001
  1.4291923e-001
  1.5398675e-001
  1.6097430e-001
  1.6392866e-001
  1.6301689e-001
  1.5852412e-001
  1.5082727e-001
  1.4038983e-001
  1.2773137e-001
  1.1342456e-001
  9.8060770e-002
  8.2244588e-002
  6.6562427e-002
  5.1573516e-002
  3.7782859e-002
  2.5637449e-002
  1.5497615e-002
  7.6382816e-003
  2.2220684e-003
 -6.9545578e-004
 -1.1860932e-003
  5.6625773e-004
  4.2521814e-003
  9.4617647e-003
  1.5682244e-002
  2.2332466e-002
  2.8771668e-002
  3.4344402e-002
  3.8394941e-002
  4.0316360e-002
  3.9566806e-002
  3.5713895e-002
  2.8447921e-002
  1.7615185e-002
  3.2205564e-003
 -1.4549898e-002
 -3.5346248e-002
 -5.8648258e-002
 -8.3799806e-002
 -1.1002281e-001
 -1.3646092e-001
 -1.6220460e-001
 -1.8634164e-001
 -2.0798231e-001
 -2.2631296e-001
 -2.4061222e-001
 -2.5030204e-001
 -2.5494971e-001
 -2.5430882e-001
 -2.4830992e-001
 -2.3708172e-001
 -2.2093316e-001
 -2.0035230e-001
 -1.7597359e-001
 -1.4856535e-001
 -1.1898353e-001
 -8.8155093e-002
 -5.7030669e-002
 -2.6563706e-002
  2.3346849e-003
  2.8814041e-002
  5.2126409e-002
  7.1635521e-002
  8.6851215e-002
  9.7428571e-002
  1.0319262e-001
  1.0412652e-001
  1.0038761e-001
  9.2284369e-002
  8.0279167e-002
  6.4959184e-002
  4.7028337e-002
  2.7270878e-002
  6.5424321e-003
 -1.4278715e-002
 -3.4300446e-002
 -5.2672859e-002
 -6.8598208e-002
 -8.1384232e-002
 -9.0452825e-002
 -9.5382952e-002
 -9.5909942e-002
 -9.1955596e-002
 -8.3613692e-002
 -7.1164671e-002
 -5.5047099e-002
 -3.5855428e-002
 -1.4301739e-002
  8.8025857e-003
  3.2592475e-002
  5.6174817e-002
  7.8682049e-002
  9.9291275e-002
  1.1727900e-001
  1.3202790e-001
  1.4306757e-001
  1.5007275e-001
  1.5288906e-001
  1.5151893e-001
  1.4613758e-001
  1.3706299e-001
  1.2476242e-001
  1.0981053e-001
  9.2888752e-002
  7.4736433e-002
  5.6145358e-002
  3.7910180e-002
  2.0817303e-002
  5.6012851e-003
 -7.0643079e-003
 -1.6606304e-002
 -2.2555168e-002
 -2.4579860e-002
 -2.2484507e-002
 -1.6236243e-002
 -5.9527515e-003
  8.0786961e-003
  2.5422358e-002
  4.5487055e-002
  6.7560359e-002
  9.0810871e-002
  1.1433879e-001
  1.3718275e-001
  1.5838233e-001
  1.7698832e-001
  1.9212681e-001
  2.0301191e-001
  2.0900487e-001
  2.0962288e-001
  2.0458583e-001
  1.9381424e-001
  1.7745864e-001
  1.5587987e-001
  1.2966130e-001
  9.9566603e-002
  6.6532418e-002
  3.1610107e-002
 -4.0606270e-003
 -3.9315192e-002
 -7.2998772e-002
 -1.0402855e-001
 -1.3142121e-001
 -1.5435022e-001
 -1.7215756e-001
 -1.8439997e-001
 -1.9083985e-001
 -1.9147593e-001
 -1.8651655e-001
 -1.7639026e-001
 -1.6170535e-001
 -1.4324294e-001
 -1.2190178e-001
 -9.8685466e-002
 -7.4636461e-002
 -5.0825319e-002
 -2.8285097e-002
 -8.0032665e-003
  9.1372369e-003
  2.2361283e-002
  3.1050881e-002
  3.4742241e-002
  3.3163524e-002
  2.6224132e-002
  1.4043540e-002
 -3.0725939e-003
 -2.4611363e-002
 -4.9891974e-002
 -7.8059181e-002
 -1.0813373e-001
 -1.3901895e-001
 -1.6956177e-001
 -1.9856921e-001
 -2.2487714e-001
 -2.4737179e-001
 -2.6506071e-001
 -2.7708904e-001
 -2.8280720e-001
 -2.8177533e-001
 -2.7381778e-001
 -2.5900793e-001
 -2.3770272e-001
 -2.1050252e-001
 -1.7826148e-001
 -1.4202894e-001
 -1.0303152e-001
 -6.2599375e-002
 -2.2129763e-002
  1.6997070e-002
  5.3456117e-002
  8.6060393e-002
  1.1378768e-001
  1.3584447e-001
  1.5167474e-001
  1.6099852e-001
  1.6379482e-001
  1.6031824e-001
  1.5105134e-001
  1.3670198e-001
  1.1813197e-001
  9.6345937e-002
  7.2405255e-002
  4.7416535e-002
  2.2445851e-002
 -1.4889839e-003
 -2.3488698e-002
 -4.2770881e-002
 -5.8719925e-002
 -7.0866762e-002
 -7.8926221e-002
 -8.2756710e-002
 -8.2391897e-002
 -7.7995878e-002
 -6.9884852e-002
 -5.8484062e-002
 -4.4342515e-002
 -2.8086434e-002
 -1.0434720e-002
  7.8513309e-003
  2.5952573e-002
  4.3046375e-002
  5.8294718e-002
  7.0903875e-002
  8.0118324e-002
  8.5281212e-002
  8.5835035e-002
  8.1383668e-002
  7.1689139e-002
  5.6731316e-002
  3.6688854e-002
  1.1986012e-002
 -1.6747562e-002
 -4.8655675e-002
 -8.2715735e-002
 -1.1774423e-001
 -1.5247674e-001
 -1.8558585e-001
 -2.1578063e-001
 -2.4182861e-001
 -2.6265950e-001
 -2.7737939e-001
 -2.8536084e-001
 -2.8623781e-001
 -2.7996706e-001
 -2.6679570e-001
 -2.4728745e-001
 -2.2225545e-001
 -1.9276175e-001
 -1.6001976e-001
 -1.2537906e-001
 -9.0216495e-002
 -5.5916439e-002
 -2.3766602e-002
  5.0519527e-003
  2.9553246e-002
  4.8934306e-002
  6.2640727e-002
  7.0329079e-002
  7.1907138e-002
  6.7476184e-002
  5.7353213e-002
  4.2000411e-002
  2.2040025e-002
 -1.8209076e-003
 -2.8773716e-002
 -5.7980936e-002
 -8.8552440e-002
 -1.1961324e-001
 -1.5027028e-001
 -1.7967788e-001
 -2.0699905e-001
 -2.3147244e-001
 -2.5237024e-001
 -2.6907154e-001
 -2.8102285e-001
 -2.8781419e-001
 -2.8914627e-001
 -2.8490096e-001
 -2.7510290e-001
 -2.5998375e-001
 -2.3992820e-001
 -2.1552658e-001
 -1.8750319e-001
 -1.5674970e-001
 -1.2423288e-001
 -9.1010351e-002
 -5.8123686e-002
 -2.6603174e-002
  2.6462029e-003
  2.8835090e-002
  5.1399899e-002
  6.9971514e-002
  8.4465110e-002
  9.5018987e-002
  1.0205639e-001
  1.0619016e-001
  1.0825798e-001
  1.0919739e-001
  1.1006005e-001
  1.1187306e-001
  1.1564725e-001
  1.2224246e-001
  1.3238793e-001
  1.4656616e-001
  1.6505994e-001
  1.8786247e-001
  2.1476029e-001
  2.4526750e-001
  2.7874191e-001
  3.1433552e-001
  3.5113213e-001
  3.8810363e-001
  4.2424962e-001
  4.5855190e-001
  4.9010442e-001
  5.1805503e-001
  5.4172268e-001
  5.6051743e-001
  5.7404716e-001
  5.8201481e-001
  5.8431621e-001
  5.8092346e-001
  5.7198028e-001
  5.5767942e-001
  5.3836606e-001
  5.1441198e-001
  4.8632972e-001
  4.5464497e-001
  4.2001833e-001
  3.8311380e-001
  3.4472610e-001
  3.0563623e-001
  2.6673827e-001
  2.2887711e-001
  1.9296834e-001
  1.5981899e-001
  1.3024717e-001
  1.0488469e-001
  8.4308977e-002
  6.8832786e-002
  5.8656960e-002
  5.3661824e-002
  5.3590834e-002
  5.7855157e-002
  6.5760959e-002
  7.6325842e-002
  8.8555053e-002
  1.0125930e-001
  1.1337525e-001
  1.2376796e-001
  1.3157867e-001
  1.3599285e-001
  1.3660709e-001
  1.3313349e-001
  1.2578500e-001
  1.1488791e-001
  1.0129203e-001
  8.5870623e-002
  6.9982536e-002
  5.4836129e-002
  4.2058849e-002
  3.2882554e-002
  2.8924069e-002
  3.1077007e-002
  4.0758552e-002
  5.8087068e-002
  8.4614314e-002
