  1.0892714e-001
  1.1170858e-001
  1.1109776e-001
  1.0611236e-001
  9.6254703e-002
  8.1630541e-002
  6.2951027e-002
  4.1416490e-002
  1.8502228e-002
 -4.3156882e-003
 -2.5845353e-002
 -4.5422892e-002
 -6.3069941e-002
 -7.9533860e-002
 -9.6199743e-002
 -1.1488526e-001
 -1.3754957e-001
 -1.6596270e-001
 -2.0138889e-001
 -2.4433599e-001
 -2.9441223e-001
 -3.5031477e-001
 -4.0995289e-001
 -4.7068701e-001
 -5.2964660e-001
 -5.8407730e-001
 -6.3166432e-001
 -6.7078322e-001
 -7.0064250e-001
 -7.2129997e-001
 -7.3355589e-001
 -7.3874540e-001
 -7.3846780e-001
 -7.3429926e-001
 -7.2753588e-001
 -7.1900705e-001
 -7.0898544e-001
 -6.9720265e-001
 -6.8296128e-001
 -6.6531834e-001
 -6.4330396e-001
 -6.1613518e-001
 -5.8338734e-001
 -5.4509494e-001
 -5.0176748e-001
 -4.5432173e-001
 -4.0394663e-001
 -3.5192832e-001
 -2.9946911e-001
 -2.4753390e-001
 -1.9675108e-001
 -1.4738451e-001
 -9.9379141e-002
 -5.2469513e-002
 -6.3288315e-003
  3.9270480e-002
  8.4315579e-002
  1.2845804e-001
  1.7098267e-001
  2.1084647e-001
  2.4678121e-001
  2.7744194e-001
  3.0157592e-001
  3.1818337e-001
  3.2664345e-001
  3.2678570e-001
  3.1889701e-001
  3.0366561e-001
  2.8207464e-001
  2.5526563e-001
  2.2439683e-001
  1.9052090e-001
  1.5450156e-001
  1.1698095e-001
  7.8399266e-002
  3.9058582e-002
 -7.8553630e-004
 -4.0825380e-002
 -8.0617090e-002
 -1.1952942e-001
 -1.5673667e-001
 -1.9125837e-001
 -2.2203928e-001
 -2.4805552e-001
 -2.6842749e-001
 -2.8251941e-001
 -2.9000723e-001
 -2.9090290e-001
 -2.8553090e-001
 -2.7446132e-001
 -2.5841181e-001
 -2.3813590e-001
 -2.1431731e-001
 -1.8748832e-001
 -1.5798577e-001
 -1.2595069e-001
 -9.1369979e-002
 -5.4150594e-002
 -1.4211354e-002
  2.8425668e-002
  7.3561429e-002
  1.2077758e-001
  1.6943306e-001
  2.1869997e-001
  2.6763167e-001
  3.1525051e-001
  3.6063930e-001
  4.0302030e-001
  4.4180855e-001
  4.7663112e-001
  5.0731099e-001
  5.3382053e-001
  5.5621531e-001
  5.7456253e-001
  5.8887891e-001
  5.9909063e-001
  6.0502360e-001
  6.0642620e-001
  6.0302005e-001
  5.9456928e-001
  5.8095460e-001
  5.6223789e-001
  5.3870426e-001
  5.1087287e-001
  4.7947331e-001
  4.4539047e-001
  4.0958676e-001
  3.7301412e-001
  3.3653038e-001
  3.0083311e-001
  2.6642126e-001
  2.3358929e-001
  2.0245316e-001
  1.7300140e-001
  1.4516079e-001
  1.1886368e-001
  9.4104212e-002
  7.0973596e-002
  4.9668552e-002
  3.0472717e-002
  1.3715800e-002
 -2.8042676e-004
 -1.1257903e-002
 -1.9068301e-002
 -2.3699878e-002
 -2.5279633e-002
 -2.4050178e-002
 -2.0325712e-002
 -1.4435614e-002
 -6.6666698e-003
  2.7847257e-003
  1.3840799e-002
  2.6545101e-002
  4.1038462e-002
  5.7511931e-002
  7.6144749e-002
  9.7038191e-002
  1.2015694e-001
  1.4528838e-001
  1.7202691e-001
  1.9978618e-001
  2.2783708e-001
  2.5536487e-001
  2.8153604e-001
  3.0556368e-001
  3.2676122e-001
  3.4457671e-001
  3.5860384e-001
  3.6857029e-001
  3.7430819e-001
  3.7571493e-001
  3.7271359e-001
  3.6522249e-001
  3.5314091e-001
  3.3635454e-001
  3.1476024e-001
  2.8830547e-001
  2.5703471e-001
  2.2113350e-001
  1.8096083e-001
  1.3706267e-001
  9.0162502e-002
  4.1129034e-002
 -9.0747686e-003
 -5.9453884e-002
 -1.0904516e-001
 -1.5697330e-001
 -2.0249076e-001
 -2.4499642e-001
 -2.8403158e-001
 -3.1925636e-001
 -3.5041233e-001
 -3.7728029e-001
 -3.9964194e-001
 -4.1725383e-001
 -4.2983885e-001
 -4.3709743e-001
 -4.3873638e-001
 -4.3451013e-001
 -4.2426663e-001
 -4.0798921e-001
 -3.8582652e-001
 -3.5810484e-001
 -3.2532023e-001
 -2.8811181e-001
 -2.4722064e-001
 -2.0344146e-001
 -1.5757529e-001
 -1.1039080e-001
 -6.2600223e-002
 -1.4852748e-002
  3.2255348e-002
  7.8157672e-002
  1.2228836e-001
  1.6405416e-001
  2.0281545e-001
  2.3788206e-001
  2.6852691e-001
  2.9401703e-001
  3.1365815e-001
  3.2684643e-001
  3.3311919e-001
  3.3219673e-001
  3.2400834e-001
  3.0869868e-001
  2.8661347e-001
  2.5826737e-001
  2.2429941e-001
  1.8542338e-001
  1.4238101e-001
  9.5904764e-002
  4.6694944e-002
 -4.5871968e-003
 -5.7311806e-002
 -1.1086254e-001
 -1.6461464e-001
 -2.1791573e-001
 -2.7007552e-001
 -3.2036847e-001
 -3.6805102e-001
 -4.1239146e-001
 -4.5270843e-001
 -4.8841151e-001
 -5.1903702e-001
 -5.4427263e-001
 -5.6396627e-001
 -5.7811729e-001
 -5.8685147e-001
 -5.9038350e-001
 -5.8897363e-001
 -5.8288542e-001
 -5.7235161e-001
 -5.5755355e-001
 -5.3861702e-001
 -5.1562429e-001
 -4.8863943e-001
 -4.5774142e-001
 -4.2305863e-001
 -3.8479768e-001
 -3.4326146e-001
 -2.9885286e-001
 -2.5206374e-001
 -2.0345135e-001
 -1.5360683e-001
 -1.0312170e-001
 -5.2558558e-002
 -2.4312940e-003
  4.6802047e-002
  9.4732955e-002
  1.4098475e-001
  1.8518778e-001
  2.2695331e-001
  2.6585216e-001
  3.0140341e-001
  3.3307668e-001
  3.6030873e-001
  3.8253278e-001
  3.9921624e-001
  4.0990112e-001
  4.1424070e-001
  4.1202668e-001
  4.0320281e-001
  3.8786307e-001
  3.6623559e-001
  3.3865559e-001
  3.0553257e-001
  2.6731796e-001
  2.2447873e-001
  1.7748150e-001
  1.2678924e-001
  7.2870136e-002
  1.6215968e-002
 -4.2634896e-002
 -1.0307537e-001
 -1.6441398e-001
 -2.2587010e-001
 -2.8658227e-001
 -3.4562974e-001
 -4.0206466e-001
 -4.5495054e-001
 -5.0340143e-001
 -5.4661631e-001
 -5.8390404e-001
 -6.1469604e-001
 -6.3854632e-001
 -6.5512051e-001
 -6.6417799e-001
 -6.6555185e-001
 -6.5913219e-001
 -6.4485693e-001
 -6.2271308e-001
 -5.9274886e-001
 -5.5509488e-001
 -5.0999062e-001
 -4.5781097e-001
 -3.9908735e-001
 -3.3451853e-001
 -2.6496800e-001
 -1.9144649e-001
 -1.1508123e-001
 -3.7075103e-002
  4.1339234e-002
  1.1894462e-001
  1.9457893e-001
  2.6716470e-001
  3.3572695e-001
  3.9939922e-001
  4.5742009e-001
  5.0912397e-001
  5.5393082e-001
  5.9133905e-001
  6.2092511e-001
  6.4235130e-001
  6.5538138e-001
  6.5990162e-001
  6.5594327e-001
  6.4370186e-001
  6.2354869e-001
  5.9603100e-001
  5.6185914e-001
  5.2188097e-001
  4.7704584e-001
  4.2836256e-001
  3.7685608e-001
  3.2352835e-001
  2.6932763e-001
  2.1512901e-001
  1.6172699e-001
  1.0983888e-001
  6.0115759e-002
  1.3156937e-002
 -3.0476722e-002
 -7.0254629e-002
 -1.0567611e-001
 -1.3627875e-001
 -1.6165443e-001
 -1.8147018e-001
 -1.9549008e-001
 -2.0359368e-001
 -2.0578732e-001
 -2.0220547e-001
 -1.9310131e-001
 -1.7882748e-001
 -1.5980964e-001
 -1.3651691e-001
 -1.0943356e-001
 -7.9036074e-002
 -4.5778682e-002
 -1.0088760e-002
  2.7628268e-002
  6.6976767e-002
  1.0755491e-001
  1.4893906e-001
  1.9067239e-001
  2.3226101e-001
  2.7317897e-001
  3.1288222e-001
  3.5082943e-001
  3.8650659e-001
  4.1945138e-001
  4.4927330e-001
  4.7566641e-001
  4.9841274e-001
  5.1737620e-001
  5.3248839e-001
  5.4372908e-001
  5.5110518e-001
  5.5463181e-001
  5.5431882e-001
  5.5016484e-001
  5.4215942e-001
  5.3029238e-001
  5.1456821e-001
  4.9502228e-001
  4.7173575e-001
  4.4484625e-001
  4.1455250e-001
  3.8111225e-001
  3.4483446e-001
  3.0606742e-001
  2.6518577e-001
  2.2257890e-001
  1.7864331e-001
  1.3378017e-001
  8.8398260e-002
  4.2921194e-002
 -2.2032879e-003
 -4.6494723e-002
 -8.9434819e-002
 -1.3046811e-001
 -1.6900960e-001
 -2.0445929e-001
 -2.3622235e-001
 -2.6373226e-001
 -2.8647420e-001
 -3.0400540e-001
 -3.1597022e-001
 -3.2210842e-001
 -3.2225680e-001
 -3.1634527e-001
 -3.0438994e-001
 -2.8648594e-001
 -2.6280284e-001
 -2.3358491e-001
 -1.9915682e-001
 -1.5993457e-001
 -1.1643919e-001
 -6.9310343e-002
 -1.9315867e-002
  3.2646406e-002
  8.5557263e-002
  1.3829658e-001
  1.8967513e-001
  2.3847554e-001
  2.8349836e-001
  3.2360870e-001
  3.5777829e-001
  3.8511872e-001
  4.0490301e-001
  4.1657441e-001
  4.1974341e-001
  4.1417587e-001
  3.9977636e-001
  3.7657131e-001
  3.4469644e-001
  3.0439149e-001
  2.5600384e-001
  2.0000019e-001
  1.3698397e-001
  6.7714210e-002
 -6.8789323e-003
 -8.5686787e-002
 -1.6742686e-001
 -2.5066176e-001
 -3.3383266e-001
 -4.1530515e-001
 -4.9342397e-001
 -5.6657143e-001
 -6.3322438e-001
 -6.9200448e-001
 -7.4171836e-001
 -7.8138527e-001
 -8.1025223e-001
 -8.2779806e-001
 -8.3372910e-001
 -8.2797004e-001
 -8.1065294e-001
 -7.8210717e-001
 -7.4285130e-001
 -6.9358676e-001
 -6.3519188e-001
 -5.6871379e-001
 -4.9535549e-001
 -4.1645581e-001
 -3.3346075e-001
 -2.4788624e-001
 -1.6127382e-001
 -7.5142171e-002
  9.0618184e-003
  9.0007989e-002
  1.6652017e-001
  2.3760268e-001
  3.0245453e-001
  3.6047136e-001
  4.1123654e-001
  4.5450417e-001
  4.9017711e-001
  5.1828333e-001
  5.3895324e-001
  5.5239952e-001
  5.5890017e-001
  5.5878411e-001
  5.5241798e-001
  5.4019292e-001
  5.2250979e-001
  4.9976270e-001
  4.7232117e-001
  4.4051289e-001
  4.0460928e-001
  3.6481683e-001
  3.2127677e-001
  2.7407464e-001
  2.2326006e-001
  1.6887525e-001
  1.1098926e-001
  4.9733480e-002
 -1.4666411e-002
 -8.1866934e-002
 -1.5139546e-001
 -2.2265306e-001
 -2.9493138e-001
 -3.6744130e-001
 -4.3934894e-001
 -5.0981372e-001
 -5.7802245e-001
 -6.4321449e-001
 -7.0469443e-001
 -7.6183079e-001
 -8.1404216e-001
 -8.6077398e-001
 -9.0147145e-001
 -9.3555441e-001
 -9.6240007e-001
 -9.8133842e-001
 -9.9166274e-001
 -9.9265554e-001
 -9.8362767e-001
 -9.6396624e-001
 -9.3318576e-001
 -8.9097659e-001
 -8.3724531e-001
 -7.7214329e-001
 -6.9608147e-001
 -6.0973170e-001
 -5.1401652e-001
 -4.1009080e-001
 -2.9931865e-001
 -1.8324875e-001
 -6.3590125e-002
  5.7811347e-002
  1.7899691e-001
  2.9792173e-001
  4.1248743e-001
  5.2058303e-001
  6.2013545e-001
  7.0916933e-001
  7.8587328e-001
  8.4866809e-001
  8.9627075e-001
  9.2774767e-001
  9.4255107e-001
  9.4053425e-001
  9.2194390e-001
  8.8739064e-001
  8.3780169e-001
  7.7436223e-001
  6.9845270e-001
  6.1158985e-001
  5.1537760e-001
  4.1147157e-001
  3.0155796e-001
  1.8734467e-001
  7.0559586e-002
 -4.7050049e-002
 -1.6372391e-001
 -2.7770539e-001
 -3.8727167e-001
 -4.9077637e-001
 -5.8670059e-001
 -6.7370569e-001
 -7.5067914e-001
 -8.1676513e-001
 -8.7137306e-001
 -9.1416063e-001
 -9.4499206e-001
 -9.6387693e-001
 -9.7089894e-001
 -9.6614635e-001
 -9.4965693e-001
 -9.2138843e-001
 -8.8122234e-001
 -8.2900325e-001
 -7.6461052e-001
 -6.8805308e-001
 -5.9957352e-001
 -4.9974533e-001
 -3.8954691e-001
 -2.7039854e-001
 -1.4415344e-001
 -1.3040335e-002
  1.2043801e-001
  2.5363951e-001
  3.8393513e-001
  5.0886089e-001
  6.2625177e-001
  7.3434273e-001
  8.3182738e-001
  9.1787091e-001
  9.9208078e-001
  1.0544441e+000
  1.1052449e+000
  1.1449750e+000
  1.1742531e+000
  1.1937606e+000
  1.2042007e+000
  1.2062800e+000
  1.2007084e+000
  1.1882079e+000
  1.1695211e+000
  1.1454111e+000
  1.1166447e+000
  1.0839594e+000
  1.0480159e+000
  1.0093440e+000
  9.6829157e-001
  9.2499009e-001
  8.7934379e-001
  8.3105111e-001
  7.7965847e-001
  7.2464221e-001
  6.6550874e-001
  6.0189925e-001
  5.3368362e-001
  4.6102938e-001
  3.8443495e-001
  3.0472202e-001
  2.2298832e-001
  1.4052861e-001
  5.8736486e-002
 -2.0997233e-002
 -9.7373897e-002
 -1.6925114e-001
 -2.3567364e-001
 -2.9586897e-001
 -3.4921339e-001
 -3.9517833e-001
 -4.3327172e-001
 -4.6298912e-001
 -4.8378756e-001
 -4.9509059e-001
 -4.9632609e-001
 -4.8699242e-001
 -4.6674163e-001
 -4.3546509e-001
 -3.9336508e-001
 -3.4099821e-001
 -2.7928097e-001
 -2.0945431e-001
 -1.3301197e-001
 -5.1603702e-002
  3.3070277e-002
  1.1935549e-001
  2.0571339e-001
  2.9075352e-001
  3.7322302e-001
  4.5195699e-001
  5.2580162e-001
  5.9352782e-001
  6.5375653e-001
  7.0491599e-001
  7.4524653e-001
  7.7286105e-001
  7.8585930e-001
  7.8248441e-001
  7.6130173e-001
  7.2137443e-001
  6.6240967e-001
  5.8485188e-001
  4.8990726e-001
  3.7949397e-001
  2.5612345e-001
  1.2272935e-001
 -1.7531541e-002
 -1.6147815e-001
 -3.0607575e-001
 -4.4855644e-001
 -5.8647601e-001
 -7.1770592e-001
 -8.4037001e-001
 -9.5274600e-001
 -1.0531579e+000
 -1.1398868e+000
 -1.2111255e+000
 -1.2649914e+000
 -1.2996062e+000
 -1.3132331e+000
 -1.3044559e+000
 -1.2723717e+000
 -1.2167695e+000
 -1.1382631e+000
 -1.0383568e+000
 -9.1942943e-001
 -7.8463651e-001
 -6.3774076e-001
 -4.8289237e-001
 -3.2438702e-001
 -1.6643119e-001
 -1.2941380e-002
  1.3260339e-001
  2.6724667e-001
  3.8857936e-001
  4.9471587e-001
  5.8424096e-001
  6.5614891e-001
  7.0979548e-001
  7.4487693e-001
  7.6144195e-001
  7.5993227e-001
  7.4123884e-001
  7.0675426e-001
  6.5839995e-001
  5.9860883e-001
  5.3025134e-001
  4.5650210e-001
  3.8065602e-001
  3.0591262e-001
  2.3515515e-001
  1.7075396e-001
  1.1442148e-001
  6.7139268e-002
  2.9166407e-002
  1.2564616e-004
 -2.0848955e-002
 -3.4929239e-002
 -4.3406866e-002
 -4.7535637e-002
 -4.8428000e-002
 -4.7020701e-002
 -4.4110743e-002
 -4.0448480e-002
 -3.6862394e-002
 -3.4382350e-002
 -3.4326357e-002
 -3.8320798e-002
 -4.8235014e-002
 -6.6026409e-002
 -9.3509229e-002
 -1.3207598e-001
 -1.8241219e-001
 -2.4425054e-001
 -3.1620835e-001
 -3.9574252e-001
 -4.7924019e-001
 -5.6224382e-001
 -6.3978876e-001
 -7.0681410e-001
 -7.5859537e-001
 -7.9114371e-001
 -8.0152025e-001
 -7.8802705e-001
 -7.5025423e-001
 -6.8898465e-001
 -6.0597883e-001
 -5.0368018e-001
 -3.8489169e-001
 -2.5247766e-001
 -1.0913785e-001
  4.2712264e-002
  2.0094107e-001
  3.6358714e-001
  5.2865954e-001
  6.9389447e-001
  8.5651894e-001
  1.0130718e+000
  1.1593238e+000
  1.2903234e+000
  1.4005743e+000
  1.4843320e+000
  1.5359848e+000
  1.5504775e+000
  1.5237220e+000
  1.4529498e+000
  1.3369636e+000
  1.1762635e+000
  9.7304135e-001
  7.3105217e-001
  4.5538865e-001
  1.5219272e-001
 -1.7165777e-001
 -5.0885259e-001
 -8.5191669e-001
 -1.1934277e+000
 -1.5261812e+000
 -1.8433146e+000
 -2.1384050e+000
 -2.4055616e+000
 -2.6395302e+000
 -2.8358170e+000
 -2.9908344e+000
 -3.1020557e+000
 -3.1681592e+000
 -3.1891377e+000
 -3.1663467e+000
 -3.1024712e+000
 -3.0014004e+000
 -2.8680123e+000
 -2.7078809e+000
 -2.5269365e+000
 -2.3311100e+000
 -2.1260014e+000
 -1.9166063e+000
 -1.7071273e+000
 -1.5008828e+000
 -1.3003143e+000
 -1.1070779e+000
 -9.2219280e-001
 -7.4621777e-001
 -5.7942101e-001
 -4.2191686e-001
 -2.7375078e-001
 -1.3492646e-001
 -5.3815031e-003
  1.1507136e-001
  2.2681371e-001
  3.3047605e-001
  4.2695590e-001
  5.1738565e-001
  6.0304775e-001
  6.8524675e-001
  7.6515764e-001
  8.4367690e-001
  9.2130395e-001
  9.9807650e-001
  1.0735746e+000
  1.1469958e+000
  1.2172896e+000
  1.2833283e+000
  1.3440830e+000
  1.3987685e+000
  1.4469280e+000
  1.4884351e+000
  1.5234051e+000
  1.5520270e+000
  1.5743402e+000
  1.5899938e+000
  1.5980362e+000
  1.5967781e+000
  1.5837681e+000
  1.5559038e+000
  1.5096820e+000
  1.4415721e+000
  1.3484736e+000
  1.2282071e+000
  1.0799768e+000
  9.0474295e-001
  7.0545162e-001
  4.8708463e-001
  2.5651362e-001
  2.2166137e-002
 -2.0646583e-001
 -4.1942570e-001
 -6.0693941e-001
 -7.6004438e-001
 -8.7113914e-001
 -9.3440425e-001
 -9.4606211e-001
 -9.0446348e-001
 -8.1000880e-001
 -6.6493003e-001
 -4.7297172e-001
 -2.3901674e-001
  3.1297246e-002
  3.3192988e-001
  6.5672819e-001
  9.9963634e-001
  1.3548202e+000
  1.7167137e+000
  2.0800033e+000
  2.4395726e+000
  2.7904312e+000
  3.1276495e+000
  3.4463189e+000
  3.7415473e+000
  4.0084976e+000
  4.2424671e+000
  4.4390038e+000
  4.5940484e+000
  4.7040937e+000
  4.7663453e+000
  4.7788761e+000
  4.7407591e+000
  4.6521704e+000
  4.5144523e+000
  4.3301284e+000
  4.1028664e+000
  3.8373837e+000
  3.5392979e+000
  3.2149256e+000
  2.8710400e+000
  2.5146002e+000
  2.1524700e+000
  1.7911467e+000
  1.4365195e+000
  1.0936777e+000
  7.6678085e-001
  4.5900093e-001
  1.7253490e-001
 -9.1319063e-002
 -3.3203708e-001
 -5.4971727e-001
 -7.4492214e-001
 -9.1853782e-001
 -1.0716678e+000
 -1.2055718e+000
 -1.3216533e+000
 -1.4214865e+000
 -1.5068713e+000
 -1.5798933e+000
 -1.6429666e+000
 -1.6988390e+000
 -1.7505417e+000
 -1.8012765e+000
 -1.8542407e+000
 -1.9124030e+000
 -1.9782490e+000
 -2.0535266e+000
 -2.1390181e+000
 -2.2343710e+000
 -2.3380092e+000
 -2.4471422e+000
 -2.5578757e+000
 -2.6654199e+000
 -2.7643774e+000
 -2.8490875e+000
 -2.9139980e+000
 -2.9540323e+000
 -2.9649231e+000
 -2.9434895e+000
 -2.8878400e+000
 -2.7974915e+000
 -2.6734059e+000
 -2.5179490e+000
 -2.3347830e+000
 -2.1287089e+000
 -1.9054728e+000
 -1.6715500e+000
 -1.4339213e+000
 -1.1998468e+000
 -9.7664624e-001
 -7.7148641e-001
 -5.9117812e-001
 -4.4198328e-001
 -3.2943264e-001
 -2.5815639e-001
 -2.3173095e-001
 -2.5254677e-001
 -3.2170299e-001
 -4.3893552e-001
 -6.0258455e-001
 -8.0960663e-001
 -1.0556346e+000
 -1.3350861e+000
 -1.6413193e+000
 -1.9668305e+000
 -2.3034865e+000
 -2.6427823e+000
 -2.9761111e+000
 -3.2950350e+000
 -3.5915421e+000
 -3.8582780e+000
 -4.0887404e+000
 -4.2774282e+000
 -4.4199416e+000
 -4.5130308e+000
 -4.5545980e+000
 -4.5436602e+000
 -4.4802821e+000
 -4.3654933e+000
 -4.2012011e+000
 -3.9901105e+000
 -3.7356592e+000
 -3.4419698e+000
 -3.1138181e+000
 -2.7566099e+000
 -2.3763529e+000
 -1.9796112e+000
 -1.5734278e+000
 -1.1652018e+000
 -7.6251547e-001
 -3.7291010e-001
 -3.6204426e-003
  3.3871717e-001
  6.4835934e-001
  9.2072639e-001
  1.1526224e+000
  1.3423807e+000
  1.4899182e+000
  1.5966904e+000
  1.6655529e+000
  1.7005409e+000
  1.7065926e+000
  1.6892442e+000
  1.6543283e+000
  1.6077028e+000
  1.5550315e+000
  1.5016293e+000
  1.4523692e+000
  1.4116430e+000
  1.3833561e+000
  1.3709318e+000
  1.3773026e+000
  1.4048691e+000
  1.4554160e+000
  1.5299866e+000
  1.6287278e+000
  1.7507300e+000
  1.8938904e+000
  2.0548331e+000
  2.2289139e+000
  2.4103307e+000
  2.5923449e+000
  2.7676086e+000
  2.9285713e+000
  3.0679345e+000
  3.1791068e+000
  3.2566167e+000
  3.2964413e+000
  3.2962190e+000
  3.2553306e+000
  3.1748498e+000
  3.0573789e+000
  2.9068015e+000
  2.7279908e+000
  2.5265144e+000
  2.3083739e+000
  2.0798039e+000
  1.8471455e+000
  1.6167876e+000
  1.3951603e+000
  1.1887479e+000
  1.0040869e+000
  8.4771357e-001
  7.2603238e-001
  6.4509175e-001
  6.1026775e-001
  6.2587575e-001
  6.9474505e-001
  8.1780340e-001
  9.9372352e-001
  1.2186819e+000
  1.4862710e+000
  1.7875919e+000
  2.1115339e+000
  2.4452295e+000
  2.7746525e+000
  3.0853141e+000
  3.3630003e+000
  3.5944931e+000
  3.7682217e+000
  3.8748001e+000
  3.9074194e+000
  3.8620833e+000
  3.7376851e+000
  3.5359431e+000
  3.2612167e+000
  2.9202332e+000
  2.5217526e+000
  2.0761985e+000
  1.5952719e+000
  1.0915624e+000
  5.7816163e-001
  6.8281486e-002
 -4.2512511e-001
 -8.8973985e-001
 -1.3142487e+000
 -1.6886980e+000
 -2.0048233e+000
 -2.2563359e+000
 -2.4391451e+000
 -2.5514993e+000
 -2.5940278e+000
 -2.5696758e+000
 -2.4835281e+000
 -2.3425308e+000
 -2.1551269e+000
 -1.9308290e+000
 -1.6797601e+000
 -1.4121946e+000
 -1.1381286e+000
 -8.6690903e-001
 -6.0694083e-001
 -3.6548366e-001
 -1.4854151e-001
  3.9161548e-002
  1.9413308e-001
  3.1401106e-001
  3.9743194e-001
  4.4389067e-001
  4.5361281e-001
  4.2745432e-001
  3.6683839e-001
  2.7373171e-001
  1.5065543e-001
  7.1982793e-004
 -1.7233290e-001
 -3.6409634e-001
 -5.6949668e-001
 -7.8283526e-001
 -9.9788894e-001
 -1.2080740e+000
 -1.4066715e+000
 -1.5871041e+000
 -1.7432472e+000
 -1.8697509e+000
 -1.9623458e+000
 -2.0181052e+000
 -2.0356390e+000
 -2.0152006e+000
 -1.9586940e+000
 -1.8695816e+000
 -1.7527000e+000
 -1.6140027e+000
 -1.4602521e+000
 -1.2986915e+000
 -1.1367235e+000
 -9.8161885e-001
 -8.4027394e-001
 -7.1902427e-001
 -6.2351156e-001
 -5.5859411e-001
 -5.2828260e-001
 -5.3568096e-001
 -5.8291334e-001
 -6.7102347e-001
 -7.9984209e-001
 -9.6782877e-001
 -1.1719059e+000
 -1.4073120e+000
 -1.6675078e+000
 -1.9441688e+000
 -2.2272943e+000
 -2.5054524e+000
 -2.7661668e+000
 -2.9964346e+000
 -3.1833470e+000
 -3.3147715e+000
 -3.3800425e+000
 -3.3706049e+000
 -3.2805562e+000
 -3.1070423e+000
 -2.8504780e+000
 -2.5145774e+000
 -2.1062019e+000
 -1.6350475e+000
 -1.1132063e+000
 -5.5464664e-001
  2.5346729e-002
  6.1073123e-001
  1.1852359e+000
  1.7328441e+000
  2.2382237e+000
  2.6871132e+000
  3.0666730e+000
  3.3658187e+000
  3.5755455e+000
  3.6892473e+000
  3.7030211e+000
  3.6159382e+000
  3.4302523e+000
  3.1515102e+000
  2.7885296e+000
  2.3532166e+000
  1.8602050e+000
  1.3263188e+000
  7.6987612e-001
  2.0987238e-001
 -3.3490445e-001
 -8.4676354e-001
 -1.3099395e+000
 -1.7112980e+000
 -2.0408675e+000
 -2.2921653e+000
 -2.4623025e+000
 -2.5518774e+000
 -2.5646809e+000
 -2.5072555e+000
 -2.3883541e+000
 -2.2183492e+000
 -2.0086374e+000
 -1.7710746e+000
 -1.5174677e+000
 -1.2591347e+000
 -1.0065347e+000
 -7.6896359e-001
 -5.5430466e-001
 -3.6882807e-001
 -2.1703339e-001
 -1.0153768e-001
 -2.3016549e-002
  1.9789608e-002
  2.9990758e-002
  1.2372484e-002
 -2.6873524e-002
 -8.0509382e-002
 -1.4068586e-001
 -1.9942574e-001
 -2.4912024e-001
 -2.8299783e-001
 -2.9552443e-001
 -2.8269866e-001
 -2.4221598e-001
 -1.7348886e-001
 -7.7525906e-002
  4.3311730e-002
  1.8564502e-001
  3.4546181e-001
  5.1850655e-001
  7.0063147e-001
  8.8807234e-001
  1.0776234e+000
  1.2666990e+000
  1.4532853e+000
  1.6357970e+000
  1.8128662e+000
  1.9830964e+000
  2.1448176e+000
  2.2958752e+000
  2.4334822e+000
  2.5541535e+000
  2.6537333e+000
  2.7275164e+000
  2.7704546e+000
  2.7774352e+000
  2.7436089e+000
  2.6647461e+000
  2.5375957e+000
  2.3602240e+000
  2.1323086e+000
  1.8553691e+000
  1.5329147e+000
  1.1704958e+000
  7.7564767e-001
  3.5772267e-001
 -7.2388925e-002
 -5.0264154e-001
 -9.2030465e-001
 -1.3124980e+000
 -1.6667621e+000
 -1.9716299e+000
 -2.2171621e+000
 -2.3954112e+000
 -2.5007809e+000
 -2.5302582e+000
 -2.4835031e+000
 -2.3627934e+000
 -2.1728353e+000
 -1.9204587e+000
 -1.6142279e+000
 -1.2640012e+000
 -8.8047364e-001
 -4.7473602e-001
 -5.7875309e-002
  3.5936686e-001
  7.6687029e-001
  1.1553489e+000
  1.5165095e+000
  1.8431691e+000
  2.1293471e+000
  2.3703418e+000
  2.5628000e+000
  2.7047785e+000
  2.7957919e+000
  2.8368334e+000
  2.8303546e+000
  2.7801882e+000
  2.6914032e+000
  2.5700870e+000
  2.4230592e+000
  2.2575299e+000
  2.0807262e+000
  1.8995136e+000
  1.7200457e+000
  1.5474724e+000
  1.3857315e+000
  1.2374412e+000
  1.1038994e+000
  9.8518268e-001
  8.8032889e-001
  7.8757717e-001
  7.0463494e-001
  6.2894055e-001
  5.5789386e-001
  4.8903431e-001
  4.2015583e-001
  3.4935836e-001
  2.7504589e-001
  1.9588847e-001
  1.1076998e-001
  1.8743869e-002
 -8.0984607e-002
 -1.8903780e-001
 -3.0580377e-001
 -4.3133962e-001
 -5.6525492e-001
 -7.0659617e-001
 -8.5375582e-001
 -1.0044279e+000
 -1.1556275e+000
 -1.3037824e+000
 -1.4448962e+000
 -1.5747709e+000
 -1.6892693e+000
 -1.7845880e+000
 -1.8575142e+000
 -1.9056357e+000
 -1.9274810e+000
 -1.9225772e+000
 -1.8914195e+000
 -1.8353600e+000
 -1.7564345e+000
 -1.6571505e+000
 -1.5402652e+000
 -1.4085838e+000
 -1.2648001e+000
 -1.1113986e+000
 -9.5062437e-001
 -7.8451805e-001
 -6.1500281e-001
 -4.4400323e-001
 -2.7357128e-001
 -1.0599397e-001
  5.6139340e-002
  2.0992575e-001
  3.5220053e-001
  4.7964921e-001
  5.8896818e-001
  6.7705472e-001
  7.4120306e-001
  7.7928203e-001
  7.8987255e-001
  7.7234891e-001
  7.2689574e-001
  6.5446133e-001
  5.5665656e-001
  4.3561564e-001
  2.9383927e-001
  1.3404186e-001
 -4.0977286e-002
 -2.2842411e-001
 -4.2555319e-001
 -6.2966430e-001
 -8.3805975e-001
 -1.0479760e+000
 -1.2565075e+000
 -1.4605411e+000
 -1.6567185e+000
 -1.8414386e+000
 -2.0109081e+000
 -2.1612377e+000
 -2.2885788e+000
 -2.3892879e+000
 -2.4601020e+000
 -2.4983092e+000
 -2.5018982e+000
 -2.4696741e+000
 -2.4013340e+000
 -2.2974981e+000
 -2.1597008e+000
 -1.9903469e+000
 -1.7926405e+000
 -1.5704973e+000
 -1.3284450e+000
 -1.0715175e+000
 -8.0514466e-001
 -5.3503373e-001
 -2.6704094e-001
 -7.0271935e-003
  2.3930472e-001
  4.6659174e-001
  6.7000714e-001
  8.4546357e-001
  9.8980912e-001
  1.1010001e+000
  1.1782323e+000
  1.2220133e+000
  1.2341624e+000
  1.2177294e+000
  1.1768312e+000
  1.1164133e+000
  1.0419518e+000
  9.5911633e-001
  8.7342101e-001
  7.8989080e-001
  7.1277054e-001
  6.4529911e-001
  5.8956541e-001
  5.4645487e-001
  5.1568655e-001
  4.9593317e-001
  4.8500923e-001
  4.8010787e-001
  4.7806441e-001
  4.7562417e-001
  4.6969458e-001
  4.5756460e-001
  4.3707967e-001
  4.0676495e-001
  3.6589483e-001
  3.1451036e-001
  2.5338971e-001
  1.8397854e-001
  1.0828842e-001
  2.8771412e-002
 -5.1820971e-002
 -1.3058704e-001
 -2.0462534e-001
 -2.7117958e-001
 -3.2777186e-001
 -3.7231805e-001
 -4.0321983e-001
 -4.1942836e-001
 -4.2047559e-001
 -4.0647114e-001
 -3.7806405e-001
 -3.3637172e-001
 -2.8288029e-001
 -2.1932344e-001
 -1.4754834e-001
 -6.9379057e-002
  1.3511989e-002
  9.9713849e-002
  1.8815913e-001
  2.7817100e-001
  3.6947071e-001
  4.6214389e-001
  5.5656776e-001
  6.5330383e-001
  7.5296420e-001
  8.5606149e-001
  9.6285440e-001
  1.0732017e+000
  1.1864378e+000
  1.3012809e+000
  1.4157859e+000
  1.5273464e+000
  1.6327527e+000
  1.7283026e+000
  1.8099633e+000
  1.8735716e+000
  1.9150632e+000
  1.9307123e+000
  1.9173656e+000
  1.8726519e+000
  1.7951520e+000
  1.6845154e+000
  1.5415153e+000
  1.3680399e+000
  1.1670208e+000
  9.4230910e-001
  6.9851000e-001
  4.4079204e-001
  1.7468720e-001
 -9.4103064e-002
 -3.5988343e-001
 -6.1711407e-001
 -8.6053048e-001
 -1.0852358e+000
 -1.2867713e+000
 -1.4611730e+000
 -1.6050247e+000
 -1.7155134e+000
 -1.7904933e+000
 -1.8285585e+000
 -1.8291193e+000
 -1.7924757e+000
 -1.7198737e+000
 -1.6135334e+000
 -1.4766359e+000
 -1.3132599e+000
 -1.1282632e+000
 -9.2711066e-001
 -7.1565790e-001
 -4.9990213e-001
 -2.8572012e-001
 -7.8612589e-002
  1.1652468e-001
  2.9558568e-001
  4.5538215e-001
  5.9370815e-001
  7.0934088e-001
  8.0198412e-001
  8.7216487e-001
  9.2109767e-001
  9.5053164e-001
  9.6259449e-001
  9.5964523e-001
  9.4414342e-001
  9.1853894e-001
  8.8518246e-001
  8.4625421e-001
  8.0370711e-001
  7.5922040e-001
  7.1416109e-001
  6.6955238e-001
  6.2605061e-001
  5.8393386e-001
  5.4310641e-001
  5.0312304e-001
  4.6323573e-001
  4.2246293e-001
  3.7967840e-001
  3.3371384e-001
  2.8346660e-001
  2.2800255e-001
  1.6664405e-001
  9.9034068e-002
  2.5170540e-002
 -5.4591653e-002
 -1.3956957e-001
 -2.2880672e-001
 -3.2114520e-001
 -4.1530549e-001
 -5.0996424e-001
 -6.0382110e-001
 -6.9564848e-001
 -7.8432104e-001
 -8.6882502e-001
 -9.4825044e-001
 -1.0217712e+000
 -1.0886195e+000
 -1.1480594e+000
 -1.1993657e+000
 -1.2418099e+000
 -1.2746545e+000
 -1.2971548e+000
 -1.3085670e+000
 -1.3081584e+000
 -1.2952206e+000
 -1.2690826e+000
 -1.2291271e+000
 -1.1748095e+000
 -1.1056852e+000
 -1.0214465e+000
 -9.2197096e-001
 -8.0738223e-001
 -6.7811957e-001
 -5.3501104e-001
 -3.7934231e-001
 -2.1291172e-001
 -3.8061517e-002
  1.4232324e-001
  3.2485432e-001
  5.0572081e-001
  6.8080849e-001
  8.4585160e-001
  9.9660667e-001
  1.1290356e+000
  1.2394842e+000
  1.3248421e+000
  1.3826749e+000
  1.4113183e+000
  1.4099332e+000
  1.3785214e+000
  1.3179052e+000
  1.2296790e+000
  1.1161390e+000
  9.8019865e-001
  8.2529578e-001
  6.5529452e-001
  4.7438362e-001
  2.8697077e-001
  9.7571545e-002
 -8.9308373e-002
 -2.6929764e-001
 -4.3828828e-001
 -5.9256489e-001
 -7.2892708e-001
 -8.4479682e-001
 -9.3830162e-001
 -1.0083257e+000
 -1.0545232e+000
 -1.0772913e+000
 -1.0777050e+000
 -1.0574186e+000
 -1.0185444e+000
 -9.6351900e-001
 -8.9496897e-001
 -8.1558837e-001
 -7.2803530e-001
 -6.3485305e-001
 -5.3841695e-001
 -4.4090377e-001
 -3.4427824e-001
 -2.5028914e-001
 -1.6046763e-001
 -7.6121933e-002
  1.6750377e-003
  7.2105150e-002
  1.3462846e-001
  1.8900489e-001
  2.3530724e-001
  2.7391844e-001
  3.0550813e-001
  3.3098597e-001
  3.5143305e-001
  3.6801661e-001
  3.8189585e-001
  3.9412940e-001
  4.0559464e-001
  4.1692829e-001
  4.2849493e-001
  4.4038600e-001
  4.5244792e-001
  4.6433387e-001
  4.7557076e-001
  4.8563115e-001
  4.9400003e-001
  5.0022771e-001
  5.0396319e-001
  5.0496574e-001
  5.0309614e-001
  4.9829254e-001
  4.9053762e-001
  4.7982479e-001
  4.6613055e-001
  4.4939824e-001
  4.2953560e-001
  4.0642605e-001
  3.7995052e-001
  3.5001513e-001
  3.1657924e-001
  2.7967873e-001
  2.3944104e-001
  1.9609052e-001
  1.4994506e-001
  1.0140688e-001
  5.0951918e-002
 -8.7809350e-004
 -5.3477187e-002
 -1.0616891e-001
 -1.5819313e-001
 -2.0868931e-001
 -2.5668172e-001
 -3.0107296e-001
 -3.4065232e-001
 -3.7412347e-001
 -4.0015390e-001
 -4.1744455e-001
 -4.2481493e-001
 -4.2129584e-001
 -4.0621967e-001
 -3.7929775e-001
 -3.4067524e-001
 -2.9095667e-001
 -2.3119866e-001
 -1.6287068e-001
 -8.7788835e-002
 -8.0306972e-003
  7.4158864e-002
  1.5646049e-001
  2.3656299e-001
  3.1222982e-001
  3.8134673e-001
  4.4195226e-001
  4.9225540e-001
  5.3064762e-001
  5.5571662e-001
  5.6626849e-001
  5.6136247e-001
  5.4035900e-001
  5.0297800e-001
  4.4936049e-001
  3.8012450e-001
  2.9640492e-001
  1.9986747e-001
  9.2689729e-002
 -2.2494461e-002
 -1.4268617e-001
 -2.6464265e-001
 -3.8501915e-001
 -5.0051928e-001
 -6.0804068e-001
 -7.0480398e-001
 -7.8845506e-001
 -8.5713474e-001
 -9.0951396e-001
 -9.4479685e-001
 -9.6269743e-001
 -9.6339762e-001
 -9.4749538e-001
 -9.1595018e-001
 -8.7003172e-001
 -8.1127427e-001
 -7.4143662e-001
 -6.6246478e-001
 -5.7645307e-001
 -4.8559905e-001
 -3.9214850e-001
 -2.9832900e-001
 -2.0627305e-001
 -1.1793503e-001
 -3.5008549e-002
  4.1147758e-002
  1.0956719e-001
  1.6970743e-001
  2.2145314e-001
  2.6508690e-001
  3.0123017e-001
  3.3075965e-001
  3.5470727e-001
  3.7415385e-001
  3.9012687e-001
  4.0351191e-001
  4.1498519e-001
  4.2497158e-001
  4.3362946e-001
  4.4086026e-001
  4.4633843e-001
  4.4955570e-001
  4.4987309e-001
  4.4657474e-001
  4.3891865e-001
  4.2618164e-001
  4.0769732e-001
  3.8288781e-001
  3.5129090e-001
  3.1258464e-001
  2.6661123e-001
  2.1340104e-001
  1.5319631e-001
  8.6472956e-002
  1.3957671e-002
 -6.3362928e-002
 -1.4424441e-001
 -2.2720053e-001
 -3.1053466e-001
 -3.9238647e-001
 -4.7079249e-001
 -5.4375716e-001
 -6.0933046e-001
 -6.6568695e-001
 -7.1120157e-001
 -7.4451718e-001
 -7.6460027e-001
 -7.7078165e-001
 -7.6278031e-001
 -7.4070942e-001
 -7.0506472e-001
 -6.5669566e-001
 -5.9676116e-001
 -5.2667173e-001
 -4.4802083e-001
 -3.6250886e-001
 -2.7186375e-001
 -1.7776302e-001
 -8.1762304e-002
  1.4764254e-002
  1.1066696e-001
  2.0504284e-001
  2.9723487e-001
  3.8680777e-001
  4.7350228e-001
  5.5717259e-001
  6.3771322e-001
  7.1498370e-001
  7.8873983e-001
  8.5857998e-001
  9.2391334e-001
  9.8395487e-001
  1.0377481e+000
  1.0842141e+000
  1.1222213e+000
  1.1506677e+000
  1.1685675e+000
  1.1751303e+000
  1.1698248e+000
  1.1524206e+000
  1.1230032e+000
  1.0819611e+000
  1.0299500e+000
  9.6783785e-001
  8.9663871e-001
  8.1744560e-001
  7.3136873e-001
  6.3948695e-001
  5.4281650e-001
  4.4229856e-001
  3.3880450e-001
  2.3315491e-001
  1.2614716e-001
  1.8585209e-002
 -8.8694089e-002
 -1.9480299e-001
 -2.9879597e-001
 -3.9967481e-001
 -4.9640425e-001
 -5.8793521e-001
 -6.7323169e-001
 -7.5129685e-001
 -8.2119466e-001
 -8.8206442e-001
 -9.3312708e-001
 -9.7368400e-001
 -1.0031103e+000
 -1.0208464e+000
 -1.0263902e+000
 -1.0192962e+000
 -9.9918098e-001
 -9.6574007e-001
 -9.1877350e-001
 -8.5822065e-001
 -7.8420044e-001
 -6.9705341e-001
 -5.9738128e-001
 -4.8607963e-001
 -3.6435973e-001
 -2.3375678e-001
 -9.6122349e-002
  4.6399186e-002
  1.9140995e-001
  3.3631176e-001
  4.7837096e-001
  6.1479173e-001
  7.4279486e-001
  8.5969857e-001
  9.6299822e-001
  1.0504419e+000
  1.1200997e+000
  1.1704230e+000
  1.2002938e+000
  1.2090607e+000
  1.1965609e+000
  1.1631274e+000
  1.1095816e+000
  1.0372100e+000
  9.4772760e-001
  8.4322746e-001
  7.2611900e-001
  5.9905705e-001
  4.6486361e-001
  3.2644521e-001
  1.8670839e-001
  4.8475976e-002
 -8.5593061e-002
 -2.1307774e-001
 -3.3186068e-001
 -4.4018298e-001
 -5.3668635e-001
 -6.2044085e-001
 -6.9095693e-001
 -7.4818096e-001
 -7.9247423e-001
 -8.2457588e-001
 -8.4555111e-001
 -8.5672684e-001
 -8.5961756e-001
 -8.5584477e-001
 -8.4705399e-001
 -8.3483317e-001
 -8.2063657e-001
 -8.0571778e-001
 -7.9107500e-001
 -7.7741095e-001
 -7.6510911e-001
 -7.5422699e-001
 -7.4450620e-001
 -7.3539849e-001
 -7.2610575e-001
 -7.1563193e-001
 -7.0284368e-001
 -6.8653670e-001
 -6.6550429e-001
 -6.3860463e-001
 -6.0482361e-001
 -5.6333008e-001
 -5.1352140e-001
 -4.5505738e-001
 -3.8788185e-001
 -3.1223197e-001
 -2.2863610e-001
 -1.3790204e-001
 -4.1097697e-002
  6.0473321e-002
  1.6529893e-001
  2.7168682e-001
  3.7779266e-001
  4.8164830e-001
  5.8119068e-001
  6.7429329e-001
  7.5880226e-001
  8.3257935e-001
  8.9355342e-001
  9.3978120e-001
  9.6951646e-001
  9.8128514e-001
  9.7396256e-001
  9.4684700e-001
  8.9972363e-001
  8.3291235e-001
  7.4729389e-001
  6.4431009e-001
  5.2593626e-001
  3.9462619e-001
  2.5323286e-001
  1.0491014e-001
 -4.6997475e-002
 -1.9906939e-001
 -3.4791983e-001
 -4.9029877e-001
 -6.2317780e-001
 -7.4381857e-001
 -8.4982338e-001
 -9.3916993e-001
 -1.0102336e+000
 -1.0618011e+000
 -1.0930799e+000
 -1.1037056e+000
 -1.0937491e+000
 -1.0637230e+000
 -1.0145845e+000
 -9.4773185e-001
 -8.6498875e-001
 -7.6857418e-001
 -6.6105363e-001
 -5.4527088e-001
 -4.2426155e-001
 -3.0115188e-001
 -1.7904815e-001
 -6.0924038e-002
  5.0486814e-002
  1.5278552e-001
  2.4398413e-001
  3.2255922e-001
  3.8748111e-001
  4.3821937e-001
  4.7472727e-001
  4.9740910e-001
  5.0707512e-001
  5.0488858e-001
  4.9230854e-001
  4.7103089e-001
  4.4292874e-001
  4.0999204e-001
  3.7426571e-001
  3.3778512e-001
  3.0250884e-001
  2.7024887e-001
  2.4260064e-001
  2.2087587e-001
  2.0604287e-001
  1.9867911e-001
  1.9894097e-001
  2.0655448e-001
  2.2082934e-001
  2.4069632e-001
  2.6476622e-001
  2.9140604e-001
  3.1882700e-001
  3.4517772e-001
  3.6863610e-001
  3.8749397e-001
  4.0023020e-001
  4.0556935e-001
  4.0252502e-001
  3.9042834e-001
  3.6894347e-001
  3.3807217e-001
  2.9814953e-001
  2.4983246e-001
  1.9408149e-001
  1.3213579e-001
  6.5480492e-002
 -4.1945244e-003
 -7.5045157e-002
 -1.4513250e-001
 -2.1248969e-001
 -2.7519320e-001
 -3.3143451e-001
 -3.7958704e-001
 -4.1826344e-001
 -4.4635872e-001
 -4.6307611e-001
 -4.6793460e-001
 -4.6075915e-001
 -4.4165687e-001
 -4.1098398e-001
 -3.6930950e-001
 -3.1738139e-001
 -2.5610025e-001
 -1.8650352e-001
 -1.0976117e-001
 -2.7180923e-002
  5.9780841e-002
  1.4950833e-001
  2.4022211e-001
  3.2998757e-001
  4.1674078e-001
  4.9833426e-001
  5.7260248e-001
  6.3744385e-001
  6.9091363e-001
  7.3132027e-001
  7.5731680e-001
  7.6797905e-001
  7.6286396e-001
  7.4204282e-001
  7.0610739e-001
  6.5614887e-001
  5.9371275e-001
  5.2073363e-001
  4.3945600e-001
  3.5234652e-001
  2.6200342e-001
  1.7106729e-001
  8.2136658e-002
 -2.3098762e-003
 -7.9983976e-002
 -1.4885006e-001
 -2.0717996e-001
 -2.5359940e-001
 -2.8712566e-001
 -3.0719521e-001
 -3.1367961e-001
 -3.0688806e-001
 -2.8755512e-001
 -2.5681273e-001
 -2.1614679e-001
 -1.6733968e-001
 -1.1240101e-001
 -5.3490162e-002
  7.1654645e-003
  6.7352356e-002
  1.2494907e-001
  1.7799746e-001
  2.2476451e-001
  2.6379336e-001
  2.9394276e-001
  3.1441495e-001
  3.2477202e-001
  3.2494118e-001
  3.1520886e-001
  2.9620376e-001
  2.6886857e-001
  2.3442055e-001
  1.9430132e-001
  1.5011718e-001
  1.0357212e-001
  5.6396606e-002
  1.0276196e-002
 -3.3215662e-002
 -7.2676179e-002
 -1.0691939e-001
 -1.3500729e-001
 -1.5626493e-001
 -1.7028026e-001
 -1.7689099e-001
 -1.7616252e-001
 -1.6836115e-001
 -1.5392727e-001
 -1.3345209e-001
 -1.0766035e-001
 -7.7399524e-002
 -4.3634112e-002
 -7.4422389e-003
  2.9989542e-002
  6.7377361e-002
  1.0336069e-001
  1.3653477e-001
  1.6549512e-001
  1.8889226e-001
  2.0549277e-001
  2.1424157e-001
  2.1431919e-001
  2.0518860e-001
  1.8662691e-001
  1.5873953e-001
  1.2195624e-001
  7.7011218e-002
  2.4910816e-002
 -3.3106202e-002
 -9.5610901e-002
 -1.6102482e-001
 -2.2765651e-001
 -2.9373361e-001
 -3.5743217e-001
 -4.1690676e-001
 -4.7032581e-001
 -5.1591628e-001
 -5.5202098e-001
 -5.7716892e-001
 -5.9015679e-001
 -5.9013622e-001
 -5.7669891e-001
 -5.4994995e-001
 -5.1055911e-001
 -4.5978095e-001
 -3.9943702e-001
 -3.3185716e-001
 -2.5978102e-001
 -1.8622577e-001
 -1.1432958e-001
 -4.7183304e-002
  1.2335703e-002
  6.1714294e-002
  9.8927196e-002
  1.2252544e-001
  1.3168538e-001
  1.2621819e-001
  1.0654386e-001
  7.3636151e-002
  2.8946953e-002
 -2.5681376e-002
 -8.8108086e-002
 -1.5598471e-001
 -2.2684092e-001
 -2.9816423e-001
 -3.6747436e-001
 -4.3239358e-001
 -4.9071480e-001
 -5.4046812e-001
 -5.7998521e-001
 -6.0795912e-001
 -6.2349558e-001
 -6.2615112e-001
 -6.1595296e-001
 -5.9339682e-001
 -5.5942033e-001
 -5.1535252e-001
 -4.6284212e-001
 -4.0377027e-001
 -3.4015492e-001
 -2.7405484e-001
 -2.0748147e-001
 -1.4232460e-001
 -8.0296508e-002
 -2.2895577e-002
  2.8611709e-002
  7.3194315e-002
  1.1005095e-001
  1.3860084e-001
  1.5847606e-001
  1.6951886e-001
  1.7178511e-001
  1.6555278e-001
  1.5133192e-001
  1.2987145e-001
  1.0215743e-001
  6.9398381e-002
  3.2994451e-002
 -5.5098614e-003
 -4.4487620e-002
 -8.2301383e-002
 -1.1737892e-001
 -1.4828552e-001
 -1.7378614e-001
 -1.9289180e-001
 -2.0488704e-001
 -2.0933798e-001
 -2.0608286e-001
 -1.9520973e-001
 -1.7702662e-001
 -1.5203042e-001
 -1.2087937e-001
 -8.4372484e-002
 -4.3436936e-002
  8.7838804e-004
  4.7406780e-002
  9.4870286e-002
  1.4189445e-001
  1.8703588e-001
  2.2882552e-001
  2.6582766e-001
  2.9671214e-001
  3.2033409e-001
  3.3581386e-001
  3.4260843e-001
  3.4056610e-001
  3.2995752e-001
  3.1147876e-001
  2.8622503e-001
  2.5563725e-001
  2.2142627e-001
  1.8548201e-001
  1.4977577e-001
  1.1626385e-001
  8.6799634e-002
  6.3059032e-002
  4.6481982e-002
  3.8230060e-002
  3.9158335e-002
  4.9798293e-002
  7.0348266e-002
  1.0066837e-001
  1.4027827e-001
  1.8835768e-001
  2.4375140e-001
  3.0498196e-001
  3.7027364e-001
  4.3759144e-001
  5.0469758e-001
  5.6922608e-001
  6.2877381e-001
  6.8100372e-001
  7.2375401e-001
  7.5514544e-001
  7.7367834e-001
  7.7831150e-001
  7.6851644e-001
  7.4430313e-001
  7.0621552e-001
  6.5529843e-001
  5.9303978e-001
  5.2129373e-001
  4.4219175e-001
  3.5804833e-001
  2.7126770e-001
  1.8425619e-001
  9.9343514e-002
  1.8714276e-002
 -5.5650206e-002
 -1.2202081e-001
 -1.7896152e-001
 -2.2536344e-001
 -2.6047220e-001
 -2.8390837e-001
 -2.9567917e-001
 -2.9617945e-001
 -2.8617949e-001
 -2.6679758e-001
 -2.3945612e-001
 -2.0582156e-001
 -1.6772982e-001
 -1.2710071e-001
 -8.5846182e-002
 -4.5778234e-002
 -8.5227071e-003
  2.4555130e-002
  5.2408158e-002
  7.4344570e-002
  9.0042742e-002
  9.9543836e-002
  1.0322382e-001
  1.0174807e-001
  9.6012766e-002
  8.7077615e-002
  7.6094775e-002
  6.4238232e-002
  5.2637442e-002
  4.2318166e-002
  3.4152698e-002
  2.8820926e-002
  2.6783070e-002
  2.8264476e-002
  3.3252487e-002
  4.1505114e-002
  5.2570910e-002
  6.5819127e-002
  8.0478779e-002
  9.5684768e-002
  1.1052867e-001
  1.2411138e-001
  1.3559426e-001
  1.4424564e-001
  1.4947912e-001
  1.5088112e-001
  1.4822531e-001
  1.4147304e-001
  1.3075957e-001
  1.1636765e-001
  9.8690703e-002
  7.8189217e-002
  5.5344407e-002
  3.0613698e-002
  4.3922985e-003
 -2.3015303e-002
 -5.1411076e-002
 -8.0704788e-002
 -1.1090072e-001
 -1.4207101e-001
 -1.7431819e-001
 -2.0773065e-001
 -2.4233555e-001
 -2.7805392e-001
 -3.1466278e-001
 -3.5176838e-001
 -3.8879378e-001
 -4.2498246e-001
 -4.5941873e-001
 -4.9106336e-001
 -5.1880231e-001
 -5.4150470e-001
 -5.5808560e-001
 -5.6756893e-001
 -5.6914574e-001
 -5.6222393e-001
 -5.4646598e-001
 -5.2181283e-001
 -4.8849303e-001
 -4.4701735e-001
 -3.9816043e-001
 -3.4293124e-001
 -2.8253501e-001
 -2.1832913e-001
 -1.5177527e-001
 -8.4390083e-002
 -1.7695799e-002
  4.6827683e-002
  1.0778835e-001
  1.6392421e-001
  2.1414105e-001
  2.5754454e-001
  2.9346536e-001
  3.2147589e-001
  3.4139693e-001
  3.5329350e-001
  3.5745919e-001
  3.5438930e-001
  3.4474430e-001
  3.2930587e-001
  3.0892883e-001
  2.8449266e-001
  2.5685688e-001
  2.2682366e-001
  1.9511077e-001
  1.6233633e-001
  1.2901567e-001
  9.5568988e-002
  6.2337089e-002
  2.9601788e-002
 -2.3930054e-003
 -3.3423191e-002
 -6.3272250e-002
 -9.1726526e-002
 -1.1857813e-001
 -1.4363413e-001
 -1.6672942e-001
 -1.8773990e-001
 -2.0659261e-001
 -2.2326979e-001
 -2.3780505e-001
 -2.5027142e-001
 -2.6076252e-001
 -2.6936975e-001
 -2.7615938e-001
 -2.8115377e-001
 -2.8432091e-001
 -2.8557491e-001
 -2.8478905e-001
 -2.8182031e-001
 -2.7654287e-001
 -2.6888590e-001
 -2.5887006e-001
 -2.4663683e-001
 -2.3246520e-001
 -2.1677194e-001
 -2.0009366e-001
 -1.8305127e-001
 -1.6630010e-001
 -1.5047104e-001
 -1.3610923e-001
 -1.2361789e-001
 -1.1321377e-001
 -1.0490007e-001
 -9.8459983e-002
 -9.3471907e-002
 -8.9344641e-002
 -8.5368643e-002
 -8.0777763e-002
 -7.4814932e-002
 -6.6795293e-002
 -5.6161040e-002
 -4.2523675e-002
 -2.5691200e-002
 -5.6797062e-003
  1.7289457e-002
  4.2804451e-002
  7.0286402e-002
  9.9018188e-002
  1.2817557e-001
  1.5685853e-001
  1.8412161e-001
  2.0900304e-001
  2.3055328e-001
  2.4786379e-001
  2.6009694e-001
  2.6651767e-001
  2.6652648e-001
  2.5969272e-001
  2.4578622e-001
  2.2480471e-001
  1.9699402e-001
  1.6285837e-001
  1.2315843e-001
  7.8895769e-002
  3.1283339e-002
 -1.8297009e-002
 -6.8347926e-002
 -1.1731782e-001
 -1.6366623e-001
 -2.0592935e-001
 -2.4278159e-001
 -2.7308974e-001
 -2.9595672e-001
 -3.1075279e-001
 -3.1713305e-001
 -3.1504108e-001
 -3.0469902e-001
 -2.8658566e-001
 -2.6140437e-001
 -2.3004314e-001
 -1.9352946e-001
 -1.5298274e-001
 -1.0956705e-001
 -6.4446544e-002
 -1.8745879e-002
  2.6482804e-002
  7.0285248e-002
  1.1182240e-001
  1.5037995e-001
  1.8537104e-001
  2.1633341e-001
  2.4292273e-001
  2.6490387e-001
  2.8214158e-001
  2.9459192e-001
  3.0229513e-001
  3.0537006e-001
  3.0400981e-001
  2.9847794e-001
  2.8910423e-001
  2.7627925e-001
  2.6044700e-001
  2.4209572e-001
  2.2174695e-001
  1.9994394e-001
  1.7724034e-001
  1.5419047e-001
  1.3134216e-001
  1.0923265e-001
  8.8387385e-002
  6.9320831e-002
  5.2537659e-002
  3.8532241e-002
  2.7784271e-002
  2.0748582e-002
  1.7837968e-002
  1.9398861e-002
  2.5680998e-002
  3.6803481e-002
  5.2720757e-002
  7.3192737e-002
  9.7763480e-002
  1.2575243e-001
  1.5626120e-001
  1.8819742e-001
  2.2031541e-001
  2.5127156e-001
  2.7969076e-001
  3.0423888e-001
  3.2369576e-001
  3.3702315e-001
  3.4342246e-001
  3.4237869e-001
  3.3368793e-001
  3.1746764e-001
  2.9415044e-001
  2.6446296e-001
  2.2939244e-001
  1.9014392e-001
  1.4809056e-001
  1.0471975e-001
  6.1576613e-002
  2.0206421e-002
 -1.7903095e-002
 -5.1378483e-002
 -7.9015181e-002
 -9.9828376e-002
 -1.1309798e-001
 -1.1840517e-001
 -1.1565774e-001
 -1.0510157e-001
 -8.7316246e-002
 -6.3193685e-002
 -3.3899895e-002
 -8.2164133e-004
  3.4498997e-002
  7.0437917e-002
  1.0536515e-001
  1.3771875e-001
  1.6607154e-001
  1.8918706e-001
  2.0606191e-001
  2.1595372e-001
  2.1839491e-001
  2.1319407e-001
  2.0042721e-001
  1.8042180e-001
  1.5373579e-001
  1.2113390e-001
  8.3561839e-002
  4.2118965e-002
 -1.9713876e-003
 -4.7394754e-002
 -9.2782484e-002
 -1.3675324e-001
 -1.7795869e-001
 -2.1513200e-001
 -2.4713683e-001
 -2.7301356e-001
 -2.9201936e-001
 -3.0365845e-001
 -3.0769987e-001
 -3.0418098e-001
 -2.9339625e-001
 -2.7587262e-001
 -2.5233383e-001
 -2.2365728e-001
 -1.9082767e-001
 -1.5489129e-001
 -1.1691468e-001
 -7.7950100e-002
 -3.9009156e-002
 -1.0445377e-003
  3.5061299e-002
  6.8502470e-002
  9.8553363e-002
  1.2457193e-001
  1.4600432e-001
  1.6239166e-001
  1.7337912e-001
  1.7872624e-001
  1.7831711e-001
  1.7216844e-001
  1.6043406e-001
  1.4340410e-001
  1.2149860e-001
  9.5255297e-002
  6.5312572e-002
  3.2388871e-002
 -2.7397923e-003
 -3.9262634e-002
 -7.6355875e-002
 -1.1320266e-001
 -1.4901087e-001
 -1.8302898e-001
 -2.1456054e-001
 -2.4297794e-001
 -2.6773582e-001
 -2.8838429e-001
 -3.0458163e-001
 -3.1610536e-001
 -3.2286081e-001
 -3.2488541e-001
 -3.2234792e-001
 -3.1554149e-001
 -3.0487057e-001
 -2.9083237e-001
 -2.7399402e-001
 -2.5496760e-001
 -2.3438487e-001
 -2.1287417e-001
 -1.9104079e-001
 -1.6945218e-001
 -1.4862788e-001
 -1.2903376e-001
 -1.1107922e-001
 -9.5115724e-002
 -8.1435157e-002
 -7.0266666e-002
 -6.1771477e-002
 -5.6035914e-002
 -5.3063660e-002
 -5.2768938e-002
 -5.4972589e-002
 -5.9402929e-002
 -6.5702735e-002
 -7.3442904e-002
 -8.2142252e-002
 -9.1291897e-002
 -1.0038182e-001
 -1.0892669e-001
 -1.1648809e-001
 -1.2269062e-001
 -1.2723048e-001
 -1.2987623e-001
 -1.3046254e-001
 -1.2887940e-001
 -1.2505934e-001
 -1.1896617e-001
 -1.1058800e-001
 -9.9936577e-002
 -8.7053878e-002
 -7.2025260e-002
 -5.4997118e-002
 -3.6195936e-002
 -1.5944932e-002
  5.3254951e-003
  2.7076663e-002
  4.8671872e-002
  6.9398501e-002
  8.8500747e-002
  1.0522033e-001
  1.1884132e-001
  1.2873465e-001
  1.3439802e-001
  1.3548730e-001
  1.3183703e-001
  1.2346867e-001
  1.1058699e-001
  9.3566100e-002
  7.2927617e-002
  4.9313916e-002
  2.3459255e-002
 -3.8388768e-003
 -3.1746650e-002
 -5.9418404e-002
 -8.6018936e-002
 -1.1074429e-001
 -1.3284192e-001
 -1.5163098e-001
 -1.6652289e-001
 -1.7704162e-001
 -1.8284254e-001
 -1.8372795e-001
 -1.7965732e-001
 -1.7075021e-001
 -1.5728074e-001
 -1.3966296e-001
 -1.1842799e-001
 -9.4194605e-002
 -6.7636014e-002
 -3.9446139e-002
 -1.0308707e-002
  1.9127835e-002
  4.8267529e-002
  7.6575305e-002
  1.0357698e-001
  1.2885248e-001
  1.5202484e-001
  1.7274811e-001
  1.9069725e-001
  2.0556260e-001
  2.1705083e-001
  2.2489281e-001
  2.2885807e-001
  2.2877413e-001
  2.2454837e-001
  2.1618981e-001
  2.0382793e-001
  1.8772647e-001
  1.6829035e-001
  1.4606490e-001
  1.2172745e-001
  9.6071549e-002
  6.9984974e-002
  4.4422453e-002
  2.0374349e-002
 -1.1678346e-003
 -1.9248231e-002
 -3.2984904e-002
 -4.1608751e-002
 -4.4501849e-002
 -4.1233620e-002
 -3.1592796e-002
 -1.5612695e-002
  6.4127864e-003
  3.3924957e-002
  6.6109851e-002
  1.0192253e-001
  1.4012598e-001
  1.7934310e-001
  2.1811876e-001
  2.5498798e-001
  2.8854534e-001
  3.1751063e-001
  3.4078604e-001
  3.5750113e-001
  3.6704326e-001
  3.6907240e-001
  3.6352107e-001
  3.5058143e-001
  3.3068232e-001
  3.0445959e-001
  2.7272287e-001
  2.3642144e-001
  1.9661073e-001
  1.5442039e-001
  1.1102345e-001
  6.7606010e-002
  2.5336255e-002
 -1.4667836e-002
 -5.1372373e-002
 -8.3862242e-002
 -1.1137499e-001
 -1.3333147e-001
 -1.4936045e-001
 -1.5931420e-001
 -1.6327287e-001
 -1.6153627e-001
 -1.5460290e-001
 -1.4313768e-001
 -1.2793095e-001
 -1.0985235e-001
 -8.9803681e-002
 -6.8674626e-002
 -4.7304810e-002
 -2.6454342e-002
 -6.7838211e-003
  1.1156601e-002
  2.6930666e-002
  4.0214236e-002
  5.0790828e-002
  5.8546694e-002
  6.3466949e-002
  6.5633264e-002
  6.5222559e-002
  6.2505244e-002
  5.7841010e-002
  5.1670084e-002
  4.4498359e-002
  3.6875640e-002
  2.9367504e-002
  2.2522466e-002
  1.6837290e-002
  1.2724006e-002
  1.0482359e-002
  1.0281047e-002
  1.2150166e-002
  1.5985861e-002
  2.1566671e-002
  2.8579491e-002
  3.6651833e-002
  4.5386329e-002
  5.4393257e-002
  6.3317341e-002
  7.1856061e-002
  7.9768107e-002
  8.6872076e-002
  9.3036933e-002
  9.8166838e-002
  1.0218351e-001
  1.0500940e-001
  1.0655447e-001
  1.0670849e-001
  1.0533967e-001
  1.0229933e-001
  9.7431371e-002
  9.0584579e-002
  8.1625620e-002
  7.0450797e-002
  5.6995076e-002
  4.1237691e-002
  2.3204413e-002
  2.9672525e-003
 -1.9357171e-002
 -4.3609243e-002
 -6.9586765e-002
 -9.7043484e-002
 -1.2568565e-001
 -1.5516719e-001
 -1.8508477e-001
 -2.1497403e-001
 -2.4430887e-001
 -2.7250495e-001
 -2.9892832e-001
 -3.2290959e-001
 -3.4376310e-001
 -3.6081031e-001
 -3.7340581e-001
 -3.8096463e-001
 -3.8298909e-001
 -3.7909404e-001
 -3.6902924e-001
 -3.5269832e-001
 -3.3017370e-001
 -3.0170707e-001
 -2.6773500e-001
 -2.2887900e-001
 -1.8593926e-001
 -1.3988099e-001
 -9.1812621e-002
 -4.2955047e-002
  5.3979760e-003
  5.1927657e-002
  9.5344351e-002
  1.3444533e-001
  1.6817243e-001
  1.9566524e-001
  2.1630544e-001
  2.2974811e-001
  2.3593692e-001
  2.3510132e-001
  2.2773567e-001
  2.1456182e-001
  1.9647840e-001
  1.7450127e-001
  1.4970037e-001
  1.2313815e-001
  9.5814494e-002
  6.8621747e-002
  4.2312285e-002
  1.7479403e-002
 -5.4491140e-003
 -2.6206506e-002
 -4.4674177e-002
 -6.0863238e-002
 -7.4893010e-002
 -8.6968519e-002
 -9.7358254e-002
 -1.0637271e-001
 -1.1434366e-001
 -1.2160375e-001
 -1.2846620e-001
 -1.3520441e-001
 -1.4203228e-001
 -1.4908636e-001
 -1.5641148e-001
 -1.6395207e-001
 -1.7155090e-001
 -1.7895686e-001
 -1.8584200e-001
 -1.9182751e-001
 -1.9651658e-001
 -1.9953117e-001
 -2.0054903e-001
 -1.9933673e-001
 -1.9577491e-001
 -1.8987265e-001
 -1.8176899e-001
 -1.7172144e-001
 -1.6008257e-001
 -1.4726746e-001
 -1.3371562e-001
 -1.1985190e-001
 -1.0605041e-001
 -9.2605420e-002
 -7.9711673e-002
 -6.7455663e-002
 -5.5817825e-002
 -4.4684409e-002
 -3.3866849e-002
 -2.3125924e-002
 -1.2197852e-002
 -8.1980930e-004
  1.1247095e-002
  2.4198569e-002
  3.8172085e-002
  5.3235850e-002
  6.9381264e-002
  8.6518208e-002
  1.0447262e-001
  1.2298615e-001
  1.4171804e-001
  1.6024977e-001
  1.7809312e-001
  1.9470241e-001
  2.0949135e-001
  2.2185464e-001
  2.3119364e-001
  2.3694526e-001
  2.3861222e-001
  2.3579283e-001
  2.2820827e-001
  2.1572515e-001
  1.9837203e-001
  1.7634843e-001
  1.5002611e-001
  1.1994228e-001
  8.6785603e-002
  5.1375580e-002
  1.4636519e-002
 -2.2432791e-002
 -5.8792622e-002
 -9.3397970e-002
 -1.2523532e-001
 -1.5335942e-001
 -1.7692891e-001
 -1.9523935e-001
 -2.0775223e-001
 -2.1411813e-001
 -2.1419251e-001
 -2.0804268e-001
 -1.9594477e-001
 -1.7837052e-001
 -1.5596426e-001
 -1.2951117e-001
 -9.9899121e-002
 -6.8076606e-002
 -3.5009804e-002
 -1.6418568e-003
  3.1143002e-002
  6.2548409e-002
  9.1886737e-002
  1.1859160e-001
  1.4222268e-001
  1.6246407e-001
  1.7911806e-001
  1.9209599e-001
  2.0140788e-001
  2.0715189e-001
  2.0950418e-001
  2.0870912e-001
  2.0506925e-001
  1.9893430e-001
  1.9068851e-001
  1.8073594e-001
  1.6948372e-001
  1.5732411e-001
  1.4461657e-001
  1.3167158e-001
  1.1873797e-001
  1.0599543e-001
  9.3553232e-002
  8.1455691e-002
  6.9693659e-002
  5.8220877e-002
  4.6973061e-002
  3.5887348e-002
  2.4919678e-002
  1.4058033e-002
  3.3301294e-003
 -7.1949590e-003
 -1.7410876e-002
 -2.7182544e-002
 -3.6357455e-002
 -4.4777689e-002
 -5.2290790e-002
 -5.8758109e-002
 -6.4059875e-002
 -6.8097062e-002
 -7.0790791e-002
 -7.2080524e-002
 -7.1922467e-002
 -7.0289476e-002
 -6.7173250e-002
 -6.2588956e-002
 -5.6581641e-002
 -4.9233136e-002
 -4.0667717e-002
 -3.1054668e-002
 -2.0606208e-002
 -9.5698386e-003
  1.7849125e-003
  1.3184398e-002
  2.4371544e-002
  3.5126772e-002
  4.5286330e-002
  5.4755329e-002
  6.3513407e-002
  7.1611875e-002
  7.9162366e-002
  8.6318203e-002
  9.3250691e-002
  1.0012327e-001
  1.0706665e-001
  1.1415791e-001
  1.2140583e-001
  1.2874371e-001
  1.3603005e-001
  1.4305623e-001
  1.4955946e-001
  1.5523903e-001
  1.5977356e-001
  1.6283743e-001
  1.6411504e-001
  1.6331241e-001
  1.6016650e-001
  1.5445284e-001
  1.4599296e-001
  1.3466251e-001
  1.2040091e-001
  1.0322271e-001
  8.3229800e-002
  6.0623274e-002
  3.5712777e-002
  8.9212113e-003
 -1.9217300e-002
 -4.8067715e-002
 -7.6913282e-002
 -1.0498323e-001
 -1.3148740e-001
 -1.5565531e-001
 -1.7677645e-001
 -1.9423840e-001
 -2.0755941e-001
 -2.1641271e-001
 -2.2064075e-001
 -2.2025855e-001
 -2.1544636e-001
 -2.0653307e-001
 -1.9397199e-001
 -1.7831165e-001
 -1.6016383e-001
 -1.4017101e-001
 -1.1897524e-001
 -9.7189645e-002
 -7.5373606e-002
 -5.4012251e-002
 -3.3500631e-002
 -1.4133008e-002
  3.9024042e-003
  2.0522827e-002
  3.5744116e-002
  4.9667630e-002
  6.2461012e-002
  7.4333656e-002
  8.5508257e-002
  9.6190464e-002
  1.0653917e-001
  1.1664022e-001
  1.2648631e-001
  1.3596538e-001
  1.4485907e-001
  1.5285175e-001
  1.5954960e-001
  1.6450792e-001
  1.6726400e-001
  1.6737235e-001
  1.6443882e-001
  1.5815041e-001
  1.4829847e-001
  1.3479352e-001
  1.1767153e-001
  9.7092040e-002
  7.3329799e-002
  4.6761629e-002
  1.7850727e-002
 -1.2869876e-002
 -4.4813475e-002
 -7.7354907e-002
 -1.0984503e-001
 -1.4162516e-001
 -1.7204238e-001
 -2.0046665e-001
 -2.2631015e-001
 -2.4904862e-001
 -2.6824360e-001
 -2.8356400e-001
 -2.9480454e-001
 -3.0189868e-001
 -3.0492374e-001
 -3.0409678e-001
 -2.9976033e-001
 -2.9235892e-001
 -2.8240779e-001
 -2.7045687e-001
 -2.5705322e-001
 -2.4270572e-001
 -2.2785534e-001
 -2.1285352e-001
 -1.9795048e-001
 -1.8329345e-001
 -1.6893427e-001
 -1.5484436e-001
 -1.4093450e-001
 -1.2707683e-001
 -1.1312642e-001
 -9.8940513e-002
 -8.4394194e-002
 -6.9392109e-002
 -5.3876631e-002
 -3.7833307e-002
 -2.1294613e-002
 -4.3429398e-003
  1.2886717e-002
  3.0204443e-002
  4.7364129e-002
  6.4064368e-002
  7.9952831e-002
  9.4635363e-002
  1.0769052e-001
  1.1868963e-001
  1.2722156e-001
  1.3292041e-001
  1.3549386e-001
  1.3474922e-001
  1.3061437e-001
  1.2315099e-001
  1.1255842e-001
  9.9167360e-002
  8.3423594e-002
  6.5863424e-002
  4.7082893e-002
  2.7703780e-002
  8.3393624e-003
 -1.0437185e-002
 -2.8119439e-002
 -4.4287838e-002
 -5.8622484e-002
 -7.0908656e-002
 -8.1035694e-002
 -8.8990324e-002
 -9.4845667e-002
 -9.8747177e-002
 -1.0089656e-001
 -1.0153452e-001
 -1.0092294e-001
 -9.9327091e-002
 -9.6998330e-002
 -9.4157907e-002
 -9.0982745e-002
 -8.7594066e-002
 -8.4049885e-002
 -8.0342280e-002
 -7.6400056e-002
 -7.2096985e-002
 -6.7265195e-002
 -6.1712672e-002
 -5.5243286e-002
 -4.7677328e-002
 -3.8870462e-002
 -2.8729131e-002
 -1.7220917e-002
 -4.3790767e-003
  9.6987763e-003
  2.4857008e-002
  4.0891897e-002
  5.7563322e-002
  7.4606340e-002
  9.1741067e-002
  1.0867986e-001
  1.2513153e-001
  1.4080319e-001
  1.5540082e-001
  1.6863021e-001
  1.8019990e-001
  1.8982745e-001
  1.9724959e-001
  2.0223616e-001
  2.0460660e-001
  2.0424710e-001
  2.0112593e-001
  1.9530434e-001
  1.8694089e-001
  1.7628758e-001
  1.6367755e-001
  1.4950503e-001
  1.3419966e-001
  1.1819799e-001
  1.0191564e-001
  8.5723499e-002
  6.9930871e-002
  5.4777410e-002
  4.0434478e-002
  2.7015152e-002
  1.4590841e-002
  3.2115651e-003
 -7.0735399e-003
 -1.6198840e-002
 -2.4070708e-002
 -3.0563681e-002
 -3.5524789e-002
 -3.8785302e-002
 -4.0178020e-002
 -3.9557493e-002
 -3.6820200e-002
 -3.1921908e-002
 -2.4889998e-002
 -1.5829447e-002
 -4.9221628e-003
  7.5796433e-003
  2.1364596e-002
  3.6075916e-002
  5.1325854e-002
  6.6709136e-002
  8.1814342e-002
  9.6232844e-002
  1.0956562e-001
  1.2142887e-001
  1.3145949e-001
  1.3932174e-001
  1.4471576e-001
  1.4738834e-001
  1.4714549e-001
  1.4386588e-001
  1.3751355e-001
  1.2814812e-001
  1.1593093e-001
  1.0112547e-001
  8.4091668e-002
  6.5273682e-002
  4.5182056e-002
  2.4371525e-002
  3.4162252e-003
 -1.7115743e-002
 -3.6686541e-002
 -5.4810069e-002
 -7.1069610e-002
 -8.5131080e-002
 -9.6751753e-002
 -1.0578473e-001
 -1.1217956e-001
 -1.1597940e-001
 -1.1731517e-001
 -1.1639676e-001
 -1.1350135e-001
 -1.0895903e-001
 -1.0313553e-001
 -9.6412829e-002
 -8.9168023e-002
 -8.1751956e-002
 -7.4468945e-002
 -6.7559475e-002
 -6.1187582e-002
 -5.5434421e-002
 -5.0298939e-002
 -4.5705822e-002
 -4.1520033e-002
 -3.7566378e-002
 -3.3651908e-002
 -2.9588526e-002
 -2.5213173e-002
 -2.0403293e-002
 -1.5085980e-002
 -9.2401515e-003
 -2.8921020e-003
  3.8942420e-003
  1.1030314e-002
  1.8416703e-002
  2.5955330e-002
  3.3557979e-002
  4.1149898e-002
  4.8668134e-002
  5.6055187e-002
  6.3249448e-002
  7.0174448e-002
  7.6729116e-002
  8.2781125e-002
  8.8164810e-002
  9.2684421e-002
  9.6122540e-002
  9.8252679e-002
  9.8854392e-002
  9.7728907e-002
  9.4713236e-002
  8.9691068e-002
  8.2599312e-002
  7.3429930e-002
  6.2227395e-002
  4.9082823e-002
  3.4126171e-002
  1.7518086e-002
 -5.5719824e-004
 -1.9896894e-002
 -4.0282153e-002
 -6.1478141e-002
 -8.3232330e-002
 -1.0527200e-001
 -1.2730211e-001
 -1.4900453e-001
 -1.7003944e-001
 -1.9004930e-001
 -2.0866517e-001
 -2.2551513e-001
 -2.4023384e-001
 -2.5247275e-001
 -2.6190992e-001
 -2.6825920e-001
 -2.7127847e-001
 -2.7077689e-001
 -2.6662150e-001
 -2.5874336e-001
 -2.4714337e-001
 -2.3189763e-001
 -2.1316205e-001
 -1.9117532e-001
 -1.6625953e-001
 -1.3881727e-001
 -1.0932457e-001
 -7.8319267e-002
 -4.6384895e-002
 -1.4130882e-002
  1.7829578e-002
  4.8902189e-002
  7.8532744e-002
  1.0622491e-001
  1.3155311e-001
  1.5416949e-001
  1.7380505e-001
  1.9026538e-001
  2.0342265e-001
  2.1320549e-001
  2.1958887e-001
  2.2258575e-001
  2.2224174e-001
  2.1863334e-001
  2.1186951e-001
  2.0209560e-001
  1.8949798e-001
  1.7430783e-001
  1.5680220e-001
  1.3730141e-001
  1.1616213e-001
  9.3766607e-002
  7.0509039e-002
  4.6780939e-002
  2.2957334e-002
 -6.1426485e-004
 -2.3620730e-002
 -4.5785337e-002
 -6.6865155e-002
 -8.6644890e-002
 -1.0492894e-001
 -1.2153381e-001
 -1.3628294e-001
 -1.4900575e-001
 -1.5954153e-001
 -1.6774840e-001
 -1.7351596e-001
 -1.7677996e-001
 -1.7753618e-001
 -1.7585120e-001
 -1.7186761e-001
 -1.6580220e-001
 -1.5793656e-001
 -1.4860083e-001
 -1.3815216e-001
 -1.2695055e-001
 -1.1533478e-001
 -1.0360147e-001
 -9.1989452e-002
 -8.0671083e-002
 -6.9750712e-002
 -5.9269830e-002
 -4.9217196e-002
 -3.9541844e-002
 -3.0166631e-002
 -2.1000269e-002
 -1.1946410e-002
 -2.9091741e-003
  6.2045394e-003
  1.5484897e-002
  2.5019520e-002
  3.4892710e-002
  4.5182064e-002
  5.5951658e-002
  6.7241823e-002
  7.9056431e-002
  9.1349408e-002
  1.0401268e-001
  1.1686786e-001
  1.2966375e-001
  1.4208089e-001
  1.5374359e-001
  1.6423869e-001
  1.7313932e-001
  1.8003130e-001
  1.8453922e-001
  1.8634959e-001
  1.8522871e-001
  1.8103386e-001
  1.7371743e-001
  1.6332441e-001
  1.4998487e-001
  1.3390309e-001
  1.1534565e-001
  9.4630121e-002
  7.2115637e-002
  4.8195873e-002
  2.3294002e-002
 -2.1412838e-003
 -2.7640110e-002
 -5.2717521e-002
 -7.6882482e-002
 -9.9650271e-002
 -1.2055799e-001
 -1.3918212e-001
 -1.5515639e-001
 -1.6818785e-001
 -1.7806911e-001
 -1.8468488e-001
 -1.8801209e-001
 -1.8811320e-001
 -1.8512387e-001
 -1.7923659e-001
 -1.7068270e-001
 -1.5971522e-001
 -1.4659483e-001
 -1.3158078e-001
 -1.1492736e-001
 -9.6885988e-002
 -7.7711615e-002
 -5.7671658e-002
 -3.7055263e-002
 -1.6180578e-002
  4.6018096e-003
  2.4910488e-002
  4.4340236e-002
  6.2473938e-002
  7.8898142e-002
  9.3220549e-002
  1.0508756e-001
  1.1420013e-001
  1.2032673e-001
  1.2331258e-001
  1.2308525e-001
  1.1965700e-001
  1.1312453e-001
  1.0366723e-001
  9.1544295e-002
  7.7091116e-002
  6.0714746e-002
  4.2887742e-002
  2.4139527e-002
  5.0443180e-003
 -1.3795050e-002
 -3.1767559e-002
 -4.8278175e-002
 -6.2774448e-002
 -7.4773599e-002
 -8.3887710e-002
 -8.9844515e-002
 -9.2501586e-002
 -9.1852294e-002
 -8.8022852e-002
 -8.1260764e-002
 -7.1915983e-002
 -6.0416896e-002
 -4.7243736e-002
 -3.2902080e-002
 -1.7898794e-002
 -2.7221175e-003
  1.2173271e-002
  2.6376277e-002
  3.9525350e-002
  5.1311768e-002
  6.1481778e-002
  6.9838963e-002
  7.6247659e-002
  8.0637548e-002
  8.3008776e-002
  8.3436313e-002
  8.2071856e-002
  7.9141603e-002
  7.4938530e-002
  6.9808551e-002
  6.4130841e-002
  5.8293582e-002
  5.2667290e-002
  4.7578427e-002
  4.3286231e-002
  3.9965413e-002
  3.7696709e-002
  3.6466266e-002
  3.6173720e-002
  3.6647677e-002
  3.7666401e-002
  3.8980973e-002
  4.0338037e-002
  4.1499572e-002
  4.2257814e-002
  4.2444383e-002
  4.1933617e-002
  4.0641071e-002
  3.8518689e-002
  3.5548511e-002
  3.1736655e-002
  2.7108895e-002
  2.1708522e-002
  1.5596463e-002
  8.8529443e-003
  1.5795736e-003
 -6.0994608e-003
 -1.4038215e-002
 -2.2072537e-002
 -3.0026417e-002
 -3.7720566e-002
 -4.4982064e-002
 -5.1653593e-002
 -5.7600704e-002
 -6.2715847e-002
 -6.6918450e-002
 -7.0151031e-002
 -7.2372107e-002
 -7.3547273e-002
 -7.3640250e-002
 -7.2605757e-002
 -7.0385784e-002
 -6.6910266e-002
 -6.2102392e-002
 -5.5887913e-002
 -4.8207122e-002
 -3.9027643e-002
 -2.8356032e-002
 -1.6246372e-002
 -2.8045904e-003
  1.1812036e-002
  2.7399862e-002
  4.3717279e-002
  6.0494912e-002
  7.7445803e-002
  9.4273881e-002
  1.1067956e-001
  1.2636200e-001
  1.4101845e-001
  1.5434173e-001
  1.6601772e-001
  1.7572452e-001
  1.8313521e-001
  1.8792525e-001
  1.8978492e-001
  1.8843615e-001
  1.8365233e-001
  1.7527877e-001
  1.6325136e-001
  1.4761092e-001
  1.2851121e-001
  1.0621941e-001
  8.1108848e-002
  5.3644789e-002
  2.4364979e-002
 -6.1428938e-003
 -3.7264354e-002
 -6.8379771e-002
 -9.8882843e-002
 -1.2819512e-001
 -1.5577662e-001
 -1.8113324e-001
 -2.0382227e-001
 -2.2345740e-001
 -2.3971435e-001
 -2.5233773e-001
 -2.6114913e-001
 -2.6605549e-001
 -2.6705636e-001
 -2.6424816e-001
 -2.5782384e-001
 -2.4806639e-001
 -2.3533589e-001
 -2.2005038e-001
 -2.0266207e-001
 -1.8363118e-001
 -1.6340030e-001
 -1.4237224e-001
 -1.2089393e-001
 -9.9248194e-002
 -7.7654146e-002
 -5.6275560e-002
 -3.5235590e-002
 -1.4635205e-002
  5.4277025e-003
  2.4841586e-002
  4.3469423e-002
  6.1143444e-002
  7.7666909e-002
  9.2822316e-002
  1.0638440e-001
  1.1813565e-001
  1.2788183e-001
  1.3546527e-001
  1.4077416e-001
  1.4374724e-001
  1.4437374e-001
  1.4268977e-001
  1.3877257e-001
  1.3273430e-001
  1.2471692e-001
  1.1488912e-001
  1.0344548e-001
  9.0607243e-002
  7.6623601e-002
  6.1771615e-002
  4.6353323e-002
  3.0688665e-002
  1.5103755e-002
 -8.5105303e-005
 -1.4590272e-002
 -2.8172277e-002
 -4.0657348e-002
 -5.1950239e-002
 -6.2040108e-002
 -7.0998076e-002
 -7.8966219e-002
 -8.6139030e-002
 -9.2739494e-002
 -9.8992748e-002
 -1.0510064e-001
 -1.1122037e-001
 -1.1744962e-001
 -1.2381964e-001
 -1.3029650e-001
 -1.3678925e-001
 -1.4316312e-001
 -1.4925475e-001
 -1.5488703e-001
 -1.5988073e-001
 -1.6406168e-001
 -1.6726287e-001
 -1.6932215e-001
 -1.7007734e-001
 -1.6936095e-001
 -1.6699697e-001
 -1.6280209e-001
 -1.5659248e-001
 -1.4819656e-001
 -1.3747276e-001
 -1.2433028e-001
 -1.0875017e-001
 -9.0803338e-002
 -7.0662964e-002
 -4.8608797e-002
 -2.5022377e-002
 -3.7325830e-004
  2.4802386e-002
  4.9928356e-002
  7.4417192e-002
  9.7697952e-002
  1.1924018e-001
  1.3857203e-001
  1.5529158e-001
  1.6907147e-001
  1.7965798e-001
  1.8686649e-001
  1.9057545e-001
  1.9072092e-001
  1.8729335e-001
  1.8033726e-001
  1.6995387e-001
  1.5630557e-001
  1.3962098e-001
  1.2019856e-001
  9.8407244e-002
  7.4682814e-002
  4.9519467e-002
  2.3456824e-002
 -2.9365782e-003
 -2.9081783e-002
 -5.4408037e-002
 -7.8369809e-002
 -1.0046081e-001
 -1.2022429e-001
 -1.3725952e-001
 -1.5122521e-001
 -1.6184082e-001
 -1.6888731e-001
 -1.7220843e-001
 -1.7171352e-001
 -1.6738207e-001
 -1.5926971e-001
 -1.4751445e-001
 -1.3234190e-001
 -1.1406764e-001
 -9.3095423e-002
 -6.9910059e-002
 -4.5064670e-002
 -1.9162777e-002
  7.1636376e-003
  3.3278310e-002
  5.8565034e-002
  8.2450088e-002
  1.0442100e-001
  1.2404042e-001
  1.4095469e-001
  1.5489727e-001
  1.6568788e-001
  1.7322865e-001
  1.7749854e-001
  1.7854738e-001
  1.7649025e-001
  1.7150270e-001
  1.6381659e-001
  1.5371609e-001
  1.4153300e-001
  1.2764072e-001
  1.1244612e-001
  9.6379373e-002
  7.9881750e-002
  6.3392206e-002
  4.7333686e-002
  3.2100239e-002
  1.8045922e-002
  5.4761774e-003
 -5.3580740e-003
 -1.4263836e-002
 -2.1107558e-002
 -2.5815607e-002
 -2.8374529e-002
 -2.8831706e-002
 -2.7296571e-002
 -2.3941996e-002
 -1.9004953e-002
 -1.2785129e-002
 -5.6400537e-003
  2.0245538e-003
  9.7700042e-003
  1.7145454e-002
  2.3713437e-002
  2.9078294e-002
  3.2914952e-002
  3.4995037e-002
  3.5207265e-002
  3.3569527e-002
  3.0230835e-002
  2.5462512e-002
  1.9639226e-002
  1.3211708e-002
  6.6739529e-003
  5.2831538e-004
 -4.7480384e-003
 -8.7321878e-003
 -1.1077716e-002
 -1.1528911e-002
 -9.9268068e-003
 -6.2080243e-003
 -3.9814077e-004
  7.3982477e-003
  1.7008637e-002
  2.8203145e-002
  4.0703382e-002
  5.4189369e-002
  6.8304966e-002
  8.2662834e-002
  9.6850180e-002
  1.1043646e-001
  1.2298379e-001
  1.3406014e-001
  1.4325472e-001
  1.5019433e-001
  1.5455883e-001
  1.5609411e-001
  1.5462086e-001
  1.5003830e-001
  1.4232250e-001
  1.3152017e-001
  1.1773919e-001
  1.0113799e-001
  8.1915723e-002
  6.0305207e-002
  3.6569839e-002
  1.1004756e-002
 -1.6058338e-002
 -4.4244269e-002
 -7.3127606e-002
 -1.0222846e-001
 -1.3101309e-001
 -1.5890106e-001
 -1.8527935e-001
 -2.0952332e-001
 -2.3102256e-001
 -2.4920934e-001
 -2.6358670e-001
 -2.7375295e-001
 -2.7942020e-001
 -2.8042506e-001
 -2.7673092e-001
 -2.6842235e-001
 -2.5569324e-001
 -2.3883086e-001
 -2.1819856e-001
 -1.9421942e-001
 -1.6736265e-001
 -1.3813364e-001
 -1.0706759e-001
 -7.4725617e-002
 -4.1691693e-002
 -8.5685228e-003
  2.4029508e-002
  5.5487415e-002
  8.5205035e-002
  1.1261608e-001
  1.3720917e-001
  1.5854854e-001
  1.7629182e-001
  1.9020251e-001
  2.0015533e-001
  2.0613378e-001
  2.0822001e-001
  2.0657872e-001
  2.0143721e-001
  1.9306447e-001
  1.8175220e-001
  1.6780006e-001
  1.5150665e-001
  1.3316691e-001
  1.1307483e-001
  9.1530226e-002
  6.8846890e-002
  4.5359790e-002
  2.1428868e-002
 -2.5621605e-003
 -2.6212737e-002
 -4.9117773e-002
 -7.0884041e-002
 -9.1148598e-002
 -1.0959686e-001
 -1.2597801e-001
 -1.4011590e-001
 -1.5191438e-001
 -1.6135671e-001
 -1.6849985e-001
 -1.7346487e-001
 -1.7642507e-001
 -1.7759355e-001
 -1.7721142e-001
 -1.7553767e-001
 -1.7284048e-001
 -1.6938971e-001
 -1.6544961e-001
 -1.6127066e-001
 -1.5707987e-001
 -1.5306927e-001
 -1.4938288e-001
 -1.4610349e-001
 -1.4324097e-001
 -1.4072417e-001
 -1.3839844e-001
 -1.3603049e-001
 -1.3332112e-001
 -1.2992580e-001
 -1.2548142e-001
 -1.1963697e-001
 -1.1208500e-001
 -1.0259039e-001
 -9.1013455e-002
 -7.7324896e-002
 -6.1611243e-002
 -4.4070721e-002
 -2.5000641e-002
 -4.7784862e-003
  1.6160568e-002
  3.7346785e-002
  5.8297063e-002
  7.8532359e-002
  9.7590479e-002
  1.1503440e-001
  1.3045725e-001
  1.4348553e-001
  1.5378250e-001
  1.6105336e-001
  1.6505295e-001
  1.6559633e-001
  1.6257110e-001
  1.5594999e-001
  1.4580135e-001
  1.3229542e-001
  1.1570443e-001
  9.6395435e-002
  7.4815826e-002
  5.1472486e-002
  2.6906761e-002
  1.6679005e-003
 -2.3711986e-002
 -4.8738676e-002
 -7.2970200e-002
 -9.6023740e-002
 -1.1757518e-001
 -1.3735256e-001
 -1.5512553e-001
 -1.7069354e-001
 -1.8387534e-001
 -1.9450202e-001
 -2.0241510e-001
 -2.0746989e-001
 -2.0954349e-001
 -2.0854593e-001
 -2.0443210e-001
 -1.9721242e-001
 -1.8696003e-001
 -1.7381340e-001
 -1.5797370e-001
 -1.3969762e-001
 -1.1928686e-001
 -9.7076099e-002
 -7.3421477e-002
 -4.8691182e-002
 -2.3259278e-002
  2.4970279e-003
  2.8197311e-002
  5.3456411e-002
  7.7883287e-002
  1.0108211e-001
  1.2265708e-001
  1.4222180e-001
  1.5941303e-001
  1.7390770e-001
  1.8544130e-001
  1.9382515e-001
  1.9895999e-001
  2.0084370e-001
  1.9957172e-001
  1.9532984e-001
  1.8837997e-001
  1.7904076e-001
  1.6766571e-001
  1.5462134e-001
  1.4026853e-001
  1.2494877e-001
  1.0897682e-001
  9.2639642e-002
  7.6200685e-002
  5.9907608e-002
  4.4001032e-002
  2.8721885e-002
  1.4315284e-002
  1.0296542e-003
 -1.0889219e-002
 -2.1208505e-002
 -2.9721429e-002
 -3.6261052e-002
 -4.0712429e-002
 -4.3021164e-002
 -4.3196962e-002
 -4.1311687e-002
 -3.7492343e-002
 -3.1910221e-002
 -2.4768022e-002
 -1.6286976e-002
 -6.6957759e-003
  3.7773500e-003
  1.4908870e-002
  2.6480728e-002
  3.8278656e-002
  5.0089479e-002
  6.1699048e-002
  7.2892229e-002
  8.3455887e-002
  9.3185058e-002
  1.0189177e-001
  1.0941526e-001
  1.1563195e-001
  1.2046333e-001
  1.2388036e-001
  1.2590327e-001
  1.2659665e-001
  1.2606039e-001
  1.2441787e-001
  1.2180298e-001
  1.1834820e-001
  1.1417502e-001
  1.0938818e-001
  1.0407384e-001
  9.8301306e-002
  9.2127135e-002
  8.5599992e-002
  7.8764545e-002
  7.1662938e-002
  6.4333040e-002
  5.6803430e-002
  4.9086024e-002
  4.1167925e-002
  3.3004581e-002
  2.4516381e-002
  1.5590424e-002
  6.0884638e-003
 -4.1390313e-003
 -1.5233850e-002
 -2.7308202e-002
 -4.0422923e-002
 -5.4568806e-002
 -6.9653903e-002
 -8.5498855e-002
 -1.0184125e-001
 -1.1834862e-001
 -1.3463856e-001
 -1.5030315e-001
 -1.6493461e-001
 -1.7814883e-001
 -1.8960373e-001
 -1.9901076e-001
 -2.0613871e-001
 -2.1081038e-001
 -2.1289394e-001
 -2.1229168e-001
 -2.0892886e-001
 -2.0274577e-001
 -1.9369479e-001
 -1.8174381e-001
 -1.6688563e-001
 -1.4915217e-001
 -1.2863105e-001
 -1.0548185e-001
 -7.9949146e-002
 -5.2369752e-002
 -2.3172711e-002
  7.1285951e-003
  3.7951603e-002
  6.8665384e-002
  9.8614860e-002
  1.2714583e-001
  1.5362839e-001
  1.7747683e-001
  1.9816487e-001
  2.1523605e-001
  2.2830967e-001
  2.3708365e-001
  2.4133557e-001
  2.4092336e-001
  2.3578661e-001
  2.2594896e-001
  2.1152130e-001
  1.9270500e-001
  1.6979396e-001
  1.4317414e-001
  1.1331936e-001
  8.0782782e-002
  4.6183845e-002
  1.0191311e-002
 -2.6496490e-002
 -6.3172659e-002
 -9.9142338e-002
 -1.3374142e-001
 -1.6635231e-001
 -1.9641616e-001
 -2.2344167e-001
 -2.4701101e-001
 -2.6678367e-001
 -2.8249922e-001
 -2.9397965e-001
 -3.0113162e-001
 -3.0394841e-001
 -3.0251102e-001
 -2.9698727e-001
 -2.8762784e-001
 -2.7475843e-001
 -2.5876745e-001
 -2.4008943e-001
 -2.1918526e-001
 -1.9652062e-001
 -1.7254492e-001
 -1.4767282e-001
 -1.2227061e-001
 -9.6648658e-002
 -7.1060906e-002
 -4.5710797e-002
 -2.0762544e-002
  3.6444135e-003
  2.7380238e-002
  5.0311353e-002
  7.2291087e-002
  9.3155703e-002
  1.1272626e-001
  1.3081575e-001
  1.4723996e-001
  1.6183015e-001
  1.7444493e-001
  1.8497959e-001
  1.9337109e-001
  1.9959803e-001
  2.0367607e-001
  2.0564955e-001
  2.0558144e-001
  2.0354326e-001
  1.9960712e-001
  1.9384106e-001
  1.8630841e-001
  1.7707079e-001
  1.6619378e-001
  1.5375349e-001
  1.3984221e-001
  1.2457139e-001
  1.0807082e-001
  9.0483703e-002
  7.1958142e-002
  5.2636583e-002
  3.2645268e-002
  1.2085990e-002
 -8.9677353e-003
 -3.0468627e-002
 -5.2387233e-002
 -7.4697752e-002
 -9.7359794e-002
 -1.2029857e-001
 -1.4338650e-001
 -1.6642909e-001
 -1.8915758e-001
 -2.1122966e-001
 -2.3223876e-001
 -2.5173076e-001
 -2.6922633e-001
 -2.8424616e-001
 -2.9633618e-001
 -3.0508995e-001
 -3.1016645e-001
 -3.1130182e-001
 -3.0831539e-001
 -3.0111064e-001
 -2.8967281e-001
 -2.7406515e-001
 -2.5442548e-001
 -2.3096430e-001
 -2.0396495e-001
 -1.7378532e-001
 -1.4085972e-001
 -1.0569929e-001
 -6.8888806e-002
 -3.1078292e-002
  7.0315001e-003
  4.4709739e-002
  8.1221169e-002
  1.1585468e-001
  1.4795206e-001
  1.7693379e-001
  2.0231933e-001
  2.2373959e-001
  2.4094078e-001
  2.5377988e-001
  2.6221303e-001
  2.6627942e-001
  2.6608343e-001
  2.6177806e-001
  2.5355192e-001
  2.4162161e-001
  2.2622954e-001
  2.0764679e-001
  1.8617910e-001
  1.6217372e-001
  1.3602473e-001
  1.0817452e-001
  7.9110293e-002
  4.9354956e-002
  1.9453310e-002
 -1.0045017e-002
 -3.8603636e-002
 -6.5716153e-002
 -9.0919577e-002
 -1.1380311e-001
 -1.3401194e-001
 -1.5124682e-001
 -1.6526082e-001
 -1.7585561e-001
 -1.8287917e-001
 -1.8622695e-001
 -1.8584717e-001
 -1.8175037e-001
 -1.7402168e-001
 -1.6283356e-001
 -1.4845618e-001
 -1.3126228e-001
 -1.1172407e-001
 -9.0400510e-002
 -6.7914897e-002
 -4.4923957e-002
 -2.2081206e-002
  1.6646796e-006
  2.0791105e-002
  3.9861562e-002
  5.6915490e-002
  7.1791376e-002
  8.4459240e-002
  9.5004713e-002
  1.0360424e-001
  1.1049494e-001
  1.1594320e-001
  1.2021569e-001
  1.2355603e-001
  1.2616882e-001
  1.2821178e-001
  1.2979503e-001
  1.3098594e-001
  1.3181689e-001
  1.3229361e-001
  1.3240191e-001
  1.3211165e-001
  1.3137731e-001
  1.3013628e-001
  1.2830585e-001
  1.2578121e-001
  1.2243603e-001
  1.1812706e-001
  1.1270353e-001
  1.0602070e-001
  9.7956459e-002
  8.8428742e-002
  7.7411350e-002
  6.4945715e-002
  5.1146681e-002
  3.6201234e-002
  2.0360146e-002
  3.9236001e-003
 -1.2777251e-002
 -2.9400259e-002
 -4.5611140e-002
 -6.1098863e-002
 -7.5585938e-002
 -8.8832908e-002
 -1.0063738e-001
 -1.1082885e-001
 -1.1926124e-001
 -1.2580530e-001
 -1.3034297e-001
 -1.3276507e-001
 -1.3297333e-001
 -1.3088642e-001
 -1.2644906e-001
 -1.1964286e-001
 -1.1049671e-001
 -9.9095244e-002
 -8.5583682e-002
 -7.0168437e-002
 -5.3113262e-002
 -3.4731579e-002
 -1.5376073e-002
  4.5730808e-003
  2.4720029e-002
  4.4664032e-002
  6.4008648e-002
  8.2369244e-002
  9.9379210e-002
  1.1469559e-001
  1.2800483e-001
  1.3902929e-001
  1.4753450e-001
  1.5333711e-001
  1.5631243e-001
  1.5640055e-001
  1.5360976e-001
  1.4801600e-001
  1.3975780e-001
  1.2902652e-001
  1.1605276e-001
  1.0109016e-001
  8.4398653e-002
  6.6229319e-002
  4.6812863e-002
  2.6353348e-002
  5.0280227e-003
 -1.7006778e-002
 -3.9604595e-002
 -6.2614351e-002
 -8.5864545e-002
 -1.0914844e-001
 -1.3221232e-001
 -1.5474833e-001
 -1.7639279e-001
 -1.9673016e-001
 -2.1530194e-001
 -2.3161975e-001
 -2.4518132e-001
 -2.5548839e-001
 -2.6206576e-001
 -2.6448118e-001
 -2.6236596e-001
 -2.5543640e-001
 -2.4351607e-001
 -2.2655834e-001
 -2.0466810e-001
 -1.7812079e-001
 -1.4737600e-001
 -1.1308269e-001
 -7.6072904e-002
 -3.7341558e-002
  1.9891006e-003
  4.0720053e-002
  7.7638832e-002
  1.1159139e-001
  1.4155659e-001
  1.6671622e-001
  1.8651317e-001
  2.0069101e-001
  2.0930975e-001
  2.1273498e-001
  2.1160031e-001
  2.0674638e-001
  1.9914186e-001
  1.8979463e-001
  1.7966196e-001
  1.6956885e-001
  1.6014253e-001
  1.5176913e-001
  1.4457593e-001
  1.3843943e-001
  1.3301695e-001
  1.2779680e-001
  1.2216058e-001
  1.1545056e-001
  1.0703509e-001
  9.6366342e-002
  8.3026011e-002
  6.6756673e-002
  4.7478238e-002
  2.5290543e-002
  4.6417875e-004
 -2.6577793e-002
 -5.5284552e-002
 -8.5006325e-002
 -1.1502550e-001
 -1.4458882e-001
 -1.7293983e-001
 -1.9935094e-001
 -2.2315436e-001
 -2.4377073e-001
 -2.6073424e-001
 -2.7371215e-001
 -2.8251723e-001
 -2.8711136e-001
 -2.8759933e-001
 -2.8421304e-001
 -2.7728708e-001
 -2.6722803e-001
 -2.5448058e-001
 -2.3949434e-001
 -2.2269474e-001
 -2.0446137e-001
 -1.8511556e-001
 -1.6491797e-001
 -1.4407515e-001
 -1.2275282e-001
 -1.0109268e-001
 -7.9229112e-002
 -5.7302424e-002
 -3.5466104e-002
 -1.3887054e-002
  7.2608903e-003
  2.7808255e-002
  4.7603070e-002
  6.6522348e-002
  8.4478573e-002
  1.0141868e-001
  1.1731448e-001
  1.3214503e-001
  1.4587351e-001
  1.5842200e-001
  1.6964898e-001
  1.7933396e-001
  1.8717306e-001
  1.9278805e-001
  1.9574902e-001
  1.9560923e-001
  1.9194835e-001
  1.8441925e-001
  1.7279225e-001
  1.5699168e-001
  1.3711974e-001
  1.1346497e-001
  8.6494373e-002
  5.6830240e-002
  2.5214965e-002
 -7.5319977e-003
 -4.0560012e-002
 -7.3031226e-002
 -1.0415872e-001
 -1.3323625e-001
 -1.5965852e-001
 -1.8293248e-001
 -2.0268099e-001
 -2.1864128e-001
 -2.3066024e-001
 -2.3868842e-001
 -2.4277373e-001
 -2.4305486e-001
 -2.3975385e-001
 -2.3316627e-001
 -2.2364812e-001
 -2.1159822e-001
 -1.9743633e-001
 -1.8157803e-001
 -1.6440837e-001
 -1.4625738e-001
 -1.2738074e-001
 -1.0794855e-001
 -8.8044721e-002
 -6.7677668e-002
 -4.6801821e-002
 -2.5347475e-002
 -3.2553200e-003
  1.9488970e-002
  4.2824887e-002
  6.6596189e-002
  9.0541959e-002
  1.1430091e-001
  1.3742836e-001
  1.5942339e-001
  1.7976260e-001
  1.9793576e-001
  2.1347897e-001
  2.2600151e-001
  2.3520382e-001
  2.4088576e-001
  2.4294588e-001
  2.4137373e-001
  2.3623822e-001
  2.2767527e-001
  2.1587737e-001
  2.0108699e-001
  1.8359436e-001
  1.6373859e-001
  1.4191059e-001
  1.1855471e-001
  9.4166875e-002
  6.9286751e-002
  4.4483072e-002
  2.0332271e-002
 -2.6078674e-003
 -2.3826726e-002
 -4.2888063e-002
 -5.9452318e-002
 -7.3291047e-002
 -8.4291590e-002
 -9.2451613e-002
 -9.7864647e-002
 -1.0069917e-001
 -1.0117460e-001
 -9.9537917e-002
 -9.6044151e-002
 -9.0943121e-002
 -8.4473298e-002
 -7.6862273e-002
 -6.8331906e-002
 -5.9105338e-002
 -4.9412721e-002
 -3.9492860e-002
 -2.9588928e-002
 -1.9937774e-002
 -1.0753868e-002
 -2.2103280e-003
  5.5795964e-003
  1.2576838e-002
  1.8823272e-002
  2.4438608e-002
  2.9606601e-002
  3.4551560e-002
  3.9507784e-002
  4.4685820e-002
  5.0240134e-002
  5.6242664e-002
  6.2665922e-002
  6.9377894e-002
  7.6149211e-002
  8.2671277e-002
  8.8582499e-002
  9.3498760e-002
  9.7043981e-002
  9.8876968e-002
  9.8711813e-002
  9.6330461e-002
  9.1587638e-002
  8.4409630e-002
  7.4789361e-002
  6.2780510e-002
  4.8493104e-002
  3.2092161e-002
  1.3799738e-002
 -6.1005707e-003
 -2.7258736e-002
 -4.9255710e-002
 -7.1605936e-002
 -9.3767140e-002
 -1.1515845e-001
 -1.3518641e-001
 -1.5327690e-001
 -1.6890967e-001
 -1.8165127e-001
 -1.9118219e-001
 -1.9731439e-001
 -1.9999690e-001
 -1.9930853e-001
 -1.9543894e-001
 -1.8866076e-001
 -1.7929683e-001
 -1.6768715e-001
 -1.5415995e-001
 -1.3901039e-001
 -1.2248901e-001
 -1.0480003e-001
 -8.6108393e-002
 -6.6552581e-002
 -4.6259896e-002
 -2.5360562e-002
 -3.9978186e-003
  1.7667725e-002
  3.9459693e-002
  6.1192273e-002
  8.2678897e-002
  1.0374028e-001
  1.2420893e-001
  1.4392808e-001
  1.6274403e-001
  1.8049281e-001
  1.9698337e-001
  2.1198061e-001
  2.2519248e-001
  2.3626469e-001
  2.4478608e-001
  2.5030590e-001
  2.5236222e-001
  2.5051915e-001
  2.4440834e-001
  2.3376988e-001
  2.1848696e-001
  1.9860978e-001
  1.7436537e-001
  1.4615213e-001
  1.1451988e-001
  8.0138428e-002
  4.3758833e-002
  6.1725352e-003
 -3.1826808e-002
 -6.9474762e-002
 -1.0605839e-001
 -1.4092879e-001
 -1.7350499e-001
 -2.0327195e-001
 -2.2977599e-001
 -2.5262103e-001
 -2.7146855e-001
 -2.8604255e-001
 -2.9613953e-001
 -3.0164179e-001
 -3.0253110e-001
 -2.9889948e-001
 -2.9095341e-001
 -2.7900935e-001
 -2.6347921e-001
 -2.4484654e-001
 -2.2363592e-001
 -2.0037900e-001
 -1.7558200e-001
 -1.4969880e-001
 -1.2311337e-001
 -9.6133616e-002
 -6.8996876e-002
 -4.1885467e-002
 -1.4948957e-002
  1.1671128e-002
  3.7818729e-002
  6.3306832e-002
  8.7909954e-002
  1.1136655e-001
  1.3339051e-001
  1.5368925e-001
  1.7198466e-001
  1.8803294e-001
  2.0163946e-001
  2.1266611e-001
  2.2102998e-001
  2.2669421e-001
  2.2965309e-001
  2.2991516e-001
  2.2748805e-001
  2.2236858e-001
  2.1454092e-001
  2.0398346e-001
  1.9068371e-001
  1.7465865e-001
  1.5597677e-001
  1.3477749e-001
  1.1128382e-001
  8.5805500e-002
  5.8730893e-002
  3.0508411e-002
  1.6196948e-003
 -2.7451585e-002
 -5.6250712e-002
 -8.4378114e-002
 -1.1150700e-001
 -1.3739016e-001
 -1.6185557e-001
 -1.8479210e-001
 -2.0612870e-001
 -2.2581067e-001
 -2.4377780e-001
 -2.5994761e-001
 -2.7420668e-001
 -2.8641051e-001
 -2.9639148e-001
 -3.0397229e-001
 -3.0898181e-001
 -3.1126970e-001
 -3.1071685e-001
 -3.0723969e-001
 -3.0078790e-001
 -2.9133688e-001
 -2.7887725e-001
 -2.6340505e-001
 -2.4491575e-001
 -2.2340519e-001
 -1.9887878e-001
 -1.7136884e-001
 -1.4095813e-001
 -1.0780609e-001
 -7.2173394e-002
 -3.4440179e-002
  4.8859748e-003
  4.5174880e-002
  8.5692076e-002
  1.2562927e-001
  1.6414364e-001
  2.0040139e-001
  2.3362040e-001
  2.6310708e-001
  2.8828363e-001
  3.0870354e-001
  3.2405530e-001
  3.3415587e-001
  3.3893725e-001
  3.3843003e-001
  3.3274779e-001
  3.2207555e-001
  3.0666391e-001
  2.8682890e-001
  2.6295578e-001
  2.3550405e-001
  2.0501005e-001
  1.7208376e-001
  1.3739766e-001
  1.0166652e-001
  6.5619385e-002
  2.9966302e-002
 -4.6359939e-003
 -3.7614865e-002
 -6.8504509e-002
 -9.6957307e-002
 -1.2274217e-001
 -1.4573037e-001
 -1.6587139e-001
 -1.8316308e-001
 -1.9762133e-001
 -2.0925438e-001
 -2.1804623e-001
 -2.2395177e-001
 -2.2690412e-001
 -2.2683245e-001
 -2.2368674e-001
 -2.1746441e-001
 -2.0823374e-001
 -1.9614935e-001
 -1.8145668e-001
 -1.6448424e-001
 -1.4562483e-001
 -1.2530891e-001
 -1.0397449e-001
 -8.2038952e-002
 -5.9877115e-002
 -3.7809326e-002
 -1.6100779e-002
  5.0285173e-003
  2.5385949e-002
  4.4784962e-002
  6.3025153e-002
  7.9878488e-002
  9.5085169e-002
  1.0836078e-001
  1.1941415e-001
  1.2797324e-001
  1.3381465e-001
  1.3679170e-001
  1.3685576e-001
  1.3406714e-001
  1.2859304e-001
  1.2069284e-001
  1.1069281e-001
  9.8954509e-002
  8.5841828e-002
  7.1692058e-002
  5.6795335e-002
  4.1385196e-002
  2.5640877e-002
  9.6997476e-003
 -6.3235749e-003
 -2.2316052e-002
 -3.8147849e-002
 -5.3660905e-002
 -6.8667067e-002
 -8.2956341e-002
 -9.6313670e-002
 -1.0854077e-001
 -1.1947840e-001
 -1.2902420e-001
 -1.3714185e-001
 -1.4385903e-001
 -1.4925370e-001
 -1.5343052e-001
 -1.5649119e-001
 -1.5850412e-001
 -1.5947869e-001
 -1.5934938e-001
 -1.5797292e-001
 -1.5513978e-001
 -1.5059856e-001
 -1.4408976e-001
 -1.3538374e-001
 -1.2431670e-001
 -1.1081934e-001
 -9.4933596e-002
 -7.6815480e-002
 -5.6724127e-002
 -3.4999670e-002
 -1.2034358e-002
  1.1757722e-002
  3.5967034e-002
  6.0206865e-002
  8.4121132e-002
  1.0738166e-001
  1.2967711e-001
  1.5069742e-001
  1.7011885e-001
  1.8759430e-001
  2.0275268e-001
  2.1520948e-001
  2.2458783e-001
  2.3054766e-001
  2.3281829e-001
  2.3122892e-001
  2.2573171e-001
  2.1641282e-001
  2.0348925e-001
  1.8729126e-001
  1.6823324e-001
  1.4677729e-001
  1.2339587e-001
  9.8539169e-002
  7.2612606e-002
  4.5967616e-002
  1.8906405e-002
 -8.3011811e-003
 -3.5392929e-002
 -6.2087335e-002
 -8.8060627e-002
 -1.1293306e-001
 -1.3626811e-001
 -1.5758560e-001
 -1.7638726e-001
 -1.9219060e-001
 -2.0456557e-001
 -2.1316757e-001
 -2.1776131e-001
 -2.1823148e-001
 -2.1457870e-001
 -2.0690212e-001
 -1.9537232e-001
 -1.8020038e-001
 -1.6160918e-001
 -1.3981323e-001
 -1.1501089e-001
 -8.7391042e-002
 -5.7152848e-002
 -2.4534773e-002
  1.0153137e-002
  4.6500669e-002
  8.3979214e-002
  1.2193895e-001
  1.5962391e-001
  1.9620439e-001
  2.3082295e-001
  2.6264787e-001
  2.9092664e-001
  3.1503166e-001
  3.3449203e-001
  3.4900720e-001
  3.5844188e-001
  3.6280422e-001
  3.6221254e-001
  3.5685715e-001
  3.4696465e-001
  3.3277102e-001
  3.1450772e-001
  2.9240230e-001
  2.6669180e-001
  2.3764460e-001
  2.0558462e-001
  1.7091101e-001
  1.3410752e-001
  9.5737579e-002
  5.6424033e-002
  1.6815657e-002
 -2.2454708e-002
 -6.0813536e-002
 -9.7783994e-002
 -1.3301060e-001
 -1.6626646e-001
 -1.9744146e-001
 -2.2651310e-001
 -2.5350495e-001
 -2.7843990e-001
 -3.0129664e-001
 -3.2197691e-001
 -3.4028983e-001
 -3.5595590e-001
 -3.6863030e-001
 -3.7794138e-001
 -3.8353745e-001
 -3.8513381e-001
 -3.8255164e-001
 -3.7574222e-001
 -3.6479241e-001
 -3.4991111e-001
 -3.3139974e-001
 -3.0961273e-001
 -2.8491575e-001
 -2.5764986e-001
 -2.2810810e-001
 -1.9652893e-001
 -1.6310721e-001
 -1.2802001e-001
 -9.1461531e-002
 -5.3679449e-002
 -1.5004639e-002
  2.4132698e-002
  6.3204912e-002
  1.0160777e-001
  1.3869766e-001
  1.7383912e-001
  2.0645477e-001
  2.3606869e-001
  2.6233573e-001
  2.8505132e-001
  3.0413999e-001
  3.1962498e-001
  3.3158436e-001
  3.4010209e-001
  3.4522322e-001
  3.4692187e-001
  3.4508817e-001
  3.3953707e-001
  3.3003773e-001
  3.1635834e-001
  2.9831847e-001
  2.7583949e-001
  2.4898389e-001
  2.1797648e-001
  1.8320371e-001
  1.4519139e-001
  1.0456511e-001
  6.2000833e-002
  1.8174910e-002
 -2.6277485e-002
 -7.0787967e-002
 -1.1486060e-001
 -1.5805753e-001
 -1.9996873e-001
 -2.4017324e-001
 -2.7820147e-001
 -3.1350803e-001
 -3.4546302e-001
 -3.7336630e-001
 -3.9648493e-001
 -4.1410963e-001
 -4.2562203e-001
 -4.3056216e-001
 -4.2868519e-001
 -4.1999752e-001
 -4.0476596e-001
 -3.8349781e-001
 -3.5689487e-001
 -3.2578856e-001
 -2.9106641e-001
 -2.5360174e-001
 -2.1419716e-001
 -1.7354990e-001
 -1.3224281e-001
 -9.0759968e-002
 -4.9521188e-002
 -8.9264591e-003
  3.0600605e-002
  6.8580597e-002
  1.0446544e-001
  1.3764879e-001
  1.6749893e-001
  1.9340879e-001
  2.1485399e-001
  2.3144795e-001
  2.4298330e-001
  2.4945115e-001
  2.5103372e-001
  2.4807073e-001
  2.4100507e-001
  2.3031695e-001
  2.1645835e-001
  1.9979952e-001
  1.8059721e-001
  1.5899025e-001
  1.3502319e-001
  1.0869312e-001
  8.0010553e-002
  4.9062310e-002
  1.6063819e-002
 -1.8609922e-002
 -5.4421646e-002
 -9.0699058e-002
 -1.2668805e-001
 -1.6162300e-001
 -1.9480189e-001
 -2.2565290e-001
 -2.5378057e-001
 -2.7898331e-001
 -3.0123920e-001
 -3.2066308e-001
 -3.3744325e-001
 -3.5176992e-001
 -3.6376929e-001
 -3.7345599e-001
 -3.8071337e-001
 -3.8530563e-001
 -3.8691982e-001
 -3.8522978e-001
 -3.7996985e-001
 -3.7100388e-001
 -3.5837573e-001
 -3.4233075e-001
 -3.2330301e-001
 -3.0186936e-001
 -2.7867810e-001
 -2.5436460e-001
 -2.2946936e-001
 -2.0437373e-001
 -1.7926559e-001
 -1.5414183e-001
 -1.2884788e-001
 -1.0314745e-001
 -7.6809937e-002
 -4.9699152e-002
 -2.1846883e-002
  6.5032029e-003
  3.4890236e-002
  6.2671466e-002
  8.9092779e-002
  1.1338237e-001
  1.3485108e-001
  1.5298150e-001
  1.6748974e-001
  1.7834887e-001
  1.8576984e-001
  1.9014369e-001
  1.9195624e-001
  1.9169155e-001
  1.8974268e-001
  1.8634716e-001
  1.8155992e-001
  1.7526930e-001
  1.6725356e-001
  1.5726738e-001
  1.4514165e-001
  1.3087701e-001
  1.1471194e-001
  9.7150899e-002
  7.8944756e-002
  6.1024997e-002
  4.4401633e-002
  3.0042061e-002
  1.8752076e-002
  1.1080429e-002
  7.2644597e-003
  7.2270870e-003
  1.0626112e-002
  1.6947045e-002
  2.5622374e-002
  3.6154889e-002
  4.8221516e-002
  6.1737292e-002
  7.6866290e-002
  9.3976079e-002
  1.1354306e-001
  1.3602559e-001
  1.6172859e-001
  1.9068568e-001
  2.2258253e-001
  2.5673825e-001
  2.9215120e-001
  3.2760390e-001
  3.6181048e-001
  3.9358153e-001
  4.2197730e-001
  4.4642114e-001
  4.6675174e-001
  4.8320312e-001
  4.9631437e-001
  5.0678434e-001
  5.1529664e-001
  5.2234727e-001
  5.2810708e-001
  5.3234634e-001
  5.3443802e-001
  5.3344220e-001
  5.2825946e-001
  5.1782762e-001
  5.0132745e-001
  4.7835978e-001
  4.4906047e-001
  4.1412922e-001
  3.7476343e-001
  3.3250479e-001
  2.8902249e-001
  2.4586921e-001
  2.0425270e-001
  1.6486417e-001
  1.2779667e-001
  9.2571824e-002
  5.8274558e-002
  2.3776562e-002
 -1.1987375e-002
 -4.9736918e-002
 -8.9607455e-002
 -1.3099955e-001
 -1.7254783e-001
 -2.1222163e-001
 -2.4754783e-001
 -2.7592567e-001
 -2.9498705e-001
 -3.0294664e-001
 -2.9888627e-001
 -2.8292720e-001
 -2.5626083e-001
 -2.2103049e-001
 -1.8008025e-001
 -1.3660813e-001
 -9.3775932e-002
 -5.4334878e-002
 -2.0323068e-002
  7.1209667e-003
  2.7803705e-002
  4.2379103e-002
  5.2129252e-002
  5.8663665e-002
  6.3589909e-002
  6.8211520e-002
  7.3302963e-002
  7.8996812e-002
  8.4798074e-002
