 -2.8478393e-001
 -3.0367371e-001
 -3.2214704e-001
 -3.4153197e-001
 -3.6284050e-001
 -3.8661771e-001
 -4.1286031e-001
 -4.4101493e-001
 -4.7005429e-001
 -4.9861899e-001
 -5.2520327e-001
 -5.4835766e-001
 -5.6687920e-001
 -5.7996278e-001
 -5.8729298e-001
 -5.8906499e-001
 -5.8593364e-001
 -5.7890005e-001
 -5.6915410e-001
 -5.5789726e-001
 -5.4617239e-001
 -5.3472552e-001
 -5.2391952e-001
 -5.1371128e-001
 -5.0369414e-001
 -4.9319771e-001
 -4.8142836e-001
 -4.6762778e-001
 -4.5122443e-001
 -4.3195406e-001
 -4.0992996e-001
 -3.8565200e-001
 -3.5995212e-001
 -3.3388433e-001
 -3.0857544e-001
 -2.8505898e-001
 -2.6411765e-001
 -2.4615856e-001
 -2.3114103e-001
 -2.1856909e-001
 -2.0755151e-001
 -1.9692217e-001
 -1.8540473e-001
 -1.7179872e-001
 -1.5516088e-001
 -1.3495581e-001
 -1.1115389e-001
 -8.4261846e-002
 -5.5280537e-002
 -2.5594635e-002
  3.1914206e-003
  2.9449430e-002
  5.1729034e-002
  6.8937723e-002
  8.0475011e-002
  8.6302836e-002
  8.6942994e-002
  8.3402402e-002
  7.7036786e-002
  6.9371639e-002
  6.1904865e-002
  5.5917700e-002
  5.2318937e-002
  5.1542571e-002
  5.3511311e-002
  5.7669245e-002
  6.3077415e-002
  6.8557682e-002
  7.2863993e-002
  7.4857027e-002
  7.3658353e-002
  6.8763799e-002
  6.0101950e-002
  4.8031768e-002
  3.3281938e-002
  1.6842649e-002
 -1.7323188e-004
 -1.6678863e-002
 -3.1750621e-002
 -4.4734734e-002
 -5.5309325e-002
 -6.3494674e-002
 -6.9612170e-002
 -7.4199822e-002
 -7.7898199e-002
 -8.1324544e-002
 -8.4954036e-002
 -8.9025561e-002
 -9.3485413e-002
 -9.7976477e-002
 -1.0187374e-001
 -1.0436029e-001
 -1.0453236e-001
 -1.0151811e-001
 -9.4593309e-002
 -8.3278062e-002
 -6.7401750e-002
 -4.7128304e-002
 -2.2939668e-002
  4.4188064e-003
  3.4022207e-002
  6.4866695e-002
  9.5972784e-002
  1.2647755e-001
  1.5570442e-001
  1.8320299e-001
  2.0875622e-001
  2.3235697e-001
  2.5416033e-001
  2.7442111e-001
  2.9342721e-001
  3.1143955e-001
  3.2864693e-001
  3.4514141e-001
  3.6091578e-001
  3.7588079e-001
  3.8989696e-001
  4.0281307e-001
  4.1450320e-001
  4.2489470e-001
  4.3398151e-001
  4.4182023e-001
  4.4850985e-001
  4.5415907e-001
  4.5884760e-001
  4.6258940e-001
  4.6530531e-001
  4.6681164e-001
  4.6682827e-001
  4.6500672e-001
  4.6097516e-001
  4.5439431e-001
  4.4501563e-001
  4.3273286e-001
  4.1761804e-001
  3.9993537e-001
  3.8012926e-001
  3.5878689e-001
  3.3657922e-001
  3.1418811e-001
  2.9222920e-001
  2.7118170e-001
  2.5133495e-001
  2.3276009e-001
  2.1531129e-001
  1.9865720e-001
  1.8233875e-001
  1.6584568e-001
  1.4870149e-001
  1.3054493e-001
  1.1119671e-001
  9.0701897e-002
  6.9341887e-002
  4.7613876e-002
  2.6180390e-002
  5.7954602e-003
 -1.2782759e-002
 -2.8881280e-002
 -4.1991678e-002
 -5.1829234e-002
 -5.8364316e-002
 -6.1822374e-002
 -6.2653212e-002
 -6.1474319e-002
 -5.8996413e-002
 -5.5941492e-002
 -5.2964362e-002
 -5.0587717e-002
 -4.9158587e-002
 -4.8830691e-002
 -4.9573430e-002
 -5.1204506e-002
 -5.3439964e-002
 -5.5953330e-002
 -5.8434629e-002
 -6.0640613e-002
 -6.2429298e-002
 -6.3774607e-002
 -6.4760149e-002
 -6.5554394e-002
 -6.6372229e-002
 -6.7429782e-002
 -6.8900138e-002
 -7.0877116e-002
 -7.3352754e-002
 -7.6211787e-002
 -7.9243613e-002
 -8.2169490e-002
 -8.4680375e-002
 -8.6479295e-002
 -8.7321580e-002
 -8.7046853e-002
 -8.5598105e-002
 -8.3025350e-002
 -7.9473836e-002
 -7.5159182e-002
 -7.0333783e-002
 -6.5250020e-002
 -6.0126104e-002
 -5.5119727e-002
 -5.0313238e-002
 -4.5712015e-002
 -4.1255506e-002
 -3.6838292e-002
 -3.2336970e-002
 -2.7637795e-002
 -2.2660059e-002
 -1.7371087e-002
 -1.1790299e-002
 -5.9818297e-003
 -3.7292465e-005
  5.9478759e-003
  1.1899814e-002
  1.7788231e-002
  2.3640278e-002
  2.9542872e-002
  3.5631905e-002
  4.2069049e-002
  4.9009076e-002
  5.6562424e-002
  6.4758898e-002
  7.3518605e-002
  8.2635482e-002
  9.1777154e-002
  1.0050257e-001
  1.0829628e-001
  1.1461553e-001
  1.1894458e-001
  1.2084890e-001
  1.2002202e-001
  1.1631827e-001
  1.0976668e-001
  1.0056348e-001
  8.9043979e-002
  7.5637131e-002
  6.0808689e-002
  4.5000621e-002
  2.8574887e-002
  1.1769312e-002
 -5.3283895e-003
 -2.2784808e-002
 -4.0802578e-002
 -5.9682084e-002
 -7.9768248e-002
 -1.0138957e-001
 -1.2479756e-001
 -1.5011473e-001
 -1.7729784e-001
 -2.0612138e-001
 -2.3618314e-001
 -2.6693096e-001
 -2.9770703e-001
 -3.2780378e-001
 -3.5652417e-001
 -3.8323884e-001
 -4.0743321e-001
 -4.2873943e-001
 -4.4695019e-001
 -4.6201379e-001
 -4.7401272e-001
 -4.8312979e-001
 -4.8960705e-001
 -4.9370380e-001
 -4.9565897e-001
 -4.9566252e-001
 -4.9383854e-001
 -4.9024083e-001
 -4.8485997e-001
 -4.7763894e-001
 -4.6849379e-001
 -4.5733504e-001
 -4.4408633e-001
 -4.2869734e-001
 -4.1114962e-001
 -3.9145557e-001
 -3.6965181e-001
 -3.4578967e-001
 -3.1992574e-001
 -2.9211544e-001
 -2.6241186e-001
 -2.3087102e-001
 -1.9756335e-001
 -1.6258972e-001
 -1.2609925e-001
 -8.8305665e-002
 -4.9498526e-002
 -1.0046429e-002
  2.9609626e-002
  6.8973151e-002
  1.0751811e-001
  1.4472109e-001
  1.8009583e-001
  2.1322552e-001
  2.4378845e-001
  2.7157337e-001
  2.9648224e-001
  3.1851979e-001
  3.3777131e-001
  3.5437177e-001
  3.6847062e-001
  3.8019759e-001
  3.8963434e-001
  3.9679631e-001
  4.0162768e-001
  4.0401003e-001
  4.0378384e-001
  4.0077943e-001
  3.9485302e-001
  3.8592225e-001
  3.7399593e-001
  3.5919318e-001
  3.4174897e-001
  3.2200461e-001
  3.0038436e-001
  2.7736094e-001
  2.5341476e-001
  2.2899228e-001
  2.0446934e-001
  1.8012452e-001
  1.5612620e-001
  1.3253499e-001
  1.0932111e-001
  8.6394085e-002
  6.3640422e-002
  4.0963717e-002
  1.8321469e-002
 -4.2467902e-003
 -2.6604070e-002
 -4.8515442e-002
 -6.9662599e-002
 -8.9671408e-002
 -1.0814861e-001
 -1.2472254e-001
 -1.3908230e-001
 -1.5100990e-001
 -1.6040132e-001
 -1.6727349e-001
 -1.7175679e-001
 -1.7407412e-001
 -1.7450978e-001
 -1.7337250e-001
 -1.7095772e-001
 -1.6751402e-001
 -1.6321810e-001
 -1.5816094e-001
 -1.5234669e-001
 -1.4570348e-001
 -1.3810414e-001
 -1.2939349e-001
 -1.1941802e-001
 -1.0805409e-001
 -9.5230743e-002
 -8.0944927e-002
 -6.5267505e-002
 -4.8340383e-002
 -3.0366001e-002
 -1.1591473e-002
  7.7098450e-003
  2.7256618e-002
  4.6775301e-002
  6.6011915e-002
  8.4739266e-002
  1.0276005e-001
  1.1990702e-001
  1.3604192e-001
  1.5105491e-001
  1.6486579e-001
  1.7742792e-001
  1.8873453e-001
  1.9882644e-001
  2.0779953e-001
  2.1580953e-001
  2.2307217e-001
  2.2985668e-001
  2.3647185e-001
  2.4324484e-001
  2.5049410e-001
  2.5849906e-001
  2.6747008e-001
  2.7752260e-001
  2.8865914e-001
  3.0076225e-001
  3.1360024e-001
  3.2684588e-001
  3.4010659e-001
  3.5296305e-001
  3.6501171e-001
  3.7590635e-001
  3.8539320e-001
  3.9333539e-001
  3.9972323e-001
  4.0466904e-001
  4.0838673e-001
  4.1115890e-001
  4.1329519e-001
  4.1508742e-001
  4.1676701e-001
  4.1847000e-001
  4.2021416e-001
  4.2189076e-001
  4.2327189e-001
  4.2403208e-001
  4.2378123e-001
  4.2210438e-001
  4.1860318e-001
  4.1293390e-001
  4.0483743e-001
  3.9415790e-001
  3.8084851e-001
  3.6496443e-001
  3.4664506e-001
  3.2608845e-001
  3.0352228e-001
  2.7917555e-001
  2.5325489e-001
  2.2592839e-001
  1.9731859e-001
  1.6750479e-001
  1.3653338e-001
  1.0443377e-001
  7.1236837e-002
  3.6992680e-002
  1.7847094e-003
 -3.4261976e-002
 -7.0978929e-002
 -1.0815920e-001
 -1.4556735e-001
 -1.8295251e-001
 -2.2006182e-001
 -2.5665183e-001
 -2.9249568e-001
 -3.2738486e-001
 -3.6112552e-001
 -3.9353008e-001
 -4.2440604e-001
 -4.5354442e-001
 -4.8071047e-001
 -5.0563890e-001
 -5.2803522e-001
 -5.4758396e-001
 -5.6396309e-001
 -5.7686316e-001
 -5.8600861e-001
 -5.9117841e-001
 -5.9222297e-001
 -5.8907497e-001
 -5.8175247e-001
 -5.7035378e-001
 -5.5504506e-001
 -5.3604247e-001
 -5.1359171e-001
 -4.8794826e-001
 -4.5936129e-001
 -4.2806386e-001
 -3.9427086e-001
 -3.5818475e-001
 -3.2000802e-001
 -2.7995987e-001
 -2.3829385e-001
 -1.9531277e-001
 -1.5137759e-001
 -1.0690763e-001
 -6.2370750e-002
 -1.8263789e-002
  2.4914888e-002
  6.6697519e-002
  1.0667943e-001
  1.4454722e-001
  1.8009823e-001
  2.1324776e-001
  2.4402217e-001
  2.7253763e-001
  2.9896640e-001
  3.2349442e-001
  3.4627507e-001
  3.6738521e-001
  3.8678893e-001
  4.0431449e-001
  4.1964760e-001
  4.3234292e-001
  4.4185304e-001
  4.4757208e-001
  4.4888939e-001
  4.4524732e-001
  4.3619666e-001
  4.2144358e-001
  4.0088296e-001
  3.7461474e-001
  3.4294188e-001
  3.0635072e-001
  2.6547672e-001
  2.2105994e-001
  1.7389571e-001
  1.2478617e-001
  7.4497869e-002
  2.3729521e-002
 -2.6907617e-002
 -7.6896033e-002
 -1.2580605e-001
 -1.7328031e-001
 -2.1901246e-001
 -2.6272408e-001
 -3.0414414e-001
 -3.4299432e-001
 -3.7898246e-001
 -4.1180526e-001
 -4.4115970e-001
 -4.6676139e-001
 -4.8836739e-001
 -5.0580008e-001
 -5.1896904e-001
 -5.2788784e-001
 -5.3268370e-001
 -5.3359881e-001
 -5.3098296e-001
 -5.2527838e-001
 -5.1699821e-001
 -5.0670053e-001
 -4.9496019e-001
 -4.8234042e-001
 -4.6936605e-001
 -4.5649966e-001
 -4.4412146e-001
 -4.3251351e-001
 -4.2184843e-001
 -4.1218263e-001
 -4.0345430e-001
 -3.9548617e-001
 -3.8799329e-001
 -3.8059630e-001
 -3.7284003e-001
 -3.6421766e-001
 -3.5419952e-001
 -3.4226583e-001
 -3.2794120e-001
 -3.1082903e-001
 -2.9064277e-001
 -2.6723150e-001
 -2.4059712e-001
 -2.1090109e-001
 -1.7845965e-001
 -1.4372744e-001
 -1.0727062e-001
 -6.9731991e-002
 -3.1791175e-002
  5.8761623e-003
  4.2636133e-002
  7.7927936e-002
  1.1128590e-001
  1.4235075e-001
  1.7086998e-001
  1.9668864e-001
  2.1973308e-001
  2.3999102e-001
  2.5749175e-001
  2.7228999e-001
  2.8445615e-001
  2.9407482e-001
  3.0125133e-001
  3.0612543e-001
  3.0888901e-001
  3.0980445e-001
  3.0921939e-001
  3.0757394e-001
  3.0539721e-001
  3.0329129e-001
  3.0190246e-001
  3.0188126e-001
  3.0383447e-001
  3.0827381e-001
  3.1556629e-001
  3.2589191e-001
  3.3921327e-001
  3.5526079e-001
  3.7353544e-001
  3.9332914e-001
  4.1376083e-001
  4.3382495e-001
  4.5244768e-001
  4.6854581e-001
  4.8108308e-001
  4.8911992e-001
  4.9185305e-001
  4.8864368e-001
  4.7903376e-001
  4.6275183e-001
  4.3971060e-001
  4.0999897e-001
  3.7387147e-001
  3.3173715e-001
  2.8414956e-001
  2.3179784e-001
  1.7549828e-001
  1.1618458e-001
  5.4894606e-002
 -7.2486071e-003
 -6.9063281e-002
 -1.2934356e-001
 -1.8690186e-001
 -2.4061700e-001
 -2.8948485e-001
 -3.3266738e-001
 -3.6953524e-001
 -3.9969946e-001
 -4.2302843e-001
 -4.3964745e-001
 -4.4992039e-001
 -4.5441415e-001
 -4.5384920e-001
 -4.4904042e-001
 -4.4083371e-001
 -4.3004429e-001
 -4.1740190e-001
 -4.0350758e-001
 -3.8880481e-001
 -3.7356626e-001
 -3.5789538e-001
 -3.4174069e-001
 -3.2491915e-001
 -3.0714461e-001
 -2.8805719e-001
 -2.6725024e-001
 -2.4429258e-001
 -2.1874490e-001
 -1.9017105e-001
 -1.5814584e-001
 -1.2226194e-001
 -8.2138735e-002
 -3.7435661e-002
  1.2128312e-002
  6.6748741e-002
  1.2650454e-001
  1.9132429e-001
  2.6095399e-001
  3.3493106e-001
  4.1256911e-001
  4.9295804e-001
  5.7498183e-001
  6.5735541e-001
  7.3867910e-001
  8.1750751e-001
  8.9242729e-001
  9.6213720e-001
  1.0255230e+000
  1.0817199e+000
  1.1301562e+000
  1.1705737e+000
  1.2030229e+000
  1.2278332e+000
  1.2455609e+000
  1.2569205e+000
  1.2627065e+000
  1.2637126e+000
  1.2606570e+000
  1.2541206e+000
  1.2445023e+000
  1.2319971e+000
  1.2165957e+000
  1.1981053e+000
  1.1761880e+000
  1.1504118e+000
  1.1203075e+000
  1.0854261e+000
  1.0453900e+000
  9.9993375e-001
  9.4893047e-001
  8.9240243e-001
  8.3051598e-001
  7.6356230e-001
  6.9192711e-001
  6.1605315e-001
  5.3639992e-001
  4.5340494e-001
  3.6745054e-001
  2.7883947e-001
  1.8778136e-001
  9.4391536e-002
 -1.2981644e-003
 -9.9317289e-002
 -1.9972553e-001
 -3.0257498e-001
 -4.0786916e-001
 -5.1552238e-001
 -6.2532300e-001
 -7.3690398e-001
 -8.4972368e-001
 -9.6305907e-001
 -1.0760126e+000
 -1.1875332e+000
 -1.2964500e+000
 -1.4015168e+000
 -1.5014650e+000
 -1.5950589e+000
 -1.6811512e+000
 -1.7587323e+000
 -1.8269702e+000
 -1.8852364e+000
 -1.9331173e+000
 -1.9704081e+000
 -1.9970928e+000
 -2.0133100e+000
 -2.0193113e+000
 -2.0154149e+000
 -2.0019613e+000
 -1.9792750e+000
 -1.9476374e+000
 -1.9072722e+000
 -1.8583461e+000
 -1.8009815e+000
 -1.7352807e+000
 -1.6613551e+000
 -1.5793557e+000
 -1.4894994e+000
 -1.3920862e+000
 -1.2875041e+000
 -1.1762211e+000
 -1.0587650e+000
 -9.3569418e-001
 -8.0756445e-001
 -6.7489844e-001
 -5.3816370e-001
 -3.9776551e-001
 -2.5405829e-001
 -1.0737729e-001
  4.1910726e-002
  1.9334242e-001
  3.4628542e-001
  4.9986779e-001
  6.5291960e-001
  8.0393636e-001
  9.5107275e-001
  1.0921721e+000
  1.2248333e+000
  1.3465132e+000
  1.4546572e+000
  1.5468490e+000
  1.6209661e+000
  1.6753273e+000
  1.7088187e+000
  1.7209866e+000
  1.7120881e+000
  1.6830966e+000
  1.6356609e+000
  1.5720239e+000
  1.4949094e+000
  1.4073892e+000
  1.3127428e+000
  1.2143228e+000
  1.1154370e+000
  1.0192546e+000
  9.2874096e-001
  8.4661921e-001
  7.7535582e-001
  7.1716112e-001
  6.7399580e-001
  6.4757332e-001
  6.3934910e-001
  6.5049034e-001
  6.8182359e-001
  7.3376138e-001
  8.0621348e-001
  8.9849180e-001
  1.0092204e+000
  1.1362634e+000
  1.2766822e+000
  1.4267329e+000
  1.5819094e+000
  1.7370352e+000
  1.8864005e+000
  2.0239394e+000
  2.1434346e+000
  2.2387382e+000
  2.3039934e+000
  2.3338453e+000
  2.3236263e+000
  2.2695109e+000
  2.1686320e+000
  2.0191601e+000
  1.8203454e+000
  1.5725308e+000
  1.2771389e+000
  9.3664338e-001
  5.5452787e-001
  1.3523781e-001
 -3.1587409e-001
 -7.9261013e-001
 -1.2880017e+000
 -1.7944010e+000
 -2.3035959e+000
 -2.8069552e+000
 -3.2956051e+000
 -3.7606406e+000
 -4.1933645e+000
 -4.5855495e+000
 -4.9297094e+000
 -5.2193654e+000
 -5.4492901e+000
 -5.6157127e+000
 -5.7164683e+000
 -5.7510799e+000
 -5.7207635e+000
 -5.6283545e+000
 -5.4781572e+000
 -5.2757285e+000
 -5.0276076e+000
 -4.7410116e+000
 -4.4235163e+000
 -4.0827433e+000
 -3.7260735e+000
 -3.3604023e+000
 -2.9919494e+000
 -2.6261302e+000
 -2.2674892e+000
 -1.9196923e+000
 -1.5855690e+000
 -1.2671937e+000
 -9.6599107e-001
 -6.8285203e-001
 -4.1824835e-001
 -1.7233408e-001
  5.4972530e-002
  2.6393017e-001
  4.5493842e-001
  6.2852057e-001
  7.8531934e-001
  9.2609780e-001
  1.0517377e+000
  1.1632285e+000
  1.2616427e+000
  1.3480954e+000
  1.4236895e+000
  1.4894514e+000
  1.5462640e+000
  1.5948065e+000
  1.6355098e+000
  1.6685376e+000
  1.6937989e+000
  1.7109969e+000
  1.7197134e+000
  1.7195254e+000
  1.7101438e+000
  1.6915635e+000
  1.6642095e+000
  1.6290625e+000
  1.5877505e+000
  1.5425904e+000
  1.4965738e+000
  1.4532898e+000
  1.4167886e+000
  1.3913922e+000
  1.3814661e+000
  1.3911690e+000
  1.4242003e+000
  1.4835675e+000
  1.5713909e+000
  1.6887635e+000
  1.8356754e+000
  2.0110073e+000
  2.2125913e+000
  2.4373295e+000
  2.6813559e+000
  2.9402236e+000
  3.2090984e+000
  3.4829383e+000
  3.7566439e+000
  4.0251698e+000
  4.2835906e+000
  4.5271246e+000
  4.7511246e+000
  4.9510490e+000
  5.1224309e+000
  5.2608637e+000
  5.3620190e+000
  5.4217116e+000
  5.4360144e+000
  5.4014249e+000
  5.3150728e+000
  5.1749511e+000
  4.9801513e+000
  4.7310732e+000
  4.4295866e+000
  4.0791194e+000
  3.6846553e+000
  3.2526313e+000
  2.7907353e+000
  2.3076122e+000
  1.8125004e+000
  1.3148230e+000
  8.2376715e-001
  3.4788420e-001
 -1.0525836e-001
 -5.2934585e-001
 -9.1948908e-001
 -1.2722914e+000
 -1.5858128e+000
 -1.8594415e+000
 -2.0936951e+000
 -2.2899751e+000
 -2.4503046e+000
 -2.5770766e+000
 -2.6728361e+000
 -2.7401154e+000
 -2.7813296e+000
 -2.7987354e+000
 -2.7944441e+000
 -2.7704756e+000
 -2.7288345e+000
 -2.6715889e+000
 -2.6009315e+000
 -2.5192097e+000
 -2.4289149e+000
 -2.3326279e+000
 -2.2329272e+000
 -2.1322699e+000
 -2.0328616e+000
 -1.9365339e+000
 -1.8446470e+000
 -1.7580320e+000
 -1.6769850e+000
 -1.6013151e+000
 -1.5304433e+000
 -1.4635441e+000
 -1.3997134e+000
 -1.3381433e+000
 -1.2782866e+000
 -1.2199882e+000
 -1.1635727e+000
 -1.1098741e+000
 -1.0602078e+000
 -1.0162854e+000
 -9.8008425e-001
 -9.5368373e-001
 -9.3908848e-001
 -9.3805515e-001
 -9.5194095e-001
 -9.8158816e-001
 -1.0272542e+000
 -1.0885915e+000
 -1.1646764e+000
 -1.2540797e+000
 -1.3549703e+000
 -1.4652379e+000
 -1.5826222e+000
 -1.7048352e+000
 -1.8296668e+000
 -1.9550658e+000
 -2.0791922e+000
 -2.2004408e+000
 -2.3174383e+000
 -2.4290194e+000
 -2.5341873e+000
 -2.6320666e+000
 -2.7218544e+000
 -2.8027743e+000
 -2.8740390e+000
 -2.9348217e+000
 -2.9842404e+000
 -3.0213532e+000
 -3.0451651e+000
 -3.0546477e+000
 -3.0487680e+000
 -3.0265292e+000
 -2.9870211e+000
 -2.9294797e+000
 -2.8533543e+000
 -2.7583784e+000
 -2.6446417e+000
 -2.5126554e+000
 -2.3634070e+000
 -2.1983952e+000
 -2.0196395e+000
 -1.8296596e+000
 -1.6314203e+000
 -1.4282419e+000
 -1.2236806e+000
 -1.0213827e+000
 -8.2492577e-001
 -6.3765534e-001
 -4.6253274e-001
 -3.0200551e-001
 -1.5791183e-001
 -3.1426697e-002
  7.6946433e-002
  1.6733956e-001
  2.4044539e-001
  2.9741372e-001
  3.3973160e-001
  3.6910142e-001
  3.8733043e-001
  3.9624315e-001
  3.9762435e-001
  3.9319565e-001
  3.8462357e-001
  3.7355209e-001
  3.6164901e-001
  3.5065287e-001
  3.4240682e-001
  3.3886754e-001
  3.4208025e-001
  3.5411617e-001
  3.7697396e-001
  4.1245270e-001
  4.6200864e-001
  5.2661173e-001
  6.0661959e-001
  7.0168577e-001
  8.1071664e-001
  9.3188634e-001
  1.0627131e+000
  1.2001937e+000
  1.3409858e+000
  1.4816231e+000
  1.6187433e+000
  1.7493086e+000
  1.8707977e+000
  1.9813523e+000
  2.0798664e+000
  2.1660110e+000
  2.2401971e+000
  2.3034826e+000
  2.3574374e+000
  2.4039830e+000
  2.4452243e+000
  2.4832922e+000
  2.5202120e+000
  2.5578073e+000
  2.5976448e+000
  2.6410204e+000
  2.6889783e+000
  2.7423549e+000
  2.8018333e+000
  2.8679954e+000
  2.9413588e+000
  3.0223885e+000
  3.1114794e+000
  3.2089075e+000
  3.3147544e+000
  3.4288131e+000
  3.5504876e+000
  3.6786964e+000
  3.8117946e+000
  3.9475245e+000
  4.0830021e+000
  4.2147439e+000
  4.3387336e+000
  4.4505252e+000
  4.5453748e+000
  4.6183923e+000
  4.6647034e+000
  4.6796113e+000
  4.6587517e+000
  4.5982327e+000
  4.4947581e+000
  4.3457327e+000
  4.1493485e+000
  3.9046562e+000
  3.6116233e+000
  3.2711802e+000
  2.8852557e+000
  2.4568018e+000
  1.9898041e+000
  1.4892745e+000
  9.6122203e-001
  4.1259670e-001
 -1.4879835e-001
 -7.1442814e-001
 -1.2751821e+000
 -1.8215629e+000
 -2.3439053e+000
 -2.8326158e+000
 -3.2784294e+000
 -3.6726704e+000
 -4.0075109e+000
 -4.2762163e+000
 -4.4733713e+000
 -4.5950780e+000
 -4.6391210e+000
 -4.6050946e+000
 -4.4944888e+000
 -4.3107287e+000
 -4.0591654e+000
 -3.7470137e+000
 -3.3832336e+000
 -2.9783521e+000
 -2.5442234e+000
 -2.0937276e+000
 -1.6404112e+000
 -1.1980758e+000
 -7.8032576e-001
 -4.0009136e-001
 -6.9146636e-002
  2.0235446e-001
  4.0629840e-001
  5.3696339e-001
  5.9127804e-001
  5.6896804e-001
  4.7257733e-001
  3.0735792e-001
  8.1031224e-002
 -1.9656774e-001
 -5.1394370e-001
 -8.5846574e-001
 -1.2169325e+000
 -1.5761447e+000
 -1.9234531e+000
 -2.2472519e+000
 -2.5373942e+000
 -2.7855125e+000
 -2.9852352e+000
 -3.1322962e+000
 -3.2245465e+000
 -3.2618753e+000
 -3.2460597e+000
 -3.1805573e+000
 -3.0702607e+000
 -2.9212290e+000
 -2.7404081e+000
 -2.5353505e+000
 -2.3139393e+000
 -2.0841201e+000
 -1.8536423e+000
 -1.6298108e+000
 -1.4192494e+000
 -1.2276797e+000
 -1.0597212e+000
 -9.1871976e-001
 -8.0661509e-001
 -7.2385713e-001
 -6.6938130e-001
 -6.4065053e-001
 -6.3376844e-001
 -6.4366307e-001
 -6.6433560e-001
 -6.8916255e-001
 -7.1123548e-001
 -7.2371794e-001
 -7.2019799e-001
 -6.9501380e-001
 -6.4353240e-001
 -5.6236508e-001
 -4.4950857e-001
 -3.0440704e-001
 -1.2793673e-001
  7.7679256e-002
  3.0901327e-001
  5.6161692e-001
  8.3022895e-001
  1.1089904e+000
  1.3916525e+000
  1.6717662e+000
  1.9428469e+000
  2.1985121e+000
  2.4325939e+000
  2.6392323e+000
  2.8129563e+000
  2.9487611e+000
  3.0421882e+000
  3.0894141e+000
  3.0873493e+000
  3.0337469e+000
  2.9273161e+000
  2.7678336e+000
  2.5562447e+000
  2.2947422e+000
  1.9868159e+000
  1.6372623e+000
  1.2521500e+000
  8.3873573e-001
  4.0533124e-001
 -3.8877590e-002
 -4.8405443e-001
 -9.1997283e-001
 -1.3363053e+000
 -1.7229323e+000
 -2.0702608e+000
 -2.3695439e+000
 -2.6131897e+000
 -2.7950490e+000
 -2.9106714e+000
 -2.9575174e+000
 -2.9351154e+000
 -2.8451533e+000
 -2.6914925e+000
 -2.4800997e+000
 -2.2188878e+000
 -1.9174682e+000
 -1.5868169e+000
 -1.2388647e+000
 -8.8602635e-001
 -5.4069047e-001
 -2.1469384e-001
  8.1190744e-002
  3.3772497e-001
  5.4760596e-001
  7.0577355e-001
  8.0960541e-001
  8.5898839e-001
  8.5626292e-001
  8.0604536e-001
  7.1494147e-001
  5.9117057e-001
  4.4412507e-001
  2.8389254e-001
  1.2076811e-001
 -3.5217258e-002
 -1.7473026e-001
 -2.8951365e-001
 -3.7269785e-001
 -4.1903996e-001
 -4.2508888e-001
 -3.8927929e-001
 -3.1195928e-001
 -1.9535728e-001
 -4.3493760e-002
  1.3795838e-001
  3.4186193e-001
  5.5985082e-001
  7.8261201e-001
  1.0002123e+000
  1.2024666e+000
  1.3793415e+000
  1.5213824e+000
  1.6201501e+000
  1.6686473e+000
  1.6617103e+000
  1.5963451e+000
  1.4719794e+000
  1.2906123e+000
  1.0568435e+000
  7.7777362e-001
  4.6277345e-001
  1.2313170e-001
 -2.2840232e-001
 -5.7815595e-001
 -9.1211965e-001
 -1.2165488e+000
 -1.4785462e+000
 -1.6865942e+000
 -1.8310088e+000
 -1.9042965e+000
 -1.9014029e+000
 -1.8198491e+000
 -1.6597605e+000
 -1.4238001e+000
 -1.1170199e+000
 -7.4664855e-001
 -3.2183208e-001
  1.4665715e-001
  6.4673235e-001
  1.1653170e+000
  1.6886793e+000
  2.2027750e+000
  2.6936009e+000
  3.1475593e+000
  3.5518325e+000
  3.8947639e+000
  4.1662380e+000
  4.3580448e+000
  4.4642142e+000
  4.4812983e+000
  4.4085835e+000
  4.2482097e+000
  4.0051826e+000
  3.6872664e+000
  3.3047533e+000
  2.8701150e+000
  2.3975457e+000
  1.9024204e+000
  1.4006916e+000
  9.0825653e-001
  4.4032824e-001
  1.0841015e-002
 -3.6807920e-001
 -6.8655564e-001
 -9.3729448e-001
 -1.1158003e+000
 -1.2204696e+000
 -1.2525641e+000
 -1.2160729e+000
 -1.1174744e+000
 -9.6541517e-001
 -7.7031928e-001
 -5.4394812e-001
 -2.9892531e-001
 -4.8243471e-002
  1.9523210e-001
  4.1924844e-001
  6.1262427e-001
  7.6566963e-001
  8.7055179e-001
  9.2159376e-001
  9.1549237e-001
  8.5144473e-001
  7.3117429e-001
  5.5885147e-001
  3.4090858e-001
  8.5753948e-002
 -1.9660390e-001
 -4.9500562e-001
 -7.9764273e-001
 -1.0925866e+000
 -1.3683177e+000
 -1.6142277e+000
 -1.8210691e+000
 -1.9813298e+000
 -2.0895172e+000
 -2.1423392e+000
 -2.1387797e+000
 -2.0800703e+000
 -1.9695670e+000
 -1.8125440e+000
 -1.6159224e+000
 -1.3879503e+000
 -1.1378522e+000
 -8.7546621e-001
 -6.1088130e-001
 -3.5408836e-001
 -1.1465299e-001
  9.8582910e-002
  2.7776659e-001
  4.1626367e-001
  5.0884881e-001
  5.5185537e-001
  5.4328167e-001
  4.8285075e-001
  3.7202086e-001
  2.1394404e-001
  1.3371179e-002
 -2.2349630e-001
 -4.8920579e-001
 -7.7529900e-001
 -1.0725959e+000
 -1.3715066e+000
 -1.6623595e+000
 -1.9357316e+000
 -2.1827668e+000
 -2.3954703e+000
 -2.5669661e+000
 -2.6917090e+000
 -2.7656448e+000
 -2.7863156e+000
 -2.7529094e+000
 -2.6662559e+000
 -2.5287741e+000
 -2.3443746e+000
 -2.1183241e+000
 -1.8570772e+000
 -1.5680794e+000
 -1.2595474e+000
 -9.4022908e-001
 -6.1914762e-001
 -3.0533266e-001
 -7.5440801e-003
  2.6600657e-001
  5.0792924e-001
  7.1191438e-001
  8.7296740e-001
  9.8760728e-001
  1.0540182e+000
  1.0721434e+000
  1.0437129e+000
  9.7219884e-001
  8.6269617e-001
  7.2173073e-001
  5.5700030e-001
  3.7705916e-001
  1.9095988e-001
  7.8688431e-003
 -1.6332585e-001
 -3.1439542e-001
 -4.3812182e-001
 -5.2860282e-001
 -5.8149682e-001
 -5.9419634e-001
 -5.6592321e-001
 -4.9774213e-001
 -3.9249323e-001
 -2.5464764e-001
 -9.0093453e-002
  9.4137955e-002
  2.9019294e-001
  4.8974997e-001
  6.8439218e-001
  8.6598208e-001
  1.0270223e+000
  1.1609864e+000
  1.2626055e+000
  1.3280963e+000
  1.3553204e+000
  1.3438669e+000
  1.2950527e+000
  1.2118408e+000
  1.0986796e+000
  9.6127175e-001
  8.0628356e-001
  6.4101077e-001
  4.7301842e-001
  3.0977403e-001
  1.5829366e-001
  2.4819316e-002
 -8.5456127e-002
 -1.6860347e-001
 -2.2210245e-001
 -2.4491319e-001
 -2.3747398e-001
 -2.0162954e-001
 -1.4049763e-001
 -5.8284296e-002
  3.9940073e-002
  1.4849115e-001
  2.6133503e-001
  3.7235490e-001
  4.7561003e-001
  5.6557848e-001
  6.3737676e-001
  6.8695111e-001
  7.1123617e-001
  7.0827751e-001
  6.7731533e-001
  6.1882645e-001
  5.3452276e-001
  4.2730418e-001
  3.0116560e-001
  1.6105835e-001
  1.2708596e-002
 -1.3760282e-001
 -2.8329194e-001
 -4.1774547e-001
 -5.3460510e-001
 -6.2804935e-001
 -6.9305894e-001
 -7.2565197e-001
 -7.2307621e-001
 -6.8394800e-001
 -6.0833028e-001
 -4.9774591e-001
 -3.5512599e-001
 -1.8469719e-001
  8.1849852e-003
  2.1724691e-001
  4.3554007e-001
  6.5570414e-001
  8.7023758e-001
  1.0717643e+000
  1.2532870e+000
  1.4084188e+000
  1.5315887e+000
  1.6182157e+000
  1.6648516e+000
  1.6692892e+000
  1.6306373e+000
  1.5493606e+000
  1.4272855e+000
  1.2675687e+000
  1.0746287e+000
  8.5403791e-001
  6.1237579e-001
  3.5704176e-001
  9.6031321e-002
 -1.6232088e-001
 -4.0962412e-001
 -6.3773131e-001
 -8.3904382e-001
 -1.0068078e+000
 -1.1353877e+000
 -1.2205031e+000
 -1.2594148e+000
 -1.2510500e+000
 -1.1960583e+000
 -1.0967950e+000
 -9.5722964e-001
 -7.8278740e-001
 -5.8012775e-001
 -3.5687421e-001
 -1.2130769e-001
  1.1796090e-001
  3.5232355e-001
  5.7349823e-001
  7.7382882e-001
  9.4655038e-001
  1.0860108e+000
  1.1878427e+000
  1.2490820e+000
  1.2682325e+000
  1.2452765e+000
  1.1816358e+000
  1.0800854e+000
  9.4462693e-001
  7.8032487e-001
  5.9311420e-001
  3.8958383e-001
  1.7674333e-001
 -3.8220370e-002
 -2.4818929e-001
 -4.4635635e-001
 -6.2645538e-001
 -7.8297178e-001
 -9.1132662e-001
 -1.0080273e+000
 -1.0707794e+000
 -1.0985542e+000
 -1.0916106e+000
 -1.0514685e+000
 -9.8083564e-001
 -8.8349039e-001
 -7.6412567e-001
 -6.2816014e-001
 -4.8152487e-001
 -3.3043442e-001
 -1.8115155e-001
 -3.9755125e-002
  8.8079950e-002
  1.9728271e-001
  2.8355912e-001
  3.4353268e-001
  3.7484875e-001
  3.7624036e-001
  3.4755472e-001
  2.8974101e-001
  2.0480156e-001
  9.5709161e-002
 -3.3705697e-002
 -1.7889313e-001
 -3.3474296e-001
 -4.9575944e-001
 -6.5624613e-001
 -8.1049559e-001
 -9.5297837e-001
 -1.0785259e+000
 -1.1825021e+000
 -1.2609584e+000
 -1.3107677e+000
 -1.3297329e+000
 -1.3166658e+000
 -1.2714340e+000
 -1.1949723e+000
 -1.0892588e+000
 -9.5725420e-001
 -8.0280614e-001
 -6.3052045e-001
 -4.4560354e-001
 -2.5368054e-001
 -6.0595651e-002
  1.2779821e-001
  3.0585226e-001
  4.6832901e-001
  6.1059502e-001
  7.2879121e-001
  8.1997325e-001
  8.8221591e-001
  9.1467634e-001
  9.1761369e-001
  8.9236368e-001
  8.4126948e-001
  7.6757194e-001
  6.7526400e-001
  5.6891614e-001
  4.5348069e-001
  3.3408375e-001
  2.1581413e-001
  1.0351834e-001
  1.6104528e-003
 -8.6095330e-002
 -1.5652294e-001
 -2.0743839e-001
 -2.3751601e-001
 -2.4636549e-001
 -2.3451973e-001
 -2.0338533e-001
 -1.5515916e-001
 -9.2715296e-002
 -1.9468188e-002
  6.0781888e-002
  1.4401426e-001
  2.2615736e-001
  3.0325573e-001
  3.7162801e-001
  4.2801050e-001
  4.6968127e-001
  4.9456091e-001
  5.0128689e-001
  4.8925980e-001
  4.5866044e-001
  4.1043791e-001
  3.4626990e-001
  2.6849697e-001
  1.8003345e-001
  8.4258265e-002
 -1.5110643e-002
 -1.1415410e-001
 -2.0889732e-001
 -2.9545867e-001
 -3.7019673e-001
 -4.2985097e-001
 -4.7167088e-001
 -4.9352921e-001
 -4.9401452e-001
 -4.7249924e-001
 -4.2917963e-001
 -3.6508507e-001
 -2.8205512e-001
 -1.8268385e-001
 -7.0232491e-002
  5.1487071e-002
  1.7825394e-001
  3.0559963e-001
  4.2898241e-001
  5.4396708e-001
  6.4640186e-001
  7.3258403e-001
  7.9940664e-001
  8.4447900e-001
  8.6621556e-001
  8.6388907e-001
  8.3764631e-001
  7.8848620e-001
  7.1820273e-001
  6.2929643e-001
  5.2485982e-001
  4.0844332e-001
  2.8390851e-001
  1.5527591e-001
  2.6573862e-002
 -9.8305435e-002
 -2.1573768e-001
 -3.2248217e-001
 -4.1577861e-001
 -4.9342308e-001
 -5.5382239e-001
 -5.9602634e-001
 -6.1973805e-001
 -6.2530286e-001
 -6.1367651e-001
 -5.8637334e-001
 -5.4539587e-001
 -4.9314724e-001
 -4.3232876e-001
 -3.6582540e-001
 -2.9658286e-001
 -2.2748088e-001
 -1.6120803e-001
 -1.0014377e-001
 -4.6253928e-002
 -1.0054409e-003
  3.4694270e-002
  6.0529230e-002
  7.6775416e-002
  8.4269072e-002
  8.4344043e-002
  7.8741415e-002
  6.9496621e-002
  5.8810718e-002
  4.8913617e-002
  4.1927526e-002
  3.9738779e-002
  4.3885449e-002
  5.5466941e-002
  7.5080073e-002
  1.0278429e-001
  1.3809667e-001
  1.8001552e-001
  2.2706981e-001
  2.7739019e-001
  3.2879695e-001
  3.7889939e-001
  4.2520140e-001
  4.6520826e-001
  4.9653041e-001
  5.1698047e-001
  5.2466065e-001
  5.1803858e-001
  4.9600984e-001
  4.5794631e-001
  4.0372956e-001
  3.3376880e-001
  2.4900309e-001
  1.5088764e-001
  4.1364187e-002
 -7.7184171e-002
 -2.0199315e-001
 -3.2999122e-001
 -4.5788579e-001
 -5.8225932e-001
 -6.9967269e-001
 -8.0677268e-001
 -9.0039999e-001
 -9.7769413e-001
 -1.0361916e+000
 -1.0739137e+000
 -1.0894411e+000
 -1.0819722e+000
 -1.0513631e+000
 -9.9814780e-001
 -9.2353720e-001
 -8.2939698e-001
 -7.1820363e-001
 -5.9297982e-001
 -4.5721000e-001
 -3.1473802e-001
 -1.6964908e-001
 -2.6139166e-002
  1.1162425e-001
  2.3964576e-001
  3.5424446e-001
  4.5218967e-001
  5.3082374e-001
  5.8816593e-001
  6.2299164e-001
  6.3488212e-001
  6.2424093e-001
  5.9227497e-001
  5.4094002e-001
  4.7285240e-001
  3.9117071e-001
  2.9945343e-001
  2.0149957e-001
  1.0118100e-001
  2.2752396e-003
 -9.1692356e-002
 -1.7758883e-001
 -2.5278952e-001
 -3.1526448e-001
 -3.6363228e-001
 -3.9718045e-001
 -4.1585348e-001
 -4.2021152e-001
 -4.1136424e-001
 -3.9088510e-001
 -3.6071207e-001
 -3.2304068e-001
 -2.8021476e-001
 -2.3461967e-001
 -1.8858178e-001
 -1.4427713e-001
 -1.0365110e-001
 -6.8350426e-002
 -3.9668281e-002
 -1.8502886e-002
 -5.3300732e-003
 -1.9022819e-004
 -2.6901726e-003
 -1.2020536e-002
 -2.6989052e-002
 -4.6069872e-002
 -6.7468383e-002
 -8.9200222e-002
 -1.0918218e-001
 -1.2533162e-001
 -1.3567005e-001
 -1.3842563e-001
 -1.3212884e-001
 -1.1569555e-001
 -8.8491911e-002
 -5.0376479e-002
 -1.7162304e-003
  5.6625182e-002
  1.2332672e-001
  1.9667460e-001
  2.7464823e-001
  3.5502193e-001
  4.3547565e-001
  5.1370751e-001
  5.8754087e-001
  6.5501941e-001
  7.1448467e-001
  7.6463223e-001
  8.0454449e-001
  8.3369985e-001
  8.5195997e-001
  8.5953825e-001
  8.5695395e-001
  8.4497677e-001
  8.2456713e-001
  7.9681670e-001
  7.6289326e-001
  7.2399263e-001
  6.8129926e-001
  6.3595573e-001
  5.8904047e-001
  5.4155196e-001
  4.9439719e-001
  4.4838230e-001
  4.0420324e-001
  3.6243526e-001
  3.2352056e-001
  2.8775469e-001
  2.5527300e-001
  2.2603918e-001
  1.9983865e-001
  1.7627934e-001
  1.5480233e-001
  1.3470423e-001
  1.1517186e-001
  9.5328895e-002
  7.4292748e-002
  5.1238540e-002
  2.5466152e-002
 -3.5345374e-003
 -3.6025399e-002
 -7.1973832e-002
 -1.1102299e-001
 -1.5248185e-001
 -1.9533710e-001
 -2.3828719e-001
 -2.7979736e-001
 -3.1817255e-001
 -3.5164422e-001
 -3.7846547e-001
 -3.9700897e-001
 -4.0586136e-001
 -4.0390879e-001
 -3.9040851e-001
 -3.6504286e-001
 -3.2795292e-001
 -2.7975087e-001
 -2.2151095e-001
 -1.5474044e-001
 -8.1332848e-002
 -3.5060319e-003
  7.6271342e-002
  1.5536182e-001
  2.3104639e-001
  3.0061391e-001
  3.6145018e-001
  4.1112413e-001
  4.4746922e-001
  4.6865795e-001
  4.7326776e-001
  4.6033641e-001
  4.2940505e-001
  3.8054717e-001
  3.1438169e-001
  2.3206884e-001
  1.3528776e-001
  2.6195584e-002
 -9.2631779e-002
 -2.1827558e-001
 -3.4756475e-001
 -4.7717778e-001
 -6.0375177e-001
 -7.2399436e-001
 -8.3479329e-001
 -9.3331907e-001
 -1.0171159e+000
 -1.0841774e+000
 -1.1330036e+000
 -1.1626383e+000
 -1.1726846e+000
 -1.1633010e+000
 -1.1351770e+000
 -1.0894932e+000
 -1.0278658e+000
 -9.5228104e-001
 -8.6502062e-001
 -7.6858259e-001
 -6.6559940e-001
 -5.5875574e-001
 -4.5070808e-001
 -3.4400742e-001
 -2.4102674e-001
 -1.4389450e-001
 -5.4435359e-002
  2.5880127e-002
  9.5975673e-002
  1.5519740e-001
  2.0332855e-001
  2.4058933e-001
  2.6762097e-001
  2.8545346e-001
  2.9545737e-001
  2.9928074e-001
  2.9877316e-001
  2.9589969e-001
  2.9264841e-001
  2.9093544e-001
  2.9251201e-001
  2.9887778e-001
  3.1120472e-001
  3.3027501e-001
  3.5643578e-001
  3.8957284e-001
  4.2910413e-001
  4.7399330e-001
  5.2278225e-001
  5.7364136e-001
  6.2443515e-001
  6.7280068e-001
  7.1623608e-001
  7.5219597e-001
  7.7819082e-001
  7.9188716e-001
  7.9120562e-001
  7.7441366e-001
  7.4021019e-001
  6.8779885e-001
  6.1694720e-001
  5.2802902e-001
  4.2204711e-001
  3.0063456e-001
  1.6603279e-001
  2.1045779e-002
 -1.3102960e-001
 -2.8649580e-001
 -4.4136701e-001
 -5.9149835e-001
 -7.3272712e-001
 -8.6102073e-001
 -9.7262505e-001
 -1.0642068e+000
 -1.1329835e+000
 -1.1768347e+000
 -1.1943894e+000
 -1.1850856e+000
 -1.1491984e+000
 -1.0878361e+000
 -1.0029037e+000
 -8.9703664e-001
 -7.7350632e-001
 -6.3610351e-001
 -4.8900370e-001
 -3.3662097e-001
 -1.8345637e-001
 -3.3946887e-002
  1.0767902e-001
  2.3753444e-001
  3.5219104e-001
  4.4877683e-001
  5.2505233e-001
  5.7946364e-001
  6.1117212e-001
  6.2006095e-001
  6.0671961e-001
  5.7240793e-001
  5.1900156e-001
  4.4892105e-001
  3.6504694e-001
  2.7062307e-001
  1.6915080e-001
  6.4276436e-002
 -4.0325344e-002
 -1.4106941e-001
 -2.3457637e-001
 -3.1778384e-001
 -3.8804939e-001
 -4.4324147e-001
 -4.8181466e-001
 -5.0286570e-001
 -5.0616708e-001
 -4.9217535e-001
 -4.6201259e-001
 -4.1741999e-001
 -3.6068444e-001
 -2.9453973e-001
 -2.2204627e-001
 -1.4645376e-001
 -7.1053299e-002
  9.7431290e-004
  6.6706424e-002
  1.2361494e-001
  1.6968410e-001
  2.0350342e-001
  2.2433070e-001
  2.3212208e-001
  2.2752748e-001
  2.1185230e-001
  1.8698749e-001
  1.5531254e-001
  1.1957648e-001
  8.2763550e-002
  4.7950440e-002
  1.8161916e-002
 -3.7683946e-003
 -1.5326258e-002
 -1.4429132e-002
  4.8137804e-004
  3.0369699e-002
  7.5560791e-002
  1.3571975e-001
  2.0985641e-001
  2.9635425e-001
  3.9302217e-001
  4.9716748e-001
  6.0568776e-001
  7.1517883e-001
  8.2205578e-001
  9.2268311e-001
  1.0135099e+000
  1.0912051e+000
  1.1527876e+000
  1.1957461e+000
  1.2181424e+000
  1.2186945e+000
  1.1968329e+000
  1.1527290e+000
  1.0872919e+000
  1.0021337e+000
  8.9950455e-001
  7.8220052e-001
  6.5344878e-001
  5.1677596e-001
  3.7586661e-001
  2.3441921e-001
  9.6006768e-002
 -3.6051166e-002
 -1.5879933e-001
 -2.6973613e-001
 -3.6687866e-001
 -4.4880223e-001
 -5.1465471e-001
 -5.6414732e-001
 -5.9752485e-001
 -6.1551851e-001
 -6.1928558e-001
 -6.1033944e-001
 -5.9047395e-001
 -5.6168508e-001
 -5.2609272e-001
 -4.8586459e-001
 -4.4314402e-001
 -3.9998277e-001
 -3.5827980e-001
 -3.1972706e-001
 -2.8576286e-001
 -2.5753387e-001
 -2.3586654e-001
 -2.2124867e-001
 -2.1382198e-001
 -2.1338594e-001
 -2.1941316e-001
 -2.3107576e-001
 -2.4728206e-001
 -2.6672220e-001
 -2.8792100e-001
 -3.0929593e-001
 -3.2921814e-001
 -3.4607409e-001
 -3.5832587e-001
 -3.6456810e-001
 -3.6357999e-001
 -3.5437118e-001
 -3.3622042e-001
 -3.0870629e-001
 -2.7172947e-001
 -2.2552586e-001
 -1.7067023e-001
 -1.0806957e-001
 -3.8945855e-002
  3.5192480e-002
  1.1259048e-001
  1.9129798e-001
  2.6923166e-001
  3.4424646e-001
  4.1421429e-001
  4.7710725e-001
  5.3108153e-001
  5.7455803e-001
  6.0629508e-001
  6.2544896e-001
  6.3161797e-001
  6.2486690e-001
  6.0572958e-001
  5.7518862e-001
  5.3463280e-001
  4.8579426e-001
  4.3066871e-001
  3.7142325e-001
  3.1029706e-001
  2.4950057e-001
  1.9111872e-001
  1.3702346e-001
  8.8799823e-002
  4.7688744e-002
  1.4548726e-002
 -1.0162969e-002
 -2.6390019e-002
 -3.4459129e-002
 -3.5046763e-002
 -2.9133317e-002
 -1.7947791e-002
 -2.9060244e-003
  1.4454586e-002
  3.2541276e-002
  4.9770741e-002
  6.4630678e-002
  7.5736422e-002
  8.1881298e-002
  8.2079482e-002
  7.5600286e-002
  6.1992889e-002
  4.1100677e-002
  1.3064549e-002
 -2.1685182e-002
 -6.2448267e-002
 -1.0828485e-001
 -1.5805564e-001
 -2.1047021e-001
 -2.6414140e-001
 -3.1764304e-001
 -3.6956823e-001
 -4.1858513e-001
 -4.6348731e-001
 -5.0323629e-001
 -5.3699410e-001
 -5.6414471e-001
 -5.8430377e-001
 -5.9731712e-001
 -6.0324894e-001
 -6.0236157e-001
 -5.9508900e-001
 -5.8200655e-001
 -5.6379920e-001
 -5.4123084e-001
 -5.1511619e-001
 -4.8629691e-001
 -4.5562235e-001
 -4.2393526e-001
 -3.9206183e-001
 -3.6080517e-001
 -3.3094096e-001
 -3.0321385e-001
 -2.7833326e-001
 -2.5696729e-001
 -2.3973401e-001
 -2.2718951e-001
 -2.1981277e-001
 -2.1798791e-001
 -2.2198448e-001
 -2.3193730e-001
 -2.4782718e-001
 -2.6946417e-001
 -2.9647490e-001
 -3.2829560e-001
 -3.6417177e-001
 -4.0316554e-001
 -4.4417093e-001
 -4.8593703e-001
 -5.2709849e-001
 -5.6621229e-001
 -6.0179933e-001
 -6.3238913e-001
 -6.5656569e-001
 -6.7301252e-001
 -6.8055475e-001
 -6.7819675e-001
 -6.6515353e-001
 -6.4087504e-001
 -6.0506250e-001
 -5.5767665e-001
 -4.9893809e-001
 -4.2932040e-001
 -3.4953675e-001
 -2.6052135e-001
 -1.6340674e-001
 -5.9498130e-002
  4.9754059e-002
  1.6278278e-001
  2.7793330e-001
  3.9349223e-001
  5.0771639e-001
  6.1886158e-001
  7.2521131e-001
  8.2510552e-001
  9.1696943e-001
  9.9934221e-001
  1.0709053e+000
  1.1305099e+000
  1.1772025e+000
  1.2102486e+000
  1.2291521e+000
  1.2336719e+000
  1.2238320e+000
  1.1999265e+000
  1.1625192e+000
  1.1124351e+000
  1.0507471e+000
  9.7875568e-001
  8.9796308e-001
  8.1004202e-001
  7.1680002e-001
  6.2013980e-001
  5.2201650e-001
  4.2439260e-001
  3.2919146e-001
  2.3825032e-001
  1.5327384e-001
  7.5789435e-002
  7.1057020e-003
 -5.1724749e-002
 -9.9936400e-002
 -1.3707448e-001
 -1.6300977e-001
 -1.7794332e-001
 -1.8240037e-001
 -1.7721295e-001
 -1.6349130e-001
 -1.4258488e-001
 -1.1603404e-001
 -8.5514299e-002
 -5.2775210e-002
 -1.9576479e-002
  1.2376178e-002
  4.1492772e-002
  6.6355940e-002
  8.5770864e-002
  9.8806445e-002
  1.0482644e-001
  1.0350967e-001
  9.4858954e-002
  7.9198648e-002
  5.7161122e-002
  2.9662716e-002
 -2.1301025e-003
 -3.6843479e-002
 -7.2946739e-002
 -1.0880954e-001
 -1.4276418e-001
 -1.7317130e-001
 -1.9848710e-001
 -2.1732970e-001
 -2.2854210e-001
 -2.3124910e-001
 -2.2490529e-001
 -2.0933135e-001
 -1.8473638e-001
 -1.5172404e-001
 -1.1128148e-001
 -6.4750358e-002
 -1.3780596e-002
  3.9731641e-002
  9.3719379e-002
  1.4603029e-001
  1.9451822e-001
  2.3713642e-001
  2.7202794e-001
  2.9760866e-001
  3.1263922e-001
  3.1628214e-001
  3.0814198e-001
  2.8828648e-001
  2.5724840e-001
  2.1600805e-001
  1.6595758e-001
  1.0884899e-001
  4.6727941e-002
 -1.8143766e-002
 -8.3374045e-002
 -1.4653166e-001
 -2.0523933e-001
 -2.5726570e-001
 -3.0061281e-001
 -3.3359626e-001
 -3.5491488e-001
 -3.6370717e-001
 -3.5959218e-001
 -3.4269250e-001
 -3.1363793e-001
 -2.7354875e-001
 -2.2399859e-001
 -1.6695739e-001
 -1.0471633e-001
 -3.9797284e-002
  2.5149636e-002
  8.7456110e-002
  1.4454828e-001
  1.9405685e-001
  2.3391927e-001
  2.6246918e-001
  2.7850851e-001
  2.8135885e-001
  2.7088955e-001
  2.4752135e-001
  2.1220539e-001
  1.6637903e-001
  1.1190073e-001
  5.0967346e-002
 -1.3982061e-002
 -8.0371290e-002
 -1.4559614e-001
 -2.0713275e-001
 -2.6264048e-001
 -3.1005515e-001
 -3.4766890e-001
 -3.7419374e-001
 -3.8880639e-001
 -3.9117316e-001
 -3.8145412e-001
 -3.6028682e-001
 -3.2875058e-001
 -2.8831326e-001
 -2.4076295e-001
 -1.8812775e-001
 -1.3258739e-001
 -7.6380527e-002
 -2.1712075e-002
  2.9335446e-002
  7.4882597e-002
  1.1332233e-001
  1.4337515e-001
  1.6412815e-001
  1.7505688e-001
  1.7602987e-001
  1.6729661e-001
  1.4946065e-001
  1.2344003e-001
  9.0417767e-002
  5.1785463e-002
  9.0829712e-003
 -3.6063049e-002
 -8.1999213e-002
 -1.2710214e-001
 -1.6983036e-001
 -2.0877040e-001
 -2.4267648e-001
 -2.7050370e-001
 -2.9143450e-001
 -3.0489858e-001
 -3.1058612e-001
 -3.0845426e-001
 -2.9872641e-001
 -2.8188410e-001
 -2.5865079e-001
 -2.2996751e-001
 -1.9695993e-001
 -1.6089746e-001
 -1.2314492e-001
 -8.5108257e-002
 -4.8176248e-002
 -1.3660619e-002
  1.7262465e-002
  4.3606449e-002
  6.4620856e-002
  7.9827285e-002
  8.9042577e-002
  9.2387442e-002
  9.0279755e-002
  8.3412636e-002
  7.2718401e-002
  5.9320371e-002
  4.4475212e-002
  2.9509051e-002
  1.5750867e-002
  4.4666853e-003
 -3.2021216e-003
 -6.2935352e-003
 -4.0703070e-003
  3.9455385e-003
  1.7950038e-002
  3.7846727e-002
  6.3247870e-002
  9.3486738e-002
  1.2763985e-001
  1.6455798e-001
  2.0290455e-001
  2.4120020e-001
  2.7787226e-001
  3.1130792e-001
  3.3990997e-001
  3.6215386e-001
  3.7664474e-001
  3.8217303e-001
  3.7776665e-001
  3.6273819e-001
  3.3672474e-001
  2.9971826e-001
  2.5208449e-001
  1.9456843e-001
  1.2828499e-001
  5.4693997e-002
 -2.4440506e-002
 -1.0710587e-001
 -1.9110965e-001
 -2.7415897e-001
 -3.5394701e-001
 -4.2824261e-001
 -4.9497850e-001
 -5.5233363e-001
 -5.9880533e-001
 -6.3326732e-001
 -6.5501062e-001
 -6.6376518e-001
 -6.5970135e-001
 -6.4341133e-001
 -6.1587212e-001
 -5.7839223e-001
 -5.3254558e-001
 -4.8009645e-001
 -4.2291956e-001
 -3.6291968e-001
 -3.0195450e-001
 -2.4176457e-001
 -1.8391269e-001
 -1.2973518e-001
 -8.0305971e-002
 -3.6414034e-002
  1.4461782e-003
  3.3072105e-002
  5.8539593e-002
  7.8180082e-002
  9.2550139e-002
  1.0239500e-001
  1.0860772e-001
  1.1218535e-001
  1.1418353e-001
  1.1567069e-001
  1.1768295e-001
  1.2118100e-001
  1.2700990e-001
  1.3586322e-001
  1.4825246e-001
  1.6448311e-001
  1.8463843e-001
  2.0857171e-001
  2.3590791e-001
  2.6605477e-001
  2.9822344e-001
  3.3145791e-001
  3.6467221e-001
  3.9669398e-001
  4.2631240e-001
  4.5232845e-001
  4.7360520e-001
  4.8911597e-001
  4.9798815e-001
  4.9954099e-001
  4.9331577e-001
  4.7909737e-001
  4.5692653e-001
  4.2710264e-001
  3.9017717e-001
  3.4693827e-001
  2.9838721e-001
  2.4570756e-001
  1.9022835e-001
  1.3338210e-001
  7.6659317e-002
  2.1560552e-002
 -3.0452404e-002
 -7.8004705e-002
 -1.1985444e-001
 -1.5493477e-001
 -1.8239068e-001
 -2.0160875e-001
 -2.1223863e-001
 -2.1420516e-001
 -2.0771045e-001
 -1.9322564e-001
 -1.7147254e-001
 -1.4339608e-001
 -1.1012855e-001
 -7.2947584e-002
 -3.3229540e-002
  7.5993367e-003
  4.8112034e-002
  8.6928099e-002
  1.2275748e-001
  1.5443954e-001
  1.8097625e-001
  2.0155913e-001
  2.1558965e-001
  2.2269327e-001
  2.2272738e-001
  2.1578346e-001
  2.0218370e-001
  1.8247232e-001
  1.5740146e-001
  1.2791158e-001
  9.5106176e-002
  6.0220483e-002
  2.4584339e-002
 -1.0420669e-002
 -4.3408999e-002
 -7.3042714e-002
 -9.8085086e-002
 -1.1745402e-001
 -1.3027266e-001
 -1.3591443e-001
 -1.3403953e-001
 -1.2462036e-001
 -1.0795369e-001
 -8.4658073e-002
 -5.5655822e-002
 -2.2139952e-002
  1.4472768e-002
  5.2600448e-002
  9.0563511e-002
  1.2665748e-001
  1.5922738e-001
  1.8673994e-001
  2.0785010e-001
  2.2145864e-001
  2.2675839e-001
  2.2326740e-001
  2.1084791e-001
  1.8971096e-001
  1.6040713e-001
  1.2380435e-001
  8.1054339e-002
  3.3549390e-002
 -1.7128462e-002
 -6.9263966e-002
 -1.2106880e-001
 -1.7074342e-001
 -2.1653876e-001
 -2.5681599e-001
 -2.9010281e-001
 -3.1514446e-001
 -3.3094819e-001
 -3.3681969e-001
 -3.3239015e-001
 -3.1763301e-001
 -2.9286946e-001
 -2.5876215e-001
 -2.1629693e-001
 -1.6675284e-001
 -1.1166111e-001
 -5.2754150e-002
  8.0936863e-003
  6.8931673e-002
  1.2780224e-001
  1.8281179e-001
  2.3220015e-001
  2.7440564e-001
  3.0812327e-001
  3.3235334e-001
  3.4643831e-001
  3.5008617e-001
  3.4337912e-001
  3.2676678e-001
  3.0104419e-001
  2.6731522e-001
  2.2694288e-001
  1.8148868e-001
  1.3264374e-001
  8.2154829e-002
  3.1748816e-002
 -1.6940864e-002
 -6.2442150e-002
 -1.0350348e-001
 -1.3914136e-001
 -1.6867415e-001
 -1.9174101e-001
 -2.0830518e-001
 -2.1864240e-001
 -2.2331541e-001
 -2.2313655e-001
 -2.1912097e-001
 -2.1243312e-001
 -2.0432942e-001
 -1.9609982e-001
 -1.8901088e-001
 -1.8425225e-001
 -1.8288825e-001
 -1.8581561e-001
 -1.9372811e-001
 -2.0708835e-001
 -2.2610684e-001
 -2.5072842e-001
 -2.8062614e-001
 -3.1520267e-001
 -3.5359963e-001
 -3.9471524e-001
 -4.3723070e-001
 -4.7964555e-001
 -5.2032214e-001
 -5.5753867e-001
 -5.8954992e-001
 -6.1465391e-001
 -6.3126222e-001
 -6.3797104e-001
 -6.3362947e-001
 -6.1740137e-001
 -5.8881709e-001
 -5.4781161e-001
 -4.9474637e-001
 -4.3041258e-001
 -3.5601524e-001
 -2.7313788e-001
 -1.8368944e-001
 -8.9835606e-002
  6.0819829e-003
  1.0163473e-001
  1.9439982e-001
  2.8205223e-001
  3.6245164e-001
  4.3372032e-001
  4.9430881e-001
  5.4304675e-001
  5.7917729e-001
  6.0237418e-001
  6.1274140e-001
  6.1079620e-001
  5.9743650e-001
  5.7389467e-001
  5.4167969e-001
  5.0251023e-001
  4.5824128e-001
  4.1078734e-001
  3.6204502e-001
  3.1381815e-001
  2.6774828e-001
  2.2525355e-001
  1.8747818e-001
  1.5525493e-001
  1.2908206e-001
  1.0911563e-001
  9.5177389e-002
  8.6777726e-002
  8.3152157e-002
  8.3309422e-002
  8.6088483e-002
  9.0221373e-002
  9.4398677e-002
  9.7334403e-002
  9.7827265e-002
  9.4815781e-002
  8.7425143e-002
  7.5004408e-002
  5.7153175e-002
  3.3737463e-002
  4.8949981e-003
 -2.8969574e-002
 -6.7198774e-002
 -1.0890482e-001
 -1.5299968e-001
 -1.9823181e-001
 -2.4322860e-001
 -2.8654368e-001
 -3.2670793e-001
 -3.6228306e-001
 -3.9191609e-001
 -4.1439311e-001
 -4.2869002e-001
 -4.3401816e-001
 -4.2986229e-001
 -4.1600884e-001
 -3.9256237e-001
 -3.5994881e-001
 -3.1890483e-001
 -2.7045333e-001
 -2.1586615e-001
 -1.5661568e-001
 -9.4318110e-002
 -3.0671275e-002
  3.2609362e-002
  9.3853231e-002
  1.5149251e-001
  2.0411269e-001
  2.5049389e-001
  2.8964186e-001
  3.2080833e-001
  3.4350110e-001
  3.5748509e-001
  3.6277547e-001
  3.5962465e-001
  3.4850457e-001
  3.3008539e-001
  3.0521167e-001
  2.7487630e-001
  2.4019239e-001
  2.0236304e-001
  1.6264858e-001
  1.2233139e-001
  8.2678213e-002
  4.4900726e-002
  1.0115318e-002
 -2.0696358e-002
 -4.6724067e-002
 -6.7360713e-002
 -8.2226799e-002
 -9.1185570e-002
 -9.4347160e-002
 -9.2060742e-002
 -8.4894445e-002
 -7.3603671e-002
 -5.9089291e-002
 -4.2347956e-002
 -2.4417321e-002
 -6.3193776e-003
  1.0994844e-002
  2.6696034e-002
  4.0120046e-002
  5.0801743e-002
  5.8497636e-002
  6.3196384e-002
  6.5116915e-002
  6.4694562e-002
  6.2556143e-002
  5.9485364e-002
  5.6380240e-002
  5.4204505e-002
  5.3935099e-002
  5.6507984e-002
  6.2764574e-002
  7.3401093e-002
  8.8923159e-002
  1.0960780e-001
  1.3547494e-001
  1.6627009e-001
  2.0145956e-001
  2.4023909e-001
  2.8155596e-001
  3.2414399e-001
  3.6657022e-001
  4.0729108e-001
  4.4471526e-001
  4.7727027e-001
  5.0346901e-001
  5.2197290e-001
  5.3164845e-001
  5.3161420e-001
  5.2127627e-001
  5.0035100e-001
  4.6887439e-001
  4.2719872e-001
  3.7597745e-001
  3.1614009e-001
  2.4885900e-001
  1.7551008e-001
  9.7629412e-002
  1.6867426e-002
 -6.5058093e-002
 -1.4640919e-001
 -2.2547450e-001
 -3.0061513e-001
 -3.7030917e-001
 -4.3319441e-001
 -4.8810826e-001
 -5.3412390e-001
 -5.7058097e-001
 -5.9710916e-001
 -6.1364275e-001
 -6.2042428e-001
 -6.1799588e-001
 -6.0717749e-001
 -5.8903178e-001
 -5.6481664e-001
 -5.3592722e-001
 -5.0383014e-001
 -4.6999360e-001
 -4.3581729e-001
 -4.0256643e-001
 -3.7131391e-001
 -3.4289419e-001
 -3.1787136e-001
 -2.9652332e-001
 -2.7884223e-001
 -2.6455070e-001
 -2.5313182e-001
 -2.4387057e-001
 -2.3590333e-001
 -2.2827214e-001
 -2.1998035e-001
 -2.1004671e-001
 -1.9755537e-001
 -1.8169989e-001
 -1.6182025e-001
 -1.3743204e-001
 -1.0824789e-001
 -7.4191304e-002
 -3.5403223e-002
  7.7582538e-003
  5.4724723e-002
  1.0473073e-001
  1.5683336e-001
  2.0993808e-001
  2.6283077e-001
  3.1421546e-001
  3.6275725e-001
  4.0712902e-001
  4.4606062e-001
  4.7838832e-001
  5.0310224e-001
  5.1938936e-001
  5.2666950e-001
  5.2462229e-001
  5.1320319e-001
  4.9264770e-001
  4.6346330e-001
  4.2640960e-001
  3.8246792e-001
  3.3280218e-001
  2.7871327e-001
  2.2158969e-001
  1.6285686e-001
  1.0392775e-001
  4.6156872e-002
 -9.2005603e-003
 -6.1023102e-002
 -1.0835043e-001
 -1.5040329e-001
 -1.8659605e-001
 -2.1654224e-001
 -2.4005360e-001
 -2.5713314e-001
 -2.6796290e-001
 -2.7288708e-001
 -2.7239113e-001
 -2.6707748e-001
 -2.5763884e-001
 -2.4482970e-001
 -2.2943725e-001
 -2.1225269e-001
 -1.9404403e-001
 -1.7553170e-001
 -1.5736771e-001
 -1.4011944e-001
 -1.2425837e-001
 -1.1015402e-001
 -9.8072902e-002
 -8.8181718e-002
 -8.0554127e-002
 -7.5179819e-002
 -7.1974806e-002
 -7.0791822e-002
 -7.1429959e-002
 -7.3642985e-002
 -7.7146170e-002
 -8.1621845e-002
 -8.6724261e-002
 -9.2084556e-002
 -9.7316756e-002
 -1.0202566e-001
 -1.0581725e-001
 -1.0831195e-001
 -1.0916050e-001
 -1.0806189e-001
 -1.0478226e-001
 -9.9173192e-002
 -9.1187870e-002
 -8.0893365e-002
 -6.8477428e-002
 -5.4248659e-002
 -3.8629296e-002
 -2.2140516e-002
 -5.3807257e-003
  1.1002037e-002
  2.6341998e-002
  3.9989872e-002
  5.1347227e-002
  5.9898853e-002
  6.5241111e-002
  6.7104590e-002
  6.5369845e-002
  6.0075460e-002
  5.1418216e-002
  3.9745598e-002
  2.5541324e-002
  9.4048518e-003
 -7.9739052e-003
 -2.5843346e-002
 -4.3421046e-002
 -5.9925374e-002
 -7.4606587e-002
 -8.6776215e-002
 -9.5833670e-002
 -1.0128912e-001
 -1.0278184e-001
 -1.0009327e-001
 -9.3154460e-002
 -8.2047302e-002
 -6.6999748e-002
 -4.8374976e-002
 -2.6655048e-002
 -2.4197359e-003
  2.3678474e-002
  5.0942006e-002
  7.8657083e-002
  1.0612245e-001
  1.3267653e-001
  1.5772167e-001
  1.8074447e-001
  2.0133127e-001
  2.1917841e-001
  2.3409690e-001
  2.4601183e-001
  2.5495672e-001
  2.6106358e-001
  2.6454924e-001
  2.6569892e-001
  2.6484780e-001
  2.6236136e-001
  2.5861537e-001
  2.5397604e-001
  2.4878118e-001
  2.4332292e-001
  2.3783250e-001
  2.3246790e-001
  2.2730473e-001
  2.2233103e-001
  2.1744631e-001
  2.1246517e-001
  2.0712565e-001
  2.0110207e-001
  1.9402201e-001
  1.8548659e-001
  1.7509324e-001
  1.6245951e-001
  1.4724685e-001
  1.2918264e-001
  1.0807955e-001
  8.3850811e-002
  5.6520774e-002
  2.6230224e-002
 -6.7636193e-003
 -4.2092141e-002
 -7.9284814e-002
 -1.1778233e-001
 -1.5695244e-001
 -1.9610759e-001
 -2.3452351e-001
 -2.7145809e-001
 -3.0617007e-001
 -3.3793734e-001
 -3.6607468e-001
 -3.8995102e-001
 -4.0900627e-001
 -4.2276753e-001
 -4.3086459e-001
 -4.3304417e-001
 -4.2918241e-001
 -4.1929447e-001
 -4.0354056e-001
 -3.8222729e-001
 -3.5580341e-001
 -3.2484957e-001
 -2.9006166e-001
 -2.5222815e-001
 -2.1220218e-001
 -1.7086949e-001
 -1.2911418e-001
 -8.7783932e-002
 -4.7656993e-002
 -9.4129043e-003
  2.6391229e-002
  5.9337488e-002
  8.9156013e-002
  1.1572565e-001
  1.3906667e-001
  1.5932626e-001
  1.7675816e-001
  1.9169793e-001
  2.0453546e-001
  2.1568675e-001
  2.2556618e-001
  2.3456104e-001
  2.4300909e-001
  2.5118024e-001
  2.5926256e-001
  2.6735303e-001
  2.7545294e-001
  2.8346785e-001
  2.9121184e-001
  2.9841578e-001
  3.0473935e-001
  3.0978627e-001
  3.1312248e-001
  3.1429670e-001
  3.1286256e-001
  3.0840174e-001
  3.0054695e-001
  2.8900385e-001
  2.7357069e-001
  2.5415457e-001
  2.3078335e-001
  2.0361227e-001
  1.7292486e-001
  1.3912784e-001
  1.0274012e-001
  6.4376610e-002
  2.4727605e-002
 -1.5465062e-002
 -5.5433727e-002
 -9.4411050e-002
 -1.3165525e-001
 -1.6647322e-001
 -1.9824046e-001
 -2.2641729e-001
 -2.5056076e-001
 -2.7033239e-001
 -2.8550183e-001
 -2.9594684e-001
 -3.0165018e-001
 -3.0269399e-001
 -2.9925232e-001
 -2.9158219e-001
 -2.8001382e-001
 -2.6494031e-001
 -2.4680693e-001
 -2.2610030e-001
 -2.0333744e-001
 -1.7905484e-001
 -1.5379747e-001
 -1.2810788e-001
 -1.0251540e-001
 -7.7525512e-002
 -5.3609497e-002
 -3.1194562e-002
 -1.0654511e-002
  7.6987716e-003
  2.3622843e-002
  3.6950936e-002
  4.7596596e-002
  5.5556372e-002
  6.0910163e-002
  6.3818846e-002
  6.4518809e-002
  6.3313159e-002
  6.0559454e-002
  5.6654081e-002
  5.2013614e-002
  4.7053820e-002
  4.2167240e-002
  3.7700583e-002
  3.3933347e-002
  3.1059215e-002
  2.9171744e-002
  2.8255700e-002
  2.8185107e-002
  2.8728636e-002
  2.9562426e-002
  3.0289861e-002
  3.0467259e-002
  2.9633868e-002
  2.7344235e-002
  2.3200693e-002
  1.6883702e-002
  8.1779007e-003
 -3.0079673e-003
 -1.6628612e-002
 -3.2498021e-002
 -5.0293727e-002
 -6.9569067e-002
 -8.9772466e-002
 -1.1027233e-001
 -1.3038585e-001
 -1.4940999e-001
 -1.6665266e-001
 -1.8146281e-001
 -1.9325762e-001
 -2.0154610e-001
 -2.0594816e-001
 -2.0620866e-001
 -2.0220643e-001
 -1.9395799e-001
 -1.8161641e-001
 -1.6546531e-001
 -1.4590838e-001
 -1.2345480e-001
 -9.8701028e-002
 -7.2309359e-002
 -4.4984092e-002
 -1.7446034e-002
  9.5936412e-003
  3.5459054e-002
  5.9533585e-002
  8.1280932e-002
  1.0026210e-001
  1.1614742e-001
  1.2872286e-001
  1.3789048e-001
  1.4366305e-001
  1.4615341e-001
  1.4555955e-001
  1.4214670e-001
  1.3622767e-001
  1.2814310e-001
  1.1824291e-001
  1.0687005e-001
  9.4347441e-002
  8.0968572e-002
  6.6991703e-002
  5.2637510e-002
  3.8089553e-002
  2.3496852e-002
  8.9778100e-003
 -5.3752475e-003
 -1.9491489e-002
 -3.3317325e-002
 -4.6812663e-002
 -5.9947640e-002
 -7.2699690e-002
 -8.5050720e-002
 -9.6984216e-002
 -1.0848217e-001
 -1.1952187e-001
 -1.3007270e-001
 -1.4009329e-001
 -1.4952942e-001
 -1.5831293e-001
 -1.6636209e-001
 -1.7358342e-001
 -1.7987485e-001
 -1.8513002e-001
 -1.8924300e-001
 -1.9211283e-001
 -1.9364713e-001
 -1.9376408e-001
 -1.9239237e-001
 -1.8946892e-001
 -1.8493467e-001
 -1.7872894e-001
 -1.7078349e-001
 -1.6101725e-001
 -1.4933331e-001
 -1.3561899e-001
 -1.1975016e-001
 -1.0160018e-001
 -8.1053155e-002
 -5.8021033e-002
 -3.2462899e-002
 -4.4048293e-003
  2.6041912e-002
  5.8666508e-002
  9.3150034e-002
  1.2906424e-001
  1.6587857e-001
  2.0297541e-001
  2.3967288e-001
  2.7525354e-001
  3.0899683e-001
  3.4021256e-001
  3.6827280e-001
  3.9263944e-001
  4.1288536e-001
  4.2870772e-001
  4.3993260e-001
  4.4651129e-001
  4.4850916e-001
  4.4608870e-001
  4.3948887e-001
  4.2900304e-001
  4.1495752e-001
  3.9769273e-001
  3.7754815e-001
  3.5485184e-001
  3.2991458e-001
  3.0302809e-001
  2.7446642e-001
  2.4448941e-001
  2.1334679e-001
  1.8128210e-001
  1.4853544e-001
  1.1534470e-001
  8.1945403e-002
  4.8569267e-002
  1.5442356e-002
 -1.7216680e-002
 -4.9197503e-002
 -8.0297721e-002
 -1.1032109e-001
 -1.3907450e-001
 -1.6636420e-001
 -1.9199225e-001
 -2.1575388e-001
 -2.3743685e-001
 -2.5682348e-001
 -2.7369572e-001
 -2.8784331e-001
 -2.9907445e-001
 -3.0722813e-001
 -3.1218696e-001
 -3.1388882e-001
 -3.1233627e-001
 -3.0760216e-001
 -2.9983072e-001
 -2.8923383e-001
 -2.7608243e-001
 -2.6069391e-001
 -2.4341663e-001
 -2.2461303e-001
 -2.0464289e-001
 -1.8384844e-001
 -1.6254243e-001
 -1.4100018e-001
 -1.1945600e-001
 -9.8103771e-002
 -7.7101217e-002
 -5.6576699e-002
 -3.6637480e-002
 -1.7378081e-002
  1.1123772e-003
  1.8744751e-002
  3.5426891e-002
  5.1063206e-002
  6.5556491e-002
  7.8811417e-002
  9.0738866e-002
  1.0126025e-001
  1.1031102e-001
  1.1784275e-001
  1.2382355e-001
  1.2823683e-001
  1.3107864e-001
  1.3235444e-001
  1.3207571e-001
  1.3025741e-001
  1.2691688e-001
  1.2207442e-001
  1.1575608e-001
  1.0799804e-001
  9.8852465e-002
  8.8393849e-002
  7.6725145e-002
  6.3982679e-002
  5.0339089e-002
  3.6003685e-002
  2.1219892e-002
  6.2597871e-003
 -8.5839621e-003
 -2.3008164e-002
 -3.6710395e-002
 -4.9400645e-002
 -6.0812417e-002
 -7.0712549e-002
 -7.8909127e-002
 -8.5257147e-002
 -8.9661784e-002
 -9.2079357e-002
 -9.2516257e-002
 -9.1026204e-002
 -8.7706274e-002
 -8.2692082e-002
 -7.6152493e-002
 -6.8284106e-002
 -5.9305676e-002
 -4.9452556e-002
 -3.8971191e-002
 -2.8113647e-002
 -1.7132206e-002
 -6.2740543e-003
  4.2238375e-003
  1.4139510e-002
  2.3270333e-002
  3.1436682e-002
  3.8484840e-002
  4.4289047e-002
  4.8752666e-002
  5.1808543e-002
  5.3418643e-002
  5.3573127e-002
  5.2288986e-002
  4.9608365e-002
  4.5596612e-002
  4.0340023e-002
  3.3943222e-002
  2.6526006e-002
  1.8219551e-002
  9.1618743e-003
 -5.0743897e-004
 -1.0653090e-002
 -2.1150195e-002
 -3.1890214e-002
 -4.2786076e-002
 -5.3775851e-002
 -6.4824304e-002
 -7.5921827e-002
 -8.7080438e-002
 -9.8326841e-002
 -1.0969288e-001
 -1.2120410e-001
 -1.3286739e-001
 -1.4465903e-001
 -1.5651430e-001
 -1.6832017e-001
 -1.7991195e-001
 -1.9107466e-001
 -2.0154940e-001
 -2.1104444e-001
 -2.1925018e-001
 -2.2585670e-001
 -2.3057243e-001
 -2.3314204e-001
 -2.3336202e-001
 -2.3109234e-001
 -2.2626315e-001
 -2.1887612e-001
 -2.0900032e-001
 -1.9676334e-001
 -1.8233885e-001
 -1.6593199e-001
 -1.4776430e-001
 -1.2805984e-001
 -1.0703388e-001
 -8.4885208e-002
 -6.1792534e-002
 -3.7915118e-002
 -1.3396954e-002
  1.1626299e-002
  3.7018908e-002
  6.2636488e-002
  8.8318521e-002
  1.1388303e-001
  1.3912410e-001
  1.6381267e-001
  1.8770029e-001
  2.1052566e-001
  2.3202298e-001
  2.5193137e-001
  2.7000437e-001
  2.8601870e-001
  2.9978163e-001
  3.1113659e-001
  3.1996678e-001
  3.2619698e-001
  3.2979362e-001
  3.3076359e-001
  3.2915210e-001
  3.2503970e-001
  3.1853888e-001
  3.0979008e-001
  2.9895711e-001
  2.8622199e-001
  2.7177895e-001
  2.5582773e-001
  2.3856627e-001
  2.2018316e-001
  2.0085033e-001
  1.8071672e-001
  1.5990355e-001
  1.3850205e-001
  1.1657406e-001
  9.4155880e-002
  7.1265393e-002
  4.7911951e-002
  2.4108346e-002
 -1.1626935e-004
 -2.4703793e-002
 -4.9556289e-002
 -7.4528082e-002
 -9.9421849e-002
 -1.2398937e-001
 -1.4793711e-001
 -1.7093631e-001
 -1.9263678e-001
 -2.1268326e-001
 -2.3073291e-001
 -2.4647233e-001
 -2.5963285e-001
 -2.7000284e-001
 -2.7743616e-001
 -2.8185649e-001
 -2.8325760e-001
 -2.8169996e-001
 -2.7730453e-001
 -2.7024463e-001
 -2.6073686e-001
 -2.4903190e-001
 -2.3540591e-001
 -2.2015269e-001
 -2.0357681e-001
 -1.8598757e-001
 -1.6769315e-001
 -1.4899488e-001
 -1.3018105e-001
 -1.1152011e-001
 -9.3253405e-002
 -7.5587704e-002
 -5.8688130e-002
 -4.2672280e-002
 -2.7606373e-002
 -1.3504221e-002
 -3.2960859e-004
  1.1997623e-002
  2.3591915e-002
  3.4589265e-002
  4.5132391e-002
  5.5354989e-002
  6.5366518e-002
  7.5238941e-002
  8.4996702e-002
  9.4610922e-002
  1.0399839e-001
  1.1302544e-001
  1.2151631e-001
  1.2926513e-001
  1.3605042e-001
  1.4165073e-001
  1.4586000e-001
  1.4850137e-001
  1.4943857e-001
  1.4858389e-001
  1.4590274e-001
  1.4141467e-001
  1.3519121e-001
  1.2735117e-001
  1.1805408e-001
  1.0749244e-001
  9.5883515e-002
  8.3461023e-002
  7.0467313e-002
  5.7146015e-002
  4.3735402e-002
  3.0462450e-002
  1.7537656e-002
  5.1506673e-003
 -6.5331280e-003
 -1.7374858e-002
 -2.7263062e-002
 -3.6113045e-002
 -4.3864589e-002
 -5.0478130e-002
 -5.5929652e-002
 -6.0204838e-002
 -6.3293166e-002
 -6.5182803e-002
 -6.5857173e-002
 -6.5293972e-002
 -6.3467210e-002
 -6.0352484e-002
 -5.5935276e-002
 -5.0221638e-002
 -4.3250153e-002
 -3.5103770e-002
 -2.5919906e-002
 -1.5897233e-002
 -5.2977516e-003
  5.5568013e-003
  1.6294628e-002
  2.6509371e-002
  3.5780498e-002
  4.3697046e-002
  4.9882701e-002
  5.4019963e-002
  5.5871142e-002
  5.5294184e-002
  5.2251812e-002
  4.6813138e-002
  3.9147678e-002
  2.9512442e-002
  1.8233497e-002
  5.6838790e-003
 -7.7399619e-003
 -2.1640979e-002
 -3.5641635e-002
 -4.9399759e-002
 -6.2619244e-002
 -7.5055313e-002
 -8.6514766e-002
 -9.6852163e-002
 -1.0596329e-001
 -1.1377739e-001
 -1.2024968e-001
 -1.2535530e-001
 -1.2908549e-001
 -1.3144632e-001
 -1.3245970e-001
 -1.3216612e-001
 -1.3062789e-001
 -1.2793203e-001
 -1.2419152e-001
 -1.1954421e-001
 -1.1414865e-001
 -1.0817711e-001
 -1.0180591e-001
 -9.5204067e-002
 -8.8521228e-002
 -8.1876314e-002
 -7.5347983e-002
 -6.8968034e-002
 -6.2718489e-002
 -5.6532677e-002
 -5.0300252e-002
 -4.3875641e-002
 -3.7089142e-002
 -2.9759649e-002
 -2.1707963e-002
 -1.2769669e-002
 -2.8067607e-003
  8.2825701e-003
  2.0556321e-002
  3.4023306e-002
  4.8639920e-002
  6.4308832e-002
  8.0879343e-002
  9.8149246e-002
  1.1586809e-001
  1.3374183e-001
  1.5143914e-001
  1.6859927e-001
  1.8484189e-001
  1.9977871e-001
  2.1302677e-001
  2.2422296e-001
  2.3303904e-001
  2.3919640e-001
  2.4247935e-001
  2.4274603e-001
  2.3993582e-001
  2.3407268e-001
  2.2526392e-001
  2.1369434e-001
  1.9961636e-001
  1.8333677e-001
  1.6520129e-001
  1.4557834e-001
  1.2484310e-001
  1.0336326e-001
  8.1487228e-002
  5.9535375e-002
  3.7794380e-002
  1.6514467e-002
 -4.0911254e-003
 -2.3845227e-002
 -4.2605216e-002
 -6.0261656e-002
 -7.6737595e-002
 -9.1988736e-002
 -1.0600428e-001
 -1.1880799e-001
 -1.3045861e-001
 -1.4104896e-001
 -1.5070266e-001
 -1.5956806e-001
 -1.6780898e-001
 -1.7559254e-001
 -1.8307468e-001
 -1.9038441e-001
 -1.9760842e-001
 -2.0477742e-001
 -2.1185591e-001
 -2.1873679e-001
 -2.2524166e-001
 -2.3112725e-001
 -2.3609781e-001
 -2.3982262e-001
 -2.4195717e-001
 -2.4216634e-001
 -2.4014763e-001
 -2.3565232e-001
 -2.2850302e-001
 -2.1860615e-001
 -2.0595858e-001
 -1.9064821e-001
 -1.7284881e-001
 -1.5281003e-001
 -1.3084369e-001
 -1.0730791e-001
 -8.2590331e-002
 -5.7091978e-002
 -3.1212606e-002
 -5.3384098e-003
  2.0167568e-002
  4.4972293e-002
  6.8777051e-002
  9.1319634e-002
  1.1237485e-001
  1.3175386e-001
  1.4930266e-001
  1.6490013e-001
  1.7845560e-001
  1.8990635e-001
  1.9921468e-001
  2.0636502e-001
  2.1136087e-001
  2.1422193e-001
  2.1498165e-001
  2.1368537e-001
  2.1038953e-001
  2.0516198e-001
  1.9808349e-001
  1.8925030e-001
  1.7877739e-001
  1.6680178e-001
  1.5348516e-001
  1.3901515e-001
  1.2360433e-001
  1.0748654e-001
  9.0910325e-002
  7.4129484e-002
  5.7391490e-002
  4.0924653e-002
  2.4925358e-002
  9.5468348e-003
 -5.1090776e-003
 -1.8995930e-002
 -3.2121560e-002
 -4.4541570e-002
 -5.6347677e-002
 -6.7651889e-002
 -7.8567971e-002
 -8.9192122e-002
 -9.9584941e-002
 -1.0975673e-001
 -1.1965785e-001
 -1.2917538e-001
 -1.3813662e-001
 -1.4631914e-001
 -1.5346652e-001
 -1.5930815e-001
 -1.6358104e-001
 -1.6605142e-001
 -1.6653400e-001
 -1.6490701e-001
 -1.6112176e-001
 -1.5520604e-001
 -1.4726159e-001
 -1.3745617e-001
 -1.2601178e-001
 -1.1319059e-001
 -9.9280275e-002
 -8.4580534e-002
 -6.9391951e-002
 -5.4008091e-002
 -3.8710998e-002
 -2.3769781e-002
 -9.4414681e-003
  4.0270023e-003
  1.6396908e-002
  2.7437161e-002
  3.6925918e-002
  4.4654872e-002
  5.0436227e-002
  5.4111881e-002
  5.5563892e-002
  5.4725079e-002
  5.1588426e-002
  4.6214093e-002
  3.8733031e-002
  2.9346605e-002
  1.8322041e-002
  5.9839957e-003
 -7.2970820e-003
 -2.1118807e-002
 -3.5061820e-002
 -4.8704733e-002
 -6.1638077e-002
 -7.3476514e-002
 -8.3868921e-002
 -9.2506203e-002
 -9.9127030e-002
 -1.0352183e-001
 -1.0553548e-001
 -1.0506907e-001
 -1.0208102e-001
 -9.6587669e-002
 -8.8663132e-002
 -7.8438287e-002
 -6.6098379e-002
 -5.1878949e-002
 -3.6059774e-002
 -1.8956755e-002
 -9.1191262e-004
  1.7718061e-002
  3.6574001e-002
  5.5306372e-002
  7.3586355e-002
  9.1115096e-002
  1.0763048e-001
  1.2291109e-001
  1.3677743e-001
  1.4909069e-001
  1.5974991e-001
  1.6868830e-001
  1.7586965e-001
  1.8128583e-001
  1.8495563e-001
  1.8692544e-001
  1.8727130e-001
  1.8610170e-001
  1.8356025e-001
  1.7982673e-001
  1.7511569e-001
  1.6967136e-001
  1.6375832e-001
  1.5764807e-001
  1.5160195e-001
  1.4585162e-001
  1.4057902e-001
  1.3589769e-001
  1.3183774e-001
  1.2833644e-001
  1.2523593e-001
  1.2228906e-001
  1.1917320e-001
  1.1551143e-001
  1.1089938e-001
  1.0493540e-001
  9.7251549e-002
  8.7542391e-002
  7.5589158e-002
  6.1277140e-002
  4.4604913e-002
  2.5684913e-002
  4.7357340e-003
 -1.7932639e-002
 -4.1938801e-002
 -6.6852859e-002
 -9.2219927e-002
 -1.1758201e-001
 -1.4249646e-001
 -1.6654988e-001
 -1.8936690e-001
 -2.1061415e-001
 -2.3000014e-001
 -2.4727236e-001
 -2.6221300e-001
 -2.7463479e-001
 -2.8437807e-001
 -2.9131008e-001
 -2.9532661e-001
 -2.9635598e-001
 -2.9436468e-001
 -2.8936364e-001
 -2.8141421e-001
 -2.7063245e-001
 -2.5719112e-001
 -2.4131841e-001
 -2.2329345e-001
 -2.0343860e-001
 -1.8210901e-001
 -1.5968040e-001
 -1.3653586e-001
 -1.1305265e-001
 -8.9589886e-002
 -6.6477860e-002
 -4.4009216e-002
 -2.2432392e-002
 -1.9471677e-003
  1.7297775e-002
  3.5205532e-002
  5.1730082e-002
  6.6873949e-002
  8.0684440e-002
  9.3248408e-002
  1.0468542e-001
  1.1513927e-001
  1.2476780e-001
  1.3373142e-001
  1.4218048e-001
  1.5024257e-001
  1.5801030e-001
  1.6553092e-001
  1.7279857e-001
  1.7975038e-001
  1.8626681e-001
  1.9217678e-001
  1.9726724e-001
  2.0129659e-001
  2.0401087e-001
  2.0516123e-001
  2.0452114e-001
  2.0190179e-001
  1.9716417e-001
  1.9022702e-001
  1.8107007e-001
  1.6973272e-001
  1.5630876e-001
  1.4093819e-001
  1.2379765e-001
  1.0509069e-001
  8.5039412e-002
  6.3878419e-002
  4.1851532e-002
  1.9211388e-002
 -3.7787162e-003
 -2.6841708e-002
 -4.9683662e-002
 -7.1992147e-002
 -9.3437253e-002
 -1.1367619e-001
 -1.3236190e-001
 -1.4915538e-001
 -1.6374106e-001
 -1.7584373e-001
 -1.8524547e-001
 -1.9180065e-001
 -1.9544729e-001
 -1.9621339e-001
 -1.9421733e-001
 -1.8966207e-001
 -1.8282365e-001
 -1.7403506e-001
 -1.6366692e-001
 -1.5210705e-001
 -1.3974051e-001
 -1.2693216e-001
 -1.1401278e-001
 -1.0126970e-001
 -8.8942043e-002
 -7.7220299e-002
 -6.6249254e-002
 -5.6133201e-002
 -4.6942122e-002
 -3.8717673e-002
 -3.1478064e-002
 -2.5221327e-002
 -1.9926902e-002
 -1.5555910e-002
 -1.2050808e-002
 -9.3352804e-003
 -7.3152583e-003
 -5.8817553e-003
 -4.9158956e-003
 -4.2960979e-003
 -3.9069349e-003
 -3.6488042e-003
 -3.4472761e-003
 -3.2608784e-003
 -3.0861692e-003
 -2.9592105e-003
 -2.9529777e-003
 -3.1707367e-003
 -3.7359434e-003
 -4.7796718e-003
 -6.4269050e-003
 -8.7831712e-003
 -1.1922949e-002
 -1.5881030e-002
 -2.0647610e-002
 -2.6167405e-002
 -3.2342553e-002
 -3.9038612e-002
 -4.6092623e-002
 -5.3322046e-002
 -6.0533393e-002
 -6.7529597e-002
 -7.4115514e-002
 -8.0101354e-002
 -8.5304341e-002
 -8.9549209e-002
 -9.2668443e-002
 -9.4503209e-002
 -9.4905824e-002
 -9.3744302e-002
 -9.0909111e-002
 -8.6321776e-002
 -7.9944497e-002
 -7.1789594e-002
 -6.1927351e-002
 -5.0490855e-002
 -3.7676626e-002
 -2.3740248e-002
 -8.9867985e-003
  6.2435199e-003
  2.1593479e-002
  3.6709089e-002
  5.1260091e-002
  6.4958648e-002
  7.7574318e-002
  8.8943796e-002
  9.8974463e-002
  1.0764149e-001
  1.1497895e-001
  1.2106607e-001
  1.2601034e-001
  1.2992920e-001
  1.3293268e-001
  1.3510846e-001
  1.3651104e-001
  1.3715574e-001
  1.3701795e-001
  1.3603714e-001
  1.3412493e-001
  1.3117582e-001
  1.2707935e-001
  1.2173223e-001
  1.1504915e-001
  1.0697165e-001
  9.7474336e-002
  8.6568434e-002
  7.4303057e-002
  6.0764494e-002
  4.6074219e-002
  3.0386148e-002
  1.3883547e-002
 -3.2241757e-003
 -2.0704840e-002
 -3.8307198e-002
 -5.5765297e-002
 -7.2803810e-002
 -8.9144527e-002
 -1.0451400e-001
 -1.1865205e-001
 -1.3132067e-001
 -1.4231244e-001
 -1.5145771e-001
 -1.5862959e-001
 -1.6374607e-001
 -1.6676897e-001
 -1.6769956e-001
 -1.6657142e-001
 -1.6344139e-001
 -1.5837974e-001
 -1.5146104e-001
 -1.4275695e-001
 -1.3233213e-001
 -1.2024393e-001
 -1.0654608e-001
 -9.1295938e-002
 -7.4564248e-002
 -5.6446017e-002
 -3.7070747e-002
 -1.6610276e-002
  4.7173293e-003
  2.6648883e-002
  4.8882647e-002
  7.1090052e-002
  9.2931555e-002
  1.1407496e-001
  1.3421418e-001
  1.5308607e-001
  1.7048349e-001
  1.8626261e-001
  2.0034373e-001
  2.1270527e-001
  2.2337163e-001
  2.3239647e-001
  2.3984334e-001
  2.4576620e-001
  2.5019224e-001
  2.5310922e-001
  2.5445891e-001
  2.5413749e-001
  2.5200290e-001
  2.4788827e-001
  2.4161980e-001
  2.3303689e-001
  2.2201229e-001
  2.0846984e-001
  1.9239801e-001
  1.7385778e-001
  1.5298446e-001
  1.2998348e-001
  1.0512117e-001
  7.8712004e-002
  5.1103995e-002
  2.2664125e-002
 -6.2346204e-003
 -3.5223429e-002
 -6.3944469e-002
 -9.2054349e-002
 -1.1922482e-001
 -1.4514178e-001
 -1.6950386e-001
 -1.9202189e-001
 -2.1242035e-001
 -2.3044147e-001
 -2.4585214e-001
 -2.5845335e-001
 -2.6809103e-001
 -2.7466722e-001
 -2.7814993e-001
 -2.7858034e-001
 -2.7607588e-001
 -2.7082869e-001
 -2.6309880e-001
 -2.5320265e-001
 -2.4149756e-001
 -2.2836360e-001
 -2.1418428e-001
 -1.9932783e-001
 -1.8413057e-001
 -1.6888355e-001
 -1.5382340e-001
 -1.3912767e-001
 -1.2491454e-001
 -1.1124650e-001
 -9.8137060e-002
 -8.5559622e-002
 -7.3457508e-002
 -6.1754329e-002
 -5.0364014e-002
 -3.9200069e-002
 -2.8183857e-002
 -1.7251851e-002
 -6.3618888e-003
  4.5015405e-003
  1.5323016e-002
  2.6053088e-002
  3.6606662e-002
  4.6863234e-002
  5.6669397e-002
  6.5843937e-002
  7.4185637e-002
  8.1483662e-002
  8.7530054e-002
  9.2133517e-002
  9.5133420e-002
  9.6412726e-002
  9.5908556e-002
  9.3619203e-002
  8.9606723e-002
  8.3994664e-002
  7.6961012e-002
  6.8726987e-002
  5.9542815e-002
  4.9671953e-002
  3.9375466e-002
  2.8898197e-002
  1.8458176e-002
  8.2402483e-003
 -1.6056102e-003
 -1.0961483e-002
 -1.9734960e-002
 -2.7850098e-002
 -3.5237481e-002
 -4.1825026e-002
 -4.7531110e-002
 -5.2261186e-002
 -5.5908612e-002
 -5.8359769e-002
 -5.9502971e-002
 -5.9240093e-002
 -5.7499507e-002
 -5.4248656e-002
 -4.9504682e-002
 -4.3341710e-002
 -3.5893821e-002
 -2.7353270e-002
 -1.7964026e-002
 -8.0112780e-003
  2.1920839e-003
  1.2320726e-002
  2.2052505e-002
  3.1083215e-002
  3.9139428e-002
  4.5988751e-002
  5.1447170e-002
  5.5383524e-002
  5.7721400e-002
  5.8438902e-002
  5.7566764e-002
  5.5185210e-002
  5.1419790e-002
  4.6436234e-002
  4.0434191e-002
  3.3639642e-002
  2.6295738e-002
  1.8652004e-002
  1.0952015e-002
  3.4200209e-003
 -3.7527003e-003
 -1.0420689e-002
 -1.6495065e-002
 -2.1950905e-002
 -2.6830054e-002
 -3.1238551e-002
 -3.5338332e-002
 -3.9333461e-002
 -4.3451806e-002
 -4.7923630e-002
 -5.2959037e-002
 -5.8726434e-002
 -6.5334165e-002
 -7.2817208e-002
 -8.1130302e-002
 -9.0148187e-002
 -9.9672872e-002
 -1.0944704e-001
 -1.1917208e-001
 -1.2852865e-001
 -1.3719768e-001
 -1.4487952e-001
 -1.5130940e-001
 -1.5626806e-001
 -1.5958684e-001
 -1.6114748e-001
 -1.6087746e-001
 -1.5874225e-001
 -1.5473621e-001
 -1.4887386e-001
 -1.4118295e-001
 -1.3170057e-001
 -1.2047269e-001
 -1.0755698e-001
 -9.3028312e-002
 -7.6985548e-002
 -5.9558340e-002
 -4.0912340e-002
 -2.1251597e-002
 -8.1729198e-004
  2.0117486e-002
  4.1256617e-002
  6.2292605e-002
  8.2919712e-002
  1.0284705e-001
  1.2181009e-001
  1.3957931e-001
  1.5596509e-001
  1.7081852e-001
  1.8402841e-001
  1.9551526e-001
  2.0522355e-001
  2.1311355e-001
  2.1915428e-001
  2.2331873e-001
  2.2558213e-001
  2.2592346e-001
  2.2432997e-001
  2.2080383e-001
  2.1536961e-001
  2.0808134e-001
  1.9902768e-001
  1.8833412e-001
  1.7616152e-001
  1.6270089e-001
  1.4816477e-001
  1.3277621e-001
  1.1675648e-001
  1.0031325e-001
  8.3630275e-002
  6.6860114e-002
  5.0120351e-002
  3.3493689e-002
  1.7031573e-002
  7.6057663e-004
 -1.5309521e-002
 -3.1177200e-002
 -4.6841366e-002
 -6.2295112e-002
 -7.7521624e-002
 -9.2492286e-002
 -1.0716663e-001
 -1.2149340e-001
 -1.3541193e-001
 -1.4885275e-001
 -1.6173705e-001
 -1.7397438e-001
 -1.8545893e-001
 -1.9606503e-001
 -2.0564274e-001
 -2.1401519e-001
 -2.2097857e-001
 -2.2630629e-001
 -2.2975782e-001
 -2.3109224e-001
 -2.3008595e-001
 -2.2655300e-001
 -2.2036614e-001
 -2.1147612e-001
 -1.9992673e-001
 -1.8586346e-001
 -1.6953390e-001
 -1.5127931e-001
 -1.3151725e-001
 -1.1071675e-001
 -8.9368115e-002
 -6.7950272e-002
 -4.6899011e-002
 -2.6579474e-002
 -7.2657779e-003
  1.0870068e-002
  2.7758830e-002
  4.3424412e-002
  5.7965160e-002
  7.1528430e-002
  8.4281454e-002
  9.6381931e-002
  1.0795170e-001
  1.1905640e-001
  1.2969322e-001
  1.3978786e-001
  1.4920053e-001
  1.5774000e-001
  1.6518359e-001
  1.7130047e-001
  1.7587547e-001
  1.7873056e-001
  1.7974184e-001
  1.7885031e-001
  1.7606583e-001
  1.7146440e-001
  1.6517964e-001
  1.5739011e-001
  1.4830437e-001
  1.3814551e-001
  1.2713725e-001
  1.1549257e-001
  1.0340592e-001
  9.1049096e-002
  7.8570441e-002
  6.6096803e-002
  5.3737132e-002
  4.1586819e-002
  2.9731889e-002
  1.8252400e-002
  7.2247379e-003
 -3.2772310e-003
 -1.3181946e-002
 -2.2420547e-002
 -3.0927538e-002
 -3.8641497e-002
 -4.5505782e-002
 -5.1469382e-002
 -5.6488248e-002
 -6.0527494e-002
 -6.3564850e-002
 -6.5595514e-002
 -6.6638307e-002
 -6.6742611e-002
 -6.5995217e-002
 -6.4525888e-002
 -6.2510275e-002
 -6.0168862e-002
 -5.7760895e-002
 -5.5572735e-002
 -5.3900772e-002
 -5.3029792e-002
 -5.3208499e-002
 -5.4624506e-002
 -5.7381557e-002
 -6.1481828e-002
 -6.6815880e-002
 -7.3162230e-002
 -8.0197532e-002
 -8.7517235e-002
 -9.4665352e-002
 -1.0117083e-001
 -1.0658713e-001
 -1.1053110e-001
 -1.1271702e-001
 -1.1298245e-001
 -1.1130273e-001
 -1.0779298e-001
 -1.0269705e-001
 -9.6364951e-002
 -8.9221159e-002
 -8.1727418e-002
 -7.4344046e-002
 -6.7493882e-002
 -6.1532498e-002
 -5.6727407e-002
 -5.3247749e-002
 -5.1164601e-002
 -5.0460684e-002
 -5.1047151e-002
 -5.2784347e-002
 -5.5503187e-002
 -5.9023927e-002
 -6.3169790e-002
 -6.7773896e-002
 -7.2679113e-002
 -7.7731721e-002
 -8.2770793e-002
 -8.7615999e-002
 -9.2056863e-002
 -9.5846365e-002
 -9.8701214e-002
 -1.0031013e-001
 -1.0035028e-001
 -9.8510790e-002
 -9.4520937e-002
 -8.8179959e-002
 -7.9384712e-002
 -6.8151507e-002
 -5.4628922e-002
 -3.9099242e-002
 -2.1967468e-002
 -3.7381992e-003
  1.5017881e-002
  3.3704981e-002
  5.1746778e-002
  6.8630284e-002
  8.3944683e-002
  9.7411295e-002
  1.0890173e-001
  1.1844249e-001
  1.2620555e-001
  1.3248594e-001
  1.3766847e-001
  1.4218669e-001
  1.4647788e-001
  1.5093807e-001
  1.5588092e-001
  1.6150381e-001
  1.6786389e-001
  1.7486569e-001
  1.8226114e-001
  1.8966179e-001
  1.9656200e-001
  2.0237145e-001
  2.0645437e-001
  2.0817291e-001
  2.0693150e-001
  2.0221940e-001
  1.9364855e-001
  1.8098423e-001
  1.6416642e-001
  1.4332047e-001
  1.1875605e-001
  9.0954354e-002
  6.0544158e-002
  2.8268222e-002
 -5.0578571e-003
 -3.8591459e-002
 -7.1510181e-002
 -1.0305698e-001
 -1.3257981e-001
 -1.5956262e-001
 -1.8364536e-001
 -2.0463150e-001
 -2.2248262e-001
 -2.3730092e-001
 -2.4930159e-001
 -2.5877789e-001
 -2.6606256e-001
 -2.7148940e-001
 -2.7535886e-001
 -2.7791089e-001
 -2.7930733e-001
 -2.7962524e-001
 -2.7886098e-001
 -2.7694385e-001
 -2.7375695e-001
 -2.6916215e-001
 -2.6302576e-001
 -2.5524159e-001
 -2.4574849e-001
 -2.3454067e-001
 -2.2166961e-001
 -2.0723831e-001
 -1.9138893e-001
 -1.7428641e-001
 -1.5610066e-001
 -1.3699042e-001
 -1.1709110e-001
 -9.6508755e-002
 -7.5320899e-002
 -5.3584075e-002
 -3.1346928e-002
 -8.6666705e-003
  1.4373683e-002
  3.7650163e-002
  6.0987311e-002
  8.4154220e-002
  1.0686816e-001
  1.2880574e-001
  1.4962051e-001
  1.6896492e-001
  1.8651399e-001
  2.0198786e-001
  2.1517020e-001
  2.2592052e-001
  2.3417879e-001
  2.3996206e-001
  2.4335382e-001
  2.4448761e-001
  2.4352750e-001
  2.4064785e-001
  2.3601543e-001
  2.2977586e-001
  2.2204638e-001
  2.1291528e-001
  2.0244802e-001
  1.9069865e-001
  1.7772459e-001
  1.6360256e-001
  1.4844295e-001
  1.3240059e-001
  1.1568011e-001
  9.8535044e-002
  8.1260585e-002
  6.4180650e-002
  4.7630808e-002
  3.1938867e-002
  1.7405218e-002
  4.2848909e-003
 -7.2270371e-003
 -1.7005592e-002
 -2.5001084e-002
 -3.1239388e-002
 -3.5817890e-002
 -3.8897948e-002
 -4.0694877e-002
 -4.1466390e-002
 -4.1500244e-002
 -4.1101545e-002
 -4.0579922e-002
 -4.0236525e-002
 -4.0350791e-002
 -4.1166936e-002
 -4.2880407e-002
 -4.5624813e-002
 -4.9460264e-002
 -5.4364329e-002
 -6.0227011e-002
 -6.6851138e-002
 -7.3959258e-002
 -8.1207654e-002
 -8.8207346e-002
 -9.4551095e-002
 -9.9844608e-002
 -1.0373935e-001
 -1.0596390e-001
 -1.0635059e-001
 -1.0485439e-001
 -1.0156161e-001
 -9.6686930e-002
 -9.0558582e-002
 -8.3592551e-002
 -7.6258233e-002
 -6.9038794e-002
 -6.2390198e-002
 -5.6703116e-002
 -5.2271592e-002
 -4.9271645e-002
 -4.7751804e-002
 -4.7636253e-002
 -4.8739794e-002
 -5.0792535e-002
 -5.3471151e-002
 -5.6432948e-002
 -5.9348784e-002
 -6.1931257e-002
 -6.3955331e-002
 -6.5269637e-002
 -6.5797979e-002
 -6.5531800e-002
 -6.4515439e-002
 -6.2826830e-002
 -6.0556627e-002
 -5.7788740e-002
 -5.4584803e-002
 -5.0974380e-002
 -4.6951728e-002
 -4.2478996e-002
 -3.7494832e-002
 -3.1926690e-002
 -2.5704788e-002
 -1.8775591e-002
 -1.1113019e-002
 -2.7260519e-003
  6.3378870e-003
  1.5993712e-002
  2.6122941e-002
  3.6580342e-002
  4.7201650e-002
  5.7811137e-002
  6.8228060e-002
  7.8271506e-002
  8.7763616e-002
  9.6531679e-002
  1.0440989e-001
  1.1124171e-001
  1.1688370e-001
  1.2121128e-001
  1.2412650e-001
  1.2556731e-001
  1.2551713e-001
  1.2401337e-001
  1.2115310e-001
  1.1709430e-001
  1.1205152e-001
  1.0628527e-001
  1.0008533e-001
  9.3749120e-002
  8.7556936e-002
  8.1746473e-002
  7.6489472e-002
  7.1873170e-002
  6.7888875e-002
  6.4429244e-002
  6.1294862e-002
  5.8209657e-002
  5.4843651e-002
  5.0840684e-002
  4.5848212e-002
  3.9546095e-002
  3.1671512e-002
  2.2037730e-002
  1.0545310e-002
 -2.8146689e-003
 -1.7964764e-002
 -3.4751245e-002
 -5.2958045e-002
 -7.2322248e-002
 -9.2548949e-002
 -1.1332370e-001
 -1.3432152e-001
 -1.5521224e-001
 -1.7566279e-001
 -1.9533767e-001
 -2.1389931e-001
 -2.3101004e-001
 -2.4633707e-001
 -2.5956141e-001
 -2.7039079e-001
 -2.7857561e-001
 -2.8392645e-001
 -2.8633082e-001
 -2.8576659e-001
 -2.8230966e-001
 -2.7613410e-001
 -2.6750346e-001
 -2.5675353e-001
 -2.4426743e-001
 -2.3044552e-001
 -2.1567306e-001
 -2.0028916e-001
 -1.8456063e-001
 -1.6866360e-001
 -1.5267536e-001
 -1.3657716e-001
 -1.2026778e-001
 -1.0358629e-001
 -8.6341108e-002
 -6.8342133e-002
 -4.9432055e-002
 -2.9513364e-002
 -8.5681559e-003
  1.3331206e-002
  3.6021275e-002
  5.9256045e-002
  8.2723214e-002
  1.0606573e-001
  1.2890574e-001
  1.5086806e-001
  1.7160060e-001
  1.9078988e-001
  2.0817075e-001
  2.2353028e-001
  2.3670661e-001
  2.4758428e-001
  2.5608782e-001
  2.6217531e-001
  2.6583330e-001
  2.6707408e-001
  2.6593521e-001
  2.6248104e-001
  2.5680501e-001
  2.4903132e-001
  2.3931482e-001
  2.2783781e-001
  2.1480347e-001
  2.0042599e-001
  1.8491836e-001
  1.6847951e-001
  1.5128262e-001
  1.3346674e-001
  1.1513341e-001
  9.6349483e-002
  7.7156341e-002
  5.7584746e-002
  3.7673616e-002
  1.7490141e-002
 -2.8517590e-003
 -2.3177713e-002
 -4.3246587e-002
 -6.2753401e-002
 -8.1342173e-002
 -9.8628012e-002
 -1.1422650e-001
 -1.2778725e-001
 -1.3902774e-001
 -1.4776340e-001
 -1.5392991e-001
 -1.5759486e-001
 -1.5895667e-001
 -1.5833071e-001
 -1.5612354e-001
 -1.5279814e-001
 -1.4883370e-001
 -1.4468447e-001
 -1.4074204e-001
 -1.3730508e-001
 -1.3455940e-001
 -1.3257024e-001
 -1.3128664e-001
 -1.3055699e-001
 -1.3015296e-001
 -1.2979869e-001
 -1.2920156e-001
 -1.2808093e-001
 -1.2619203e-001
 -1.2334305e-001
 -1.1940455e-001
 -1.1431150e-001
 -1.0805931e-001
 -1.0069562e-001
 -9.2310213e-002
 -8.3025092e-002
 -7.2986293e-002
 -6.2358387e-002
 -5.1321688e-002
 -4.0071466e-002
 -2.8817851e-002
 -1.7784836e-002
 -7.2068546e-003
  2.6781689e-003
  1.1639717e-002
  1.9469089e-002
  2.5996052e-002
  3.1105732e-002
  3.4753376e-002
  3.6974521e-002
  3.7888530e-002
  3.7694146e-002
  3.6656755e-002
  3.5088184e-002
  3.3320946e-002
  3.1679714e-002
  3.0453338e-002
  2.9870769e-002
  3.0083811e-002
  3.1158815e-002
  3.3078217e-002
  3.5751529e-002
  3.9034083e-002
  4.2750811e-002
  4.6721643e-002
  5.0784953e-002
  5.4815834e-002
  5.8736763e-002
  6.2519438e-002
  6.6177873e-002
  6.9754173e-002
  7.3299529e-002
  7.6853646e-002
  8.0426072e-002
  8.3982536e-002
  8.7438643e-002
  9.0662068e-002
  9.3483084e-002
  9.5711910e-002
  9.7160301e-002
  9.7664077e-002
  9.7103121e-002
  9.5415747e-002
  9.2605141e-002
  8.8736829e-002
  8.3927486e-002
  7.8326742e-002
  7.2094774e-002
  6.5379108e-002
  5.8294251e-002
  5.0907347e-002
  4.3232132e-002
  3.5232203e-002
  2.6833154e-002
  1.7941728e-002
  8.4689881e-003
 -1.6461720e-003
 -1.2417001e-002
 -2.3795717e-002
 -3.5669581e-002
 -4.7867213e-002
 -6.0174641e-002
 -7.2359005e-002
 -8.4196658e-002
 -9.5501598e-002
 -1.0615001e-001
 -1.1609715e-001
 -1.2538371e-001
 -1.3413045e-001
 -1.4252130e-001
 -1.5077685e-001
 -1.5912162e-001
 -1.6774926e-001
 -1.7679021e-001
 -1.8628613e-001
 -1.9617431e-001
 -2.0628422e-001
 -2.1634633e-001
 -2.2601224e-001
 -2.3488313e-001
 -2.4254317e-001
 -2.4859341e-001
 -2.5268244e-001
 -2.5453028e-001
 -2.5394339e-001
 -2.5081998e-001
 -2.4514614e-001
 -2.3698464e-001
 -2.2645908e-001
 -2.1373639e-001
 -1.9901060e-001
 -1.8249020e-001
 -1.6439038e-001
 -1.4493031e-001
 -1.2433459e-001
 -1.0283701e-001
 -8.0684335e-002
 -5.8137793e-002
 -3.5470386e-002
 -1.2959013e-002
  9.1284846e-003
  3.0550069e-002
  5.1107745e-002
  7.0664304e-002
  8.9155383e-002
  1.0659404e-001
  1.2306591e-001
  1.3871428e-001
  1.5371607e-001
  1.6825100e-001
  1.8246772e-001
  1.9645139e-001
  2.1019726e-001
  2.2359449e-001
  2.3642319e-001
  2.4836591e-001
  2.5903318e-001
  2.6800028e-001
  2.7485126e-001
  2.7922458e-001
  2.8085466e-001
  2.7960388e-001
  2.7548051e-001
  2.6864015e-001
  2.5936997e-001
  2.4805779e-001
  2.3514957e-001
  2.2110081e-001
  2.0632796e-001
  1.9116603e-001
  1.7583770e-001
  1.6043766e-001
  1.4493393e-001
  1.2918558e-001
  1.1297412e-001
  9.6044147e-002
  7.8147663e-002
  5.9086375e-002
  3.8746484e-002
  1.7122001e-002
 -5.6757990e-003
 -2.9423109e-002
 -5.3800876e-002
 -7.8421415e-002
 -1.0286003e-001
 -1.2668696e-001
 -1.4949543e-001
 -1.7092234e-001
 -1.9065990e-001
 -2.0845802e-001
 -2.2411884e-001
 -2.3748606e-001
 -2.4843272e-001
 -2.5685069e-001
 -2.6264511e-001
 -2.6573547e-001
 -2.6606391e-001
 -2.6360945e-001
 -2.5840571e-001
 -2.5055855e-001
 -2.4025980e-001
 -2.2779332e-001
 -2.1353089e-001
 -1.9791663e-001
 -1.8144053e-001
 -1.6460351e-001
 -1.4787785e-001
 -1.3166785e-001
 -1.1627594e-001
 -1.0187900e-001
 -8.8518283e-002
 -7.6104825e-002
 -6.4439910e-002
 -5.3248227e-002
 -4.2219469e-002
 -3.1052965e-002
 -1.9499458e-002
 -7.3945644e-003
  5.3203758e-003
  1.8592514e-002
  3.2267067e-002
  4.6110332e-002
  5.9842314e-002
  7.3173812e-002
  8.5842285e-002
  9.7641149e-002
  1.0843829e-001
  1.1818142e-001
  1.2688991e-001
  1.3463518e-001
  1.4151332e-001
  1.4761488e-001
  1.5299757e-001
  1.5766656e-001
  1.6156643e-001
  1.6458636e-001
  1.6657835e-001
  1.6738565e-001
  1.6687703e-001
  1.6498119e-001
  1.6171520e-001
  1.5720185e-001
  1.5167180e-001
  1.4544925e-001
  1.3892177e-001
  1.3249782e-001
  1.2655745e-001
  1.2140290e-001
  1.1721632e-001
  1.1403098e-001
  1.1172068e-001
  1.1000971e-001
  1.0850286e-001
  1.0673190e-001
  1.0421296e-001
  1.0050723e-001
  9.5276871e-002
  8.8328810e-002
  7.9640235e-002
  6.9362483e-002
  5.7802687e-002
  4.5385697e-002
  3.2601434e-002
  1.9944810e-002
  7.8562449e-003
 -3.3293644e-003
 -1.3418671e-002
 -2.2376569e-002
 -3.0321966e-002
 -3.7503994e-002
 -4.4262677e-002
 -5.0980070e-002
 -5.8028959e-002
 -6.5726237e-002
 -7.4296998e-002
 -8.3853547e-002
 -9.4391041e-002
 -1.0579894e-001
 -1.1788505e-001
 -1.3040727e-001
 -1.4310727e-001
 -1.5574034e-001
 -1.6809702e-001
 -1.8001333e-001
 -1.9136941e-001
 -2.0207779e-001
 -2.1206517e-001
 -2.2125232e-001
 -2.2953735e-001
 -2.3678678e-001
 -2.4283762e-001
 -2.4751142e-001
 -2.5063873e-001
 -2.5209059e-001
 -2.5181156e-001
 -2.4984804e-001
 -2.4636592e-001
 -2.4165276e-001
 -2.3610166e-001
 -2.3017709e-001
 -2.2436562e-001
 -2.1911720e-001
 -2.1478477e-001
 -2.1157074e-001
 -2.0948845e-001
 -2.0834536e-001
 -2.0775183e-001
 -2.0715580e-001
 -2.0590037e-001
 -2.0329755e-001
 -1.9870916e-001
 -1.9162418e-001
 -1.8172250e-001
 -1.6891597e-001
 -1.5336103e-001
 -1.3544075e-001
 -1.1571847e-001
 -9.4868879e-002
 -7.3595963e-002
 -5.2548866e-002
 -3.2247119e-002
 -1.3025519e-002
  4.9938904e-003
  2.1899053e-002
  3.7955018e-002
  5.3545882e-002
  6.9100046e-002
  8.5009598e-002
  1.0155541e-001
  1.1884862e-001
  1.3679671e-001
  1.5509881e-001
  1.7327050e-001
  1.9069414e-001
  2.0668719e-001
  2.2057834e-001
  2.3178048e-001
  2.3985000e-001
  2.4452450e-001
  2.4573409e-001
  2.4358583e-001
  2.3832476e-001
  2.3027875e-001
  2.1979655e-001
  2.0718942e-001
  1.9268599e-001
  1.7640752e-001
  1.5836759e-001
  1.3849578e-001
  1.1668136e-001
  9.2829184e-002
  6.6918100e-002
  3.9051494e-002
  9.4906882e-003
 -2.1335511e-002
 -5.2848079e-002
 -8.4360513e-002
 -1.1514157e-001
 -1.4448909e-001
 -1.7180404e-001
 -1.9665338e-001
 -2.1881191e-001
 -2.3827623e-001
 -2.5524795e-001
 -2.7008822e-001
 -2.8324977e-001
 -2.9519662e-001
 -3.0632334e-001
 -3.1688613e-001
 -3.2695649e-001
 -3.3640445e-001
 -3.4491422e-001
 -3.5202980e-001
 -3.5722335e-001
 -3.5997542e-001
 -3.5985408e-001
 -3.5657984e-001
 -3.5006558e-001
 -3.4042415e-001
 -3.2794200e-001
 -3.1302228e-001
 -2.9610650e-001
 -2.7758753e-001
 -2.5772882e-001
 -2.3660462e-001
 -2.1407292e-001
 -1.8978848e-001
 -1.6325689e-001
 -1.3392410e-001
 -1.0128962e-001
 -6.5026994e-002
 -2.5092686e-002
  1.8194890e-002
  6.4121468e-002
  1.1159747e-001
  1.5923487e-001
  2.0547410e-001
  2.4874661e-001
  2.8765311e-001
  3.2113342e-001
  3.4860387e-001
  3.7004149e-001
  3.8600025e-001
  3.9755349e-001
  4.0616663e-001
  4.1351396e-001
  4.2126149e-001
  4.3084371e-001
  4.4326348e-001
  4.5894280e-001
  4.7764561e-001
  4.9848546e-001
  5.2001910e-001
  5.4041615e-001
  5.5768434e-001
  5.6992180e-001
  5.7556407e-001
  5.7359323e-001
  5.6368135e-001
  5.4624876e-001
  5.2242859e-001
  4.9394172e-001
  4.6289785e-001
  4.3154863e-001
  4.0202499e-001
  3.7609312e-001
  3.5496090e-001
  3.3915968e-001
  3.2851614e-001
  3.2221656e-001
  3.1895333e-001
  3.1713233e-001
  3.1511165e-001
  3.1143807e-001
  3.0504850e-001
  2.9540832e-001
  2.8256838e-001
  2.6713323e-001
  2.5014647e-001
  2.3291037e-001
  2.1676637e-001
  2.0286871e-001
  1.9198406e-001
  1.8434664e-001
  1.7959012e-001
  1.7676697e-001
  1.7445325e-001
  1.7092486e-001
  1.6438111e-001
  1.5318467e-001
  1.3608442e-001
  1.1239039e-001
  8.2076207e-002
  4.5794786e-002
  4.8049206e-003
 -3.9181150e-002
 -8.4208329e-002
 -1.2831854e-001
 -1.6978720e-001
 -2.0732436e-001
 -2.4021364e-001
 -2.6837101e-001
 -2.9231684e-001
