 -9.3252984e+000
 -8.8651423e+000
 -8.0869037e+000
 -6.9871259e+000
 -5.6074658e+000
 -3.9925851e+000
 -2.1747190e+000
 -1.8993572e-001
  1.9297564e+000
  4.1232301e+000
  6.3084181e+000
  8.4201975e+000
  1.0413302e+001
  1.2250792e+001
  1.3897801e+001
  1.5294778e+001
  1.6393694e+001
  1.7172204e+001
  1.7621167e+001
  1.7747511e+001
  1.7537148e+001
  1.6963565e+001
  1.6019040e+001
  1.4733229e+001
  1.3139499e+001
  1.1272079e+001
  9.1592521e+000
  6.8188100e+000
  4.3076720e+000
  1.6881623e+000
 -1.0022753e+000
 -3.7073168e+000
 -6.3757442e+000
 -8.9680122e+000
 -1.1439906e+001
 -1.3760920e+001
 -1.5895376e+001
 -1.7790794e+001
 -1.9402415e+001
 -2.0690337e+001
 -2.1628172e+001
 -2.2200331e+001
 -2.2380588e+001
 -2.2148388e+001
 -2.1502640e+001
 -2.0449483e+001
 -1.9029576e+001
 -1.7283464e+001
 -1.5231474e+001
 -1.2919644e+001
 -1.0426426e+001
 -7.8311678e+000
 -5.2189589e+000
 -2.6497536e+000
 -1.9238617e-001
  2.1058810e+000
  4.1882442e+000
  5.9748210e+000
  7.4314611e+000
  8.5346655e+000
  9.2800791e+000
  9.6420482e+000
  9.6137632e+000
  9.2131272e+000
  8.4702479e+000
  7.4103595e+000
  6.0697251e+000
  4.4918407e+000
  2.7086991e+000
  7.7436007e-001
 -1.2482539e+000
 -3.3140993e+000
 -5.3900933e+000
 -7.4275414e+000
 -9.3604984e+000
 -1.1150479e+001
 -1.2775828e+001
 -1.4204885e+001
 -1.5409133e+001
 -1.6342284e+001
 -1.6985467e+001
 -1.7327166e+001
 -1.7357279e+001
 -1.7068331e+001
 -1.6457498e+001
 -1.5516014e+001
 -1.4257890e+001
 -1.2731735e+001
 -1.0981204e+001
 -9.0300241e+000
 -6.9033058e+000
 -4.6485778e+000
 -2.3397555e+000
 -1.6710585e-002
  2.2796182e+000
  4.4940284e+000
  6.5993580e+000
  8.5818758e+000
  1.0405983e+001
  1.2024123e+001
  1.3424270e+001
  1.4603418e+001
  1.5573517e+001
  1.6305567e+001
  1.6771401e+001
  1.6970255e+001
  1.6916703e+001
  1.6630184e+001
  1.6109258e+001
  1.5369743e+001
  1.4433026e+001
  1.3321081e+001
  1.2069638e+001
  1.0705815e+001
  9.2798113e+000
  7.8230434e+000
  6.3714437e+000
  4.9592631e+000
  3.6128268e+000
  2.3475690e+000
  1.1898859e+000
  1.7555786e-001
 -6.7054436e-001
 -1.3659608e+000
 -1.9234579e+000
 -2.3185633e+000
 -2.5361902e+000
 -2.5734583e+000
 -2.4416018e+000
 -2.1563688e+000
 -1.7304255e+000
 -1.1798414e+000
 -4.9054744e-001
  3.2803654e-001
  1.2558332e+000
  2.2694049e+000
  3.3472647e+000
  4.4762564e+000
  5.6499764e+000
  6.8641225e+000
  8.0819050e+000
  9.2596202e+000
  1.0360820e+001
  1.1378327e+001
  1.2306337e+001
  1.3111053e+001
  1.3760857e+001
  1.4221259e+001
  1.4470419e+001
  1.4511099e+001
  1.4357320e+001
  1.3996675e+001
  1.3426503e+001
  1.2643993e+001
  1.1659174e+001
  1.0489762e+001
  9.1553095e+000
  7.6726542e+000
  6.0642184e+000
  4.3555897e+000
  2.5590841e+000
  7.0144274e-001
 -1.1608064e+000
 -2.9841375e+000
 -4.7246192e+000
 -6.3616703e+000
 -7.8695999e+000
 -9.1959010e+000
 -1.0317100e+001
 -1.1195660e+001
 -1.1808328e+001
 -1.2170542e+001
 -1.2288700e+001
 -1.2152829e+001
 -1.1757700e+001
 -1.1119826e+001
 -1.0276834e+001
 -9.2873469e+000
 -8.1748144e+000
 -6.9702636e+000
 -5.7178164e+000
 -4.4581892e+000
 -3.2764412e+000
 -2.2269973e+000
 -1.3503478e+000
 -6.6831252e-001
 -1.9360957e-001
  4.9365638e-002
  3.2361772e-002
 -2.3715855e-001
 -7.0765187e-001
 -1.3491089e+000
 -2.1281516e+000
 -3.0133726e+000
 -3.9632898e+000
 -4.9327863e+000
 -5.9105358e+000
 -6.8736243e+000
 -7.8161481e+000
 -8.7349089e+000
 -9.6481774e+000
 -1.0585161e+001
 -1.1554165e+001
 -1.2574053e+001
 -1.3614892e+001
 -1.4668430e+001
 -1.5719732e+001
 -1.6739562e+001
 -1.7701918e+001
 -1.8537261e+001
 -1.9174468e+001
 -1.9548414e+001
 -1.9640906e+001
 -1.9427649e+001
 -1.8879405e+001
 -1.7953494e+001
 -1.6656037e+001
 -1.5012184e+001
 -1.3071257e+001
 -1.0876573e+001
 -8.4743052e+000
 -5.9446910e+000
 -3.3536778e+000
 -7.6638031e-001
  1.7199180e+000
  4.0311358e+000
  6.0837356e+000
  7.8434080e+000
  9.2494799e+000
  1.0273312e+001
  1.0907226e+001
  1.1153285e+001
  1.1029776e+001
  1.0554106e+001
  9.7937332e+000
  8.8341645e+000
  7.7249096e+000
  6.5209788e+000
  5.2731419e+000
  4.0590159e+000
  2.9399767e+000
  1.9589351e+000
  1.1292429e+000
  4.5758016e-001
 -6.3796070e-002
 -4.3198597e-001
 -6.4002960e-001
 -6.9209262e-001
 -6.2180385e-001
 -4.5154700e-001
 -1.8479471e-001
  2.0149062e-001
  7.0334117e-001
  1.3146743e+000
  2.0312215e+000
  2.8577302e+000
  3.8006332e+000
  4.8421782e+000
  5.9864118e+000
  7.2003840e+000
  8.4550522e+000
  9.7407374e+000
  1.1019267e+001
  1.2270333e+001
  1.3453985e+001
  1.4552371e+001
  1.5533568e+001
  1.6378156e+001
  1.7053353e+001
  1.7527126e+001
  1.7810771e+001
  1.7889299e+001
  1.7755849e+001
  1.7414895e+001
  1.6880223e+001
  1.6178047e+001
  1.5347140e+001
  1.4419451e+001
  1.3416417e+001
  1.2364820e+001
  1.1302144e+001
  1.0268410e+001
  9.2969149e+000
  8.3831417e+000
  7.5468200e+000
  6.7861465e+000
  6.0936947e+000
  5.4836738e+000
  4.9681515e+000
  4.5372483e+000
  4.1623147e+000
  3.8473610e+000
  3.6060579e+000
  3.4338828e+000
  3.3284703e+000
  3.2710860e+000
  3.2573728e+000
  3.2859236e+000
  3.3561826e+000
  3.4632436e+000
  3.5818702e+000
  3.6857828e+000
  3.7693956e+000
  3.8238111e+000
  3.8215784e+000
  3.7297470e+000
  3.5463023e+000
  3.2638450e+000
  2.8794958e+000
  2.3689637e+000
  1.7302752e+000
  1.0054749e+000
  2.1767526e-001
 -6.1479265e-001
 -1.4693521e+000
 -2.3257987e+000
 -3.1481453e+000
 -3.8837734e+000
 -4.5031119e+000
 -5.0092211e+000
 -5.4228930e+000
 -5.7511331e+000
 -5.9947363e+000
 -6.1718974e+000
 -6.3192258e+000
 -6.4719593e+000
 -6.6679316e+000
 -6.9430759e+000
 -7.3247156e+000
 -7.8117241e+000
 -8.3933301e+000
 -9.0792566e+000
 -9.8667027e+000
 -1.0742885e+001
 -1.1680672e+001
 -1.2622624e+001
 -1.3534827e+001
 -1.4393531e+001
 -1.5190918e+001
 -1.5902669e+001
 -1.6480353e+001
 -1.6899110e+001
 -1.7143583e+001
 -1.7222136e+001
 -1.7144053e+001
 -1.6920625e+001
 -1.6564412e+001
 -1.6089559e+001
 -1.5523675e+001
 -1.4893212e+001
 -1.4232761e+001
 -1.3573795e+001
 -1.2926663e+001
 -1.2310397e+001
 -1.1720796e+001
 -1.1157065e+001
 -1.0625461e+001
 -1.0112510e+001
 -9.6057588e+000
 -9.0754133e+000
 -8.5158241e+000
 -7.9238077e+000
 -7.2778216e+000
 -6.5890726e+000
 -5.8554776e+000
 -5.0827056e+000
 -4.2820440e+000
 -3.4693806e+000
 -2.6797823e+000
 -1.9258365e+000
 -1.2406687e+000
 -6.3700992e-001
 -1.4148571e-001
  2.2416324e-001
  4.1368647e-001
  4.3517950e-001
  3.2606754e-001
  1.0367402e-001
 -2.2017189e-001
 -6.2062331e-001
 -1.0526462e+000
 -1.4746833e+000
 -1.8281623e+000
 -2.0558054e+000
 -2.1275098e+000
 -2.0354135e+000
 -1.7869810e+000
 -1.3539602e+000
 -7.5577651e-001
 -3.3484598e-002
  7.8161262e-001
  1.6554294e+000
  2.5629189e+000
  3.4563938e+000
  4.2998341e+000
  5.0944083e+000
  5.8421282e+000
  6.5359916e+000
  7.1770143e+000
  7.7800628e+000
  8.3686788e+000
  8.9680218e+000
  9.6042330e+000
  1.0266340e+001
  1.0946900e+001
  1.1642479e+001
  1.2329780e+001
  1.2996591e+001
  1.3611044e+001
  1.4144880e+001
  1.4570053e+001
  1.4857860e+001
  1.4996341e+001
  1.4991619e+001
  1.4843353e+001
  1.4553925e+001
  1.4147130e+001
  1.3644072e+001
  1.3078429e+001
  1.2491702e+001
  1.1910655e+001
  1.1354052e+001
  1.0847072e+001
  1.0422266e+001
  1.0083931e+001
  9.8601258e+000
  9.7532043e+000
  9.7495408e+000
  9.8459762e+000
  1.0021766e+001
  1.0273628e+001
  1.0576562e+001
  1.0893549e+001
  1.1173574e+001
  1.1385773e+001
  1.1518386e+001
  1.1548958e+001
  1.1473599e+001
  1.1297385e+001
  1.1007290e+001
  1.0601765e+001
  1.0113367e+001
  9.5890788e+000
  9.0595579e+000
  8.5194497e+000
  7.9779573e+000
  7.4493200e+000
  6.9179449e+000
  6.3643825e+000
  5.7730933e+000
  5.1159590e+000
  4.3536902e+000
  3.4627965e+000
  2.4354817e+000
  1.2788735e+000
 -1.0013163e-002
 -1.4087513e+000
 -2.8781183e+000
 -4.3777234e+000
 -5.8793663e+000
 -7.3242807e+000
 -8.6557136e+000
 -9.8415288e+000
 -1.0840502e+001
 -1.1625977e+001
 -1.2178508e+001
 -1.2488770e+001
 -1.2550289e+001
 -1.2356184e+001
 -1.1922800e+001
 -1.1284509e+001
 -1.0487429e+001
 -9.5636350e+000
 -8.5576370e+000
 -7.5242612e+000
 -6.5307667e+000
 -5.6500317e+000
 -4.9295063e+000
 -4.3924712e+000
 -4.0588786e+000
 -3.9424316e+000
 -4.0600367e+000
 -4.3983007e+000
 -4.9112804e+000
 -5.5453819e+000
 -6.2633929e+000
 -7.0359061e+000
 -7.8333310e+000
 -8.6048991e+000
 -9.3306225e+000
 -1.0015663e+001
 -1.0668773e+001
 -1.1299948e+001
 -1.1926174e+001
 -1.2570582e+001
 -1.3240081e+001
 -1.3937832e+001
 -1.4647255e+001
 -1.5360808e+001
 -1.6065575e+001
 -1.6720194e+001
 -1.7284836e+001
 -1.7726426e+001
 -1.7987649e+001
 -1.8037759e+001
 -1.7863219e+001
 -1.7479345e+001
 -1.6879140e+001
 -1.6052051e+001
 -1.5008016e+001
 -1.3798147e+001
 -1.2469205e+001
 -1.1060396e+001
 -9.5836094e+000
 -8.0752465e+000
 -6.5664557e+000
 -5.1036451e+000
 -3.7081778e+000
 -2.4078221e+000
 -1.2165805e+000
 -1.4007386e-001
  8.2696124e-001
  1.6857318e+000
  2.4262704e+000
  3.0378079e+000
  3.5382365e+000
  3.9639261e+000
  4.3296034e+000
  4.6284367e+000
  4.8802044e+000
  5.0808684e+000
  5.2351334e+000
  5.3514178e+000
  5.4406845e+000
  5.4908633e+000
  5.4776949e+000
  5.4097706e+000
  5.2866103e+000
  5.1033675e+000
  4.8729366e+000
  4.6255278e+000
  4.3731258e+000
  4.1062959e+000
  3.8374274e+000
  3.6133369e+000
  3.4743773e+000
  3.4127454e+000
  3.4224426e+000
  3.5086895e+000
  3.6833478e+000
  3.9551405e+000
  4.3244728e+000
  4.7737935e+000
  5.2772824e+000
  5.8261437e+000
  6.4387386e+000
  7.1114334e+000
  7.8430584e+000
  8.6267256e+000
  9.4432931e+000
  1.0268937e+001
  1.1095410e+001
  1.1945519e+001
  1.2806563e+001
  1.3665723e+001
  1.4485238e+001
  1.5239089e+001
  1.5950150e+001
  1.6624205e+001
  1.7256852e+001
  1.7817057e+001
  1.8295470e+001
  1.8685121e+001
  1.8991698e+001
  1.9211425e+001
  1.9303860e+001
  1.9244349e+001
  1.9004734e+001
  1.8578422e+001
  1.7952935e+001
  1.7110851e+001
  1.6058868e+001
  1.4809002e+001
  1.3385853e+001
  1.1793758e+001
  1.0078797e+001
  8.2912261e+000
  6.4698841e+000
  4.6661781e+000
  2.8914426e+000
  1.1971454e+000
 -3.9268227e-001
 -1.8503231e+000
 -3.1367211e+000
 -4.2586407e+000
 -5.2113857e+000
 -5.9867199e+000
 -6.5694627e+000
 -6.9422136e+000
 -7.1046212e+000
 -7.0640317e+000
 -6.8439735e+000
 -6.4540890e+000
 -5.8941260e+000
 -5.1843949e+000
 -4.3443109e+000
 -3.4303635e+000
 -2.4970466e+000
 -1.5643665e+000
 -6.4643794e-001
  2.2083273e-001
  9.6973247e-001
  1.5596262e+000
  1.9774804e+000
  2.2106010e+000
  2.2406871e+000
  2.0751936e+000
  1.7092469e+000
  1.1166339e+000
  2.9950708e-001
 -7.0027981e-001
 -1.8727600e+000
 -3.2086295e+000
 -4.6830128e+000
 -6.2582074e+000
 -7.9185681e+000
 -9.6396006e+000
 -1.1381333e+001
 -1.3094113e+001
 -1.4755285e+001
 -1.6326484e+001
 -1.7793252e+001
 -1.9121584e+001
 -2.0273064e+001
 -2.1216484e+001
 -2.1936580e+001
 -2.2440323e+001
 -2.2733249e+001
 -2.2789479e+001
 -2.2603526e+001
 -2.2170071e+001
 -2.1510630e+001
 -2.0650083e+001
 -1.9596933e+001
 -1.8364252e+001
 -1.6968538e+001
 -1.5443173e+001
 -1.3825549e+001
 -1.2154645e+001
 -1.0470794e+001
 -8.8053779e+000
 -7.1878629e+000
 -5.6701407e+000
 -4.2751150e+000
 -3.0341399e+000
 -1.9757443e+000
 -1.1043016e+000
 -4.3680003e-001
  3.3119134e-002
  3.2121678e-001
  4.2127984e-001
  3.4398254e-001
  9.3805780e-002
 -3.1365650e-001
 -8.5791467e-001
 -1.5124901e+000
 -2.2644120e+000
 -3.1104531e+000
 -4.0155990e+000
 -4.9432633e+000
 -5.8352949e+000
 -6.6653740e+000
 -7.4332970e+000
 -8.0808365e+000
 -8.5495674e+000
 -8.7972006e+000
 -8.8031857e+000
 -8.5696875e+000
 -8.0884026e+000
 -7.3546833e+000
 -6.3748616e+000
 -5.1661492e+000
 -3.7502727e+000
 -2.1815461e+000
 -5.0168817e-001
  1.2718798e+000
  3.1069221e+000
  4.9577187e+000
  6.7708604e+000
  8.5376953e+000
  1.0234875e+001
  1.1823328e+001
  1.3274384e+001
  1.4586239e+001
  1.5767366e+001
  1.6798447e+001
  1.7659082e+001
  1.8328801e+001
  1.8803863e+001
  1.9105295e+001
  1.9245044e+001
  1.9227236e+001
  1.9030571e+001
  1.8664346e+001
  1.8129253e+001
  1.7460475e+001
  1.6696870e+001
  1.5839846e+001
  1.4885029e+001
  1.3851124e+001
  1.2769970e+001
  1.1691513e+001
  1.0647883e+001
  9.6569601e+000
  8.7304644e+000
  7.8929302e+000
  7.1750286e+000
  6.6106767e+000
  6.2183944e+000
  6.0046223e+000
  5.9484198e+000
  6.0162218e+000
  6.2120037e+000
  6.5265583e+000
  6.9241114e+000
  7.3583006e+000
  7.8056293e+000
  8.2321932e+000
  8.6119658e+000
  8.9339750e+000
  9.1822873e+000
  9.3593585e+000
  9.4546678e+000
  9.4650593e+000
  9.4098349e+000
  9.2996343e+000
  9.1594907e+000
  9.0157526e+000
  8.8612429e+000
  8.6785578e+000
  8.4743011e+000
  8.2662135e+000
  8.0392747e+000
  7.7725132e+000
  7.4429360e+000
  7.0329649e+000
  6.5145852e+000
  5.8709328e+000
  5.1071665e+000
  4.2113282e+000
  3.1730983e+000
  1.9966416e+000
  6.8942589e-001
 -7.0674094e-001
 -2.1533363e+000
 -3.6237880e+000
 -5.0905455e+000
 -6.5331531e+000
 -7.8962027e+000
 -9.1346928e+000
 -1.0214474e+001
 -1.1133338e+001
 -1.1888788e+001
 -1.2476348e+001
 -1.2885478e+001
 -1.3123626e+001
 -1.3227428e+001
 -1.3240148e+001
 -1.3185014e+001
 -1.3077588e+001
 -1.2929165e+001
 -1.2785302e+001
 -1.2653254e+001
 -1.2543732e+001
 -1.2451878e+001
 -1.2384538e+001
 -1.2325048e+001
 -1.2246173e+001
 -1.2136921e+001
 -1.1978896e+001
 -1.1755568e+001
 -1.1473757e+001
 -1.1113879e+001
 -1.0681394e+001
 -1.0172959e+001
 -9.6196969e+000
 -9.0365468e+000
 -8.4548681e+000
 -7.9018235e+000
 -7.4052558e+000
 -6.9966903e+000
 -6.7005543e+000
 -6.5551193e+000
 -6.5793782e+000
 -6.7589032e+000
 -7.0845538e+000
 -7.5459178e+000
 -8.1260711e+000
 -8.7980784e+000
 -9.5240379e+000
 -1.0262177e+001
 -1.0967077e+001
 -1.1594830e+001
 -1.2124897e+001
 -1.2555972e+001
 -1.2858689e+001
 -1.2996127e+001
 -1.2966443e+001
 -1.2785388e+001
 -1.2475520e+001
 -1.2042563e+001
 -1.1476377e+001
 -1.0792109e+001
 -9.9950172e+000
 -9.0966677e+000
 -8.1022599e+000
 -7.0250131e+000
 -5.8663847e+000
 -4.6412925e+000
 -3.3524290e+000
 -1.9837710e+000
 -5.6552001e-001
  8.6049733e-001
  2.2730492e+000
  3.6654169e+000
  5.0222852e+000
  6.3255071e+000
  7.5173232e+000
  8.5668292e+000
  9.4605153e+000
  1.0207072e+001
  1.0811284e+001
  1.1243235e+001
  1.1485741e+001
  1.1538509e+001
  1.1438401e+001
  1.1202511e+001
  1.0848699e+001
  1.0406665e+001
  9.9007502e+000
  9.3511294e+000
  8.7910783e+000
  8.2723776e+000
  7.8186663e+000
  7.4449972e+000
  7.1627417e+000
  6.9756538e+000
  6.8905879e+000
  6.8889894e+000
  6.9626967e+000
  7.0923925e+000
  7.2564265e+000
  7.4149120e+000
  7.5483779e+000
  7.6569849e+000
  7.7102334e+000
  7.7303289e+000
  7.7175753e+000
  7.6811806e+000
  7.6332201e+000
  7.5882507e+000
  7.5895208e+000
  7.6573797e+000
  7.8101959e+000
  8.0446520e+000
  8.3674570e+000
  8.7865395e+000
  9.2967948e+000
  9.8715971e+000
  1.0450103e+001
  1.1000099e+001
  1.1507980e+001
  1.1937314e+001
  1.2252091e+001
  1.2408474e+001
  1.2380071e+001
  1.2162559e+001
  1.1748848e+001
  1.1149963e+001
  1.0379616e+001
  9.4739367e+000
  8.4451993e+000
  7.3300910e+000
  6.1663903e+000
  4.9992310e+000
  3.8610244e+000
  2.7784070e+000
  1.7744310e+000
  8.3207287e-001
 -3.1961127e-002
 -8.0660304e-001
 -1.4820151e+000
 -2.0768371e+000
 -2.6320677e+000
 -3.1511703e+000
 -3.6348893e+000
 -4.0860798e+000
 -4.4920617e+000
 -4.8533135e+000
 -5.1694844e+000
 -5.4468944e+000
 -5.6618012e+000
 -5.7955983e+000
 -5.8330501e+000
 -5.7644884e+000
 -5.6148299e+000
 -5.3851151e+000
 -5.0817584e+000
 -4.7068154e+000
 -4.2771831e+000
 -3.8147276e+000
 -3.3508263e+000
 -2.9189711e+000
 -2.5460966e+000
 -2.2239976e+000
 -1.9707410e+000
 -1.8289437e+000
 -1.8183293e+000
 -1.9395432e+000
 -2.2048281e+000
 -2.6257620e+000
 -3.2112069e+000
 -3.9619316e+000
 -4.8573995e+000
 -5.9045575e+000
 -7.0922373e+000
 -8.3855622e+000
 -9.7448913e+000
 -1.1136579e+001
 -1.2531790e+001
 -1.3894029e+001
 -1.5181469e+001
 -1.6328619e+001
 -1.7305282e+001
 -1.8082006e+001
 -1.8635360e+001
 -1.8957626e+001
 -1.9025715e+001
 -1.8828819e+001
 -1.8363296e+001
 -1.7638875e+001
 -1.6668047e+001
 -1.5477541e+001
 -1.4086880e+001
 -1.2505836e+001
 -1.0754161e+001
 -8.8671389e+000
 -6.8974020e+000
 -4.8853074e+000
 -2.8700023e+000
 -8.8667363e-001
  1.0254763e+000
  2.8247907e+000
  4.4466143e+000
  5.8501945e+000
  7.0290470e+000
  7.9649845e+000
  8.6268919e+000
  9.0045344e+000
  9.1115224e+000
  8.9621275e+000
  8.5618659e+000
  7.9430057e+000
  7.1231479e+000
  6.1529560e+000
  5.0582594e+000
  3.8610979e+000
  2.6152075e+000
  1.3608572e+000
  1.4477791e-001
 -9.9935330e-001
 -2.0509065e+000
 -2.9792976e+000
 -3.7496609e+000
 -4.3329528e+000
 -4.6893030e+000
 -4.8249653e+000
 -4.7633571e+000
 -4.4898996e+000
 -3.9909610e+000
 -3.2812398e+000
 -2.3778750e+000
 -1.3166616e+000
 -1.0984793e-001
  1.2235791e+000
  2.6523466e+000
  4.1697066e+000
  5.7407133e+000
  7.3224924e+000
  8.8767900e+000
  1.0370055e+001
  1.1793700e+001
  1.3113800e+001
  1.4298749e+001
  1.5305061e+001
  1.6110442e+001
  1.6705930e+001
  1.7102166e+001
  1.7304957e+001
  1.7302246e+001
  1.7094343e+001
  1.6700294e+001
  1.6148957e+001
  1.5462873e+001
  1.4654083e+001
  1.3736727e+001
  1.2728882e+001
  1.1642625e+001
  1.0496531e+001
  9.3191408e+000
  8.1318617e+000
  6.9656178e+000
  5.8477696e+000
  4.7783603e+000
  3.7847634e+000
  2.8903338e+000
  2.1338277e+000
  1.5391890e+000
  1.0828177e+000
  7.3123708e-001
  4.8701545e-001
  3.6106475e-001
  3.2819336e-001
  3.5750281e-001
  4.0889209e-001
  4.5295484e-001
  4.8021402e-001
  4.7898446e-001
  4.5169335e-001
  3.9004220e-001
  2.8858131e-001
  1.4688729e-001
 -1.8564345e-002
 -1.7652469e-001
 -3.2612042e-001
 -4.4617747e-001
 -5.3786388e-001
 -6.1328231e-001
 -6.6008800e-001
 -6.6299795e-001
 -6.2042816e-001
 -5.7095526e-001
 -5.2724351e-001
 -4.9820886e-001
 -4.9108719e-001
 -5.1266381e-001
 -5.8304447e-001
 -7.0316781e-001
 -9.0538582e-001
 -1.2107967e+000
 -1.6166829e+000
 -2.1111669e+000
 -2.6764492e+000
 -3.3187927e+000
 -4.0364821e+000
 -4.8189610e+000
 -5.6371160e+000
 -6.4749687e+000
 -7.2950831e+000
 -8.0887519e+000
 -8.8552622e+000
 -9.5967606e+000
 -1.0294679e+001
 -1.0934003e+001
 -1.1516702e+001
 -1.2063636e+001
 -1.2573190e+001
 -1.3044794e+001
 -1.3471994e+001
 -1.3842007e+001
 -1.4152368e+001
 -1.4390667e+001
 -1.4546922e+001
 -1.4602849e+001
 -1.4549625e+001
 -1.4376918e+001
 -1.4060509e+001
 -1.3591904e+001
 -1.2958373e+001
 -1.2189501e+001
 -1.1291969e+001
 -1.0262213e+001
 -9.1184443e+000
 -7.8780765e+000
 -6.5715058e+000
 -5.2397128e+000
 -3.9151716e+000
 -2.6335634e+000
 -1.4243806e+000
 -3.2410479e-001
  6.5108277e-001
  1.4496657e+000
  2.0447978e+000
  2.4373232e+000
  2.6345512e+000
  2.6476763e+000
  2.4881926e+000
  2.1883050e+000
  1.7703473e+000
  1.2807729e+000
  7.7469468e-001
  2.7857425e-001
 -1.9681342e-001
 -6.4834748e-001
 -1.0192447e+000
 -1.3045256e+000
 -1.5198066e+000
 -1.6849407e+000
 -1.7960897e+000
 -1.8581548e+000
 -1.8747572e+000
 -1.8524713e+000
 -1.7710818e+000
 -1.6267039e+000
 -1.4177245e+000
 -1.1248131e+000
 -7.3332756e-001
 -2.4102385e-001
  3.6998723e-001
  1.1130302e+000
  1.9874418e+000
  2.9633625e+000
  4.0359287e+000
  5.1933967e+000
  6.4232987e+000
  7.6906270e+000
  8.9398082e+000
  1.0146741e+001
  1.1281406e+001
  1.2305894e+001
  1.3195535e+001
  1.3927031e+001
  1.4477096e+001
  1.4816817e+001
  1.4943780e+001
  1.4887572e+001
  1.4678508e+001
  1.4324275e+001
  1.3847384e+001
  1.3277199e+001
  1.2653018e+001
  1.2024763e+001
  1.1418407e+001
  1.0832935e+001
  1.0262817e+001
  9.7192483e+000
  9.2134032e+000
  8.7375182e+000
  8.2588621e+000
  7.7419739e+000
  7.1854623e+000
  6.6081794e+000
  5.9963441e+000
  5.3536640e+000
  4.6796897e+000
  3.9977848e+000
  3.3434898e+000
  2.7333864e+000
  2.1969462e+000
  1.7520519e+000
  1.4269824e+000
  1.2232842e+000
  1.1451521e+000
  1.1686001e+000
  1.2940022e+000
  1.5350311e+000
  1.8529192e+000
  2.2129188e+000
  2.5641875e+000
  2.8633534e+000
  3.1130781e+000
  3.3049271e+000
  3.4079343e+000
  3.4013133e+000
  3.2636202e+000
  2.9966638e+000
  2.6166923e+000
  2.1596748e+000
  1.6507821e+000
  1.1039284e+000
  5.2170038e-001
 -6.4608383e-002
 -6.2653788e-001
 -1.1262014e+000
 -1.5462546e+000
 -1.9075862e+000
 -2.2377501e+000
 -2.5453434e+000
 -2.8234153e+000
 -3.0841705e+000
 -3.3795423e+000
 -3.7373324e+000
 -4.1821287e+000
 -4.7267222e+000
 -5.3800029e+000
 -6.1266692e+000
 -6.9580382e+000
 -7.8634702e+000
 -8.8114834e+000
 -9.7875792e+000
 -1.0727865e+001
 -1.1588737e+001
 -1.2344033e+001
 -1.2962826e+001
 -1.3442080e+001
 -1.3775546e+001
 -1.3943052e+001
 -1.3934354e+001
 -1.3765772e+001
 -1.3482578e+001
 -1.3107764e+001
 -1.2663459e+001
 -1.2148564e+001
 -1.1582975e+001
 -1.0974011e+001
 -1.0355798e+001
 -9.7382879e+000
 -9.1038316e+000
 -8.4498794e+000
 -7.7699240e+000
 -7.0692383e+000
 -6.3560648e+000
 -5.6339491e+000
 -4.8929088e+000
 -4.1219403e+000
 -3.3272889e+000
 -2.5239438e+000
 -1.7404673e+000
 -9.9068342e-001
 -2.7953917e-001
  3.7837890e-001
  9.6171765e-001
  1.4388771e+000
  1.8002989e+000
  2.0121278e+000
  2.0714538e+000
  1.9895971e+000
  1.7677420e+000
  1.4188840e+000
  9.6087512e-001
  4.1511720e-001
 -1.8618668e-001
 -7.9807422e-001
 -1.3927350e+000
 -1.9247468e+000
 -2.3709348e+000
 -2.7274788e+000
 -2.9842677e+000
 -3.1285963e+000
 -3.1470282e+000
 -3.0401418e+000
 -2.8380294e+000
 -2.5617576e+000
 -2.2176996e+000
 -1.7943520e+000
 -1.2936711e+000
 -7.2375702e-001
 -9.2547849e-002
  6.1333027e-001
  1.4037150e+000
  2.2786994e+000
  3.2420221e+000
  4.2878742e+000
  5.4008424e+000
  6.5621539e+000
  7.7526858e+000
  8.9517889e+000
  1.0121752e+001
  1.1253141e+001
  1.2298313e+001
  1.3224065e+001
  1.4013211e+001
  1.4646345e+001
  1.5113916e+001
  1.5394474e+001
  1.5479171e+001
  1.5374130e+001
  1.5085226e+001
  1.4617156e+001
  1.3986693e+001
  1.3220255e+001
  1.2330649e+001
  1.1333206e+001
  1.0270538e+001
  9.1711521e+000
  8.0648433e+000
  6.9910485e+000
  5.9578824e+000
  4.9780984e+000
  4.0537346e+000
  3.2053817e+000
  2.4532403e+000
  1.7828225e+000
  1.1681326e+000
  5.8996863e-001
  4.7504314e-002
 -4.3153267e-001
 -8.5039048e-001
 -1.2234338e+000
 -1.5507290e+000
 -1.7964146e+000
 -1.9366858e+000
 -1.9533239e+000
 -1.8352583e+000
 -1.5887312e+000
 -1.2196907e+000
 -7.2541106e-001
 -1.2703859e-001
  5.4552052e-001
  1.2537796e+000
  1.9564573e+000
  2.6349121e+000
  3.2461032e+000
  3.7549660e+000
  4.1380007e+000
  4.3788916e+000
  4.4700341e+000
  4.4163674e+000
  4.2183019e+000
  3.8581357e+000
  3.3535566e+000
  2.7223824e+000
  1.9812362e+000
  1.1330770e+000
  1.7629757e-001
 -8.6759765e-001
 -1.9848120e+000
 -3.1424285e+000
 -4.3276546e+000
 -5.5328385e+000
 -6.7408971e+000
 -7.9278071e+000
 -9.0674163e+000
 -1.0130092e+001
 -1.1115363e+001
 -1.2041331e+001
 -1.2888444e+001
 -1.3628132e+001
 -1.4251479e+001
 -1.4754641e+001
 -1.5152113e+001
 -1.5431501e+001
 -1.5590258e+001
 -1.5627241e+001
 -1.5510641e+001
 -1.5225012e+001
 -1.4764666e+001
 -1.4159376e+001
 -1.3406914e+001
 -1.2506686e+001
 -1.1467591e+001
 -1.0301002e+001
 -9.0275601e+000
 -7.6813532e+000
 -6.3118864e+000
 -4.9473710e+000
 -3.5937082e+000
 -2.2671663e+000
 -9.9479959e-001
  1.7404891e-001
  1.2171933e+000
  2.1423315e+000
  2.9408930e+000
  3.6153078e+000
  4.1370383e+000
  4.4972095e+000
  4.6836903e+000
  4.7030815e+000
  4.5738074e+000
  4.3027101e+000
  3.8992987e+000
  3.3554394e+000
  2.6954503e+000
  1.9446164e+000
  1.1435421e+000
  3.2942411e-001
 -5.0069484e-001
 -1.3477710e+000
 -2.1695208e+000
 -2.9225831e+000
 -3.5925026e+000
 -4.1728496e+000
 -4.6503353e+000
 -5.0216281e+000
 -5.2558299e+000
 -5.3295738e+000
 -5.2352694e+000
 -4.9716331e+000
 -4.5308285e+000
 -3.9110298e+000
 -3.1172042e+000
 -2.1581728e+000
 -1.0443247e+000
  2.0801999e-001
  1.5709826e+000
  2.9924009e+000
  4.4424844e+000
  5.9031590e+000
  7.3818101e+000
  8.8411195e+000
  1.0236270e+001
  1.1541194e+001
  1.2744529e+001
  1.3851462e+001
  1.4856477e+001
  1.5735397e+001
  1.6486915e+001
  1.7073748e+001
  1.7489601e+001
  1.7725203e+001
  1.7783369e+001
  1.7677285e+001
  1.7397022e+001
  1.6935567e+001
  1.6301407e+001
  1.5507736e+001
  1.4594817e+001
  1.3581606e+001
  1.2480022e+001
  1.1297609e+001
  1.0042395e+001
  8.7484211e+000
  7.4459545e+000
  6.1489860e+000
  4.8597834e+000
  3.5824343e+000
  2.3480690e+000
  1.1752848e+000
  9.0984402e-002
 -8.9363399e-001
 -1.7719943e+000
 -2.5270658e+000
 -3.1535416e+000
 -3.6436846e+000
 -3.9799188e+000
 -4.1725911e+000
 -4.2197458e+000
 -4.1362309e+000
 -3.9480733e+000
 -3.6566162e+000
 -3.2637597e+000
 -2.7873131e+000
 -2.2513893e+000
 -1.6758681e+000
 -1.0757810e+000
 -4.7192163e-001
  1.3433789e-001
  7.3189073e-001
  1.2976242e+000
  1.8064761e+000
  2.2448602e+000
  2.6067164e+000
  2.8849270e+000
  3.0574612e+000
  3.1127625e+000
  3.0273203e+000
  2.7912867e+000
  2.4125769e+000
  1.9017132e+000
  1.2580694e+000
  4.6954383e-001
 -4.7479069e-001
 -1.5441868e+000
 -2.7176571e+000
 -3.9710901e+000
 -5.3099378e+000
 -6.7214723e+000
 -8.1833693e+000
 -9.6802221e+000
 -1.1169345e+001
 -1.2635389e+001
 -1.4063005e+001
 -1.5422348e+001
 -1.6676173e+001
 -1.7792679e+001
 -1.8747170e+001
 -1.9520635e+001
 -2.0082710e+001
 -2.0395243e+001
 -2.0468602e+001
 -2.0311112e+001
 -1.9903414e+001
 -1.9231651e+001
 -1.8313045e+001
 -1.7191900e+001
 -1.5888092e+001
 -1.4411856e+001
 -1.2786343e+001
 -1.1060364e+001
 -9.2623803e+000
 -7.4187639e+000
 -5.5836670e+000
 -3.7809928e+000
 -2.0428200e+000
 -4.0279075e-001
  1.1092590e+000
  2.4570823e+000
  3.6161215e+000
  4.5789901e+000
  5.3306492e+000
  5.8437188e+000
  6.1168942e+000
  6.1566956e+000
  5.9612788e+000
  5.5463257e+000
  4.9225952e+000
  4.1075885e+000
  3.1274302e+000
  2.0036669e+000
  7.7267244e-001
 -5.3365150e-001
 -1.8770352e+000
 -3.2181596e+000
 -4.5174325e+000
 -5.7322525e+000
 -6.8188579e+000
 -7.7389440e+000
 -8.4556166e+000
 -8.9261732e+000
 -9.1300415e+000
 -9.0485835e+000
 -8.6877199e+000
 -8.0372076e+000
 -7.0804738e+000
 -5.8349006e+000
 -4.3250791e+000
 -2.5845686e+000
 -6.3916720e-001
  1.4695591e+000
  3.7184295e+000
  6.0790574e+000
  8.4916218e+000
  1.0893094e+001
  1.3227565e+001
  1.5463784e+001
  1.7563864e+001
  1.9478798e+001
  2.1156959e+001
  2.2549576e+001
  2.3643657e+001
  2.4410618e+001
  2.4836496e+001
  2.4945251e+001
  2.4744920e+001
  2.4232602e+001
  2.3421167e+001
  2.2344086e+001
  2.1025224e+001
  1.9512969e+001
  1.7831236e+001
  1.6006312e+001
  1.4060762e+001
  1.2016795e+001
  9.9027244e+000
  7.7853014e+000
  5.7015557e+000
  3.6782710e+000
  1.7378624e+000
 -6.4616052e-002
 -1.6651329e+000
 -3.0149051e+000
 -4.0727680e+000
 -4.8237483e+000
 -5.2613782e+000
 -5.3674750e+000
 -5.1295947e+000
 -4.5482641e+000
 -3.6724278e+000
 -2.5560655e+000
 -1.2549287e+000
  1.9187403e-001
  1.7388332e+000
  3.3082230e+000
  4.8308838e+000
  6.2540618e+000
  7.5308538e+000
  8.6273305e+000
  9.5110287e+000
  1.0154639e+001
  1.0551262e+001
  1.0693748e+001
  1.0573781e+001
  1.0214347e+001
  9.6335271e+000
  8.8595010e+000
  7.9183037e+000
  6.8220295e+000
  5.5785837e+000
  4.2154637e+000
  2.7638355e+000
  1.2435746e+000
 -3.5355607e-001
 -2.0455417e+000
 -3.8193368e+000
 -5.6547248e+000
 -7.5404468e+000
 -9.4416048e+000
 -1.1341945e+001
 -1.3216321e+001
 -1.5024383e+001
 -1.6706547e+001
 -1.8210270e+001
 -1.9476902e+001
 -2.0468356e+001
 -2.1164493e+001
 -2.1550066e+001
 -2.1624529e+001
 -2.1396076e+001
 -2.0877303e+001
 -2.0119178e+001
 -1.9182458e+001
 -1.8111989e+001
 -1.6948570e+001
 -1.5736399e+001
 -1.4521383e+001
 -1.3341302e+001
 -1.2222687e+001
 -1.1172007e+001
 -1.0196783e+001
 -9.2952758e+000
 -8.4758489e+000
 -7.7345416e+000
 -7.0708494e+000
 -6.4855910e+000
 -5.9669646e+000
 -5.5146884e+000
 -5.1131867e+000
 -4.7744276e+000
 -4.5013695e+000
 -4.2911820e+000
 -4.1358550e+000
 -4.0248843e+000
 -3.9776338e+000
 -4.0190694e+000
 -4.1523083e+000
 -4.3868391e+000
 -4.7148909e+000
 -5.1542891e+000
 -5.7095706e+000
 -6.3599778e+000
 -7.0825429e+000
 -7.8557075e+000
 -8.6299169e+000
 -9.3417843e+000
 -9.9632491e+000
 -1.0440171e+001
 -1.0734780e+001
 -1.0812556e+001
 -1.0652226e+001
 -1.0240103e+001
 -9.5877561e+000
 -8.7254049e+000
 -7.6812556e+000
 -6.5045459e+000
 -5.2103360e+000
 -3.8220181e+000
 -2.3864524e+000
 -9.3776352e-001
  5.0462970e-001
  1.9518866e+000
  3.4116956e+000
  4.8656722e+000
  6.3238586e+000
  7.7897179e+000
  9.2603860e+000
  1.0724924e+001
  1.2171781e+001
  1.3594056e+001
  1.4969831e+001
  1.6261479e+001
  1.7430163e+001
  1.8452437e+001
  1.9314959e+001
  1.9999864e+001
  2.0479340e+001
  2.0729853e+001
  2.0736315e+001
  2.0497858e+001
  2.0036609e+001
  1.9368518e+001
  1.8505557e+001
  1.7465822e+001
  1.6279928e+001
  1.4980811e+001
  1.3637574e+001
  1.2282368e+001
  1.0957104e+001
  9.7026632e+000
  8.5530377e+000
  7.5256767e+000
  6.6539363e+000
  5.9464142e+000
  5.3959735e+000
  4.9894229e+000
  4.7141396e+000
  4.5668682e+000
  4.5292164e+000
  4.5922290e+000
  4.7513159e+000
  4.9936915e+000
  5.3428226e+000
  5.8009310e+000
  6.3704639e+000
  7.0563802e+000
  7.8523348e+000
  8.7492400e+000
  9.7195064e+000
  1.0732387e+001
  1.1750421e+001
  1.2709045e+001
  1.3584298e+001
  1.4313178e+001
  1.4845040e+001
  1.5132824e+001
  1.5163970e+001
  1.4944766e+001
  1.4456739e+001
  1.3683555e+001
  1.2629450e+001
  1.1322749e+001
  9.8125214e+000
  8.1215199e+000
  6.2607074e+000
  4.2527555e+000
  2.1351496e+000
 -3.8583265e-002
 -2.2254206e+000
 -4.3888185e+000
 -6.4877609e+000
 -8.4968279e+000
 -1.0367753e+001
 -1.2057473e+001
 -1.3542696e+001
 -1.4808377e+001
 -1.5845948e+001
 -1.6646963e+001
 -1.7237199e+001
 -1.7632689e+001
 -1.7826607e+001
 -1.7842717e+001
 -1.7704218e+001
 -1.7426417e+001
 -1.7020626e+001
 -1.6497342e+001
 -1.5869665e+001
 -1.5134348e+001
 -1.4287917e+001
 -1.3366620e+001
 -1.2397477e+001
 -1.1407167e+001
 -1.0405999e+001
 -9.4068268e+000
 -8.4572765e+000
 -7.6098754e+000
 -6.9077225e+000
 -6.3707364e+000
 -5.9952784e+000
 -5.7881223e+000
 -5.7887216e+000
 -6.0183577e+000
 -6.4687920e+000
 -7.1055822e+000
 -7.9082168e+000
 -8.8617228e+000
 -9.9469418e+000
 -1.1136901e+001
 -1.2384269e+001
 -1.3644568e+001
 -1.4866398e+001
 -1.6014237e+001
 -1.7055234e+001
 -1.7949373e+001
 -1.8655294e+001
 -1.9144823e+001
 -1.9407122e+001
 -1.9418229e+001
 -1.9175256e+001
 -1.8697466e+001
 -1.8015376e+001
 -1.7143520e+001
 -1.6084696e+001
 -1.4872178e+001
 -1.3547453e+001
 -1.2129555e+001
 -1.0649925e+001
 -9.1345913e+000
 -7.5967869e+000
 -6.0288882e+000
 -4.4542808e+000
 -2.8985168e+000
 -1.3823904e+000
  9.6884957e-002
  1.5413765e+000
  2.9306048e+000
  4.2459811e+000
  5.4723999e+000
  6.5957594e+000
  7.6091424e+000
  8.5258295e+000
  9.3385037e+000
  1.0030586e+001
  1.0599715e+001
  1.1059918e+001
  1.1425294e+001
  1.1693499e+001
  1.1867887e+001
  1.1945788e+001
  1.1928030e+001
  1.1819024e+001
  1.1625815e+001
  1.1355692e+001
  1.1016821e+001
  1.0627895e+001
  1.0199055e+001
  9.7450145e+000
  9.2926485e+000
  8.8697565e+000
  8.5019663e+000
  8.2054276e+000
  7.9792605e+000
  7.8239232e+000
  7.7501270e+000
  7.7880002e+000
  7.9235464e+000
  8.1231511e+000
  8.3904889e+000
  8.7354591e+000
  9.1761169e+000
  9.7096599e+000
  1.0329807e+001
  1.1014435e+001
  1.1770280e+001
  1.2602769e+001
  1.3501120e+001
  1.4452080e+001
  1.5420195e+001
  1.6389313e+001
  1.7315900e+001
  1.8174171e+001
  1.8939333e+001
  1.9587086e+001
  2.0105227e+001
  2.0450410e+001
  2.0595654e+001
  2.0547681e+001
  2.0314451e+001
  1.9888934e+001
  1.9241727e+001
  1.8388826e+001
  1.7323690e+001
  1.6068017e+001
  1.4642096e+001
  1.3065482e+001
  1.1354482e+001
  9.5106815e+000
  7.5814850e+000
  5.6183029e+000
  3.6677071e+000
  1.7615330e+000
 -6.1633348e-002
 -1.7672343e+000
 -3.3472247e+000
 -4.7796045e+000
 -6.0290467e+000
 -7.0702086e+000
 -7.9242472e+000
 -8.6296018e+000
 -9.1840342e+000
 -9.5844702e+000
 -9.8306576e+000
 -9.9239704e+000
 -9.8860117e+000
 -9.7055006e+000
 -9.4039587e+000
 -8.9757686e+000
 -8.4139546e+000
 -7.7159297e+000
 -6.9089864e+000
 -6.0194159e+000
 -5.0713133e+000
 -4.1182623e+000
 -3.1887881e+000
 -2.3272343e+000
 -1.5835898e+000
 -1.0193540e+000
 -6.9068298e-001
 -6.2054529e-001
 -8.3345147e-001
 -1.3401208e+000
 -2.1599056e+000
 -3.2920824e+000
 -4.7242466e+000
 -6.4058746e+000
 -8.2917946e+000
 -1.0340928e+001
 -1.2493094e+001
 -1.4686971e+001
 -1.6857539e+001
 -1.8944989e+001
 -2.0894738e+001
 -2.2637606e+001
 -2.4110436e+001
 -2.5290085e+001
 -2.6160610e+001
 -2.6709797e+001
 -2.6919529e+001
 -2.6778193e+001
 -2.6308445e+001
 -2.5563587e+001
 -2.4580054e+001
 -2.3389623e+001
 -2.2021128e+001
 -2.0499236e+001
 -1.8853098e+001
 -1.7137382e+001
 -1.5378044e+001
 -1.3574613e+001
 -1.1738889e+001
 -9.8763301e+000
 -8.0125547e+000
 -6.1598418e+000
 -4.3456483e+000
 -2.5954263e+000
 -9.3275648e-001
  6.1263872e-001
  2.0092008e+000
  3.2074189e+000
  4.1818488e+000
  4.9159796e+000
  5.3982753e+000
  5.6154657e+000
  5.5632971e+000
  5.2731521e+000
  4.7738238e+000
  4.0717525e+000
  3.2120018e+000
  2.2432424e+000
  1.2154873e+000
  1.7083170e-001
 -8.5640577e-001
 -1.8267933e+000
 -2.7032026e+000
 -3.4377850e+000
 -4.0067526e+000
 -4.3978704e+000
 -4.6066114e+000
 -4.6126598e+000
 -4.4020094e+000
 -3.9612565e+000
 -3.3089185e+000
 -2.4697696e+000
 -1.4567875e+000
 -2.6897381e-001
  1.1012649e+000
  2.6302491e+000
  4.2842145e+000
  6.0445179e+000
  7.8969094e+000
  9.8382755e+000
  1.1847595e+001
  1.3881574e+001
  1.5911524e+001
  1.7900682e+001
  1.9821947e+001
  2.1624522e+001
  2.3274485e+001
  2.4737321e+001
  2.5973416e+001
  2.6945495e+001
  2.7614940e+001
  2.7974293e+001
  2.8015937e+001
  2.7728554e+001
  2.7134537e+001
  2.6238382e+001
  2.5043899e+001
  2.3571873e+001
  2.1861426e+001
  1.9981478e+001
  1.7970537e+001
  1.5852694e+001
  1.3673087e+001
  1.1493578e+001
  9.3717283e+000
  7.3559562e+000
  5.4885930e+000
  3.7819103e+000
  2.2580873e+000
  9.3334664e-001
 -1.6750781e-001
 -1.0353308e+000
 -1.6882406e+000
 -2.1502508e+000
 -2.4373315e+000
 -2.5372466e+000
 -2.4535665e+000
 -2.1839526e+000
 -1.7415052e+000
 -1.1423440e+000
 -3.7864416e-001
  5.4936851e-001
  1.6539556e+000
  2.8993307e+000
  4.2537407e+000
  5.6890129e+000
  7.1530861e+000
  8.5994609e+000
  9.9700647e+000
  1.1216597e+001
  1.2267775e+001
  1.3024075e+001
  1.3447796e+001
  1.3508383e+001
  1.3175626e+001
  1.2423664e+001
  1.1232163e+001
  9.6133396e+000
  7.6024785e+000
  5.2419971e+000
  2.5865820e+000
 -3.0233550e-001
 -3.3717311e+000
 -6.5422958e+000
 -9.7318074e+000
 -1.2862691e+001
 -1.5864271e+001
 -1.8672018e+001
 -2.1235585e+001
 -2.3513538e+001
 -2.5477731e+001
 -2.7097464e+001
 -2.8343193e+001
 -2.9224675e+001
 -2.9765764e+001
 -2.9978011e+001
 -2.9874353e+001
 -2.9454225e+001
 -2.8729370e+001
 -2.7738803e+001
 -2.6498164e+001
 -2.5010490e+001
 -2.3282985e+001
 -2.1318178e+001
 -1.9142654e+001
 -1.6791061e+001
 -1.4302847e+001
 -1.1712896e+001
 -9.0819888e+000
 -6.4691888e+000
 -3.9237018e+000
 -1.5197988e+000
  6.5603771e-001
  2.5286138e+000
  4.0442395e+000
  5.1708811e+000
  5.8739276e+000
  6.1265273e+000
  5.9193356e+000
  5.2682867e+000
  4.2041200e+000
  2.7668834e+000
  1.0147810e+000
 -9.8433836e-001
 -3.1711604e+000
 -5.4908154e+000
 -7.8659577e+000
 -1.0209294e+001
 -1.2459270e+001
 -1.4549615e+001
 -1.6425262e+001
 -1.8046070e+001
 -1.9374953e+001
 -2.0379520e+001
 -2.1015778e+001
 -2.1259974e+001
 -2.1123362e+001
 -2.0633015e+001
 -1.9787445e+001
 -1.8571495e+001
 -1.6991129e+001
 -1.5092342e+001
 -1.2902198e+001
 -1.0441713e+001
 -7.7319020e+000
 -4.7897880e+000
 -1.6699824e+000
  1.5854651e+000
  4.9280122e+000
  8.2983460e+000
  1.1636020e+001
  1.4868688e+001
  1.7940071e+001
  2.0786285e+001
  2.3353719e+001
  2.5577187e+001
  2.7398533e+001
  2.8795152e+001
  2.9750400e+001
  3.0258108e+001
  3.0318408e+001
  2.9926467e+001
  2.9113366e+001
  2.7926740e+001
  2.6412292e+001
  2.4611877e+001
  2.2572382e+001
  2.0357361e+001
  1.8034477e+001
  1.5647403e+001
  1.3267966e+001
  1.0938046e+001
  8.7125998e+000
  6.6428008e+000
  4.7486791e+000
  3.0654818e+000
  1.6136477e+000
  4.1511884e-001
 -5.2562683e-001
 -1.2010786e+000
 -1.6010088e+000
 -1.7378759e+000
 -1.6134502e+000
 -1.2271248e+000
 -5.7735258e-001
  3.1938730e-001
  1.4580289e+000
  2.8300239e+000
  4.4145092e+000
  6.1865876e+000
  8.0992959e+000
  1.0117467e+001
  1.2178105e+001
  1.4223765e+001
  1.6202254e+001
  1.8054577e+001
  1.9722177e+001
  2.1123472e+001
  2.2213027e+001
  2.2969638e+001
  2.3379369e+001
  2.3420032e+001
  2.3057580e+001
  2.2303282e+001
  2.1174601e+001
  1.9709208e+001
  1.7943161e+001
  1.5879457e+001
  1.3552346e+001
  1.0995780e+001
  8.2755138e+000
  5.4505751e+000
  2.5500313e+000
 -3.9494752e-001
 -3.3280786e+000
 -6.1856149e+000
 -8.9418142e+000
 -1.1550416e+001
 -1.3963683e+001
 -1.6159760e+001
 -1.8121006e+001
 -1.9836412e+001
 -2.1276257e+001
 -2.2431841e+001
 -2.3305934e+001
 -2.3901466e+001
 -2.4223937e+001
 -2.4265115e+001
 -2.4041613e+001
 -2.3543411e+001
 -2.2769089e+001
 -2.1740062e+001
 -2.0477099e+001
 -1.8992438e+001
 -1.7312248e+001
 -1.5469677e+001
 -1.3510724e+001
 -1.1470393e+001
 -9.4041798e+000
 -7.3803781e+000
 -5.4520389e+000
 -3.6509897e+000
 -2.0202007e+000
 -6.2105108e-001
  5.0109149e-001
  1.3177904e+000
  1.8140284e+000
  1.9914513e+000
  1.8453118e+000
  1.3661149e+000
  5.4382593e-001
 -5.9519871e-001
 -2.0202080e+000
 -3.6815833e+000
 -5.5408760e+000
 -7.5562652e+000
 -9.6772326e+000
 -1.1861858e+001
 -1.4053840e+001
 -1.6181881e+001
 -1.8177585e+001
 -2.0001108e+001
 -2.1630817e+001
 -2.3025345e+001
 -2.4138502e+001
 -2.4931564e+001
 -2.5389466e+001
 -2.5485401e+001
 -2.5224336e+001
 -2.4616241e+001
 -2.3646782e+001
 -2.2302551e+001
 -2.0607672e+001
 -1.8588392e+001
 -1.6270795e+001
 -1.3682908e+001
 -1.0872980e+001
 -7.8844741e+000
 -4.7589672e+000
 -1.5492082e+000
  1.6619938e+000
  4.8203192e+000
  7.8765569e+000
  1.0780994e+001
  1.3477291e+001
  1.5893495e+001
  1.7966279e+001
  1.9690882e+001
  2.1060697e+001
  2.2053440e+001
  2.2643429e+001
  2.2816362e+001
  2.2592524e+001
  2.2004843e+001
  2.1074880e+001
  1.9856310e+001
  1.8365416e+001
  1.6642655e+001
  1.4731354e+001
  1.2693237e+001
  1.0588502e+001
  8.4782720e+000
  6.4135266e+000
  4.4320141e+000
  2.5710203e+000
  8.8155841e-001
 -5.8246069e-001
 -1.7782643e+000
 -2.6801564e+000
 -3.2731636e+000
 -3.5408443e+000
 -3.4797781e+000
 -3.0613677e+000
 -2.2801612e+000
 -1.1457753e+000
  3.0800012e-001
  2.0796424e+000
  4.1365702e+000
  6.4369480e+000
  8.9367728e+000
  1.1573291e+001
  1.4305104e+001
  1.7049871e+001
  1.9728397e+001
  2.2276054e+001
  2.4648433e+001
  2.6777201e+001
  2.8570781e+001
  2.9990194e+001
  3.0992350e+001
  3.1562379e+001
  3.1674916e+001
  3.1324152e+001
  3.0511575e+001
  2.9239215e+001
  2.7546852e+001
  2.5482990e+001
  2.3075046e+001
  2.0357230e+001
  1.7393056e+001
  1.4258232e+001
  1.1004308e+001
  7.6684496e+000
  4.3169886e+000
  1.0378938e+000
 -2.1431980e+000
 -5.1820265e+000
 -8.0225295e+000
 -1.0624021e+001
 -1.2942887e+001
 -1.4943895e+001
 -1.6610809e+001
 -1.7933502e+001
 -1.8891806e+001
 -1.9458190e+001
 -1.9615074e+001
 -1.9371183e+001
 -1.8760409e+001
 -1.7795707e+001
 -1.6487422e+001
 -1.4855922e+001
 -1.2963244e+001
 -1.0862115e+001
 -8.6130499e+000
 -6.2828380e+000
 -3.9485059e+000
 -1.6688877e+000
  4.9281432e-001
  2.4694934e+000
  4.1861615e+000
  5.5878105e+000
  6.6484041e+000
  7.3337901e+000
  7.6206625e+000
  7.4795764e+000
  6.9194164e+000
  5.9574759e+000
  4.6133721e+000
  2.9152774e+000
  9.0134424e-001
 -1.3866238e+000
 -3.9022442e+000
 -6.5850429e+000
 -9.3848945e+000
 -1.2251034e+001
 -1.5103150e+001
 -1.7887014e+001
 -2.0566168e+001
 -2.3094566e+001
 -2.5413727e+001
 -2.7474554e+001
 -2.9229025e+001
 -3.0648472e+001
 -3.1720965e+001
 -3.2430459e+001
 -3.2731218e+001
 -3.2615629e+001
 -3.2087178e+001
 -3.1163626e+001
 -2.9853021e+001
 -2.8176735e+001
 -2.6151127e+001
 -2.3808011e+001
 -2.1204492e+001
 -1.8387611e+001
 -1.5408161e+001
 -1.2321491e+001
 -9.1929917e+000
 -6.0852918e+000
 -3.0570719e+000
 -1.7653599e-001
  2.4960871e+000
  4.9176270e+000
  7.0468684e+000
  8.8477290e+000
  1.0295354e+001
  1.1385849e+001
  1.2117047e+001
  1.2487543e+001
  1.2517138e+001
  1.2250481e+001
  1.1720493e+001
  1.0946643e+001
  9.9691223e+000
  8.8173984e+000
  7.5311917e+000
  6.1418553e+000
  4.6923313e+000
  3.2161682e+000
  1.7232622e+000
  2.3135945e-001
 -1.2179657e+000
 -2.5827566e+000
 -3.8083530e+000
 -4.8704656e+000
 -5.7647602e+000
 -6.4541979e+000
 -6.8964252e+000
 -7.0442830e+000
 -6.8702570e+000
 -6.3767625e+000
 -5.5749073e+000
 -4.4702042e+000
 -3.0558854e+000
 -1.3359795e+000
  6.5636172e-001
  2.8671343e+000
  5.2444071e+000
  7.7438762e+000
  1.0318406e+001
  1.2924356e+001
  1.5511430e+001
  1.8004500e+001
  2.0355010e+001
  2.2532973e+001
  2.4497467e+001
  2.6226345e+001
  2.7698091e+001
  2.8893630e+001
  2.9792592e+001
  3.0385721e+001
  3.0676653e+001
  3.0675749e+001
  3.0379431e+001
  2.9793150e+001
  2.8925314e+001
  2.7772689e+001
  2.6339471e+001
  2.4654160e+001
  2.2753146e+001
  2.0646287e+001
  1.8345203e+001
  1.5872513e+001
  1.3278691e+001
  1.0630965e+001
  7.9700409e+000
  5.3470068e+000
  2.7985449e+000
  3.6861464e-001
 -1.8703480e+000
 -3.8546913e+000
 -5.5449821e+000
 -6.9220892e+000
 -7.9774220e+000
 -8.6895713e+000
 -9.0290897e+000
 -8.9975939e+000
 -8.6361409e+000
 -7.9711269e+000
 -7.0289293e+000
 -5.8520901e+000
 -4.4917356e+000
 -2.9808016e+000
 -1.3710659e+000
  2.7588647e-001
  1.9112061e+000
  3.4961936e+000
  4.9726234e+000
  6.3210744e+000
  7.5073901e+000
  8.4972182e+000
  9.2508649e+000
  9.7468362e+000
  9.9836220e+000
  9.9627074e+000
  9.6645033e+000
  9.0744621e+000
  8.2000824e+000
  7.0359380e+000
  5.5932759e+000
  3.8912425e+000
  1.9390988e+000
 -2.3720434e-001
 -2.6321530e+000
 -5.2198161e+000
 -7.9545721e+000
 -1.0766635e+001
 -1.3603739e+001
 -1.6432763e+001
 -1.9204984e+001
 -2.1847799e+001
 -2.4276158e+001
 -2.6435708e+001
 -2.8275055e+001
 -2.9755722e+001
 -3.0855453e+001
 -3.1531200e+001
 -3.1764638e+001
 -3.1559526e+001
 -3.0929815e+001
 -2.9906201e+001
 -2.8520648e+001
 -2.6828916e+001
 -2.4861697e+001
 -2.2681620e+001
 -2.0350095e+001
 -1.7913475e+001
 -1.5440159e+001
 -1.2986066e+001
 -1.0581205e+001
 -8.2591077e+000
 -6.0648741e+000
 -4.0410078e+000
 -2.2174606e+000
 -6.0367052e-001
  7.9464672e-001
  1.9435054e+000
  2.8255223e+000
  3.4090518e+000
  3.7025023e+000
  3.7164653e+000
  3.4213407e+000
  2.8236589e+000
  1.9402832e+000
  7.8479096e-001
 -6.1210032e-001
 -2.2090588e+000
 -3.9380951e+000
 -5.7454125e+000
 -7.5789010e+000
 -9.3907333e+000
 -1.1099328e+001
 -1.2626927e+001
 -1.3923754e+001
 -1.4936279e+001
 -1.5634971e+001
 -1.6004063e+001
 -1.6021572e+001
 -1.5675119e+001
 -1.4946577e+001
 -1.3867076e+001
 -1.2464817e+001
 -1.0757983e+001
 -8.7707820e+000
 -6.5464664e+000
 -4.1258090e+000
 -1.5416962e+000
  1.1749422e+000
  3.9661184e+000
  6.7650657e+000
  9.5255701e+000
  1.2223473e+001
  1.4825268e+001
  1.7279820e+001
  1.9532416e+001
  2.1537870e+001
  2.3273091e+001
  2.4726158e+001
  2.5878245e+001
  2.6713452e+001
  2.7203481e+001
  2.7338529e+001
  2.7128874e+001
  2.6582926e+001
  2.5729826e+001
  2.4578907e+001
  2.3153734e+001
  2.1480493e+001
  1.9593631e+001
  1.7551592e+001
  1.5410935e+001
  1.3232750e+001
  1.1054584e+001
  8.9177990e+000
  6.8885681e+000
  5.0247604e+000
  3.3792794e+000
  1.9777520e+000
  8.4119302e-001
  3.3323630e-003
 -5.1624930e-001
 -7.1498266e-001
 -5.9354481e-001
 -1.7179718e-001
  5.1656994e-001
  1.4692452e+000
  2.6453139e+000
  3.9981601e+000
  5.4888915e+000
  7.0825845e+000
  8.7253871e+000
  1.0353464e+001
  1.1912022e+001
  1.3389712e+001
  1.4767525e+001
  1.5994288e+001
  1.7025880e+001
  1.7828515e+001
  1.8388215e+001
  1.8715931e+001
  1.8810482e+001
  1.8641045e+001
  1.8187208e+001
  1.7444596e+001
  1.6435468e+001
  1.5176003e+001
  1.3657866e+001
  1.1884592e+001
  9.8858488e+000
  7.6731860e+000
  5.2776651e+000
  2.7484219e+000
  1.3200225e-001
 -2.5374737e+000
 -5.2297495e+000
 -7.8847246e+000
 -1.0440774e+001
 -1.2862362e+001
 -1.5100700e+001
 -1.7123111e+001
 -1.8899960e+001
 -2.0417372e+001
 -2.1661629e+001
 -2.2600689e+001
 -2.3216593e+001
 -2.3518290e+001
 -2.3511480e+001
 -2.3205836e+001
 -2.2622655e+001
 -2.1763673e+001
 -2.0635766e+001
 -1.9267840e+001
 -1.7712097e+001
 -1.6024491e+001
 -1.4229762e+001
 -1.2361220e+001
 -1.0466190e+001
 -8.5961597e+000
 -6.8142905e+000
 -5.1764348e+000
 -3.7033058e+000
 -2.4055601e+000
 -1.3276671e+000
 -5.1594203e-001
  7.1159984e-003
  2.4066008e-001
  1.7919757e-001
 -1.6208749e-001
 -7.6914575e-001
 -1.6452798e+000
 -2.7850477e+000
 -4.1505450e+000
 -5.6994831e+000
 -7.3871022e+000
 -9.1652451e+000
 -1.1014093e+001
 -1.2884737e+001
 -1.4727911e+001
 -1.6509245e+001
 -1.8178310e+001
 -1.9698900e+001
 -2.1033970e+001
 -2.2158331e+001
 -2.3046474e+001
 -2.3671776e+001
 -2.4007579e+001
 -2.4022796e+001
 -2.3714007e+001
 -2.3057422e+001
 -2.2056114e+001
 -2.0725679e+001
 -1.9065469e+001
 -1.7068628e+001
 -1.4774288e+001
 -1.2244530e+001
 -9.5306373e+000
 -6.6786262e+000
 -3.7132901e+000
 -7.0257065e-001
  2.2783338e+000
  5.1601091e+000
  7.8963545e+000
  1.0459697e+001
  1.2824978e+001
  1.4948460e+001
  1.6796623e+001
  1.8338272e+001
  1.9575957e+001
  2.0517036e+001
  2.1157129e+001
  2.1476976e+001
  2.1470527e+001
  2.1168264e+001
  2.0572177e+001
  1.9698937e+001
  1.8582192e+001
  1.7241403e+001
  1.5709571e+001
  1.4014322e+001
  1.2211799e+001
  1.0351805e+001
  8.4742405e+000
  6.6328063e+000
  4.8651047e+000
  3.2148304e+000
  1.7233117e+000
  4.4826933e-001
 -5.7572962e-001
 -1.3408704e+000
 -1.8217043e+000
 -1.9886757e+000
 -1.8409512e+000
 -1.3717601e+000
 -5.9371461e-001
  4.8566197e-001
  1.8443431e+000
  3.4399741e+000
  5.2388190e+000
  7.2126947e+000
  9.3037294e+000
  1.1460365e+001
  1.3629884e+001
  1.5761839e+001
  1.7815754e+001
  1.9756887e+001
  2.1536639e+001
  2.3117063e+001
  2.4467333e+001
  2.5562988e+001
  2.6387990e+001
  2.6928065e+001
  2.7150814e+001
  2.7044360e+001
  2.6609694e+001
  2.5838497e+001
  2.4734457e+001
  2.3284707e+001
  2.1516049e+001
  1.9453900e+001
  1.7117207e+001
  1.4535923e+001
  1.1739684e+001
  8.7871455e+000
  5.7188002e+000
  2.5907641e+000
 -5.4992520e-001
 -3.6523284e+000
 -6.6608875e+000
 -9.5008786e+000
 -1.2131643e+001
 -1.4506258e+001
 -1.6584818e+001
 -1.8321283e+001
 -1.9672309e+001
 -2.0621959e+001
 -2.1160209e+001
 -2.1280917e+001
 -2.0993824e+001
 -2.0321135e+001
 -1.9293665e+001
 -1.7933757e+001
 -1.6298071e+001
 -1.4435367e+001
 -1.2407649e+001
 -1.0269299e+001
 -8.0808466e+000
 -5.8841490e+000
 -3.7135655e+000
 -1.6362601e+000
  2.8516341e-001
  1.9996994e+000
  3.4893250e+000
  4.7262764e+000
  5.6596374e+000
  6.2514959e+000
  6.4678339e+000
  6.2998875e+000
  5.7267669e+000
  4.7324178e+000
  3.3319535e+000
  1.5537046e+000
 -5.9498060e-001
 -3.1022864e+000
 -5.8991202e+000
 -8.9214908e+000
 -1.2094442e+001
 -1.5341552e+001
 -1.8599922e+001
 -2.1788481e+001
 -2.4827406e+001
 -2.7620104e+001
 -3.0079896e+001
 -3.2148265e+001
 -3.3778449e+001
 -3.4937527e+001
 -3.5579526e+001
 -3.5696230e+001
 -3.5285008e+001
 -3.4349515e+001
 -3.2944368e+001
 -3.1102333e+001
 -2.8867574e+001
 -2.6286803e+001
 -2.3424405e+001
 -2.0342937e+001
 -1.7096036e+001
 -1.3746236e+001
 -1.0345100e+001
 -6.9402454e+000
 -3.5757656e+000
 -3.0801855e-001
  2.8015184e+000
  5.7209185e+000
  8.4040582e+000
  1.0816252e+001
  1.2910551e+001
  1.4643207e+001
  1.5988947e+001
  1.6934285e+001
  1.7442413e+001
  1.7517242e+001
  1.7181624e+001
  1.6445183e+001
  1.5315349e+001
  1.3833151e+001
  1.2052057e+001
  1.0039870e+001
  7.8728538e+000
  5.6168574e+000
  3.3367892e+000
  1.0895232e+000
 -1.0556450e+000
 -3.0066128e+000
 -4.6932598e+000
 -6.0936773e+000
 -7.1825042e+000
 -7.9310096e+000
 -8.3159657e+000
 -8.3108139e+000
 -7.9331775e+000
 -7.2127430e+000
 -6.1693980e+000
 -4.8237843e+000
 -3.1964134e+000
 -1.3347908e+000
  7.2805495e-001
  2.9568285e+000
  5.2865013e+000
  7.6955341e+000
  1.0152832e+001
  1.2620747e+001
  1.5051118e+001
  1.7408002e+001
  1.9663253e+001
  2.1786883e+001
  2.3743701e+001
  2.5512382e+001
  2.7061885e+001
  2.8360118e+001
  2.9386825e+001
  3.0125875e+001
  3.0558988e+001
  3.0678649e+001
  3.0489610e+001
  2.9978596e+001
  2.9142000e+001
  2.7992354e+001
  2.6568167e+001
  2.4905171e+001
  2.3028041e+001
  2.0965250e+001
  1.8745653e+001
  1.6419576e+001
  1.4051764e+001
  1.1683386e+001
  9.3553203e+000
  7.0775749e+000
  4.8879069e+000
  2.8219996e+000
  9.2282314e-001
 -7.9376269e-001
 -2.3267854e+000
 -3.6740601e+000
 -4.8379633e+000
 -5.7991456e+000
 -6.5449604e+000
 -7.0813963e+000
 -7.4102337e+000
 -7.5322085e+000
 -7.4555997e+000
 -7.1858628e+000
 -6.7175901e+000
 -6.0448859e+000
 -5.1775287e+000
 -4.1443073e+000
 -2.9813267e+000
 -1.7083860e+000
 -3.5493389e-001
  1.0635862e+000
  2.4877173e+000
  3.8486364e+000
  5.1026144e+000
  6.2093136e+000
  7.1125896e+000
  7.7916443e+000
  8.2092708e+000
  8.3234001e+000
  8.0975830e+000
  7.5389786e+000
  6.6701834e+000
  5.5008361e+000
  4.0249820e+000
  2.2694440e+000
  2.8357430e-001
 -1.9094501e+000
 -4.2527551e+000
 -6.7010835e+000
 -9.2308253e+000
 -1.1791748e+001
 -1.4341581e+001
 -1.6835803e+001
 -1.9231536e+001
 -2.1494181e+001
 -2.3601863e+001
 -2.5508100e+001
 -2.7183710e+001
 -2.8614188e+001
 -2.9760136e+001
 -3.0593109e+001
 -3.1087386e+001
 -3.1230363e+001
 -3.1036062e+001
 -3.0488408e+001
 -2.9574816e+001
 -2.8299522e+001
 -2.6684751e+001
 -2.4770393e+001
 -2.2609708e+001
 -2.0237178e+001
 -1.7674907e+001
 -1.4977840e+001
 -1.2232437e+001
 -9.5041223e+000
 -6.8425735e+000
 -4.3123833e+000
 -1.9675676e+000
  1.4557827e-001
  1.9788359e+000
  3.4991338e+000
  4.6597503e+000
  5.4551676e+000
  5.8833244e+000
  5.9533049e+000
  5.6846195e+000
  5.0913666e+000
  4.1905752e+000
  3.0247879e+000
  1.6596411e+000
  1.4613763e-001
 -1.4816517e+000
 -3.1778492e+000
 -4.9045805e+000
 -6.5937944e+000
 -8.2003639e+000
 -9.6962431e+000
 -1.1029866e+001
 -1.2174771e+001
 -1.3105892e+001
 -1.3795810e+001
 -1.4202416e+001
 -1.4293656e+001
 -1.4048015e+001
 -1.3463284e+001
 -1.2547149e+001
 -1.1301057e+001
 -9.7158479e+000
 -7.8039425e+000
 -5.6007508e+000
 -3.1652677e+000
 -5.4858994e-001
  2.1950748e+000
  5.0292966e+000
  7.8967328e+000
  1.0723067e+001
  1.3439295e+001
  1.5990891e+001
  1.8341187e+001
  2.0435968e+001
  2.2244920e+001
  2.3741927e+001
  2.4899150e+001
  2.5699360e+001
  2.6144429e+001
  2.6241286e+001
  2.6017814e+001
  2.5495218e+001
  2.4689865e+001
  2.3614703e+001
  2.2315585e+001
  2.0838872e+001
  1.9223456e+001
  1.7511177e+001
  1.5713092e+001
  1.3875618e+001
  1.2036839e+001
  1.0241923e+001
  8.5308109e+000
  6.9186729e+000
  5.4447644e+000
  4.1349863e+000
  3.0132587e+000
  2.0965984e+000
  1.4055350e+000
  9.6735353e-001
  7.7334263e-001
  8.1446795e-001
  1.0786770e+000
  1.5639526e+000
  2.2496651e+000
  3.1310073e+000
  4.1680504e+000
  5.3020733e+000
  6.5070701e+000
  7.7767049e+000
  9.0834982e+000
  1.0374998e+001
  1.1607981e+001
  1.2761151e+001
  1.3815647e+001
  1.4755069e+001
  1.5543551e+001
  1.6156735e+001
  1.6564072e+001
  1.6746008e+001
  1.6696006e+001
  1.6411970e+001
  1.5869973e+001
  1.5052417e+001
  1.3969443e+001
  1.2635600e+001
  1.1069213e+001
  9.2851426e+000
  7.3121832e+000
  5.1747126e+000
  2.8988582e+000
  5.3760929e-001
 -1.8559224e+000
 -4.2456207e+000
 -6.5974567e+000
 -8.8755924e+000
 -1.1050247e+001
 -1.3075103e+001
 -1.4937857e+001
 -1.6606563e+001
 -1.8033318e+001
 -1.9211592e+001
 -2.0154406e+001
 -2.0862089e+001
 -2.1308624e+001
 -2.1471994e+001
 -2.1354672e+001
 -2.0973146e+001
 -2.0356022e+001
 -1.9534716e+001
 -1.8507844e+001
 -1.7262868e+001
 -1.5826839e+001
 -1.4278839e+001
 -1.2664272e+001
 -1.1001521e+001
 -9.3039686e+000
 -7.6051569e+000
 -5.9836612e+000
 -4.4793754e+000
 -3.1177012e+000
 -1.9333947e+000
 -9.5722445e-001
 -2.1060247e-001
  2.9659695e-001
  5.2938423e-001
  4.9394352e-001
  2.0076922e-001
 -3.4118817e-001
 -1.1219728e+000
 -2.1152519e+000
 -3.2925457e+000
 -4.6306316e+000
 -6.1053828e+000
 -7.6865930e+000
 -9.3240773e+000
 -1.0972424e+001
 -1.2612358e+001
 -1.4198931e+001
 -1.5700691e+001
 -1.7076200e+001
 -1.8276423e+001
 -1.9245155e+001
 -1.9964793e+001
 -2.0425832e+001
 -2.0593793e+001
 -2.0436295e+001
 -1.9944567e+001
 -1.9128720e+001
 -1.8002745e+001
 -1.6588465e+001
 -1.4925915e+001
 -1.3023056e+001
 -1.0896029e+001
 -8.5918904e+000
 -6.1851373e+000
 -3.7280545e+000
 -1.2417835e+000
  1.2364307e+000
  3.6486891e+000
  5.9576384e+000
  8.1187606e+000
  1.0085819e+001
  1.1810586e+001
  1.3284505e+001
  1.4495372e+001
  1.5417303e+001
  1.6035765e+001
  1.6350634e+001
  1.6369623e+001
  1.6109668e+001
  1.5608890e+001
  1.4901052e+001
  1.4017266e+001
  1.2974531e+001
  1.1817424e+001
  1.0612703e+001
  9.3876531e+000
  8.1736142e+000
  6.9958896e+000
  5.8920020e+000
  4.8813546e+000
  3.9843993e+000
  3.2231429e+000
  2.6064925e+000
  2.1435749e+000
  1.8298416e+000
  1.6704535e+000
  1.6817992e+000
  1.8476476e+000
  2.1713004e+000
  2.6397269e+000
  3.2437424e+000
  3.9684593e+000
  4.8089291e+000
  5.7672705e+000
  6.8065183e+000
  7.9030910e+000
  9.0356204e+000
  1.0184455e+001
  1.1324323e+001
  1.2417987e+001
  1.3433559e+001
  1.4347602e+001
  1.5122842e+001
  1.5743195e+001
  1.6193268e+001
  1.6462689e+001
  1.6547746e+001
  1.6453763e+001
  1.6164813e+001
  1.5699958e+001
  1.5087602e+001
  1.4354901e+001
  1.3517261e+001
  1.2584023e+001
  1.1565361e+001
  1.0487425e+001
  9.3761883e+000
  8.2426759e+000
  7.0853603e+000
  5.9193585e+000
  4.7471193e+000
  3.5797122e+000
  2.4175461e+000
  1.2919146e+000
  2.0811894e-001
 -8.3729071e-001
 -1.8461936e+000
 -2.8011959e+000
 -3.6850340e+000
 -4.4957580e+000
 -5.2200659e+000
 -5.8609551e+000
 -6.4295531e+000
 -6.9316291e+000
 -7.3432983e+000
 -7.6512098e+000
 -7.8761332e+000
 -8.0245229e+000
 -8.0884049e+000
 -8.0596540e+000
 -7.9496712e+000
 -7.7656044e+000
 -7.5043712e+000
 -7.1775870e+000
 -6.8097634e+000
 -6.4217111e+000
 -6.0131261e+000
 -5.6116363e+000
 -5.2287974e+000
 -4.8770935e+000
 -4.5734668e+000
 -4.3290097e+000
 -4.1646404e+000
 -4.0588978e+000
 -4.0102341e+000
 -4.0327723e+000
 -4.1415941e+000
 -4.3381158e+000
 -4.5963060e+000
 -4.9147406e+000
 -5.3115587e+000
 -5.7816302e+000
 -6.3279526e+000
 -6.9345494e+000
 -7.5808455e+000
 -8.2576542e+000
 -8.9525347e+000
 -9.6711272e+000
 -1.0394631e+001
 -1.1077360e+001
 -1.1695163e+001
 -1.2243041e+001
 -1.2702249e+001
 -1.3075886e+001
 -1.3340091e+001
 -1.3451930e+001
 -1.3402186e+001
 -1.3200667e+001
 -1.2852080e+001
 -1.2359967e+001
 -1.1714856e+001
 -1.0920166e+001
 -9.9863763e+000
 -8.9539086e+000
 -7.8242365e+000
 -6.6301521e+000
 -5.4091317e+000
 -4.1923375e+000
 -2.9949606e+000
 -1.8424611e+000
 -7.5354606e-001
  2.4146546e-001
  1.1083094e+000
  1.8434595e+000
  2.4520454e+000
  2.9566833e+000
  3.3674473e+000
  3.6438573e+000
  3.7878106e+000
  3.8251810e+000
  3.7934471e+000
  3.7005675e+000
  3.5172906e+000
  3.2450317e+000
  2.9011035e+000
  2.5146209e+000
  2.0957161e+000
  1.6612162e+000
  1.2250751e+000
  7.9312994e-001
  4.0907245e-001
  1.0877172e-001
 -8.4470351e-002
 -1.4611364e-001
 -7.5099949e-002
  1.4468340e-001
  5.3567195e-001
  1.0857196e+000
  1.7854677e+000
  2.6297580e+000
  3.6063990e+000
  4.6584619e+000
  5.7680864e+000
  6.9136430e+000
  8.0789388e+000
  9.2288805e+000
  1.0321976e+001
  1.1322718e+001
  1.2202113e+001
  1.2959090e+001
  1.3575863e+001
  1.4039395e+001
  1.4329302e+001
  1.4403616e+001
  1.4273398e+001
  1.3952490e+001
  1.3468574e+001
  1.2838383e+001
  1.2059049e+001
  1.1138737e+001
  1.0113383e+001
  9.0298297e+000
  7.9324801e+000
  6.8331742e+000
  5.7331437e+000
  4.6634035e+000
  3.6434084e+000
  2.6798313e+000
  1.7966834e+000
  1.0055677e+000
  2.9987490e-001
 -3.0059370e-001
 -7.8461548e-001
 -1.1389474e+000
 -1.3483664e+000
 -1.4064751e+000
 -1.3014955e+000
 -1.0265081e+000
 -6.0238478e-001
 -4.3752873e-002
  6.5086693e-001
  1.4473796e+000
  2.3106935e+000
  3.2021772e+000
  4.0810812e+000
  4.9154637e+000
  5.6653768e+000
  6.2999727e+000
  6.7900573e+000
  7.0976520e+000
  7.2119949e+000
  7.1173643e+000
  6.8265318e+000
  6.3364761e+000
  5.6536115e+000
  4.7934898e+000
  3.7642506e+000
  2.6054835e+000
  1.3603664e+000
  4.9674895e-002
 -1.3027750e+000
 -2.6621421e+000
 -3.9982284e+000
 -5.2697871e+000
 -6.4509795e+000
 -7.5367302e+000
 -8.5262309e+000
 -9.4067807e+000
 -1.0167006e+001
 -1.0798127e+001
 -1.1310340e+001
 -1.1708864e+001
 -1.1985960e+001
 -1.2160717e+001
 -1.2226312e+001
 -1.2162887e+001
 -1.1967968e+001
 -1.1640575e+001
 -1.1186903e+001
 -1.0611430e+001
 -9.9164639e+000
 -9.1105935e+000
 -8.1996895e+000
 -7.2013725e+000
 -6.1682232e+000
 -5.1409089e+000
 -4.1186942e+000
 -3.1185015e+000
 -2.1825857e+000
 -1.3416967e+000
 -6.2650908e-001
 -5.0750165e-002
  3.9685882e-001
  7.1315839e-001
  8.9060626e-001
  9.2040445e-001
  8.2917180e-001
  6.1911005e-001
  3.0517370e-001
 -8.7341819e-002
 -5.3621395e-001
 -1.0196075e+000
 -1.5412082e+000
 -2.0937610e+000
 -2.6451231e+000
 -3.1708311e+000
 -3.6505245e+000
 -4.0973708e+000
 -4.5156975e+000
 -4.8875908e+000
 -5.2035509e+000
 -5.4572018e+000
 -5.6520158e+000
 -5.7909866e+000
 -5.8659517e+000
 -5.8829663e+000
 -5.8373644e+000
 -5.7171035e+000
 -5.5151688e+000
 -5.2250846e+000
 -4.8314000e+000
 -4.3400815e+000
 -3.7549050e+000
 -3.0674776e+000
 -2.2660807e+000
 -1.3592530e+000
 -3.8180222e-001
  6.3860195e-001
  1.6748942e+000
  2.7297446e+000
  3.7808688e+000
  4.8087684e+000
  5.7823830e+000
  6.6671140e+000
  7.4705066e+000
  8.1861507e+000
  8.8181483e+000
  9.3656373e+000
  9.8173054e+000
  1.0156089e+001
  1.0379572e+001
  1.0511817e+001
  1.0559255e+001
  1.0503639e+001
  1.0340528e+001
  1.0052467e+001
  9.6589206e+000
  9.1783694e+000
  8.6224174e+000
  7.9741513e+000
  7.2408359e+000
  6.4478100e+000
  5.6065520e+000
  4.7421703e+000
  3.8820616e+000
  3.0320141e+000
  2.2089124e+000
  1.4172589e+000
  6.8784742e-001
  4.8484787e-002
 -4.8564227e-001
 -9.0807291e-001
 -1.2015452e+000
 -1.3866121e+000
 -1.4624710e+000
 -1.4032830e+000
 -1.2013794e+000
 -8.6616455e-001
 -4.5174263e-001
  3.0349548e-002
  5.6954950e-001
  1.1603757e+000
  1.7997582e+000
  2.4465887e+000
  3.0707409e+000
  3.6526300e+000
  4.1944435e+000
  4.6946093e+000
  5.1298819e+000
  5.4934078e+000
  5.7599200e+000
  5.9352358e+000
  6.0199032e+000
  6.0141288e+000
  5.9117495e+000
  5.6939857e+000
  5.3583705e+000
  4.9057478e+000
  4.3491299e+000
  3.6908571e+000
  2.9261610e+000
  2.0596508e+000
  1.0965406e+000
  5.7698980e-002
 -1.0394124e+000
 -2.1779066e+000
 -3.3351133e+000
 -4.4780141e+000
 -5.6045977e+000
 -6.7032190e+000
 -7.7306578e+000
 -8.6546950e+000
 -9.4558166e+000
 -1.0127841e+001
 -1.0655209e+001
 -1.1038498e+001
 -1.1258408e+001
 -1.1287640e+001
 -1.1115735e+001
 -1.0755515e+001
 -1.0246151e+001
 -9.5959035e+000
 -8.7956416e+000
 -7.8569623e+000
 -6.8169465e+000
 -5.7250188e+000
 -4.6200072e+000
 -3.5157989e+000
 -2.4360153e+000
 -1.4100435e+000
 -4.6804811e-001
  3.7384155e-001
  1.0933039e+000
  1.6883796e+000
  2.1657538e+000
  2.5211893e+000
  2.7386128e+000
  2.8289618e+000
  2.8017368e+000
  2.6494021e+000
  2.3542680e+000
  1.9297069e+000
  1.4076936e+000
  7.7775875e-001
  2.3060611e-002
 -8.2897662e-001
 -1.7448366e+000
 -2.7086147e+000
 -3.7014130e+000
 -4.7009005e+000
 -5.6827163e+000
 -6.6184737e+000
 -7.4765254e+000
 -8.2249224e+000
 -8.8373169e+000
 -9.3094972e+000
 -9.6302048e+000
 -9.7744938e+000
 -9.7145120e+000
 -9.4298273e+000
 -8.9242959e+000
 -8.2231269e+000
 -7.3273059e+000
 -6.2304991e+000
 -4.9435876e+000
 -3.5000895e+000
 -1.9419882e+000
 -3.2107023e-001
  1.3283051e+000
  2.9749611e+000
  4.5756409e+000
  6.0803505e+000
  7.4552293e+000
  8.6559024e+000
  9.6700362e+000
  1.0488718e+001
  1.1097354e+001
  1.1500701e+001
  1.1698596e+001
  1.1695054e+001
  1.1500435e+001
  1.1118088e+001
  1.0571363e+001
  9.8873318e+000
  9.0637236e+000
  8.1130135e+000
  7.0453502e+000
  5.8938385e+000
  4.6978472e+000
  3.4708817e+000
  2.2463825e+000
  1.0369075e+000
 -1.2145050e-001
 -1.1943958e+000
 -2.1425127e+000
 -2.9469268e+000
 -3.5857751e+000
 -4.0521939e+000
 -4.3394916e+000
 -4.4372497e+000
 -4.3387877e+000
 -4.0396811e+000
 -3.5454825e+000
 -2.8723471e+000
 -2.0413383e+000
 -1.0856687e+000
 -5.9698197e-003
  1.1706020e+000
  2.4109496e+000
  3.6588183e+000
  4.8719322e+000
  6.0201379e+000
  7.0742898e+000
  7.9919905e+000
  8.7441492e+000
  9.3180689e+000
  9.6920891e+000
  9.8469981e+000
  9.8050625e+000
  9.5693603e+000
  9.1623412e+000
  8.6041270e+000
  7.9060129e+000
  7.0647805e+000
  6.1039847e+000
  5.0692969e+000
  3.9701918e+000
  2.7915246e+000
  1.5531412e+000
  2.7806805e-001
 -9.9397353e-001
 -2.2557010e+000
 -3.4829898e+000
 -4.6504549e+000
 -5.7418821e+000
 -6.7313227e+000
 -7.5811816e+000
 -8.2566180e+000
 -8.7655015e+000
 -9.1123957e+000
 -9.2979650e+000
 -9.3222189e+000
 -9.1715543e+000
 -8.8531273e+000
 -8.3854733e+000
 -7.8107366e+000
 -7.1488894e+000
 -6.3896864e+000
 -5.5386845e+000
 -4.6388071e+000
 -3.7223316e+000
 -2.8196434e+000
 -1.9508576e+000
 -1.1410886e+000
 -4.0375247e-001
  2.4471815e-001
  7.8830255e-001
  1.2153466e+000
  1.5239993e+000
  1.7300207e+000
  1.8385920e+000
  1.8634589e+000
  1.8384615e+000
  1.7778909e+000
  1.6697641e+000
  1.4862220e+000
  1.2579721e+000
  1.0063386e+000
  7.1484655e-001
  3.4349575e-001
 -1.2593785e-001
 -6.8709210e-001
 -1.3226771e+000
 -2.0159092e+000
 -2.7554436e+000
 -3.5331238e+000
 -4.3373862e+000
 -5.1379610e+000
 -5.8827591e+000
 -6.5513922e+000
 -7.1239892e+000
 -7.5921351e+000
 -7.9553633e+000
 -8.2049071e+000
 -8.3224970e+000
 -8.3034557e+000
 -8.1712369e+000
 -7.9187019e+000
 -7.5477557e+000
 -7.0548616e+000
 -6.4407356e+000
 -5.7064937e+000
 -4.8618434e+000
 -3.9308966e+000
 -2.9298988e+000
 -1.8632539e+000
 -7.4911778e-001
  3.7582834e-001
  1.4897401e+000
  2.5713629e+000
  3.6064893e+000
  4.5749840e+000
  5.4580172e+000
  6.2665727e+000
  7.0011161e+000
  7.6528523e+000
  8.2006525e+000
  8.6381167e+000
  8.9892288e+000
  9.2589517e+000
  9.4150286e+000
  9.4177893e+000
  9.2563376e+000
  8.9475450e+000
  8.4965710e+000
  7.8993290e+000
  7.1419514e+000
  6.2248128e+000
  5.1715264e+000
  4.0190957e+000
  2.8123077e+000
  1.5745850e+000
  3.2708543e-001
 -8.9899406e-001
 -2.0604254e+000
 -3.1171752e+000
 -4.0437912e+000
 -4.8047239e+000
 -5.3872019e+000
 -5.7702300e+000
 -5.9515259e+000
 -5.9166023e+000
 -5.6458721e+000
 -5.1635249e+000
 -4.4866364e+000
 -3.6468556e+000
 -2.6651784e+000
 -1.5793542e+000
 -4.2096585e-001
  7.7335528e-001
  1.9606559e+000
  3.1126356e+000
  4.2008976e+000
  5.2119432e+000
  6.1267931e+000
  6.9364317e+000
  7.6335803e+000
  8.1885658e+000
  8.6094991e+000
  8.8942797e+000
  9.0360858e+000
  9.0165109e+000
  8.8092032e+000
  8.3907632e+000
  7.7581596e+000
  6.9446707e+000
  5.9437907e+000
  4.7658930e+000
  3.4249952e+000
  1.9480293e+000
  3.9658306e-001
 -1.1789689e+000
 -2.7278627e+000
 -4.2263392e+000
 -5.6413688e+000
 -6.9249503e+000
 -8.0461041e+000
 -8.9856670e+000
 -9.7234637e+000
 -1.0272103e+001
 -1.0629711e+001
 -1.0792644e+001
 -1.0757550e+001
 -1.0540460e+001
 -1.0147015e+001
 -9.5810459e+000
 -8.8735148e+000
 -8.0540137e+000
 -7.1369912e+000
 -6.1391507e+000
 -5.0829855e+000
 -4.0075039e+000
 -2.9374552e+000
 -1.8957501e+000
 -9.0591181e-001
  2.9723036e-002
  9.0070330e-001
  1.6954689e+000
  2.4080394e+000
  3.0166240e+000
  3.5155190e+000
  3.9042619e+000
  4.1849141e+000
  4.3528944e+000
  4.3718762e+000
  4.2267830e+000
  3.9141718e+000
  3.4479417e+000
  2.8388499e+000
  2.0819707e+000
  1.1828252e+000
  1.6833376e-001
 -9.1335639e-001
 -2.0330813e+000
 -3.1618715e+000
 -4.2614288e+000
 -5.3180671e+000
 -6.2836033e+000
 -7.1236666e+000
 -7.8207397e+000
 -8.3725573e+000
 -8.7770330e+000
 -9.0229640e+000
 -9.1007341e+000
 -9.0393201e+000
 -8.8495126e+000
 -8.5158360e+000
 -8.0484016e+000
 -7.4752479e+000
 -6.8079254e+000
 -6.0613069e+000
 -5.2423500e+000
 -4.3515058e+000
 -3.3922108e+000
 -2.3769693e+000
 -1.3156717e+000
 -2.1896583e-001
  9.1380903e-001
  2.1003780e+000
  3.3272083e+000
  4.5733642e+000
  5.8200983e+000
  7.0385648e+000
  8.2315380e+000
  9.3647188e+000
  1.0408385e+001
  1.1317000e+001
  1.2047719e+001
  1.2564176e+001
  1.2850546e+001
  1.2911966e+001
  1.2717639e+001
  1.2264595e+001
  1.1558633e+001
  1.0625204e+001
  9.5050562e+000
  8.2343761e+000
  6.8442091e+000
  5.3708212e+000
  3.8484302e+000
  2.3209853e+000
  8.2535731e-001
 -6.1555974e-001
 -1.9558793e+000
 -3.1637088e+000
 -4.2453675e+000
 -5.1846686e+000
 -5.9536851e+000
 -6.4950408e+000
 -6.8044983e+000
 -6.8915594e+000
 -6.7516216e+000
 -6.3794766e+000
 -5.7599469e+000
 -4.8903831e+000
 -3.8111527e+000
 -2.5597975e+000
 -1.1595058e+000
  3.5778553e-001
  1.9705257e+000
  3.6439799e+000
  5.3210488e+000
  6.9616054e+000
  8.5132185e+000
  9.9377288e+000
  1.1218267e+001
  1.2336035e+001
  1.3242742e+001
  1.3883714e+001
  1.4232768e+001
  1.4283278e+001
  1.4029069e+001
  1.3469949e+001
  1.2595314e+001
  1.1406769e+001
  9.9309551e+000
  8.2199695e+000
  6.3080580e+000
  4.2356329e+000
  2.0652809e+000
 -1.5143122e-001
 -2.3716480e+000
 -4.5408865e+000
 -6.6050654e+000
 -8.5136337e+000
 -1.0226773e+001
 -1.1706800e+001
 -1.2946734e+001
 -1.3939626e+001
 -1.4658209e+001
 -1.5067789e+001
 -1.5162683e+001
 -1.4975700e+001
 -1.4529423e+001
 -1.3823840e+001
 -1.2852557e+001
 -1.1645158e+001
 -1.0248876e+001
 -8.7062590e+000
 -7.0517243e+000
 -5.3259064e+000
 -3.5752545e+000
 -1.8308838e+000
 -1.5451960e-001
  1.3991311e+000
  2.7941765e+000
  3.9917877e+000
  4.9615202e+000
  5.6770827e+000
  6.1332254e+000
  6.3031262e+000
  6.1785070e+000
  5.7760211e+000
  5.1138571e+000
  4.2198025e+000
  3.1070650e+000
  1.7834489e+000
  3.1102882e-001
 -1.2562868e+000
 -2.8798087e+000
 -4.5096254e+000
 -6.1195560e+000
 -7.6742987e+000
 -9.1311804e+000
 -1.0441879e+001
 -1.1580073e+001
 -1.2522428e+001
 -1.3263248e+001
 -1.3803070e+001
 -1.4136576e+001
 -1.4269949e+001
 -1.4186145e+001
 -1.3880440e+001
 -1.3385732e+001
 -1.2734977e+001
 -1.1925942e+001
 -1.0951454e+001
 -9.8257281e+000
 -8.5795728e+000
 -7.2400794e+000
 -5.8240767e+000
 -4.3684179e+000
 -2.9000623e+000
 -1.4184775e+000
  3.9550777e-002
  1.4189438e+000
  2.7110389e+000
  3.9028325e+000
  4.9749066e+000
  5.9136990e+000
  6.7123649e+000
  7.3648645e+000
  7.8691897e+000
  8.2147971e+000
  8.4134448e+000
  8.4783260e+000
  8.3932325e+000
  8.1525593e+000
  7.7517171e+000
  7.2122981e+000
  6.5512649e+000
  5.7907361e+000
  4.9445240e+000
  4.0435879e+000
  3.1088457e+000
  2.1685466e+000
  1.2567158e+000
  4.2971182e-001
 -3.0543339e-001
 -9.3538126e-001
 -1.4519922e+000
 -1.8554433e+000
 -2.1343027e+000
 -2.2839788e+000
 -2.3103361e+000
 -2.2346545e+000
 -2.0618076e+000
 -1.8015648e+000
 -1.4382144e+000
 -9.6224297e-001
 -3.7328953e-001
  3.2056253e-001
  1.1050106e+000
  1.9745424e+000
  2.9384194e+000
  3.9899842e+000
  5.1092431e+000
  6.2739734e+000
  7.4624958e+000
  8.6530218e+000
  9.8241114e+000
  1.0964628e+001
  1.2048413e+001
  1.3057402e+001
  1.3967014e+001
  1.4737739e+001
  1.5361460e+001
  1.5832897e+001
  1.6120183e+001
  1.6189818e+001
  1.6005458e+001
  1.5560870e+001
  1.4862021e+001
  1.3910983e+001
  1.2719166e+001
  1.1291799e+001
  9.6478882e+000
  7.8281460e+000
  5.8937277e+000
  3.9044368e+000
  1.8942806e+000
 -9.5246904e-002
 -2.0227755e+000
 -3.8321182e+000
 -5.4874392e+000
 -6.9533426e+000
 -8.2084224e+000
 -9.2501457e+000
 -1.0081665e+001
 -1.0665616e+001
 -1.0984091e+001
 -1.1038897e+001
 -1.0821629e+001
 -1.0346712e+001
 -9.6036587e+000
 -8.6014413e+000
 -7.3638043e+000
 -5.9138894e+000
 -4.2763791e+000
 -2.5111990e+000
 -6.5494191e-001
  1.2380819e+000
  3.1188017e+000
  4.9419314e+000
  6.6507697e+000
  8.1991665e+000
  9.5338676e+000
  1.0602000e+001
  1.1396198e+001
  1.1912049e+001
  1.2115027e+001
  1.1961349e+001
  1.1432055e+001
  1.0524475e+001
  9.2759866e+000
  7.6858228e+000
  5.7855696e+000
  3.5971349e+000
  1.1667321e+000
 -1.4325218e+000
 -4.1342498e+000
 -6.8575111e+000
 -9.5503144e+000
 -1.2147848e+001
 -1.4574590e+001
 -1.6782285e+001
 -1.8726711e+001
 -2.0372482e+001
 -2.1692779e+001
 -2.2689513e+001
 -2.3363034e+001
 -2.3699614e+001
 -2.3690453e+001
 -2.3323365e+001
 -2.2605569e+001
 -2.1553987e+001
 -2.0170579e+001
 -1.8465916e+001
 -1.6461649e+001
 -1.4184492e+001
 -1.1680941e+001
 -9.0162128e+000
 -6.2547070e+000
 -3.4558139e+000
 -6.8679210e-001
  1.9744301e+000
  4.4732850e+000
  6.7472775e+000
  8.7264488e+000
  1.0361906e+001
  1.1636527e+001
  1.2534775e+001
  1.3041706e+001
  1.3134943e+001
  1.2824978e+001
  1.2115620e+001
  1.1043506e+001
  9.6453914e+000
  7.9461653e+000
  5.9935115e+000
  3.8425729e+000
  1.5835320e+000
 -7.1752530e-001
 -2.9935560e+000
 -5.1904939e+000
 -7.2695298e+000
 -9.1570329e+000
 -1.0821522e+001
 -1.2218262e+001
 -1.3330931e+001
 -1.4163278e+001
 -1.4706194e+001
 -1.4996302e+001
 -1.5018524e+001
 -1.4771730e+001
 -1.4266379e+001
 -1.3516411e+001
 -1.2523631e+001
 -1.1289914e+001
 -9.8144354e+000
 -8.0949092e+000
 -6.1622440e+000
 -4.0416830e+000
 -1.7637134e+000
  6.3549567e-001
  3.1268883e+000
  5.6471391e+000
  8.1442339e+000
  1.0540575e+001
  1.2788318e+001
  1.4844601e+001
  1.6673902e+001
  1.8232900e+001
  1.9491163e+001
  2.0435722e+001
  2.1038714e+001
  2.1313980e+001
  2.1266522e+001
  2.0908621e+001
  2.0270105e+001
  1.9340581e+001
  1.8145309e+001
  1.6728739e+001
  1.5134188e+001
  1.3416636e+001
  1.1583430e+001
  9.6614315e+000
  7.6917365e+000
  5.7126633e+000
  3.7619905e+000
  1.8633830e+000
  3.6439993e-002
 -1.7077745e+000
 -3.3705251e+000
 -4.9218582e+000
 -6.2968457e+000
 -7.4617782e+000
 -8.3872585e+000
 -9.0580330e+000
 -9.4731046e+000
 -9.6048255e+000
