 -7.8843339e+000
 -8.4529702e+000
 -8.9749926e+000
 -9.4355901e+000
 -9.8205236e+000
 -1.0116961e+001
 -1.0314292e+001
 -1.0404865e+001
 -1.0384600e+001
 -1.0253438e+001
 -1.0015584e+001
 -9.6795304e+000
 -9.2578451e+000
 -8.7667312e+000
 -8.2253747e+000
 -7.6551121e+000
 -7.0784590e+000
 -6.5180518e+000
 -5.9955591e+000
 -5.5306229e+000
 -5.1398886e+000
 -4.8361785e+000
 -4.6278574e+000
 -4.5184244e+000
 -4.5063588e+000
 -4.5852264e+000
 -4.7440441e+000
 -4.9678820e+000
 -5.2386691e+000
 -5.5361598e+000
 -5.8390051e+000
 -6.1258696e+000
 -6.3765316e+000
 -6.5729047e+000
 -6.6999252e+000
 -6.7462558e+000
 -6.7047690e+000
 -6.5727851e+000
 -6.3520553e+000
 -6.0484946e+000
 -5.6716841e+000
 -5.2341759e+000
 -4.7506446e+000
 -4.2369386e+000
 -3.7090887e+000
 -3.1823350e+000
 -2.6702301e+000
 -2.1838700e+000
 -1.7313005e+000
 -1.3171285e+000
 -9.4236179e-001
 -6.0448193e-001
 -2.9774210e-001
 -1.3668396e-002
  2.5827002e-001
  5.2986636e-001
  8.1330891e-001
  1.1202965e+000
  1.4611931e+000
  1.8442749e+000
  2.2751159e+000
  2.7561512e+000
  3.2864422e+000
  3.8616587e+000
  4.4742763e+000
  5.1139741e+000
  5.7682074e+000
  6.4229157e+000
  7.0633209e+000
  7.6747633e+000
  8.2435216e+000
  8.7575652e+000
  9.2071903e+000
  9.5855004e+000
  9.8887021e+000
  1.0116199e+001
  1.0270478e+001
  1.0356804e+001
  1.0382735e+001
  1.0357508e+001
  1.0291321e+001
  1.0194573e+001
  1.0077122e+001
  9.9475880e+000
  9.8127818e+000
  9.6772792e+000
  9.5431815e+000
  9.4100801e+000
  9.2752312e+000
  9.1339317e+000
  8.9800731e+000
  8.8068386e+000
  8.6074965e+000
  8.3762354e+000
  8.1089821e+000
  7.8041421e+000
  7.4632056e+000
  7.0911696e+000
  6.6967333e+000
  6.2922427e+000
  5.8933693e+000
  5.5185290e+000
  5.1880605e+000
  4.9232010e+000
  4.7449077e+000
  4.6725902e+000
  4.7228206e+000
  4.9080988e+000
  5.2357447e+000
  5.7069891e+000
  6.3163237e+000
  7.0511600e+000
  7.8918293e+000
  8.8119424e+000
  9.7791025e+000
  1.0755952e+001
  1.1701513e+001
  1.2572756e+001
  1.3326346e+001
  1.3920455e+001
  1.4316589e+001
  1.4481307e+001
  1.4387780e+001
  1.4017088e+001
  1.3359205e+001
  1.2413617e+001
  1.1189545e+001
  9.7057586e+000
  7.9899927e+000
  6.0779901e+000
  4.0122205e+000
  1.8403344e+000
 -3.8657330e-001
 -2.6158112e+000
 -4.7949647e+000
 -6.8737120e+000
 -8.8055049e+000
 -1.0549045e+001
 -1.2069501e+001
 -1.3339421e+001
 -1.4339320e+001
 -1.5057941e+001
 -1.5492177e+001
 -1.5646716e+001
 -1.5533409e+001
 -1.5170441e+001
 -1.4581348e+001
 -1.3793937e+001
 -1.2839183e+001
 -1.1750142e+001
 -1.0560944e+001
 -9.3058941e+000
 -8.0187146e+000
 -6.7319432e+000
 -5.4764862e+000
 -4.2813191e+000
 -3.1733132e+000
 -2.1771595e+000
 -1.3153551e+000
 -6.0821498e-001
 -7.3874595e-002
  2.7175150e-001
  4.1507836e-001
  3.4504442e-001
  5.3395902e-002
 -4.6494347e-001
 -1.2114345e+000
 -2.1834439e+000
 -3.3737607e+000
 -4.7701519e+000
 -6.3550031e+000
 -8.1050898e+000
 -9.9915262e+000
 -1.1979924e+001
 -1.4030794e+001
 -1.6100200e+001
 -1.8140668e+001
 -2.0102344e+001
 -2.1934352e+001
 -2.3586335e+001
 -2.5010091e+001
 -2.6161268e+001
 -2.7001020e+001
 -2.7497557e+001
 -2.7627518e+001
 -2.7377083e+001
 -2.6742776e+001
 -2.5731898e+001
 -2.4362576e+001
 -2.2663386e+001
 -2.0672584e+001
 -1.8436950e+001
 -1.6010297e+001
 -1.3451698e+001
 -1.0823513e+001
 -8.1892903e+000
 -5.6116421e+000
 -3.1501716e+000
 -8.5955361e-001
  1.2121616e+000
  3.0249478e+000
  4.5478541e+000
  5.7596732e+000
  6.6492089e+000
  7.2151469e+000
  7.4655514e+000
  7.4170283e+000
  7.0936084e+000
  6.5254189e+000
  5.7472165e+000
  4.7968599e+000
  3.7137997e+000
  2.5376552e+000
  1.3069426e+000
  5.8004273e-002
 -1.1758251e+000
 -2.3647958e+000
 -3.4830605e+000
 -4.5087443e+000
 -5.4237964e+000
 -6.2136610e+000
 -6.8668179e+000
 -7.3742473e+000
 -7.7288744e+000
 -7.9250497e+000
 -7.9581117e+000
 -7.8240753e+000
 -7.5194707e+000
 -7.0413513e+000
 -6.3874697e+000
 -5.5566098e+000
 -4.5490482e+000
 -3.3671080e+000
 -2.0157572e+000
 -5.0320127e-001
  1.1585861e+000
  2.9534460e+000
  4.8607783e+000
  6.8554874e+000
  8.9081554e+000
  1.0985459e+001
  1.3050831e+001
  1.5065343e+001
  1.6988796e+001
  1.8780957e+001
  2.0402899e+001
  2.1818384e+001
  2.2995210e+001
  2.3906474e+001
  2.4531669e+001
  2.4857570e+001
  2.4878859e+001
  2.4598447e+001
  2.4027486e+001
  2.3185064e+001
  2.2097584e+001
  2.0797873e+001
  1.9324052e+001
  1.7718216e+001
  1.6025004e+001
  1.4290103e+001
  1.2558769e+001
  1.0874424e+001
  9.2773947e+000
  7.8038309e+000
  6.4848540e+000
  5.3459538e+000
  4.4066455e+000
  3.6803818e+000
  3.1747034e+000
  2.8915958e+000
  2.8280127e+000
  2.9765201e+000
  3.3260079e+000
  3.8624205e+000
  4.5694559e+000
  5.4291927e+000
  6.4226116e+000
  7.5299881e+000
  8.7311477e+000
  1.0005583e+001
  1.1332449e+001
  1.2690460e+001
  1.4057722e+001
  1.5411544e+001
  1.6728260e+001
  1.7983120e+001
  1.9150281e+001
  2.0202931e+001
  2.1113575e+001
  2.1854491e+001
  2.2398360e+001
  2.2719057e+001
  2.2792572e+001
  2.2598032e+001
  2.2118762e+001
  2.1343344e+001
  2.0266602e+001
  1.8890452e+001
  1.7224569e+001
  1.5286802e+001
  1.3103307e+001
  1.0708362e+001
  8.1438431e+000
  5.4583789e+000
  2.7061774e+000
 -5.4423177e-002
 -2.7626385e+000
 -5.3570950e+000
 -7.7777870e+000
 -9.9680552e+000
 -1.1876507e+001
 -1.3458799e+001
 -1.4679197e+001
 -1.5511871e+001
 -1.5941837e+001
 -1.5965541e+001
 -1.5591033e+001
 -1.4837746e+001
 -1.3735883e+001
 -1.2325434e+001
 -1.0654884e+001
 -8.7796481e+000
 -6.7603173e+000
 -4.6607684e+000
 -2.5462280e+000
 -4.8135417e-001
  1.4715923e+000
  3.2544271e+000
  4.8145200e+000
  6.1060328e+000
  7.0908905e+000
  7.7394725e+000
  8.0310250e+000
  7.9538047e+000
  7.5049754e+000
  6.6902886e+000
  5.5235808e+000
  4.0261271e+000
  2.2258877e+000
  1.5668396e-001
 -2.1426644e+000
 -4.6292147e+000
 -7.2567698e+000
 -9.9767268e+000
 -1.2738900e+001
 -1.5492317e+001
 -1.8185999e+001
 -2.0769719e+001
 -2.3194764e+001
 -2.5414699e+001
 -2.7386140e+001
 -2.9069539e+001
 -3.0429979e+001
 -3.1437963e+001
 -3.2070188e+001
 -3.2310274e+001
 -3.2149417e+001
 -3.1586951e+001
 -3.0630757e+001
 -2.9297506e+001
 -2.7612692e+001
 -2.5610434e+001
 -2.3333019e+001
 -2.0830185e+001
 -1.8158129e+001
 -1.5378272e+001
 -1.2555784e+001
 -9.7579230e+000
 -7.0522227e+000
 -4.5045977e+000
 -2.1774217e+000
 -1.2765309e-001
  1.5949230e+000
  2.9492662e+000
  3.9044039e+000
  4.4404497e+000
  4.5492731e+000
  4.2347914e+000
  3.5128673e+000
  2.4108142e+000
  9.6652588e-001
 -7.7273595e-001
 -2.7518500e+000
 -4.9095806e+000
 -7.1804920e+000
 -9.4969577e+000
 -1.1791189e+001
 -1.3997211e+001
 -1.6052702e+001
 -1.7900661e+001
 -1.9490818e+001
 -2.0780772e+001
 -2.1736820e+001
 -2.2334464e+001
 -2.2558610e+001
 -2.2403458e+001
 -2.1872125e+001
 -2.0976036e+001
 -1.9734116e+001
 -1.8171854e+001
 -1.6320268e+001
 -1.4214833e+001
 -1.1894412e+001
 -9.4002321e+000
 -6.7749328e+000
 -4.0617113e+000
 -1.3035776e+000
  1.4572794e+000
  4.1800179e+000
  6.8255742e+000
  9.3570168e+000
  1.1739844e+001
  1.3942247e+001
  1.5935359e+001
  1.7693515e+001
  1.9194518e+001
  2.0419942e+001
  2.1355454e+001
  2.1991154e+001
  2.2321922e+001
  2.2347747e+001
  2.2074010e+001
  2.1511706e+001
  2.0677562e+001
  1.9594030e+001
  1.8289132e+001
  1.6796131e+001
  1.5153030e+001
  1.3401880e+001
  1.1587915e+001
  9.7585325e+000
  7.9621295e+000
  6.2468523e+000
  4.6592827e+000
  3.2431172e+000
  2.0378879e+000
  1.0777757e+000
  3.9056391e-001
 -3.2230252e-003
 -9.0959221e-002
  1.3169276e-001
  6.6065890e-001
  1.4836035e+000
  2.5803462e+000
  3.9235277e+000
  5.4794973e+000
  7.2093840e+000
  9.0703069e+000
  1.1016676e+001
  1.3001528e+001
  1.4977856e+001
  1.6899866e+001
  1.8724135e+001
  2.0410626e+001
  2.1923527e+001
  2.3231905e+001
  2.4310167e+001
  2.5138313e+001
  2.5702017e+001
  2.5992536e+001
  2.6006482e+001
  2.5745475e+001
  2.5215728e+001
  2.4427576e+001
  2.3394990e+001
  2.2135101e+001
  2.0667748e+001
  1.9015075e+001
  1.7201174e+001
  1.5251780e+001
  1.3194008e+001
  1.1056129e+001
  8.8673557e+000
  6.6576291e+000
  4.4573821e+000
  2.2972645e+000
  2.0781177e-001
 -1.7809522e+000
 -3.6399835e+000
 -5.3417553e+000
 -6.8608558e+000
 -8.1746299e+000
 -9.2638410e+000
 -1.0113327e+001
 -1.0712617e+001
 -1.1056472e+001
 -1.1145323e+001
 -1.0985560e+001
 -1.0589667e+001
 -9.9761536e+000
 -9.1692897e+000
 -8.1986348e+000
 -7.0983595e+000
 -5.9063831e+000
 -4.6633473e+000
 -3.4114621e+000
 -2.1932648e+000
 -1.0503372e+000
 -2.2033048e-002
  8.5573551e-001
  1.5516032e+000
  2.0397033e+000
  2.3004290e+000
  2.3209737e+000
  2.0956307e+000
  1.6258437e+000
  9.2001032e-001
 -6.9488393e-003
 -1.1342309e+000
 -2.4359699e+000
 -3.8821946e+000
 -5.4398804e+000
 -7.0740493e+000
 -8.7488694e+000
 -1.0428712e+001
 -1.2079121e+001
 -1.3667668e+001
 -1.5164663e+001
 -1.6543699e+001
 -1.7782035e+001
 -1.8860812e+001
 -1.9765104e+001
 -2.0483845e+001
 -2.1009629e+001
 -2.1338433e+001
 -2.1469282e+001
 -2.1403888e+001
 -2.1146295e+001
 -2.0702554e+001
 -2.0080446e+001
 -1.9289265e+001
 -1.8339678e+001
 -1.7243640e+001
 -1.6014381e+001
 -1.4666432e+001
 -1.3215685e+001
 -1.1679446e+001
 -1.0076484e+001
 -8.4270221e+000
 -6.7526746e+000
 -5.0762947e+000
 -3.4217285e+000
 -1.8134662e+000
 -2.7619161e-001
  1.1657613e+000
  2.4890290e+000
  3.6718950e+000
  4.6949922e+000
  5.5420023e+000
  6.2003140e+000
  6.6616085e+000
  6.9223376e+000
  6.9840645e+000
  6.8536440e+000
  6.5432236e+000
  6.0700579e+000
  5.4561324e+000
  4.7276089e+000
  3.9141059e+000
  3.0478415e+000
  2.1626691e+000
  1.2930431e+000
  4.7295607e-001
 -2.6511229e-001
 -8.9119170e-001
 -1.3787255e+000
 -1.7053479e+000
 -1.8535068e+000
 -1.8109102e+000
 -1.5707853e+000
 -1.1319453e+000
 -4.9866874e-001
  3.1959601e-001
  1.3086809e+000
  2.4502779e+000
  3.7226176e+000
  5.1012151e+000
  6.5596482e+000
  8.0703374e+000
  9.6052954e+000
  1.1136821e+001
  1.2638119e+001
  1.4083823e+001
  1.5450424e+001
  1.6716589e+001
  1.7863386e+001
  1.8874406e+001
  1.9735822e+001
  2.0436366e+001
  2.0967268e+001
  2.1322171e+001
  2.1497019e+001
  2.1489960e+001
  2.1301258e+001
  2.0933222e+001
  2.0390169e+001
  1.9678404e+001
  1.8806221e+001
  1.7783913e+001
  1.6623787e+001
  1.5340158e+001
  1.3949317e+001
  1.2469458e+001
  1.0920550e+001
  9.3241404e+000
  7.7030924e+000
  6.0812460e+000
  4.4830072e+000
  2.9328725e+000
  1.4548995e+000
  7.2138696e-002
 -1.1939540e+000
 -2.3241045e+000
 -3.3017827e+000
 -4.1137189e+000
 -4.7503498e+000
 -5.2061767e+000
 -5.4800164e+000
 -5.5751337e+000
 -5.4992456e+000
 -5.2643946e+000
 -4.8866923e+000
 -4.3859411e+000
 -3.7851446e+000
 -3.1099235e+000
 -2.3878555e+000
 -1.6477625e+000
 -9.1896600e-001
 -2.3053733e-001
  3.8943657e-001
  9.1454830e-001
  1.3207077e+000
  1.5867051e+000
  1.6946878e+000
  1.6305393e+000
  1.3841577e+000
  9.4962946e-001
  3.2530185e-001
 -4.8624243e-001
 -1.4783009e+000
 -2.6402484e+000
 -3.9578061e+000
 -5.4133704e+000
 -6.9863925e+000
 -8.6537973e+000
 -1.0390432e+001
 -1.2169536e+001
 -1.3963224e+001
 -1.5742975e+001
 -1.7480125e+001
 -1.9146354e+001
 -2.0714163e+001
 -2.2157345e+001
 -2.3451432e+001
 -2.4574129e+001
 -2.5505713e+001
 -2.6229410e+001
 -2.6731731e+001
 -2.7002760e+001
 -2.7036401e+001
 -2.6830555e+001
 -2.6387243e+001
 -2.5712649e+001
 -2.4817093e+001
 -2.3714916e+001
 -2.2424288e+001
 -2.0966926e+001
 -1.9367731e+001
 -1.7654351e+001
 -1.5856665e+001
 -1.4006205e+001
 -1.2135531e+001
 -1.0277562e+001
 -8.4648798e+000
 -6.7290320e+000
 -5.0998344e+000
 -3.6047023e+000
 -2.2680220e+000
 -1.1105776e+000
 -1.4905102e-001
  6.0439529e-001
  1.1424388e+000
  1.4628133e+000
  1.5684147e+000
  1.4672903e+000
  1.1725128e+000
  7.0193762e-001
  7.7848966e-002
 -6.7350058e-001
 -1.5224474e+000
 -2.4365612e+000
 -3.3813632e+000
 -4.3211040e+000
 -5.2195849e+000
 -6.0410045e+000
 -6.7508129e+000
 -7.3165536e+000
 -7.7086728e+000
 -7.9012772e+000
 -7.8728191e+000
 -7.6066923e+000
 -7.0917191e+000
 -6.3225151e+000
 -5.2997174e+000
 -4.0300671e+000
 -2.5263392e+000
 -8.0711785e-001
  1.1035814e+000
  3.1768364e+000
  5.3794791e+000
  7.6748765e+000
  1.0023813e+001
  1.2385450e+001
  1.4718339e+001
  1.6981451e+001
  1.9135206e+001
  2.1142460e+001
  2.2969421e+001
  2.4586473e+001
  2.5968877e+001
  2.7097327e+001
  2.7958350e+001
  2.8544534e+001
  2.8854583e+001
  2.8893196e+001
  2.8670783e+001
  2.8203028e+001
  2.7510318e+001
  2.6617060e+001
  2.5550920e+001
  2.4341999e+001
  2.3021986e+001
  2.1623318e+001
  2.0178363e+001
  1.8718668e+001
  1.7274270e+001
  1.5873112e+001
  1.4540552e+001
  1.3298986e+001
  1.2167578e+001
  1.1162089e+001
  1.0294811e+001
  9.5745735e+000
  9.0068248e+000
  8.5937606e+000
  8.3344903e+000
  8.2252235e+000
  8.2594639e+000
  8.4282000e+000
  8.7200877e+000
  9.1216197e+000
  9.6172850e+000
  1.0189722e+001
  1.0819873e+001
  1.1487154e+001
  1.2169641e+001
  1.2844305e+001
  1.3487278e+001
  1.4074186e+001
  1.4580538e+001
  1.4982181e+001
  1.5255804e+001
  1.5379507e+001
  1.5333391e+001
  1.5100178e+001
  1.4665822e+001
  1.4020087e+001
  1.3157067e+001
  1.2075627e+001
  1.0779722e+001
  9.2785860e+000
  7.5867561e+000
  5.7239360e+000
  3.7146747e+000
  1.5878723e+000
 -6.2388415e-001
 -2.8851337e+000
 -5.1584822e+000
 -7.4056368e+000
 -9.5884986e+000
 -1.1670273e+001
 -1.3616554e+001
 -1.5396339e+001
 -1.6982942e+001
 -1.8354750e+001
 -1.9495816e+001
 -2.0396247e+001
 -2.1052384e+001
 -2.1466759e+001
 -2.1647852e+001
 -2.1609632e+001
 -2.1370941e+001
 -2.0954722e+001
 -2.0387144e+001
 -1.9696652e+001
 -1.8912995e+001
 -1.8066268e+001
 -1.7186004e+001
 -1.6300355e+001
 -1.5435390e+001
 -1.4614528e+001
 -1.3858121e+001
 -1.3183194e+001
 -1.2603327e+001
 -1.2128683e+001
 -1.1766149e+001
 -1.1519572e+001
 -1.1390062e+001
 -1.1376330e+001
 -1.1475038e+001
 -1.1681126e+001
 -1.1988101e+001
 -1.2388265e+001
 -1.2872873e+001
 -1.3432225e+001
 -1.4055682e+001
 -1.4731630e+001
 -1.5447395e+001
 -1.6189151e+001
 -1.6941818e+001
 -1.7689007e+001
 -1.8413007e+001
 -1.9094859e+001
 -1.9714527e+001
 -2.0251169e+001
 -2.0683531e+001
 -2.0990445e+001
 -2.1151424e+001
 -2.1147334e+001
 -2.0961120e+001
 -2.0578539e+001
 -1.9988888e+001
 -1.9185652e+001
 -1.8167073e+001
 -1.6936564e+001
 -1.5502972e+001
 -1.3880636e+001
 -1.2089242e+001
 -1.0153463e+001
 -8.1023880e+000
 -5.9687521e+000
 -3.7880058e+000
 -1.5972436e+000
  5.6595478e-001
  2.6647265e+000
  4.6641167e+000
  6.5322079e+000
  8.2411370e+000
  9.7679536e+000
  1.1095283e+001
  1.2211766e+001
  1.3112254e+001
  1.3797756e+001
  1.4275151e+001
  1.4556668e+001
  1.4659180e+001
  1.4603335e+001
  1.4412589e+001
  1.4112167e+001
  1.3728025e+001
  1.3285852e+001
  1.2810164e+001
  1.2323530e+001
  1.1845958e+001
  1.1394473e+001
  1.0982880e+001
  1.0621734e+001
  1.0318485e+001
  1.0077783e+001
  9.9019088e+000
  9.7912986e+000
  9.7451087e+000
  9.7617829e+000
  9.8395780e+000
  9.9770063e+000
  1.0173164e+001
  1.0427919e+001
  1.0741946e+001
  1.1116604e+001
  1.1553665e+001
  1.2054906e+001
  1.2621609e+001
  1.3253985e+001
  1.3950574e+001
  1.4707674e+001
  1.5518829e+001
  1.6374424e+001
  1.7261435e+001
  1.8163352e+001
  1.9060297e+001
  1.9929353e+001
  2.0745094e+001
  2.1480303e+001
  2.2106852e+001
  2.2596710e+001
  2.2923022e+001
  2.3061224e+001
  2.2990126e+001
  2.2692910e+001
  2.2158005e+001
  2.1379766e+001
  2.0358948e+001
  1.9102922e+001
  1.7625638e+001
  1.5947321e+001
  1.4093907e+001
  1.2096259e+001
  9.9891787e+000
  7.8102700e+000
  5.5987030e+000
  3.3939319e+000
  1.2344264e+000
 -8.4352778e-001
 -2.8069097e+000
 -4.6268796e+000
 -6.2794980e+000
 -7.7462224e+000
 -9.0141713e+000
 -1.0076155e+001
 -1.0930489e+001
 -1.1580603e+001
 -1.2034500e+001
 -1.2304074e+001
 -1.2404359e+001
 -1.2352739e+001
 -1.2168166e+001
 -1.1870427e+001
 -1.1479504e+001
 -1.1015033e+001
 -1.0495906e+001
 -9.9400017e+000
 -9.3640506e+000
 -8.7836285e+000
 -8.2132462e+000
 -7.6665153e+000
 -7.1563559e+000
 -6.6952109e+000
 -6.2952347e+000
 -5.9684220e+000
 -5.7266527e+000
 -5.5816319e+000
 -5.5447145e+000
 -5.6266134e+000
 -5.8369987e+000
 -6.1840070e+000
 -6.6736857e+000
 -7.3094082e+000
 -8.0912963e+000
 -9.0156923e+000
 -1.0074722e+001
 -1.1255988e+001
 -1.2542426e+001
 -1.3912348e+001
 -1.5339698e+001
 -1.6794516e+001
 -1.8243606e+001
 -1.9651399e+001
 -2.0980976e+001
 -2.2195214e+001
 -2.3258003e+001
 -2.4135498e+001
 -2.4797331e+001
 -2.5217743e+001
 -2.5376573e+001
 -2.5260067e+001
 -2.4861451e+001
 -2.4181266e+001
 -2.3227417e+001
 -2.2014956e+001
 -2.0565597e+001
 -1.8906982e+001
 -1.7071743e+001
 -1.5096382e+001
 -1.3020043e+001
 -1.0883210e+001
 -8.7264015e+000
 -6.5889064e+000
 -4.5076250e+000
 -2.5160499e+000
 -6.4342970e-001
  1.0858595e+000
  2.6527191e+000
  4.0435060e+000
  5.2499914e+000
  6.2691191e+000
  7.1025904e+000
  7.7563114e+000
  8.2397416e+000
  8.5651869e+000
  8.7470794e+000
  8.8012821e+000
  8.7444558e+000
  8.5935132e+000
  8.3651834e+000
  8.0756946e+000
  7.7405785e+000
  7.3745890e+000
  6.9917188e+000
  6.6052925e+000
  6.2281094e+000
  5.8726062e+000
  5.5510089e+000
  5.2754454e+000
  5.0579950e+000
  4.9106537e+000
  4.8452052e+000
  4.8729923e+000
  5.0045930e+000
  5.2494150e+000
  5.6152287e+000
  6.1076649e+000
  6.7297099e+000
  7.4812323e+000
  8.3585770e+000
  9.3542590e+000
  1.0456788e+001
  1.1650648e+001
  1.2916446e+001
  1.4231237e+001
  1.5569029e+001
  1.6901449e+001
  1.8198547e+001
  1.9429716e+001
  2.0564686e+001
  2.1574543e+001
  2.2432743e+001
  2.3116059e+001
  2.3605425e+001
  2.3886633e+001
  2.3950857e+001
  2.3794969e+001
  2.3421633e+001
  2.2839182e+001
  2.2061268e+001
  2.1106313e+001
  1.9996784e+001
  1.8758326e+001
  1.7418786e+001
  1.6007189e+001
  1.4552699e+001
  1.3083616e+001
  1.1626458e+001
  1.0205154e+001
  8.8403891e+000
  7.5491287e+000
  6.3443195e+000
  5.2347872e+000
  4.2253161e+000
  3.3168980e+000
  2.5071275e+000
  1.7907132e+000
  1.1600709e+000
  6.0596267e-001
  1.1814331e-001
 -3.1401958e-001
 -7.0098545e-001
 -1.0525660e+000
 -1.3775558e+000
 -1.6834815e+000
 -1.9764730e+000
 -2.2612542e+000
 -2.5412422e+000
 -2.8187387e+000
 -3.0951902e+000
 -3.3714936e+000
 -3.6483179e+000
 -3.9264169e+000
 -4.2069055e+000
 -4.4914800e+000
 -4.7825633e+000
 -5.0833639e+000
 -5.3978446e+000
 -5.7306007e+000
 -6.0866564e+000
 -6.4711918e+000
 -6.8892199e+000
 -7.3452336e+000
 -7.8428479e+000
 -8.3844599e+000
 -8.9709518e+000
 -9.6014557e+000
 -1.0273198e+001
 -1.0981436e+001
 -1.1719493e+001
 -1.2478889e+001
 -1.3249570e+001
 -1.4020219e+001
 -1.4778627e+001
 -1.5512125e+001
 -1.6208027e+001
 -1.6854084e+001
 -1.7438915e+001
 -1.7952391e+001
 -1.8385959e+001
 -1.8732892e+001
 -1.8988443e+001
 -1.9149912e+001
 -1.9216620e+001
 -1.9189792e+001
 -1.9072366e+001
 -1.8868740e+001
 -1.8584473e+001
 -1.8225961e+001
 -1.7800107e+001
 -1.7314012e+001
 -1.6774689e+001
 -1.6188830e+001
 -1.5562633e+001
 -1.4901693e+001
 -1.4210955e+001
 -1.3494741e+001
 -1.2756827e+001
 -1.2000572e+001
 -1.1229074e+001
 -1.0445346e+001
 -9.6524918e+000
 -8.8538596e+000
 -8.0531683e+000
 -7.2545830e+000
 -6.4627386e+000
 -5.6826998e+000
 -4.9198606e+000
 -4.1797842e+000
 -3.4679928e+000
 -2.7897182e+000
 -2.1496282e+000
 -1.5515466e+000
 -9.9818569e-001
 -4.9090818e-001
 -2.9538323e-002
  3.8776431e-001
  7.6455550e-001
  1.1060737e+000
  1.4191207e+000
  1.7118572e+000
  1.9935192e+000
  2.2740677e+000
  2.5637849e+000
  2.8728375e+000
  3.2108261e+000
  3.5863437e+000
  4.0065654e+000
  4.4768889e+000
  5.0006458e+000
  5.5788969e+000
  6.2103245e+000
  6.8912255e+000
  7.6156083e+000
  8.3753885e+000
  9.1606744e+000
  9.9601296e+000
  1.0761395e+001
  1.1551551e+001
  1.2317600e+001
  1.3046943e+001
  1.3727833e+001
  1.4349787e+001
  1.4903931e+001
  1.5383276e+001
  1.5782906e+001
  1.6100075e+001
  1.6334214e+001
  1.6486853e+001
  1.6561457e+001
  1.6563196e+001
  1.6498660e+001
  1.6375528e+001
  1.6202221e+001
  1.5987542e+001
  1.5740322e+001
  1.5469100e+001
  1.5181827e+001
  1.4885624e+001
  1.4586583e+001
  1.4289635e+001
  1.3998464e+001
  1.3715486e+001
  1.3441868e+001
  1.3177597e+001
  1.2921587e+001
  1.2671807e+001
  1.2425432e+001
  1.2179009e+001
  1.1928614e+001
  1.1670014e+001
  1.1398824e+001
  1.1110638e+001
  1.0801162e+001
  1.0466320e+001
  1.0102351e+001
  9.7058944e+000
  9.2740619e+000
  8.8045026e+000
  8.2954614e+000
  7.7458314e+000
  7.1552035e+000
  6.5239098e+000
  5.8530620e+000
  5.1445818e+000
  4.4012199e+000
  3.6265607e+000
  2.8250092e+000
  2.0017550e+000
  1.1627124e+000
  3.1443214e-001
 -5.3601460e-001
 -1.3811810e+000
 -2.2134148e+000
 -3.0250520e+000
 -3.8086261e+000
 -4.5570888e+000
 -5.2640318e+000
 -5.9239011e+000
 -6.5321947e+000
 -7.0856339e+000
 -7.5822987e+000
 -8.0217198e+000
 -8.4049211e+000
 -8.7344081e+000
 -9.0140996e+000
 -9.2492042e+000
 -9.4460441e+000
 -9.6118315e+000
 -9.7544063e+000
 -9.8819443e+000
 -1.0002647e+001
 -1.0124428e+001
 -1.0254605e+001
 -1.0399609e+001
 -1.0564738e+001
 -1.0753935e+001
 -1.0969635e+001
 -1.1212659e+001
 -1.1482174e+001
 -1.1775716e+001
 -1.2089274e+001
 -1.2417433e+001
 -1.2753567e+001
 -1.3090075e+001
 -1.3418645e+001
 -1.3730550e+001
 -1.4016943e+001
 -1.4269156e+001
 -1.4478981e+001
 -1.4638934e+001
 -1.4742481e+001
 -1.4784227e+001
 -1.4760065e+001
 -1.4667269e+001
 -1.4504549e+001
 -1.4272049e+001
 -1.3971313e+001
 -1.3605196e+001
 -1.3177752e+001
 -1.2694089e+001
 -1.2160202e+001
 -1.1582790e+001
 -1.0969065e+001
 -1.0326562e+001
 -9.6629461e+000
 -8.9858312e+000
 -8.3026106e+000
 -7.6203008e+000
 -6.9454035e+000
 -6.2837863e+000
 -5.6405821e+000
 -5.0201094e+000
 -4.4258118e+000
 -3.8602175e+000
 -3.3249188e+000
 -2.8205700e+000
 -2.3469047e+000
 -1.9027710e+000
 -1.4861854e+000
 -1.0944032e+000
 -7.2400646e-001
 -3.7100722e-001
 -3.0964904e-002
  3.0088359e-001
  6.2948403e-001
  9.5981777e-001
  1.2967511e+000
  1.6448849e+000
  2.0084086e+000
  2.3909633e+000
  2.7955181e+000
  3.2242645e+000
  3.6785317e+000
  4.1587276e+000
  4.6643066e+000
  5.1937666e+000
  5.7446749e+000
  6.3137238e+000
  6.8968115e+000
  7.4891486e+000
  8.0853832e+000
  8.6797422e+000
  9.2661824e+000
  9.8385458e+000
  1.0390714e+001
  1.0916757e+001
  1.1411067e+001
  1.1868480e+001
  1.2284380e+001
  1.2654774e+001
  1.2976354e+001
  1.3246532e+001
  1.3463453e+001
  1.3625992e+001
  1.3733728e+001
  1.3786917e+001
  1.3786441e+001
  1.3733760e+001
  1.3630856e+001
  1.3480182e+001
  1.3284608e+001
  1.3047373e+001
  1.2772039e+001
  1.2462453e+001
  1.2122705e+001
  1.1757093e+001
  1.1370082e+001
  1.0966268e+001
  1.0550324e+001
  1.0126949e+001
  9.7008038e+000
  9.2764372e+000
  8.8582033e+000
  8.4501705e+000
  8.0560239e+000
  7.6789653e+000
  7.3216138e+000
  6.9859119e+000
  6.6730422e+000
  6.3833599e+000
  6.1163455e+000
  5.8705822e+000
  5.6437616e+000
  5.4327199e+000
  5.2335053e+000
  5.0414768e+000
  4.8514312e+000
  4.6577562e+000
  4.4546035e+000
  4.2360759e+000
  3.9964230e+000
  3.7302352e+000
  3.4326307e+000
  3.0994271e+000
  2.7272908e+000
  2.3138577e+000
  1.8578219e+000
  1.3589884e+000
  8.1828790e-001
  2.3775529e-001
 -3.7952732e-001
 -1.0295193e+000
 -1.7073369e+000
 -2.4073901e+000
 -3.1235337e+000
 -3.8492272e+000
 -4.5776946e+000
 -5.3020812e+000
 -6.0155988e+000
 -6.7116571e+000
 -7.3839774e+000
 -8.0266870e+000
 -8.6343942e+000
 -9.2022436e+000
 -9.7259561e+000
 -1.0201853e+001
 -1.0626871e+001
 -1.0998567e+001
 -1.1315123e+001
 -1.1575348e+001
 -1.1778678e+001
 -1.1925184e+001
 -1.2015576e+001
 -1.2051217e+001
 -1.2034125e+001
 -1.1966984e+001
 -1.1853139e+001
 -1.1696581e+001
 -1.1501922e+001
 -1.1274346e+001
 -1.1019540e+001
 -1.0743602e+001
 -1.0452921e+001
 -1.0154044e+001
 -9.8535061e+000
 -9.5576620e+000
 -9.2724936e+000
 -9.0034228e+000
 -8.7551257e+000
 -8.5313624e+000
 -8.3348295e+000
 -8.1670430e+000
 -8.0282611e+000
 -7.9174507e+000
 -7.8323024e+000
 -7.7692968e+000
 -7.7238191e+000
 -7.6903212e+000
 -7.6625233e+000
 -7.6336489e+000
 -7.5966823e+000
 -7.5446369e+000
 -7.4708233e+000
 -7.3691035e+000
 -7.2341203e+000
 -7.0614901e+000
 -6.8479519e+000
 -6.5914626e+000
 -6.2912379e+000
 -5.9477358e+000
 -5.5625843e+000
 -5.1384599e+000
 -4.6789221e+000
 -4.1882164e+000
 -3.6710543e+000
 -3.1323860e+000
 -2.5771760e+000
 -2.0101961e+000
 -1.4358460e+000
 -8.5801153e-001
 -2.7996706e-001
  2.9567267e-001
  8.6695107e-001
  1.4325199e+000
  1.9915462e+000
  2.5435840e+000
  3.0884197e+000
  3.6259038e+000
  4.1557812e+000
  4.6775309e+000
  5.1902298e+000
  5.6924488e+000
  6.1821901e+000
  6.6568714e+000
  7.1133604e+000
  7.5480569e+000
  7.9570213e+000
  8.3361401e+000
  8.6813210e+000
  8.9887041e+000
  9.2548782e+000
  9.4770869e+000
  9.6534127e+000
  9.7829262e+000
  9.8657905e+000
  9.9033130e+000
  9.8979410e+000
  9.8531972e+000
  9.7735616e+000
  9.6643012e+000
  9.5312596e+000
  9.3806158e+000
  9.2186267e+000
  9.0513668e+000
  8.8844806e+000
  8.7229605e+000
  8.5709637e+000
  8.4316767e+000
  8.3072361e+000
  8.1987075e+000
  8.1061240e+000
  8.0285796e+000
  7.9643699e+000
  7.9111712e+000
  7.8662444e+000
  7.8266490e+000
  7.7894535e+000
  7.7519273e+000
  7.7117005e+000
  7.6668799e+000
  7.6161150e+000
  7.5586075e+000
  7.4940641e+000
  7.4225964e+000
  7.3445747e+000
  7.2604461e+000
  7.1705314e+000
  7.0748154e+000
  6.9727482e+000
  6.8630741e+000
  6.7437026e+000
  6.6116369e+000
  6.4629685e+000
  6.2929455e+000
  6.0961151e+000
  5.8665390e+000
  5.5980727e+000
  5.2846970e+000
  4.9208851e+000
  4.5019860e+000
  4.0246030e+000
  3.4869443e+000
  2.8891234e+000
  2.2333906e+000
  1.5242760e+000
  7.6863213e-001
 -2.4432522e-002
 -8.4373229e-001
 -1.6762916e+000
 -2.5077321e+000
 -3.3227449e+000
 -4.1056281e+000
 -4.8408666e+000
 -5.5137263e+000
 -6.1108370e+000
 -6.6207348e+000
 -7.0343373e+000
 -7.3453297e+000
 -7.5504420e+000
 -7.6496026e+000
 -7.6459622e+000
 -7.5457847e+000
 -7.3582114e+000
 -7.0949097e+000
 -6.7696232e+000
 -6.3976438e+000
 -5.9952333e+000
 -5.5790194e+000
 -5.1653951e+000
 -4.7699489e+000
 -4.4069492e+000
 -4.0889060e+000
 -3.8262244e+000
 -3.6269625e+000
 -3.4966974e+000
 -3.4385011e+000
 -3.4530158e+000
 -3.5386212e+000
 -3.6916746e+000
 -3.9068066e+000
 -4.1772504e+000
 -4.4951841e+000
 -4.8520648e+000
 -5.2389366e+000
 -5.6466970e+000
 -6.0663114e+000
 -6.4889685e+000
 -6.9061775e+000
 -7.3098075e+000
 -7.6920821e+000
 -8.0455362e+000
 -8.3629547e+000
 -8.6373060e+000
 -8.8616891e+000
 -9.0293099e+000
 -9.1334998e+000
 -9.1677862e+000
 -9.1260223e+000
 -9.0025745e+000
 -8.7925650e+000
 -8.4921578e+000
 -8.0988740e+000
 -7.6119189e+000
 -7.0324957e+000
 -6.3640865e+000
 -5.6126732e+000
 -4.7868781e+000
 -3.8980046e+000
 -2.9599614e+000
 -1.9890634e+000
 -1.0037035e+000
 -2.3901357e-002
  9.2926062e-001
  1.8342949e+000
  2.6700366e+000
  3.4164100e+000
  4.0552025e+000
  4.5708071e+000
  4.9509002e+000
  5.1870191e+000
  5.2750078e+000
  5.2153063e+000
  5.0130652e+000
  4.6780727e+000
  4.2244948e+000
  3.6704325e+000
  3.0373152e+000
  2.3491504e+000
  1.6316651e+000
  9.1137111e-001
  2.1459832e-001
 -4.3346420e-001
 -1.0096765e+000
 -1.4937663e+000
 -1.8690230e+000
 -2.1228389e+000
 -2.2470752e+000
 -2.2382422e+000
 -2.0974886e+000
 -1.8304073e+000
 -1.4466701e+000
 -9.5951613e-001
 -3.8512027e-001
  2.5812335e-001
  9.5036705e-001
  1.6710871e+000
  2.3998366e+000
  3.1169412e+000
  3.8041081e+000
  4.4449274e+000
  5.0252488e+000
  5.5334276e+000
  5.9604390e+000
  6.2998679e+000
  6.5477897e+000
  6.7025595e+000
  6.7645343e+000
  6.7357536e+000
  6.6196041e+000
  6.4204943e+000
  6.1435600e+000
  5.7944204e+000
  5.3789954e+000
  4.9033926e+000
  4.3738639e+000
  3.7968258e+000
  3.1789328e+000
  2.5271872e+000
  1.8490682e+000
  1.1526559e+000
  4.4673276e-001
 -2.5916053e-001
 -9.5473011e-001
 -1.6290082e+000
 -2.2705138e+000
 -2.8674962e+000
 -3.4082556e+000
 -3.8815296e+000
 -4.2769284e+000
 -4.5853954e+000
 -4.7996680e+000
 -4.9147100e+000
 -4.9280885e+000
 -4.8402659e+000
 -4.6547867e+000
 -4.3783380e+000
 -4.0206721e+000
 -3.5943865e+000
 -3.1145639e+000
 -2.5982824e+000
 -2.0640157e+000
 -1.5309472e+000
 -1.0182302e+000
 -5.4422852e-001
 -1.2577438e-001
  2.2251867e-001
  4.8885319e-001
  6.6472456e-001
  7.4525173e-001
  7.2934423e-001
  6.1969622e-001
  4.2260733e-001
  1.4763928e-001
 -1.9287386e-001
 -5.8443615e-001
 -1.0110886e+000
 -1.4561600e+000
 -1.9030289e+000
 -2.3358588e+000
 -2.7402663e+000
 -3.1038887e+000
 -3.4168237e+000
 -3.6719183e+000
 -3.8648975e+000
 -3.9943271e+000
 -4.0614200e+000
 -4.0697000e+000
 -4.0245480e+000
 -3.9326609e+000
 -3.8014582e+000
 -3.6384757e+000
 -3.4507835e+000
 -3.2444654e+000
 -3.0241936e+000
 -2.7929231e+000
 -2.5517273e+000
 -2.2997821e+000
 -2.0345026e+000
 -1.7518206e+000
 -1.4465869e+000
 -1.1130722e+000
 -7.4553454e-001
 -3.3881581e-001
  1.1107024e-001
  6.0639905e-001
  1.1472811e+000
  1.7313252e+000
  2.3534440e+000
  3.0058198e+000
  3.6780382e+000
  4.3573876e+000
  5.0293129e+000
  5.6780025e+000
  6.2870783e+000
  6.8403541e+000
  7.3226204e+000
  7.7204143e+000
  8.0227306e+000
  8.2216346e+000
  8.3127418e+000
  8.2955357e+000
  8.1735037e+000
  7.9540827e+000
  7.6484130e+000
  7.2709123e+000
  6.8386904e+000
  6.3708325e+000
  5.8875889e+000
  5.4095106e+000
  4.9565752e+000
  4.5473478e+000
  4.1982170e+000
  3.9227447e+000
  3.7311596e+000
  3.6300177e+000
  3.6220421e+000
  3.7061458e+000
  3.8776317e+000
  4.1285517e+000
  4.4482027e+000
  4.8237263e+000
  5.2407785e+000
  5.6842276e+000
  6.1388442e+000
  6.5899441e+000
  7.0239527e+000
  7.4288619e+000
  7.7945618e+000
  8.1130351e+000
  8.3784113e+000
  8.5868889e+000
  8.7365387e+000
  8.8270110e+000
  8.8591747e+000
  8.8347170e+000
  8.7557401e+000
  8.6243823e+000
  8.4424977e+000
  8.2114146e+000
  7.9317941e+000
  7.6035983e+000
  7.2261712e+000
  6.7984257e+000
  6.3191242e+000
  5.7872311e+000
  5.2023092e+000
  4.5649317e+000
  3.8770742e+000
  3.1424551e+000
  2.3667936e+000
  1.5579586e+000
  7.2598932e-001
 -1.1702570e-001
 -9.5721430e-001
 -1.7793256e+000
 -2.5672597e+000
 -3.3046986e+000
 -3.9758087e+000
 -4.5659778e+000
 -5.0625471e+000
 -5.4554982e+000
 -5.7380523e+000
 -5.9071482e+000
 -5.9637649e+000
 -5.9130670e+000
 -5.7643577e+000
 -5.5308350e+000
 -5.2291572e+000
 -4.8788344e+000
 -4.5014717e+000
 -4.1198986e+000
 -3.7572263e+000
 -3.4358779e+000
 -3.1766379e+000
 -2.9977698e+000
 -2.9142442e+000
 -2.9371143e+000
 -3.0730720e+000
 -3.3242033e+000
 -3.6879545e+000
 -4.1573096e+000
 -4.7211666e+000
 -5.3648924e+000
 -6.0710248e+000
 -6.8200851e+000
 -7.5914576e+000
 -8.3642908e+000
 -9.1183741e+000
 -9.8349475e+000
 -1.0497405e+001
 -1.1091857e+001
 -1.1607537e+001
 -1.2037024e+001
 -1.2376290e+001
 -1.2624571e+001
 -1.2784085e+001
 -1.2859606e+001
 -1.2857946e+001
 -1.2787362e+001
 -1.2656940e+001
 -1.2475982e+001
 -1.2253447e+001
 -1.1997467e+001
 -1.1714970e+001
 -1.1411426e+001
 -1.1090726e+001
 -1.0755200e+001
 -1.0405763e+001
 -1.0042166e+001
 -9.6633425e+000
 -9.2678151e+000
 -8.8541246e+000
 -8.4212591e+000
 -7.9690421e+000
 -7.4984532e+000
 -7.0118553e+000
 -6.5131094e+000
 -6.0075673e+000
 -5.5019373e+000
 -5.0040315e+000
 -4.5224067e+000
 -4.0659211e+000
 -3.6432348e+000
 -3.2622854e+000
 -2.9297721e+000
 -2.6506838e+000
 -2.4279029e+000
 -2.2619115e+000
 -2.1506249e+000
 -2.0893636e+000
 -2.0709741e+000
 -2.0860920e+000
 -2.1235391e+000
 -2.1708330e+000
 -2.2147823e+000
 -2.2421366e+000
 -2.2402519e+000
 -2.1977368e+000
 -2.1050394e+000
 -1.9549423e+000
 -1.7429361e+000
 -1.4674474e+000
 -1.1299091e+000
 -7.3466585e-001
 -2.8872046e-001
  1.9866656e-001
  7.1650069e-001
  1.2526713e+000
  1.7946283e+000
  2.3300784e+000
  2.8476604e+000
  3.3375605e+000
  3.7920308e+000
  4.2057813e+000
  4.5762205e+000
  4.9035316e+000
  5.1905781e+000
  5.4426440e+000
  5.6670232e+000
  5.8724817e+000
  6.0686247e+000
  6.2652036e+000
  6.4714068e+000
  6.6951729e+000
  6.9425716e+000
  7.2172863e+000
  7.5202328e+000
  7.8493388e+000
  8.1994979e+000
  8.5627066e+000
  8.9283774e+000
  9.2838149e+000
  9.6148301e+000
  9.9064615e+000
  1.0143765e+001
  1.0312629e+001
  1.0400572e+001
  1.0397481e+001
  1.0296244e+001
  1.0093248e+001
  9.7887162e+000
  9.3868540e+000
  8.8958081e+000
  8.3274307e+000
  7.6968627e+000
  7.0219564e+000
  6.3225646e+000
  5.6197332e+000
  4.9348363e+000
  4.2886958e+000
  3.7007288e+000
  3.1881627e+000
  2.7653550e+000
  2.4432463e+000
  2.2289719e+000
  2.1256441e+000
  2.1323101e+000
  2.2440840e+000
  2.4524377e+000
  2.7456321e+000
  3.1092624e+000
  3.5268858e+000
  3.9806990e+000
  4.4522311e+000
  4.9230186e+000
  5.3752330e+000
  5.7922350e+000
  6.1590371e+000
  6.4626595e+000
  6.6923747e+000
  6.8398411e+000
  6.8991325e+000
  6.8666762e+000
  6.7411166e+000
  6.5231242e+000
  6.2151703e+000
  5.8212894e+000
  5.3468466e+000
  4.7983285e+000
  4.1831661e+000
  3.5095995e+000
  2.7865848e+000
  2.0237395e+000
  1.2313197e+000
  4.2021498e-001
 -3.9805190e-001
 -1.2113388e+000
 -2.0069265e+000
 -2.7716059e+000
 -3.4918222e+000
 -4.1538836e+000
 -4.7442401e+000
 -5.2498278e+000
 -5.6584720e+000
 -5.9593361e+000
 -6.1433944e+000
 -6.2039088e+000
 -6.1368805e+000
 -5.9414505e+000
 -5.6202200e+000
 -5.1794654e+000
 -4.6292261e+000
 -3.9832469e+000
 -3.2587665e+000
 -2.4761476e+000
 -1.6583541e+000
 -8.3028948e-001
 -1.8016789e-002
  7.5211075e-001
  1.4543748e+000
  2.0646340e+000
  2.5612418e+000
  2.9259003e+000
  3.1444082e+000
  3.2072696e+000
  3.1101327e+000
  2.8540352e+000
  2.4454437e+000
  1.8960814e+000
  1.2225498e+000
  4.4575819e-001
 -4.0981479e-001
 -1.3169966e+000
 -2.2468962e+000
 -3.1699382e+000
 -4.0569098e+000
 -4.8799802e+000
 -5.6136462e+000
 -6.2355701e+000
 -6.7272752e+000
 -7.0746752e+000
 -7.2684219e+000
 -7.3040613e+000
 -7.1820027e+000
 -6.9073081e+000
 -6.4893214e+000
 -5.9411608e+000
 -5.2791050e+000
 -4.5219043e+000
 -3.6900523e+000
 -2.8050509e+000
 -1.8887011e+000
 -9.6244639e-001
 -4.6792446e-002
  8.3917974e-001
  1.6781977e+000
  2.4550733e+000
  3.1568738e+000
  3.7729955e+000
  4.2951524e+000
  4.7172975e+000
  5.0354932e+000
  5.2477514e+000
  5.3538601e+000
  5.3552146e+000
  5.2546646e+000
  5.0563879e+000
  4.7657948e+000
  4.3894638e+000
  3.9351045e+000
  3.4115395e+000
  2.8286941e+000
  2.1975807e+000
  1.5302644e+000
  8.3979412e-001
  1.4008999e-001
 -5.5422517e-001
 -1.2280542e+000
 -1.8661160e+000
 -2.4532933e+000
 -2.9750315e+000
 -3.4177721e+000
 -3.7694072e+000
 -4.0197317e+000
 -4.1608720e+000
 -4.1876687e+000
 -4.0979885e+000
 -3.8929477e+000
 -3.5770277e+000
 -3.1580717e+000
 -2.6471542e+000
 -2.0583245e+000
 -1.4082267e+000
 -7.1561127e-001
 -7.5313583e-004
  7.1519914e-001
  1.4109175e+000
  2.0656021e+000
  2.6596729e+000
  3.1754139e+000
  3.5975448e+000
  3.9136932e+000
  4.1147494e+000
  4.1950908e+000
  4.1526673e+000
  3.9889484e+000
  3.7087381e+000
  3.3198711e+000
  2.8328070e+000
  2.2601471e+000
  1.6160976e+000
  9.1590819e-001
  1.7531228e-001
 -5.9000442e-001
 -1.3648841e+000
 -2.1351070e+000
 -2.8877167e+000
 -3.6112529e+000
 -4.2958884e+000
 -4.9334740e+000
 -5.5174990e+000
 -6.0429817e+000
 -6.5063052e+000
 -6.9050183e+000
 -7.2376214e+000
 -7.5033571e+000
 -7.7020226e+000
 -7.8338207e+000
 -7.8992585e+000
 -7.8991027e+000
 -7.8343907e+000
 -7.7064971e+000
 -7.5172445e+000
 -7.2690497e+000
 -6.9650873e+000
 -6.6094551e+000
 -6.2073215e+000
 -5.7650389e+000
 -5.2902044e+000
 -4.7916572e+000
 -4.2794015e+000
 -3.7644502e+000
 -3.2585916e+000
 -2.7740833e+000
 -2.3232838e+000
 -1.9182399e+000
 -1.5702454e+000
 -1.2893959e+000
 -1.0841617e+000
 -9.6100184e-001
 -9.2404167e-001
 -9.7483295e-001
 -1.1122116e+000
 -1.3322633e+000
 -1.6284023e+000
 -1.9915619e+000
 -2.4104889e+000
 -2.8721310e+000
 -3.3620975e+000
 -3.8651736e+000
 -4.3658620e+000
 -4.8489280e+000
 -5.2999207e+000
 -5.7056466e+000
 -6.0545751e+000
 -6.3371568e+000
 -6.5460439e+000
 -6.6762043e+000
 -6.7249305e+000
 -6.6917464e+000
 -6.5782237e+000
 -6.3877226e+000
 -6.1250764e+000
 -5.7962409e+000
 -5.4079312e+000
 -4.9672698e+000
 -4.4814646e+000
 -3.9575363e+000
 -3.4021090e+000
 -2.8212724e+000
 -2.2205197e+000
 -1.6047603e+000
 -9.7839940e-001
 -3.4547268e-001
  2.9017812e-001
  9.2470877e-001
  1.5540745e+000
  2.1738505e+000
  2.7790907e+000
  3.3642404e+000
  3.9231161e+000
  4.4489613e+000
  4.9345798e+000
  5.3725456e+000
  5.7554800e+000
  6.0763826e+000
  6.3289994e+000
  6.5082055e+000
  6.6103804e+000
  6.6337500e+000
  6.5786740e+000
  6.4478553e+000
  6.2464556e+000
  5.9821027e+000
  5.6647831e+000
  5.3066180e+000
  4.9215287e+000
  4.5248020e+000
  4.1325737e+000
  3.7612519e+000
  3.4269061e+000
  3.1446506e+000
  2.9280512e+000
  2.7885838e+000
  2.7351710e+000
  2.7738191e+000
  2.9073728e+000
  3.1354000e+000
  3.4542107e+000
  3.8570095e+000
  4.3341725e+000
  4.8736345e+000
  5.4613675e+000
  6.0819254e+000
  6.7190291e+000
  7.3561642e+000
  7.9771624e+000
  8.5667419e+000
  9.1109830e+000
  9.5977202e+000
  1.0016837e+001
  1.0360459e+001
  1.0623033e+001
  1.0801315e+001
  1.0894254e+001
  1.0902805e+001
  1.0829675e+001
  1.0679032e+001
  1.0456190e+001
  1.0167298e+001
  9.8190416e+000
  9.4183903e+000
  8.9723822e+000
  8.4879705e+000
  7.9719270e+000
  7.4308033e+000
  6.8709423e+000
  6.2985309e+000
  5.7196798e+000
  5.1405152e+000
  4.5672661e+000
  4.0063308e+000
  3.4643093e+000
  2.9479886e+000
  2.4642749e+000
  2.0200668e+000
  1.6220731e+000
  1.2765793e+000
  9.8917489e-001
  7.6445544e-001
  6.0571724e-001
  5.1466506e-001
  4.9115334e-001
  5.3298125e-001
  6.3576001e-001
  7.9286790e-001
  9.9550380e-001
  1.2328453e+000
  1.4923118e+000
  1.7599261e+000
  2.0207641e+000
  2.2594741e+000
  2.4608456e+000
  2.6104008e+000
  2.6949824e+000
  2.7033090e+000
  2.6264710e+000
  2.4583410e+000
  2.1958778e+000
  1.8393071e+000
  1.3921685e+000
  8.6122400e-001
  2.5623088e-001
 -4.1041111e-001
 -1.1241235e+000
 -1.8687022e+000
 -2.6269341e+000
 -3.3812495e+000
 -4.1143793e+000
 -4.8099882e+000
 -5.4532535e+000
 -6.0313671e+000
 -6.5339374e+000
 -6.9532766e+000
 -7.2845644e+000
 -7.5258848e+000
 -7.6781394e+000
 -7.7448480e+000
 -7.7318505e+000
 -7.6469303e+000
 -7.4993817e+000
 -7.2995465e+000
 -7.0583435e+000
 -6.7868166e+000
 -6.4957213e+000
 -6.1951687e+000
 -5.8943402e+000
 -5.6012820e+000
 -5.3227816e+000
 -5.0643251e+000
 -4.8301290e+000
 -4.6232330e+000
 -4.4456427e+000
 -4.2985018e+000
 -4.1822798e+000
 -4.0969550e+000
 -4.0421777e+000
 -4.0174007e+000
 -4.0219668e+000
 -4.0551467e+000
 -4.1161265e+000
 -4.2039475e+000
 -4.3174061e+000
 -4.4549229e+000
 -4.6143976e+000
 -4.7930623e+000
 -4.9873518e+000
 -5.1928061e+000
 -5.4040190e+000
 -5.6146456e+000
 -5.8174753e+000
 -6.0045754e+000
 -6.1675029e+000
 -6.2975800e+000
 -6.3862215e+000
 -6.4253005e+000
 -6.4075330e+000
 -6.3268622e+000
 -6.1788203e+000
 -5.9608454e+000
 -5.6725350e+000
 -5.3158165e+000
 -4.8950229e+000
 -4.4168628e+000
 -3.8902822e+000
 -3.3262193e+000
 -2.7372603e+000
 -2.1372091e+000
 -1.5405897e+000
 -9.6210119e-001
 -4.1605286e-001
  8.4196844e-002
  5.2676959e-001
  9.0174018e-001
  1.2015307e+000
  1.4212071e+000
  1.5586644e+000
  1.6146919e+000
  1.5929165e+000
  1.4996271e+000
  1.3434903e+000
  1.1351707e+000
  8.8687681e-001
  6.1185263e-001
  3.2384136e-001
  3.6545233e-002
 -2.3689345e-001
 -4.8436721e-001
 -6.9521460e-001
 -8.6055169e-001
 -9.7351287e-001
 -1.0293947e+000
 -1.0257018e+000
 -9.6209989e-001
 -8.4028289e-001
 -6.6376894e-001
 -4.3763927e-001
 -1.6823834e-001
  1.3714671e-001
  4.7060912e-001
  8.2393150e-001
  1.1888663e+000
  1.5573768e+000
  1.9218299e+000
  2.2751386e+000
  2.6108521e+000
  2.9231992e+000
  3.2070899e+000
  3.4580859e+000
  3.6723499e+000
  3.8465868e+000
  3.9779860e+000
  4.0641777e+000
  4.1032099e+000
  4.0935526e+000
  4.0341328e+000
  3.9243989e+000
  3.7644112e+000
  3.5549522e+000
  3.2976474e+000
  2.9950849e+000
  2.6509215e+000
  2.2699636e+000
  1.8582098e+000
  1.4228451e+000
  9.7217902e-001
  5.1552277e-001
  6.3003196e-002
 -3.7468296e-001
 -7.8656866e-001
 -1.1617599e+000
 -1.4898094e+000
 -1.7611045e+000
 -1.9672522e+000
 -2.1014421e+000
 -2.1587690e+000
 -2.1364987e+000
 -2.0342611e+000
 -1.8541598e+000
 -1.6007891e+000
 -1.2811557e+000
 -9.0450473e-001
 -4.8205649e-001
 -2.6663064e-002
  4.4760183e-001
  9.2590272e-001
  1.3931332e+000
  1.8344174e+000
  2.2356013e+000
  2.5837140e+000
  2.8673814e+000
  3.0771755e+000
  3.2058881e+000
  3.2487205e+000
  3.2033830e+000
  3.0701077e+000
  2.8515741e+000
  2.5527583e+000
  2.1807147e+000
  1.7443035e+000
  1.2538784e+000
  7.2094892e-001
  1.5783335e-001
 -4.2268520e-001
 -1.0076865e+000
 -1.5844153e+000
 -2.1405503e+000
 -2.6644354e+000
 -3.1452716e+000
 -3.5732707e+000
 -3.9397724e+000
 -4.2373311e+000
 -4.4597779e+000
 -4.6022626e+000
 -4.6612840e+000
 -4.6347114e+000
 -4.5218039e+000
 -4.3232273e+000
 -4.0410708e+000
 -3.6788616e+000
 -3.2415725e+000
 -2.7356207e+000
 -2.1688475e+000
 -1.5504761e+000
 -8.9103698e-001
 -2.0225806e-001
  5.0308854e-001
  1.2113840e+000
  1.9084064e+000
  2.5796189e+000
  3.2104966e+000
  3.7868860e+000
  4.2953861e+000
  4.7237384e+000
  5.0612127e+000
  5.2989717e+000
  5.4304004e+000
  5.4513841e+000
  5.3605215e+000
  5.1592614e+000
  4.8519533e+000
  4.4458073e+000
  3.9507609e+000
  3.3792546e+000
  2.7459226e+000
  2.0672088e+000
  1.3609190e+000
  6.4572817e-001
 -5.9343057e-002
 -7.3546127e-001
 -1.3645053e+000
 -1.9295640e+000
 -2.4153910e+000
 -2.8088007e+000
 -3.0989940e+000
 -3.2778064e+000
 -3.3398709e+000
 -3.2826973e+000
 -3.1066673e+000
 -2.8149513e+000
 -2.4133562e+000
 -1.9101112e+000
 -1.3156054e+000
 -6.4208807e-001
  9.6655959e-002
  8.8564459e-001
  1.7090397e+000
  2.5504826e+000
  3.3934170e+000
  4.2213938e+000
  5.0183557e+000
  5.7688990e+000
  6.4585142e+000
  7.0738049e+000
  7.6026888e+000
  8.0345809e+000
  8.3605618e+000
  8.5735314e+000
  8.6683474e+000
  8.6419483e+000
  8.4934564e+000
  8.2242573e+000
  7.8380514e+000
  7.3408695e+000
  6.7410482e+000
  6.0491569e+000
  5.2778731e+000
  4.4418005e+000
  3.5572285e+000
  2.6418337e+000
  1.7143258e+000
  7.9404352e-001
 -9.9489641e-002
 -9.4703984e-001
 -1.7301529e+000
 -2.4316450e+000
 -3.0360766e+000
 -3.5301938e+000
 -3.9033189e+000
 -4.1476761e+000
 -4.2586376e+000
 -4.2348811e+000
 -4.0784492e+000
 -3.7947092e+000
 -3.3922126e+000
 -2.8824589e+000
 -2.2795722e+000
 -1.5999032e+000
 -8.6156932e-001
 -8.3952949e-002
  7.1282679e-001
  1.5084478e+000
  2.2829067e+000
  3.0170116e+000
  3.6928295e+000
  4.2940780e+000
  4.8064500e+000
  5.2178671e+000
  5.5186585e+000
  5.7016680e+000
  5.7622910e+000
  5.6984508e+000
  5.5105217e+000
  5.2012084e+000
  4.7753941e+000
  4.2399653e+000
  3.6036239e+000
  2.8766937e+000
  2.0709282e+000
  1.1993205e+000
  2.7591990e-001
 -6.8434839e-001
 -1.6658625e+000
 -2.6524859e+000
 -3.6277586e+000
 -4.5751014e+000
 -5.4780389e+000
 -6.3204451e+000
 -7.0868120e+000
 -7.7625420e+000
 -8.3342599e+000
 -8.7901385e+000
 -9.1202291e+000
 -9.3167853e+000
 -9.3745664e+000
 -9.2911065e+000
 -9.0669331e+000
 -8.7057207e+000
 -8.2143657e+000
 -7.6029716e+000
 -6.8847360e+000
 -6.0757351e+000
 -5.1946061e+000
 -4.2621317e+000
 -3.3007364e+000
 -2.3339095e+000
 -1.3855713e+000
 -4.7940555e-001
  3.6181932e-001
  1.1169136e+000
  1.7668903e+000
  2.2955248e+000
  2.6898284e+000
  2.9404176e+000
  3.0417645e+000
  2.9923198e+000
  2.7945050e+000
  2.4545751e+000
  1.9823611e+000
  1.3909036e+000
  6.9599628e-001
 -8.4340931e-002
 -9.3043562e-001
 -1.8215588e+000
 -2.7365196e+000
 -3.6542350e+000
 -4.5542557e+000
 -5.4172301e+000
 -6.2252942e+000
 -6.9623806e+000
 -7.6144422e+000
 -8.1695930e+000
 -8.6181733e+000
 -8.9527468e+000
 -9.1680452e+000
 -9.2608721e+000
 -9.2299838e+000
 -9.0759592e+000
 -8.8010743e+000
 -8.4091905e+000
 -7.9056647e+000
 -7.2972839e+000
 -6.5922260e+000
 -5.8000401e+000
 -4.9316402e+000
 -3.9993008e+000
 -3.0166421e+000
 -1.9985896e+000
 -9.6129645e-001
  7.7986270e-002
  1.1011000e+000
  2.0892373e+000
  3.0232709e+000
  3.8841507e+000
  4.6533627e+000
  5.3134351e+000
  5.8484776e+000
  6.2447304e+000
  6.4911010e+000
  6.5796618e+000
  6.5060837e+000
  6.2699807e+000
  5.8751423e+000
  5.3296368e+000
  4.6457711e+000
  3.8399011e+000
  2.9320907e+000
  1.9456279e+000
  9.0641035e-001
 -1.5778005e-001
 -1.2180862e+000
 -2.2454401e+000
 -3.2114483e+000
 -4.0892645e+000
 -4.8544142e+000
 -5.4855398e+000
 -5.9650359e+000
 -6.2795525e+000
 -6.4203467e+000
 -6.3834719e+000
 -6.1698015e+000
 -5.7848909e+000
 -5.2386873e+000
 -4.5451054e+000
 -3.7214924e+000
 -2.7880064e+000
 -1.7669398e+000
 -6.8201651e-001
  4.4230826e-001
  1.5815168e+000
  2.7116440e+000
  3.8098199e+000
  4.8547241e+000
  5.8269476e+000
  6.7092563e+000
  7.4867640e+000
  8.1470193e+000
  8.6800230e+000
  9.0781887e+000
  9.3362651e+000
  9.4512363e+000
  9.4222169e+000
  9.2503549e+000
  8.9387522e+000
  8.4924098e+000
  7.9181979e+000
  7.2248484e+000
  6.4229611e+000
  5.5250136e+000
  4.5453590e+000
  3.5001966e+000
  2.4074979e+000
  1.2868746e+000
  1.5937222e-001
 -9.5281580e-001
 -2.0267221e+000
 -3.0390637e+000
 -3.9667796e+000
 -4.7876332e+000
 -5.4808622e+000
 -6.0278512e+000
 -6.4128004e+000
 -6.6233584e+000
 -6.6511906e+000
 -6.4924493e+000
 -6.1481199e+000
 -5.6242192e+000
 -4.9318254e+000
 -4.0869319e+000
 -3.1101190e+000
 -2.0260497e+000
 -8.6280289e-001
  3.4893407e-001
  1.5767859e+000
  2.7876869e+000
  3.9489178e+000
  5.0291402e+000
  5.9993862e+000
  6.8339642e+000
  7.5112439e+000
  8.0142894e+000
  8.3313165e+000
  8.4559586e+000
  8.3873333e+000
  8.1299135e+000
  7.6932126e+000
  7.0913033e+000
  6.3421975e+000
  5.4671178e+000
  4.4896967e+000
  3.4351420e+000
  2.3294046e+000
  1.1983844e+000
  6.7205879e-002
 -1.0404115e+000
 -2.1026677e+000
 -3.1000708e+000
 -4.0156950e+000
 -4.8353122e+000
 -5.5474064e+000
 -6.1430888e+000
 -6.6159340e+000
 -6.9617613e+000
 -7.1783865e+000
 -7.2653700e+000
 -7.2237828e+000
 -7.0560106e+000
 -6.7656097e+000
 -6.3572227e+000
 -5.8365572e+000
 -5.2104221e+000
 -4.4868114e+000
 -3.6750212e+000
 -2.7857778e+000
 -1.8313583e+000
 -8.2567665e-001
  2.1568372e-001
  1.2755129e+000
  2.3351081e+000
  3.3745084e+000
  4.3728355e+000
  5.3087362e+000
  6.1609187e+000
  6.9087635e+000
  7.5329877e+000
  8.0163327e+000
  8.3442452e+000
  8.5055158e+000
  8.4928435e+000
  8.3032914e+000
  7.9386092e+000
  7.4053958e+000
  6.7150903e+000
  5.8837808e+000
  4.9318337e+000
  3.8833527e+000
  2.7654854e+000
  1.6076046e+000
  4.4039496e-001
 -7.0511673e-001
 -1.7985482e+000
 -2.8111244e+000
 -3.7165754e+000
 -4.4919357e+000
 -5.1182095e+000
 -5.5808812e+000
 -5.8702506e+000
 -5.9815866e+000
 -5.9150979e+000
 -5.6757308e+000
 -5.2728096e+000
 -4.7195442e+000
 -4.0324321e+000
 -3.2305890e+000
 -2.3350406e+000
 -1.3680099e+000
 -3.5223179e-001
  6.8967695e-001
  1.7357700e+000
  2.7652293e+000
  3.7587186e+000
  4.6986306e+000
  5.5692319e+000
  6.3567165e+000
  7.0491826e+000
  7.6365540e+000
  8.1104658e+000
  8.4641386e+000
  8.6922608e+000
  8.7908983e+000
  8.7574464e+000
  8.5906321e+000
  8.2905714e+000
  7.8588783e+000
  7.2988171e+000
  6.6154841e+000
  5.8159999e+000
  4.9096906e+000
  3.9082349e+000
  2.8257523e+000
  1.6788123e+000
  4.8634545e-001
 -7.3055842e-001
 -1.9489703e+000
 -3.1445628e+000
 -4.2921641e+000
 -5.3664107e+000
 -6.3424789e+000
 -7.1968669e+000
 -7.9081952e+000
 -8.4579923e+000
 -8.8314262e+000
 -9.0179487e+000
 -9.0118167e+000
 -8.8124637e+000
 -8.4246978e+000
 -7.8587102e+000
 -7.1298898e+000
 -6.2584434e+000
 -5.2688346e+000
 -4.1890610e+000
 -3.0497965e+000
 -1.8834332e+000
 -7.2306163e-001
  3.9856981e-001
  1.4500739e+000
  2.4023815e+000
  3.2295986e+000
  3.9097324e+000
  4.4252602e+000
  4.7635235e+000
  4.9169391e+000
  4.8830254e+000
  4.6642539e+000
  4.2677401e+000
  3.7047974e+000
  2.9903813e+000
  2.1424551e+000
  1.1813109e+000
  1.2887693e-001
 -9.9195639e-001
 -2.1579654e+000
 -3.3461546e+000
 -4.5342351e+000
 -5.7010087e+000
 -6.8266563e+000
 -7.8929331e+000
 -8.8832802e+000
 -9.7828662e+000
 -1.0578577e+001
 -1.1258971e+001
 -1.1814226e+001
 -1.2236086e+001
 -1.2517837e+001
 -1.2654312e+001
 -1.2641941e+001
 -1.2478852e+001
 -1.2165001e+001
 -1.1702348e+001
 -1.1095044e+001
 -1.0349626e+001
 -9.4751852e+000
 -8.4835045e+000
 -7.3891247e+000
 -6.2093324e+000
 -4.9640482e+000
 -3.6756021e+000
 -2.3683918e+000
 -1.0684228e+000
  1.9726284e-001
  1.4012541e+000
  2.5165165e+000
  3.5171876e+000
  4.3793929e+000
  5.0820497e+000
  5.6076215e+000
  5.9427919e+000
  6.0790237e+000
  6.0129757e+000
  5.7467556e+000
  5.2879929e+000
  4.6497234e+000
  3.8500861e+000
  2.9118414e+000
  1.8617267e+000
  7.2967308e-001
 -4.5208677e-001
 -1.6499851e+000
 -2.8301230e+000
 -3.9592732e+000
 -5.0058435e+000
 -5.9407666e+000
 -6.7382845e+000
 -7.3766017e+000
 -7.8383891e+000
 -8.1111249e+000
 -8.1872701e+000
 -8.0642800e+000
 -7.7444618e+000
 -7.2346955e+000
 -6.5460356e+000
 -5.6932223e+000
 -4.6941239e+000
 -3.5691411e+000
 -2.3405969e+000
 -1.0321363e+000
  3.3184356e-001
  1.7267163e+000
  3.1280925e+000
  4.5122207e+000
  5.8563242e+000
  7.1388741e+000
  8.3398075e+000
  9.4406992e+000
  1.0424899e+001
  1.1277645e+001
  1.1986170e+001
  1.2539798e+001
  1.2930055e+001
  1.3150786e+001
  1.3198283e+001
  1.3071421e+001
  1.2771789e+001
  1.2303821e+001
  1.1674896e+001
  1.0895404e+001
  9.9787580e+000
  8.9413423e+000
  7.8023802e+000
  6.5837121e+000
  5.3094795e+000
  4.0057118e+000
  2.6998199e+000
  1.4200056e+000
  1.9459958e-001
 -9.4865194e-001
 -1.9833308e+000
 -2.8850944e+000
 -3.6323988e+000
 -4.2071717e+000
 -4.5954044e+000
 -4.7876409e+000
 -4.7793399e+000
 -4.5710941e+000
 -4.1686934e+000
 -3.5830284e+000
 -2.8298328e+000
 -1.9292741e+000
 -9.0540452e-001
  2.1450832e-001
  1.4007464e+000
  2.6219760e+000
  3.8461210e+000
  5.0412455e+000
  6.1764142e+000
  7.2225027e+000
  8.1529318e+000
  8.9443043e+000
  9.5769270e+000
  1.0035207e+001
  1.0307912e+001
  1.0388306e+001
  1.0274144e+001
  9.9675559e+000
  9.4748191e+000
  8.8060429e+000
  7.9747762e+000
  6.9975627e+000
  5.8934587e+000
  4.6835338e+000
  3.3903679e+000
  2.0375600e+000
  6.4925813e-001
 -7.5028106e-001
 -2.1370982e+000
 -3.4879013e+000
 -4.7803995e+000
 -5.9936037e+000
 -7.1080959e+000
 -8.1062733e+000
 -8.9725691e+000
 -9.6936548e+000
 -1.0258625e+001
 -1.0659164e+001
 -1.0889699e+001
 -1.0947525e+001
 -1.0832911e+001
 -1.0549167e+001
 -1.0102677e+001
 -9.5028819e+000
 -8.7622058e+000
 -7.8959244e+000
 -6.9219635e+000
 -5.8606287e+000
 -4.7342642e+000
 -3.5668431e+000
 -2.3834959e+000
 -1.2099835e+000
 -7.2129386e-002
  1.0047768e+000
  1.9965870e+000
  2.8808949e+000
  3.6376111e+000
  4.2494923e+000
  4.7026089e+000
  4.9867318e+000
  5.0956265e+000
  5.0272426e+000
  4.7837906e+000
  4.3717043e+000
  3.8014872e+000
  3.0874486e+000
  2.2473375e+000
  1.3018864e+000
  2.7427895e-001
 -8.1044083e-001
 -1.9259993e+000
 -3.0455446e+000
 -4.1423000e+000
 -5.1901985e+000
 -6.1644846e+000
 -7.0422644e+000
 -7.8029941e+000
 -8.4288950e+000
 -8.9052884e+000
 -9.2208459e+000
 -9.3677544e+000
 -9.3417956e+000
 -9.1423453e+000
 -8.7722962e+000
 -8.2379124e+000
 -7.5486230e+000
 -6.7167637e+000
 -5.7572742e+000
 -4.6873620e+000
 -3.5261386e+000
 -2.2942370e+000
 -1.0134170e+000
  2.9383567e-001
  1.6047107e+000
  2.8964714e+000
  4.1468443e+000
  5.3343968e+000
  6.4389000e+000
  7.4416715e+000
  8.3258964e+000
  9.0769202e+000
  9.6825125e+000
  1.0133094e+001
  1.0421923e+001
  1.0545244e+001
  1.0502375e+001
  1.0295757e+001
  9.9309377e+000
  9.4165030e+000
  8.7639439e+000
  7.9874684e+000
  7.1037526e+000
  6.1316378e+000
  5.0917756e+000
  4.0062288e+000
  2.8980341e+000
  1.7907361e+000
  7.0790219e-001
 -3.2737174e-001
 -1.2929525e+000
 -2.1681477e+000
 -2.9341587e+000
 -3.5744979e+000
 -4.0753613e+000
 -4.4259453e+000
 -4.6187024e+000
 -4.6495280e+000
 -4.5178746e+000
 -4.2267892e+000
 -3.7828746e+000
 -3.1961726e+000
 -2.4799737e+000
 -1.6505556e+000
 -7.2685608e-001
  2.6991301e-001
  1.3167027e+000
  2.3891063e+000
  3.4618710e+000
  4.5094313e+000
  5.5064543e+000
  6.4283840e+000
  7.2519742e+000
  7.9557985e+000
  8.5207269e+000
  8.9303573e+000
  9.1713933e+000
  9.2339590e+000
  9.1118427e+000
  8.8026643e+000
  8.3079601e+000
  7.6331837e+000
  6.7876198e+000
  5.7842141e+000
  4.6393194e+000
  3.3723649e+000
  2.0054552e+000
  5.6290543e-001
 -9.2927338e-001
 -2.4439308e+000
 -3.9533596e+000
 -5.4298930e+000
 -6.8465008e+000
 -8.1773715e+000
 -9.3984662e+000
 -1.0488032e+001
 -1.1427060e+001
 -1.2199689e+001
 -1.2793522e+001
 -1.3199882e+001
 -1.3413974e+001
 -1.3434963e+001
 -1.3265975e+001
 -1.2914001e+001
 -1.2389732e+001
 -1.1707317e+001
 -1.0884048e+001
 -9.9399901e+000
 -8.8975570e+000
 -7.7810470e+000
 -6.6161433e+000
 -5.4293931e+000
 -4.2476725e+000
 -3.0976486e+000
 -2.0052454e+000
 -9.9512468e-001
 -9.0188651e-002
  6.8888702e-001
  1.3240825e+000
  1.8004183e+000
  2.1062875e+000
  2.2337301e+000
  2.1786434e+000
  1.9409213e+000
  1.5245203e+000
  9.3744543e-001
  1.9165503e-001
 -6.9711881e-001
 -1.7096335e+000
 -2.8234819e+000
 -4.0135178e+000
 -5.2523545e+000
 -6.5109296e+000
 -7.7591256e+000
 -8.9664334e+000
 -1.0102645e+001
 -1.1138559e+001
 -1.2046682e+001
 -1.2801905e+001
 -1.3382137e+001
 -1.3768883e+001
 -1.3947737e+001
 -1.3908787e+001
 -1.3646904e+001
 -1.3161923e+001
 -1.2458687e+001
 -1.1546973e+001
 -1.0441275e+001
 -9.1604795e+000
 -7.7274077e+000
 -6.1682685e+000
 -4.5120166e+000
 -2.7896434e+000
 -1.0334209e+000
  7.2388106e-001
  2.4497803e+000
  4.1128483e+000
  5.6834354e+000
  7.1343364e+000
  8.4413781e+000
  9.5839175e+000
  1.0545238e+001
  1.1312836e+001
  1.1878603e+001
  1.2238892e+001
  1.2394477e+001
  1.2350424e+001
  1.2115858e+001
  1.1703666e+001
  1.1130127e+001
  1.0414488e+001
  9.5785056e+000
  8.6459578e+000
  7.6421389e+000
  6.5933501e+000
  5.5263912e+000
  4.4680632e+000
  3.4446845e+000
  2.4816277e+000
  1.6028777e+000
  8.3061601e-001
  1.8483132e-001
 -3.1703936e-001
 -6.6043738e-001
 -8.3397313e-001
 -8.2967643e-001
 -6.4320161e-001
 -2.7398128e-001
  2.7467761e-001
  9.9556227e-001
  1.8775936e+000
  2.9059426e+000
  4.0622289e+000
  5.3248033e+000
  6.6691161e+000
  8.0681681e+000
  9.4930410e+000
  1.0913496e+001
  1.2298632e+001
  1.3617588e+001
  1.4840268e+001
  1.5938078e+001
  1.6884644e+001
  1.7656495e+001
  1.8233685e+001
  1.8600339e+001
  1.8745096e+001
  1.8661439e+001
  1.8347895e+001
  1.7808104e+001
  1.7050741e+001
  1.6089304e+001
  1.4941770e+001
  1.3630126e+001
  1.2179794e+001
  1.0618976e+001
  8.9779194e+000
  7.2881565e+000
  5.5817138e+000
  3.8903353e+000
  2.2447342e+000
  6.7389633e-001
 -7.9554586e-001
 -2.1398546e+000
 -3.3386322e+000
 -4.3751637e+000
 -5.2366545e+000
 -5.9143637e+000
 -6.4036387e+000
 -6.7038590e+000
 -6.8182982e+000
 -6.7539174e+000
 -6.5211010e+000
 -6.1333485e+000
 -5.6069321e+000
 -4.9605322e+000
 -4.2148580e+000
 -3.3922603e+000
 -2.5163409e+000
 -1.6115605e+000
 -7.0284677e-001
  1.8479771e-001
  1.0266896e+000
  1.7988610e+000
  2.4784591e+000
  3.0441480e+000
  3.4765110e+000
  3.7584488e+000
  3.8755679e+000
  3.8165499e+000
  3.5734911e+000
  3.1422008e+000
  2.5224447e+000
  1.7181188e+000
  7.3734147e-001
 -4.0754857e-001
 -1.7000993e+000
 -3.1199634e+000
 -4.6432304e+000
 -6.2428730e+000
 -7.8893010e+000
 -9.5510120e+000
 -1.1195325e+001
 -1.2789175e+001
 -1.4299949e+001
 -1.5696336e+001
 -1.6949157e+001
 -1.8032162e+001
 -1.8922747e+001
 -1.9602580e+001
 -2.0058111e+001
 -2.0280936e+001
 -2.0268018e+001
 -2.0021750e+001
 -1.9549849e+001
 -1.8865106e+001
 -1.7984987e+001
 -1.6931096e+001
 -1.5728549e+001
 -1.4405242e+001
 -1.2991079e+001
 -1.1517162e+001
 -1.0014980e+001
 -8.5156275e+000
 -7.0490668e+000
 -5.6434649e+000
 -4.3246142e+000
 -3.1154524e+000
 -2.0356876e+000
 -1.1015293e+000
 -3.2552382e-001
  2.8351292e-001
  7.2047619e-001
  9.8387819e-001
  1.0756933e+000
  1.0011564e+000
  7.6852888e-001
  3.8884263e-001
 -1.2436636e-001
 -7.5532874e-001
 -1.4863122e+000
 -2.2978903e+000
 -3.1692114e+000
 -4.0782707e+000
 -5.0021915e+000
 -5.9175211e+000
 -6.8005479e+000
 -7.6276438e+000
 -8.3756368e+000
 -9.0222133e+000
 -9.5463478e+000
 -9.9287554e+000
 -1.0152357e+001
 -1.0202745e+001
 -1.0068632e+001
 -9.7422733e+000
 -9.2198257e+000
 -8.5016466e+000
 -7.5924964e+000
 -6.5016352e+000
 -5.2427996e+000
 -3.8340489e+000
 -2.2974765e+000
 -6.5878763e-001
  1.0532501e+000
  2.8074712e+000
  4.5710724e+000
  6.3104468e+000
  7.9920647e+000
  9.5833699e+000
  1.1053663e+001
  1.2374936e+001
  1.3522634e+001
  1.4476311e+001
  1.5220158e+001
  1.5743390e+001
  1.6040473e+001
  1.6111192e+001
  1.5960555e+001
  1.5598544e+001
  1.5039729e+001
  1.4302757e+001
  1.3409750e+001
  1.2385621e+001
  1.1257359e+001
  1.0053281e+001
  8.8023101e+000
  7.5332762e+000
  6.2742732e+000
  5.0520877e+000
  3.8917072e+000
  2.8159152e+000
  1.8449757e+000
  9.9640122e-001
  2.8479971e-001
 -2.7821201e-001
 -6.8403862e-001
 -9.2709426e-001
 -1.0047603e+000
 -9.1732424e-001
 -6.6790781e-001
 -2.6239171e-001
  2.9066213e-001
  9.8009066e-001
  1.7922170e+000
  2.7109519e+000
  3.7179196e+000
  4.7926175e+000
  5.9126224e+000
  7.0538526e+000
  8.1908940e+000
  9.2973966e+000
  1.0346541e+001
  1.1311573e+001
  1.2166399e+001
  1.2886227e+001
  1.3448234e+001
  1.3832245e+001
  1.4021391e+001
  1.4002719e+001
  1.3767732e+001
  1.3312831e+001
  1.2639622e+001
  1.1755087e+001
  1.0671589e+001
  9.4067084e+000
  7.9828980e+000
  6.4269801e+000
  4.7694800e+000
  3.0438261e+000
  1.2854391e+000
 -4.6925726e-001
 -2.1838682e+000
 -3.8230656e+000
 -5.3535915e+000
 -6.7451916e+000
 -7.9714439e+000
 -9.0104521e+000
 -9.8453817e+000
 -1.0464820e+001
 -1.0862955e+001
 -1.1039565e+001
 -1.0999835e+001
 -1.0754007e+001
 -1.0316891e+001
 -9.7072543e+000
 -8.9471293e+000
 -8.0610624e+000
 -7.0753420e+000
 -6.0172337e+000
 -4.9142512e+000
 -3.7934882e+000
 -2.6810279e+000
 -1.6014447e+000
 -5.7740475e-001
  3.7063450e-001
  1.2246297e+000
  1.9690724e+000
  2.5910375e+000
  3.0801765e+000
  3.4286716e+000
  3.6311674e+000
  3.6846971e+000
  3.5886128e+000
  3.3445316e+000
  2.9563006e+000
  2.4299815e+000
  1.7738495e+000
  9.9839938e-001
  1.1634521e-001
 -8.5739953e-001
 -1.9057775e+000
 -3.0096942e+000
 -4.1481894e+000
 -5.2986850e+000
 -6.4373159e+000
 -7.5393472e+000
 -8.5796736e+000
 -9.5333923e+000
 -1.0376435e+001
 -1.1086241e+001
 -1.1642438e+001
 -1.2027523e+001
 -1.2227486e+001
 -1.2232374e+001
 -1.2036747e+001
 -1.1640010e+001
 -1.1046602e+001
 -1.0266015e+001
 -9.3126523e+000
 -8.2055092e+000
 -6.9676931e+000
 -5.6257939e+000
 -4.2091281e+000
 -2.7488831e+000
 -1.2771958e+000
  1.7379903e-001
  1.5729138e+000
  2.8908084e+000
  4.1008122e+000
  5.1796364e+000
  6.1079512e+000
  6.8708100e+000
  7.4579087e+000
  7.8636764e+000
  8.0872031e+000
  8.1320150e+000
  8.0057167e+000
  7.7195233e+000
  7.2877097e+000
  6.7270075e+000
  6.0559794e+000
  5.2943995e+000
  4.4626671e+000
  3.5812741e+000
  2.6703450e+000
  1.7492594e+000
  8.3636168e-001
 -5.1242188e-002
 -8.9780927e-001
 -1.6890160e+000
 -2.4119623e+000
 -3.0551413e+000
 -3.6083937e+000
 -4.0628631e+000
 -4.4109719e+000
 -4.6464268e+000
 -4.7642650e+000
 -4.7609450e+000
 -4.6344781e+000
 -4.3845958e+000
 -4.0129409e+000
 -3.5232659e+000
 -2.9216199e+000
 -2.2165039e+000
 -1.4189732e+000
 -5.4266742e-001
  3.9624841e-001
  1.3792451e+000
  2.3856998e+000
  3.3932769e+000
  4.3784159e+000
  5.3169125e+000
  6.1845765e+000
  6.9579429e+000
  7.6150084e+000
  8.1359626e+000
  8.5038812e+000
  8.7053503e+000
  8.7309915e+000
  8.5758614e+000
  8.2397047e+000
  7.7270469e+000
  7.0471186e+000
  6.2136125e+000
  5.2442811e+000
  4.1603908e+000
  2.9860552e+000
  1.7474755e+000
  4.7211905e-001
 -8.1212786e-001
 -2.0777999e+000
 -3.2986501e+000
 -4.4503742e+000
 -5.5112364e+000
 -6.4625741e+000
 -7.2891684e+000
 -7.9794741e+000
 -8.5257067e+000
 -8.9237964e+000
 -9.1732201e+000
 -9.2767314e+000
 -9.2400094e+000
 -9.0712525e+000
 -8.7807413e+000
 -8.3803968e+000
 -7.8833551e+000
 -7.3035781e+000
 -6.6555154e+000
 -5.9538253e+000
 -5.2131598e+000
 -4.4480109e+000
 -3.6726129e+000
 -2.9008874e+000
 -2.1464194e+000
 -1.4224459e+000
 -7.4184148e-001
 -1.1708485e-001
  4.3980852e-001
  9.1739717e-001
  1.3049748e+000
  1.5927829e+000
  1.7722708e+000
  1.8363951e+000
  1.7799425e+000
  1.5998611e+000
  1.2955773e+000
  8.6927595e-001
  3.2612327e-001
 -3.2559130e-001
 -1.0744110e+000
 -1.9057801e+000
 -2.8022349e+000
 -3.7437178e+000
 -4.7080141e+000
 -5.6712986e+000
 -6.6087773e+000
 -7.4954001e+000
 -8.3066201e+000
 -9.0191659e+000
 -9.6117984e+000
 -1.0066017e+001
 -1.0366683e+001
 -1.0502545e+001
 -1.0466615e+001
 -1.0256419e+001
 -9.8740689e+000
 -9.3261870e+000
 -8.6236659e+000
 -7.7812849e+000
 -6.8171987e+000
 -5.7523210e+000
 -4.6096317e+000
 -3.4134373e+000
 -2.1886165e+000
 -9.5988115e-001
  2.4891773e-001
  1.4154146e+000
  2.5192635e+000
  3.5425670e+000
  4.4701911e+000
  5.2899627e+000
  5.9927548e+000
  6.5724656e+000
  7.0259074e+000
  7.3526209e+000
  7.5546338e+000
  7.6361846e+000
  7.6034303e+000
  7.4641558e+000
  7.2275003e+000
  6.9037114e+000
  6.5039345e+000
  6.0400396e+000
  5.5244842e+000
  4.9702059e+000
  4.3905368e+000
  3.7991276e+000
  3.2098690e+000
  2.6367985e+000
  2.0939797e+000
  1.5953471e+000
  1.1545078e+000
  7.8449939e-001
  4.9750609e-001
  3.0453868e-001
  2.1509011e-001
  2.3678065e-001
  3.7501048e-001
  6.3263901e-001
  1.0097115e+000
  1.5032522e+000
  2.1071428e+000
  2.8121000e+000
  3.6057631e+000
  4.4728980e+000
  5.3957155e+000
  6.3543003e+000
  7.3271365e+000
  8.2917134e+000
  9.2251894e+000
  1.0105088e+001
  1.0909996e+001
  1.1620244e+001
  1.2218521e+001
  1.2690420e+001
  1.3024881e+001
  1.3214503e+001
  1.3255731e+001
  1.3148905e+001
  1.2898161e+001
  1.2511205e+001
  1.1998967e+001
  1.1375145e+001
  1.0655684e+001
  9.8581853e+000
  9.0012954e+000
  8.1040964e+000
  7.1855172e+000
  6.2637962e+000
  5.3560107e+000
  4.4776903e+000
  3.6425214e+000
  2.8621495e+000
  2.1460748e+000
  1.5016376e+000
  9.3408084e-001
  4.4667558e-001
  4.0894203e-002
 -2.8338792e-001
 -5.2767875e-001
 -6.9466048e-001
 -7.8799875e-001
 -8.1218072e-001
 -7.7238888e-001
 -6.7441322e-001
 -5.2460029e-001
 -3.2983376e-001
 -9.7538029e-002
  1.6430637e-001
  4.4714816e-001
  7.4186453e-001
  1.0387868e+000
  1.3277628e+000
  1.5982651e+000
  1.8395480e+000
  2.0408559e+000
  2.1916783e+000
  2.2820438e+000
  2.3028427e+000
  2.2461624e+000
  2.1056187e+000
  1.8766655e+000
  1.5568629e+000
  1.1460885e+000
  6.4667291e-001
  6.3451744e-002
 -5.9627786e-001
 -1.3228969e+000
 -2.1046999e+000
 -2.9282183e+000
 -3.7786204e+000
 -4.6401723e+000
 -5.4967388e+000
 -6.3323033e+000
 -7.1314837e+000
 -7.8800202e+000
 -8.5652131e+000
 -9.1762934e+000
 -9.7047073e+000
 -1.0144307e+001
 -1.0491438e+001
 -1.0744926e+001
 -1.0905969e+001
 -1.0977934e+001
 -1.0966089e+001
 -1.0877271e+001
 -1.0719523e+001
 -1.0501717e+001
 -1.0233169e+001
 -9.9232963e+000
 -9.5813035e+000
 -9.2159259e+000
 -8.8352382e+000
 -8.4465292e+000
 -8.0562453e+000
 -7.6699969e+000
 -7.2926185e+000
 -6.9282712e+000
 -6.5805724e+000
 -6.2527370e+000
 -5.9477139e+000
 -5.6683027e+000
 -5.4172378e+000
 -5.1972297e+000
 -5.0109580e+000
 -4.8610131e+000
 -4.7497899e+000
 -4.6793393e+000
 -4.6511885e+000
 -4.6661438e+000
 -4.7240904e+000
 -4.8238069e+000
 -4.9628119e+000
 -5.1372553e+000
 -5.3418714e+000
 -5.5699993e+000
 -5.8136797e+000
 -6.0638266e+000
 -6.3104713e+000
 -6.5430696e+000
 -6.7508592e+000
 -6.9232513e+000
 -7.0502362e+000
 -7.1227829e+000
 -7.1332113e+000
 -7.0755166e+000
 -6.9456283e+000
 -6.7415895e+000
 -6.4636454e+000
 -6.1142361e+000
 -5.6978940e+000
 -5.2210499e+000
 -4.6917601e+000
 -4.1193664e+000
 -3.5141109e+000
 -2.8867232e+000
 -2.2480043e+000
 -1.6084282e+000
 -9.7778187e-001
 -3.6486139e-001
  2.2276099e-001
  7.7889034e-001
  1.2987779e+000
  1.7791063e+000
  2.2178977e+000
  2.6143552e+000
  2.9686518e+000
  3.2816870e+000
  3.5548274e+000
  3.7896535e+000
  3.9877320e+000
  4.1504287e+000
  4.2787774e+000
  4.3734136e+000
  4.4345770e+000
  4.4621832e+000
  4.4559574e+000
  4.4156202e+000
  4.3411106e+000
  4.2328277e+000
  4.0918719e+000
  3.9202634e+000
  3.7211209e+000
  3.4987797e+000
  3.2588376e+000
  3.0081173e+000
  2.7545413e+000
  2.5069206e+000
  2.2746639e+000
  2.0674196e+000
  1.8946687e+000
  1.7652887e+000
  1.6871138e+000
  1.6665148e+000
  1.7080254e+000
  1.8140369e+000
  1.9845810e+000
  2.2172169e+000
  2.5070322e+000
  2.8467601e+000
  3.2270120e+000
  3.6366135e+000
  4.0630311e+000
  4.4928664e+000
  4.9123948e+000
  5.3081212e+000
  5.6673240e+000
  5.9785594e+000
  6.2321018e+000
  6.4202972e+000
  6.5378133e+000
  6.5817757e+000
  6.5517845e+000
  6.4498158e+000
  6.2800144e+000
  6.0483951e+000
  5.7624696e+000
  5.4308253e+000
  5.0626795e+000
  4.6674371e+000
  4.2542754e+000
  3.8317813e+000
  3.4076572e+000
  2.9885111e+000
  2.5797393e+000
  2.1855014e+000
  1.8087852e+000
  1.4515497e+000
  1.1149311e+000
  7.9949253e-001
  5.0549400e-001
  2.3316107e-001
 -1.7072277e-002
 -2.4436634e-001
 -4.4734163e-001
 -6.2402050e-001
 -7.7185118e-001
 -8.8781516e-001
 -9.6861222e-001
 -1.0109116e+000
 -1.0116521e+000
 -9.6837104e-001
 -8.7953660e-001
 -7.4485963e-001
 -5.6555951e-001
 -3.4456119e-001
 -8.6604663e-002
  2.0174752e-001
  5.1221253e-001
  8.3500039e-001
  1.1591323e+000
  1.4728509e+000
  1.7641037e+000
  2.0210752e+000
  2.2327391e+000
  2.3894000e+000
  2.4831945e+000
  2.5085207e+000
  2.4623712e+000
  2.3445476e+000
  2.1577411e+000
  1.9074731e+000
  1.6018939e+000
  1.2514496e+000
  8.6843221e-001
  4.6643567e-001
  5.9746592e-002
 -3.3729877e-001
 -7.1095654e-001
 -1.0486820e+000
 -1.3396692e+000
 -1.5752937e+000
 -1.7494367e+000
 -1.8586742e+000
 -1.9023220e+000
 -1.8823372e+000
 -1.8030860e+000
 -1.6709909e+000
 -1.4940834e+000
 -1.2814882e+000
 -1.0428729e+000
 -7.8789419e-001
 -5.2567672e-001
 -2.6435308e-001
 -1.0692506e-002
  2.3016146e-001
  4.5483096e-001
  6.6171612e-001
  8.5088234e-001
  1.0238337e+000
  1.1831902e+000
  1.3322941e+000
  1.4747725e+000
  1.6140892e+000
  1.7531179e+000
  1.8937656e+000
  2.0366756e+000
  2.1810314e+000
  2.3244753e+000
  2.4631525e+000
  2.5918764e+000
  2.7044091e+000
  2.7938383e+000
  2.8530290e+000
  2.8751197e+000
  2.8540309e+000
  2.7849535e+000
  2.6647823e+000
  2.4924651e+000
  2.2692414e+000
  1.9987529e+000
  1.6870118e+000
  1.3422276e+000
  9.7449502e-001
  5.9536128e-001
  2.1729218e-001
 -1.4693149e-001
 -4.8485436e-001
 -7.8498673e-001
 -1.0374072e+000
 -1.2342920e+000
 -1.3703399e+000
 -1.4430655e+000
 -1.4529443e+000
 -1.4033991e+000
 -1.3006263e+000
 -1.1532741e+000
 -9.7198744e-001
 -7.6884768e-001
 -5.5673881e-001
 -3.4867646e-001
 -1.5713889e-001
  6.5613681e-003
  1.3282907e-001
  2.1422970e-001
  2.4579981e-001
  2.2520785e-001
  1.5275793e-001
  3.1238747e-002
 -1.3437048e-001
 -3.3731680e-001
 -5.6958492e-001
 -8.2246969e-001
 -1.0871722e+000
 -1.3553813e+000
 -1.6198024e+000
 -1.8746013e+000
 -2.1157323e+000
 -2.3411327e+000
 -2.5507699e+000
 -2.7465389e+000
 -2.9320192e+000
 -3.1121051e+000
 -3.2925381e+000
 -3.4793690e+000
 -3.6783904e+000
 -3.8945753e+000
 -4.1315622e+000
 -4.3912232e+000
 -4.6733456e+000
 -4.9754520e+000
 -5.2927746e+000
 -5.6183889e+000
 -5.9435042e+000
 -6.2578940e+000
 -6.5504449e+000
 -6.8097908e+000
 -7.0249938e+000
 -7.1862322e+000
 -7.2854501e+000
 -7.3169287e+000
 -7.2777399e+000
 -7.1680532e+000
 -6.9912710e+000
 -6.7539803e+000
 -6.4657189e+000
 -6.1385658e+000
 -5.7865742e+000
 -5.4250794e+000
 -5.0699166e+000
 -4.7365951e+000
 -4.4394732e+000
 -4.1909835e+000
 -4.0009525e+000
 -3.8760547e+000
 -3.8194345e+000
 -3.8305185e+000
 -3.9050301e+000
 -4.0352080e+000
 -4.2102152e+000
 -4.4167178e+000
 -4.6396001e+000
 -4.8627748e+000
 -5.0700435e+000
 -5.2459567e+000
 -5.3766252e+000
 -5.4504368e+000
 -5.4586363e+000
 -5.3957388e+000
 -5.2597520e+000
 -5.0521972e+000
 -4.7779308e+000
 -4.4447781e+000
 -4.0630042e+000
 -3.6446561e+000
 -3.2028161e+000
 -2.7508139e+000
 -2.3014446e+000
 -1.8662417e+000
 -1.4548470e+000
 -1.0745166e+000
 -7.2979022e-001
 -4.2234309e-001
 -1.5102623e-001
  8.7909459e-002
  3.0042265e-001
  4.9415163e-001
  6.7778119e-001
  8.6034881e-001
  1.0505365e+000
  1.2559953e+000
  1.4827478e+000
  1.7347081e+000
  2.0133517e+000
  2.3175586e+000
  2.6436399e+000
  2.9855490e+000
  3.3352632e+000
  3.6833132e+000
  4.0194267e+000
  4.3332442e+000
  4.6150601e+000
  4.8565416e+000
  5.0513750e+000
  5.1957971e+000
  5.2889723e+000
  5.3331880e+000
  5.3338506e+000
  5.2992765e+000
  5.2402864e+000
  5.1696228e+000
  5.1012226e+000
  5.0493865e+000
  5.0278929e+000
  5.0491106e+000
  5.1231634e+000
  5.2572000e+000
  5.4548149e+000
  5.7156601e+000
  6.0352742e+000
  6.4051462e+000
  6.8130146e+000
  7.2433906e+000
  7.6782798e+000
  8.0980651e+000
  8.4825038e+000
  8.8117848e+000
  9.0675863e+000
  9.2340756e+000
  9.2987941e+000
  9.2533764e+000
  9.0940629e+000
  8.8219749e+000
  8.4431354e+000
  7.9682337e+000
  7.4121450e+000
  6.7932299e+000
  6.1324537e+000
  5.4523714e+000
  4.7760350e+000
  4.1258823e+000
  3.5226665e+000
  2.9844857e+000
  2.5259613e+000
  2.1576095e+000
  1.8854357e+000
  1.7107700e+000
  1.6303479e+000
  1.6366259e+000
  1.7183091e+000
  1.8610559e+000
  2.0483149e+000
  2.2622440e+000
  2.4846569e+000
  2.6979417e+000
  2.8859009e+000
  3.0344671e+000
  3.1322571e+000
  3.1709400e+000
  3.1454041e+000
  3.0537228e+000
  2.8969319e+000
  2.6786397e+000
  2.4045062e+000
  2.0816297e+000
  1.7178885e+000
  1.3212843e+000
  8.9933388e-001
  4.5855069e-001
  4.0516418e-003
 -4.6068634e-001
 -9.3390483e-001
 -1.4154752e+000
 -1.9066518e+000
 -2.4096878e+000
 -2.9273441e+000
 -3.4623296e+000
 -4.0167166e+000
 -4.5913765e+000
 -5.1854819e+000
 -5.7961161e+000
 -6.4180234e+000
 -7.0435281e+000
 -7.6626341e+000
