-1.400000e+000
-7.175887e+000
-1.080000e+001
-1.131780e+001
-1.010000e+001
-9.116662e+000
-8.800000e+000
-8.897465e+000
-9.500000e+000
-1.058618e+001
-1.200000e+001
-1.345164e+001
-1.420000e+001
-1.377743e+001
-1.280000e+001
-1.193148e+001
-1.100000e+001
-9.729774e+000
-8.500000e+000
-7.900950e+000
-8.500000e+000
-1.045206e+001
-1.310000e+001
-1.554427e+001
-1.760000e+001
-1.915684e+001
-1.940000e+001
-1.797497e+001
-1.620000e+001
-1.525348e+001
-1.440000e+001
-1.265421e+001
-1.080000e+001
-9.612818e+000
-8.200000e+000
-5.926240e+000
-4.200000e+000
-4.493022e+000
-6.600000e+000
-9.683106e+000
-1.310000e+001
-1.622901e+001
-1.900000e+001
-2.093846e+001
-1.960000e+001
-1.357778e+001
-6.600000e+000
-2.178295e+000
3.000000e+000
1.101671e+001
1.410000e+001
6.450353e+000
-4.900000e+000
-1.121298e+001
-1.280000e+001
-1.326218e+001
-1.440000e+001
-1.699008e+001
-2.030000e+001
-2.310744e+001
-2.600000e+001
-2.944073e+001
-3.250000e+001
-3.368809e+001
-3.060000e+001
-2.312375e+001
-1.720000e+001
-1.752016e+001
-1.970000e+001
-1.842925e+001
-1.630000e+001
-1.664978e+001
-1.640000e+001
-1.234737e+001
-6.700000e+000
-2.110826e+000
2.500000e+000
8.491192e+000
1.500000e+001
2.044682e+001
2.360000e+001
2.446433e+001
2.520000e+001
2.811884e+001
3.360000e+001
4.035167e+001
4.630000e+001
4.953594e+001
4.920000e+001
4.589462e+001
4.190000e+001
3.885713e+001
3.590000e+001
3.177576e+001
2.710000e+001
2.348646e+001
2.350000e+001
2.805179e+001
3.390000e+001
3.773660e+001
4.120000e+001
4.668463e+001
5.300000e+001
5.831481e+001
6.390000e+001
7.023470e+001
7.320000e+001
6.985952e+001
6.520000e+001
6.383939e+001
5.990000e+001
4.896787e+001
4.000000e+001
3.992079e+001
4.000000e+001
2.910098e+001
6.300000e+000
-2.292267e+001
-5.150000e+001
-7.213027e+001
-7.870000e+001
-7.148468e+001
-6.030000e+001
-5.389396e+001
-4.840000e+001
-3.775432e+001
-2.500000e+001
-1.481972e+001
-5.900000e+000
3.733023e+000
1.340000e+001
2.214654e+001
3.080000e+001
4.020996e+001
4.990000e+001
5.948321e+001
7.100000e+001
8.564395e+001
9.950000e+001
1.097714e+002
1.219000e+002
1.391044e+002
1.529000e+002
1.542718e+002
1.449000e+002
1.306780e+002
1.155000e+002
1.023516e+002
9.350000e+001
8.911096e+001
8.920000e+001
9.201815e+001
9.260000e+001
8.806278e+001
8.390000e+001
8.616952e+001
9.010000e+001
9.162976e+001
9.930000e+001
1.150164e+002
1.209000e+002
9.679055e+001
3.280000e+001
-6.088453e+001
-1.475000e+002
-1.949450e+002
-2.066000e+002
-2.027515e+002
-1.989000e+002
-2.016187e+002
-2.034000e+002
-1.946810e+002
-1.816000e+002
-1.740742e+002
-1.725000e+002
-1.738205e+002
-1.752000e+002
-1.746950e+002
-1.753000e+002
-1.788867e+002
-1.805000e+002
-1.747577e+002
-1.630000e+002
-1.488159e+002
-1.347000e+002
-1.216403e+002
-1.087000e+002
-9.416168e+001
-7.820000e+001
-6.142351e+001
-4.290000e+001
-2.224613e+001
-1.700000e+000
1.699972e+001
3.600000e+001
5.727760e+001
7.850000e+001
9.724732e+001
1.164000e+002
1.383768e+002
1.598000e+002
1.775291e+002
1.960000e+002
2.187637e+002
2.412000e+002
2.580720e+002
2.729000e+002
2.897324e+002
3.036000e+002
3.103611e+002
3.200000e+002
3.390891e+002
3.417000e+002
3.086227e+002
2.821000e+002
2.844220e+002
2.324000e+002
6.838334e+001
-1.198000e+002
-2.253320e+002
-2.373000e+002
-1.975834e+002
-1.640000e+002
-1.734299e+002
-1.865000e+002
-1.556841e+002
-1.095000e+002
-8.840218e+001
-7.530000e+001
-4.721267e+001
-1.730000e+001
-8.495024e-001
1.130000e+001
3.035536e+001
5.330000e+001
7.492342e+001
8.950000e+001
9.885730e+001
1.186000e+002
1.511835e+002
1.757000e+002
1.611269e+002
5.760000e+001
-1.303805e+002
-2.631000e+002
-2.358129e+002
-1.547000e+002
-1.491753e+002
-1.729000e+002
-1.462095e+002
-1.012000e+002
-8.136305e+001
-5.790000e+001
-9.335529e+000
2.370000e+001
1.945987e+000
-6.700000e+001
-1.488210e+002
-1.980000e+002
-1.909076e+002
-1.641000e+002
-1.604407e+002
-1.685000e+002
-1.629021e+002
-1.481000e+002
-1.348115e+002
-1.231000e+002
-1.116906e+002
-1.001000e+002
-8.756227e+001
-7.510000e+001
-6.370158e+001
-5.230000e+001
-3.938891e+001
-2.710000e+001
-1.679703e+001
-4.400000e+000
1.130771e+001
1.880000e+001
9.099408e+000
-9.500000e+000
-2.618369e+001
-4.330000e+001
-6.423574e+001
-8.380000e+001
-9.534773e+001
-9.510000e+001
-8.404858e+001
-7.160000e+001
-6.542654e+001
-5.990000e+001
-4.788187e+001
-3.340000e+001
-2.202826e+001
-1.080000e+001
4.311880e+000
1.850000e+001
2.779238e+001
4.200000e+001
6.375923e+001
6.730000e+001
3.507970e+001
-9.700000e+000
-3.628948e+001
-3.720000e+001
-2.055313e+001
-4.000000e+000
-5.770401e-001
1.100000e+000
1.547582e+001
3.440000e+001
4.630974e+001
5.650000e+001
7.257668e+001
8.830000e+001
9.730626e+001
1.130000e+002
1.387955e+002
1.363000e+002
8.224687e+001
2.190000e+001
4.550265e+000
2.410000e+001
5.229130e+001
6.830000e+001
6.532553e+001
6.890000e+001
1.028318e+002
1.318000e+002
1.237005e+002
1.353000e+002
1.989603e+002
2.040000e+002
6.936203e+001
-9.310000e+001
-1.535305e+002
-1.308000e+002
-9.393767e+001
-6.920000e+001
-5.953477e+001
-5.460000e+001
-3.639547e+001
7.200000e+000
6.157610e+001
6.750000e+001
-8.828970e+000
-1.067000e+002
-1.535783e+002
-1.488000e+002
-1.242719e+002
-1.071000e+002
-1.108060e+002
-1.162000e+002
-9.999035e+001
-7.620000e+001
-6.417316e+001
-5.590000e+001
-4.083228e+001
-2.150000e+001
-6.474842e+000
-1.260000e+001
-4.404273e+001
-6.740000e+001
-5.516769e+001
-3.240000e+001
-2.962708e+001
-3.370000e+001
-2.454411e+001
-1.090000e+001
-4.376555e+000
1.700000e+000
1.500252e+001
2.990000e+001
3.977395e+001
4.880000e+001
5.958632e+001
6.080000e+001
4.426057e+001
2.220000e+001
8.292113e+000
-3.200000e+000
-1.864206e+001
-2.450000e+001
-1.065356e+001
7.700000e+000
1.512055e+001
2.110000e+001
3.743609e+001
5.680000e+001
6.992102e+001
8.260000e+001
1.020798e+002
1.206000e+002
1.308565e+002
1.478000e+002
1.756651e+002
1.737000e+002
1.151263e+002
4.210000e+001
5.175961e+000
2.900000e+000
1.311221e+001
2.590000e+001
3.384085e+001
2.930000e+001
1.317006e+001
-5.500000e+000
-1.706165e+001
-1.470000e+001
1.142967e-001
1.430000e+001
1.774254e+001
2.060000e+001
3.422086e+001
4.990000e+001
5.730815e+001
6.450000e+001
7.980671e+001
9.570000e+001
1.042456e+002
1.128000e+002
1.287649e+002
1.447000e+002
1.530645e+002
1.629000e+002
1.812673e+002
1.945000e+002
1.913344e+002
1.856000e+002
1.923912e+002
1.984000e+002
1.867373e+002
1.769000e+002
1.771518e+002
1.250000e+002
-9.615734e+000
-1.207000e+002
-1.138486e+002
-5.420000e+001
-3.436770e+001
-3.840000e+001
-2.919608e+001
-3.110000e+001
-6.764255e+001
-1.118000e+002
-1.377803e+002
-1.661000e+002
-2.140348e+002
-2.464000e+002
-2.326288e+002
-2.025000e+002
-1.908217e+002
-1.835000e+002
-1.596204e+002
-1.317000e+002
-1.143112e+002
-9.600000e+001
-6.531509e+001
-3.250000e+001
-8.354512e+000
1.540000e+001
4.929130e+001
8.160000e+001
1.013218e+002
1.319000e+002
1.804601e+002
1.818000e+002
9.486249e+001
-5.800000e+000
-3.809531e+001
-1.690000e+001
1.071775e+001
2.850000e+001
3.592956e+001
4.470000e+001
6.784577e+001
9.830000e+001
1.237642e+002
1.424000e+002
1.599378e+002
1.853000e+002
2.172337e+002
2.456000e+002
2.475343e+002
1.685000e+002
4.789013e-001
-1.380000e+002
-1.484085e+002
-9.990000e+001
-9.072723e+001
-1.089000e+002
-1.108698e+002
-9.070000e+001
-6.078590e+001
-4.690000e+001
-7.063010e+001
-1.250000e+002
-1.838394e+002
-2.111000e+002
-1.910130e+002
-1.617000e+002
-1.615228e+002
-1.692000e+002
-1.540986e+002
-1.306000e+002
-1.188255e+002
-1.111000e+002
-9.589999e+001
-7.730000e+001
-6.255405e+001
-5.100000e+001
-4.361453e+001
-5.440000e+001
-8.792282e+001
-1.200000e+002
-1.281496e+002
-1.209000e+002
-1.151549e+002
-1.158000e+002
-1.195334e+002
-1.145000e+002
-9.240229e+001
-7.170000e+001
-6.741576e+001
-5.460000e+001
-1.729411e+001
6.400000e+000
-1.881963e+001
-8.040000e+001
-1.425287e+002
-1.634000e+002
-1.276934e+002
-8.590000e+001
-8.604264e+001
-9.610000e+001
-7.348636e+001
-3.960000e+001
-2.427429e+001
-1.470000e+001
6.821100e+000
3.190000e+001
4.938840e+001
6.480000e+001
8.214273e+001
8.760000e+001
7.119096e+001
4.720000e+001
3.193859e+001
1.980000e+001
3.770278e+000
-2.700000e+000
1.065376e+001
2.920000e+001
3.775249e+001
4.450000e+001
6.011317e+001
7.850000e+001
9.147868e+001
1.033000e+002
1.193693e+002
1.352000e+002
1.465210e+002
1.606000e+002
1.797994e+002
1.861000e+002
1.647963e+002
1.281000e+002
9.409744e+001
6.400000e+001
3.610646e+001
2.040000e+001
2.272934e+001
3.140000e+001
3.455098e+001
3.730000e+001
4.531645e+001
4.960000e+001
4.097063e+001
2.350000e+001
5.497637e+000
-8.400000e+000
-1.613950e+001
-1.680000e+001
-1.295226e+001
-1.130000e+001
-1.598527e+001
-2.290000e+001
-2.621527e+001
-2.480000e+001
-2.045601e+001
-1.570000e+001
-1.206542e+001
-6.900000e+000
2.878145e+000
1.470000e+001
2.538439e+001
3.790000e+001
5.264992e+001
5.790000e+001
4.506665e+001
2.550000e+001
1.170301e+001
-4.100000e+000
-2.809505e+001
-4.280000e+001
-3.337346e+001
-1.330000e+001
-3.024691e-001
9.500000e+000
2.164481e+001
2.300000e+001
5.456009e+000
-1.290000e+001
-1.430241e+001
-5.000000e+000
2.670863e+000
8.000000e+000
1.421859e+001
2.100000e+001
2.809483e+001
3.800000e+001
4.933840e+001
5.100000e+001
3.604461e+001
1.570000e+001
3.256184e+000
-3.200000e+000
-9.000762e+000
-1.110000e+001
-6.615639e+000
5.000000e-001
5.440754e+000
7.600000e+000
7.505609e+000
3.500000e+000
-4.223578e+000
-9.500000e+000
-7.871086e+000
-3.600000e+000
-1.898060e+000
-1.600000e+000
2.291181e-001
3.800000e+000
7.536281e+000
8.500000e+000
4.028696e+000
-5.600000e+000
-1.780283e+001
-3.040000e+001
-4.043500e+001
-4.210000e+001
-3.374013e+001
-2.440000e+001
-2.239956e+001
-2.360000e+001
-2.152884e+001
-1.770000e+001
-1.484072e+001
-1.290000e+001
-1.046581e+001
-1.800000e+000
1.378849e+001
2.030000e+001
6.897061e+000
-1.080000e+001
-1.487328e+001
-9.100000e+000
-4.127763e+000
-3.400000e+000
-6.609020e+000
-1.060000e+001
-1.167933e+001
-1.110000e+001
-1.120957e+001
-9.900000e+000
-5.325799e+000
-2.000000e-001
2.946485e+000
7.300000e+000
1.568553e+001
2.350000e+001
2.788981e+001
3.550000e+001
5.137079e+001
7.050000e+001
8.273453e+001
7.790000e+001
5.320242e+001
1.840000e+001
-1.189413e+001
-2.630000e+001
-2.243562e+001
-1.240000e+001
-8.103760e+000
-4.200000e+000
6.509226e+000
1.590000e+001
1.448336e+001
4.800000e+000
-7.658412e+000
-2.190000e+001
-3.658107e+001
-4.670000e+001
-4.857052e+001
-4.280000e+001
-3.248406e+001
-2.160000e+001
-1.267284e+001
-4.300000e+000
5.788092e+000
1.590000e+001
2.387878e+001
3.200000e+001
4.052761e+001
4.190000e+001
3.067776e+001
1.230000e+001
-4.352594e+000
-1.600000e+001
-2.206652e+001
-2.040000e+001
-1.252198e+001
-8.200000e+000
-1.366627e+001
-2.060000e+001
-1.954116e+001
-1.370000e+001
-9.363029e+000
-5.500000e+000
5.591409e-002
5.300000e+000
8.854777e+000
1.340000e+001
2.052067e+001
2.660000e+001
2.741052e+001
2.320000e+001
1.627248e+001
7.900000e+000
5.087261e-001
-8.000000e-001
6.923243e+000
2.000000e+001
3.266573e+001
4.350000e+001
5.124671e+001
4.920000e+001
3.485575e+001
1.910000e+001
1.201620e+001
9.200000e+000
3.632317e+000
-2.200000e+000
-4.062252e+000
-2.100000e+000
1.867942e+000
5.200000e+000
6.451494e+000
9.300000e+000
1.686758e+001
2.550000e+001
3.124257e+001
3.680000e+001
4.484173e+001
5.250000e+001
5.583047e+001
5.410000e+001
4.871538e+001
4.250000e+001
3.905489e+001
3.980000e+001
4.445392e+001
5.590000e+001
7.217426e+001
7.560000e+001
5.633214e+001
3.650000e+001
3.644007e+001
4.110000e+001
3.064001e+001
9.800000e+000
-9.165626e+000
-2.040000e+001
-2.318203e+001
-2.490000e+001
-3.253816e+001
-4.050000e+001
-4.188270e+001
-4.130000e+001
-4.456756e+001
-4.710000e+001
-4.447852e+001
-4.330000e+001
-4.731587e+001
-4.580000e+001
-2.983461e+001
-5.700000e+000
1.390863e+001
1.780000e+001
2.642805e+000
-2.080000e+001
-3.873536e+001
-4.920000e+001
-5.484208e+001
-5.300000e+001
-4.354346e+001
-3.620000e+001
-3.768731e+001
-4.050000e+001
-3.643295e+001
-3.080000e+001
-3.042818e+001
-3.160000e+001
-2.943747e+001
-2.650000e+001
-2.606851e+001
-2.650000e+001
-2.597341e+001
-2.690000e+001
-3.089021e+001
-3.450000e+001
-3.418288e+001
-3.090000e+001
-2.677193e+001
-2.170000e+001
-1.510348e+001
-7.800000e+000
-3.690241e-001
8.700000e+000
1.966698e+001
2.810000e+001
3.063522e+001
3.100000e+001
3.347796e+001
3.580000e+001
3.507352e+001
3.410000e+001
3.558641e+001
3.580000e+001
3.161811e+001
2.870000e+001
3.125248e+001
3.050000e+001
1.974085e+001
1.120000e+001
1.657797e+001
2.140000e+001
1.279435e+001
1.360000e+001
3.676337e+001
3.840000e+001
-1.539384e+001
-8.610000e+001
-1.252496e+002
-1.349000e+002
-1.350863e+002
-1.342000e+002
-1.353554e+002
-1.354000e+002
-1.288848e+002
-1.193000e+002
-1.118049e+002
-1.042000e+002
-9.380434e+001
-8.290000e+001
-7.382377e+001
-6.510000e+001
-5.474816e+001
-4.440000e+001
-3.546807e+001
-2.580000e+001
-1.438594e+001
-6.000000e+000
-4.879920e+000
-9.100000e+000
-1.418768e+001
-1.820000e+001
-1.943063e+001
-1.470000e+001
-3.809973e+000
8.500000e+000
1.649850e+001
1.630000e+001
9.262901e+000
5.000000e+000
1.156354e+001
2.640000e+001
4.268211e+001
5.820000e+001
7.350207e+001
8.670000e+001
9.970701e+001
1.200000e+002
1.463551e+002
1.695000e+002
1.715775e+002
1.111000e+002
-1.573704e+001
-1.100000e+002
-9.330881e+001
-3.660000e+001
-3.050698e+001
-4.450000e+001
-2.989054e+001
-2.360000e+001
-5.982994e+001
-9.600000e+001
-9.044350e+001
-6.560000e+001
-5.594860e+001
-5.970000e+001
-6.402389e+001
-6.700000e+001
-6.679297e+001
-5.520000e+001
-2.995623e+001
-2.700000e+000
1.769165e+001
3.780000e+001
6.673797e+001
1.072000e+002
1.496793e+002
1.669000e+002
1.424720e+002
9.470000e+001
5.386681e+001
4.080000e+001
5.600114e+001
6.670000e+001
4.537491e+001
1.320000e+001
-1.355021e+000
-9.500000e+000
-2.900101e+001
-5.200000e+001
-6.828012e+001
-8.270000e+001
-1.002454e+002
-1.152000e+002
-1.205941e+002
-1.150000e+002
-1.005684e+002
-8.030000e+001
-5.811383e+001
-3.690000e+001
-1.725379e+001
2.900000e+000
2.761022e+001
5.450000e+001
7.969298e+001
1.178000e+002
1.666359e+002
1.610000e+002
6.632419e+001
-2.700000e+001
-3.230249e+001
3.400000e+000
7.991254e+000
-5.600000e+000
-5.341759e+000
2.000000e+000
6.866248e+000
1.460000e+001
2.932937e+001
5.370000e+001
8.015824e+001
7.980000e+001
3.693368e+001
-2.050000e+001
-5.610679e+001
-5.900000e+001
-3.824143e+001
-1.690000e+001
-1.347874e+001
-1.750000e+001
-1.209049e+001
-2.800000e+000
1.312171e+000
7.400000e+000
2.197159e+001
3.820000e+001
4.884311e+001
5.670000e+001
6.606278e+001
7.530000e+001
8.087556e+001
8.010000e+001
7.189698e+001
5.920000e+001
4.600089e+001
3.040000e+001
1.193718e+001
2.300000e+000
6.827707e+000
6.400000e+000
-1.437793e+001
-4.060000e+001
-5.188567e+001
-4.510000e+001
-2.651490e+001
-7.900000e+000
2.531582e+000
1.680000e+001
4.287203e+001
5.670000e+001
3.888809e+001
9.300000e+000
-5.976803e+000
-5.500000e+000
1.064016e+000
4.400000e+000
-1.513193e+000
-1.230000e+001
-2.058805e+001
-2.820000e+001
-3.779103e+001
-4.370000e+001
-4.154742e+001
-3.520000e+001
-2.977162e+001
-2.550000e+001
-2.028706e+001
-1.110000e+001
3.467898e+000
2.050000e+001
3.680223e+001
5.190000e+001
6.695243e+001
8.540000e+001
1.060532e+002
1.144000e+002
9.954283e+001
7.330000e+001
5.017957e+001
2.370000e+001
-1.090905e+001
-3.680000e+001
-3.992216e+001
-2.710000e+001
-1.505783e+001
-2.170000e+001
-5.243451e+001
-8.730000e+001
-1.032754e+002
-9.730000e+001
-7.855335e+001
-5.890000e+001
-4.624763e+001
-3.360000e+001
-1.257482e+001
7.700000e+000
1.774170e+001
2.590000e+001
3.995700e+001
5.080000e+001
4.859664e+001
3.610000e+001
2.086657e+001
8.100000e+000
9.559859e-002
-5.600000e+000
-1.239807e+001
-2.090000e+001
-2.891915e+001
-3.170000e+001
-2.745712e+001
-2.380000e+001
-2.816683e+001
-3.760000e+001
-4.669883e+001
-5.500000e+001
-6.330925e+001
-7.220000e+001
-8.034925e+001
-8.030000e+001
-6.771681e+001
-5.230000e+001
-4.321104e+001
-3.400000e+001
-1.769324e+001
-1.100000e+000
7.246053e+000
6.500000e+000
5.636819e-001
-3.700000e+000
-2.468451e+000
-5.000000e-001
-4.278626e+000
-1.680000e+001
-3.416776e+001
-4.100000e+001
-2.754807e+001
-8.000000e+000
1.769032e+000
7.900000e+000
2.094127e+001
3.740000e+001
5.070213e+001
6.150000e+001
6.956241e+001
6.650000e+001
4.787680e+001
2.540000e+001
1.022218e+001
-5.700000e+000
-2.964637e+001
-4.740000e+001
-4.605995e+001
-3.560000e+001
-2.923920e+001
-2.430000e+001
-1.496466e+001
-4.800000e+000
2.837913e+000
1.260000e+001
2.672028e+001
3.790000e+001
3.799740e+001
2.410000e+001
-1.486936e-001
-2.270000e+001
-3.449409e+001
-4.280000e+001
-5.612710e+001
-6.790000e+001
-7.000217e+001
-6.610000e+001
-6.222108e+001
-5.900000e+001
-5.544287e+001
-5.130000e+001
-4.617185e+001
-4.080000e+001
-3.620125e+001
-3.090000e+001
-2.501420e+001
-2.660000e+001
-3.994142e+001
-5.410000e+001
-5.925541e+001
-6.280000e+001
-7.395532e+001
-9.080000e+001
-1.059531e+002
-1.107000e+002
-1.013846e+002
-8.810000e+001
-8.138683e+001
-7.700000e+001
-6.806562e+001
-5.820000e+001
-5.212727e+001
-4.730000e+001
-4.051645e+001
-3.330000e+001
-2.721569e+001
-1.990000e+001
-9.358429e+000
2.000000e+000
1.166885e+001
2.110000e+001
3.201677e+001
4.320000e+001
5.294865e+001
6.130000e+001
6.894393e+001
7.670000e+001
8.493570e+001
9.330000e+001
1.008085e+002
1.066000e+002
1.103038e+002
1.130000e+002
1.156472e+002
1.187000e+002
1.219287e+002
1.247000e+002
1.271718e+002
1.334000e+002
1.462526e+002
1.594000e+002
1.673988e+002
1.797000e+002
1.996965e+002
2.037000e+002
1.729427e+002
1.236000e+002
7.902679e+001
4.420000e+001
1.538495e+001
-1.400000e+001
-4.611189e+001
-6.660000e+001
-6.470943e+001
-5.550000e+001
-5.753834e+001
-6.930000e+001
-8.305027e+001
-9.840000e+001
-1.145460e+002
-1.246000e+002
-1.243535e+002
-1.179000e+002
-1.108292e+002
-1.050000e+002
-9.958445e+001
-9.200000e+001
-8.147429e+001
-7.430000e+001
-7.554859e+001
-8.090000e+001
-8.403577e+001
-8.500000e+001
-8.559414e+001
-8.600000e+001
-8.600850e+001
-8.630000e+001
-8.714994e+001
-8.730000e+001
-8.620728e+001
-8.680000e+001
-8.955240e+001
-8.850000e+001
-7.725530e+001
-5.370000e+001
-2.227861e+001
5.200000e+000
1.962026e+001
2.150000e+001
1.859643e+001
2.450000e+001
4.393651e+001
5.800000e+001
4.998512e+001
3.140000e+001
2.113716e+001
2.360000e+001
3.504061e+001
4.850000e+001
5.675326e+001
5.890000e+001
5.731333e+001
5.250000e+001
4.465818e+001
3.550000e+001
2.703873e+001
1.970000e+001
1.489693e+001
1.990000e+001
3.632468e+001
4.920000e+001
4.605320e+001
3.430000e+001
2.683416e+001
2.880000e+001
3.770701e+001
4.320000e+001
3.698016e+001
2.390000e+001
1.305248e+001
8.800000e+000
9.982547e+000
7.700000e+000
-3.962311e+000
-1.480000e+001
-1.409738e+001
-7.700000e+000
-4.296954e+000
-1.900000e+000
2.891725e+000
7.500000e+000
8.309600e+000
4.400000e+000
-3.676025e+000
-1.450000e+001
-2.522811e+001
-3.160000e+001
-3.094771e+001
-2.410000e+001
-1.371157e+001
-2.800000e+000
6.988901e+000
1.820000e+001
3.218245e+001
4.260000e+001
4.441732e+001
4.390000e+001
4.776667e+001
5.120000e+001
4.871461e+001
4.660000e+001
4.970587e+001
4.790000e+001
3.370362e+001
1.930000e+001
1.726688e+001
2.220000e+001
2.505992e+001
2.740000e+001
3.263420e+001
3.930000e+001
4.507028e+001
5.040000e+001
5.556250e+001
5.770000e+001
5.599606e+001
5.880000e+001
7.161874e+001
8.220000e+001
8.007188e+001
7.970000e+001
9.201921e+001
9.490000e+001
6.949577e+001
3.450000e+001
1.350727e+001
4.500000e+000
-2.922774e+000
-1.230000e+001
-2.396399e+001
-3.470000e+001
-4.040944e+001
-4.260000e+001
-4.410623e+001
-4.160000e+001
-3.349460e+001
-2.750000e+001
-2.795754e+001
-2.700000e+001
-1.613737e+001
7.400000e+000
3.548705e+001
4.280000e+001
1.517829e+001
-2.310000e+001
-4.188775e+001
-3.870000e+001
-2.397364e+001
-8.300000e+000
1.965043e+000
1.390000e+001
3.283216e+001
4.450000e+001
3.370866e+001
2.700000e+000
-3.614591e+001
-6.970000e+001
-8.677759e+001
-7.960000e+001
-5.178612e+001
-2.510000e+001
-1.636325e+001
-1.350000e+001
-1.626942e+000
7.900000e+000
1.728663e+000
-1.150000e+001
-1.991647e+001
-2.510000e+001
-3.078529e+001
-3.330000e+001
-3.008848e+001
-2.690000e+001
-2.830806e+001
-3.010000e+001
-2.712442e+001
-2.000000e+001
-1.206855e+001
-6.700000e+000
-5.118590e+000
-3.800000e+000
9.426203e-001
1.050000e+001
2.312777e+001
2.960000e+001
2.719670e+001
3.440000e+001
6.369804e+001
9.570000e+001
1.060057e+002
8.980000e+001
5.497280e+001
1.790000e+001
-8.927521e+000
-3.620000e+001
-7.341053e+001
-9.940000e+001
-9.585899e+001
-8.070000e+001
-7.548118e+001
-7.440000e+001
-6.622461e+001
-5.390000e+001
-4.304354e+001
-3.300000e+001
-2.283251e+001
-1.280000e+001
-2.922197e+000
3.100000e+000
4.802878e+000
1.480000e+001
3.790862e+001
5.080000e+001
3.376750e+001
-2.200000e+000
-3.511636e+001
-4.890000e+001
-4.136205e+001
-3.580000e+001
-5.158933e+001
-6.910000e+001
-6.520316e+001
-5.160000e+001
-4.464763e+001
-3.710000e+001
-1.894351e+001
8.800000e+000
3.972969e+001
6.320000e+001
7.392435e+001
8.410000e+001
1.050824e+002
1.276000e+002
1.386886e+002
1.388000e+002
1.323195e+002
1.193000e+002
9.981288e+001
7.510000e+001
4.742239e+001
2.250000e+001
4.815382e+000
-8.800000e+000
-2.097511e+001
-2.270000e+001
-8.402328e+000
7.400000e+000
1.207271e+001
1.810000e+001
3.686249e+001
5.440000e+001
5.453116e+001
3.990000e+001
2.043355e+001
4.500000e+000
-3.368430e+000
-8.200000e+000
-1.533064e+001
-1.850000e+001
-1.182963e+001
-2.000000e+000
2.477196e+000
6.000000e-001
-5.011003e+000
-1.170000e+001
-1.718575e+001
-2.100000e+001
-2.475034e+001
-3.030000e+001
-3.890465e+001
-5.120000e+001
-6.465453e+001
-7.270000e+001
-7.032853e+001
-5.790000e+001
-4.034408e+001
-2.660000e+001
-2.161520e+001
-1.780000e+001
-7.420177e+000
4.000000e+000
8.919321e+000
9.800000e+000
1.174834e+001
1.370000e+001
1.520888e+001
2.210000e+001
3.544807e+001
4.370000e+001
3.531322e+001
9.100000e+000
-2.631092e+001
-5.480000e+001
-6.401107e+001
-5.550000e+001
-3.892029e+001
-2.430000e+001
-1.613717e+001
-8.100000e+000
6.841776e+000
2.500000e+001
3.828384e+001
4.100000e+001
3.181747e+001
1.820000e+001
7.884824e+000
-2.700000e+000
-1.675171e+001
-2.430000e+001
-1.706082e+001
-1.500000e+000
1.317677e+001
2.470000e+001
3.479034e+001
4.820000e+001
6.616836e+001
7.830000e+001
7.514560e+001
6.220000e+001
4.827944e+001
3.310000e+001
1.517226e+001
-1.400000e+000
-1.278227e+001
-1.950000e+001
-2.331413e+001
-2.470000e+001
-2.388604e+001
-2.120000e+001
-1.661233e+001
-1.100000e+001
-4.902934e+000
5.000000e+000
1.859835e+001
2.410000e+001
1.308895e+001
-3.400000e+000
-1.299309e+001
-2.160000e+001
-3.607241e+001
-4.710000e+001
-4.548084e+001
-3.630000e+001
-2.715713e+001
-1.950000e+001
-1.226733e+001
-1.800000e+000
1.194336e+001
1.700000e+001
5.804630e+000
-8.000000e+000
-9.150567e+000
5.000000e-001
1.284168e+001
2.300000e+001
2.950139e+001
3.740000e+001
5.036213e+001
6.010000e+001
5.853970e+001
5.160000e+001
4.720118e+001
4.320000e+001
3.698953e+001
3.440000e+001
4.050379e+001
5.050000e+001
5.811681e+001
6.530000e+001
7.256714e+001
6.830000e+001
4.538070e+001
1.720000e+001
-2.226877e+000
-1.700000e+001
-3.461098e+001
-5.270000e+001
-6.532328e+001
-6.640000e+001
-5.440693e+001
-3.870000e+001
-2.860367e+001
-2.220000e+001
-1.425758e+001
-3.300000e+000
8.124033e+000
1.190000e+001
2.514462e+000
-1.280000e+001
-2.473000e+001
-3.510000e+001
-4.650591e+001
-5.140000e+001
-4.438716e+001
-3.350000e+001
-2.700549e+001
-2.180000e+001
-1.274427e+001
-1.200000e+000
8.898487e+000
1.420000e+001
1.311008e+001
7.000000e+000
-8.226002e-001
-6.300000e+000
-8.300152e+000
-1.200000e+001
-2.134863e+001
-3.220000e+001
-3.794439e+001
-3.460000e+001
-2.262911e+001
-9.100000e+000
-3.053578e-001
7.300000e+000
1.870239e+001
3.090000e+001
3.990908e+001
4.720000e+001
5.463347e+001
6.030000e+001
6.186687e+001
5.760000e+001
4.668948e+001
3.300000e+001
1.849745e+001
-7.300000e+000
-4.759271e+001
-7.770000e+001
-7.710646e+001
-6.080000e+001
-5.034939e+001
-4.380000e+001
-3.305899e+001
-2.090000e+001
-1.039801e+001
3.100000e+000
2.096862e+001
3.500000e+001
3.763509e+001
2.930000e+001
1.677498e+001
1.210000e+001
2.151197e+001
3.380000e+001
3.619214e+001
3.170000e+001
2.800325e+001
2.540000e+001
2.262958e+001
2.060000e+001
1.973381e+001
1.980000e+001
1.989923e+001
1.740000e+001
1.063849e+001
2.100000e+000
-5.687763e+000
-1.440000e+001
-2.516329e+001
-3.430000e+001
-3.772879e+001
-3.390000e+001
-2.407004e+001
-1.450000e+001
-9.601021e+000
-2.800000e+000
1.017551e+001
1.700000e+001
7.369729e+000
-9.600000e+000
-2.122944e+001
-2.550000e+001
-2.578001e+001
-2.790000e+001
-3.480498e+001
-3.880000e+001
-3.291369e+001
-2.420000e+001
-2.132687e+001
-2.150000e+001
-1.974944e+001
-1.820000e+001
-1.877399e+001
-1.740000e+001
-1.127791e+001
-3.800000e+000
4.077927e-002
-2.700000e+000
-1.108414e+001
-1.850000e+001
-1.878855e+001
-1.230000e+001
-2.404629e+000
8.700000e+000
2.036379e+001
3.430000e+001
5.156871e+001
6.950000e+001
8.389458e+001
9.100000e+001
8.994996e+001
8.530000e+001
8.129995e+001
7.600000e+001
6.611757e+001
5.130000e+001
3.367320e+001
1.860000e+001
9.524187e+000
1.500000e+000
-9.964621e+000
-1.900000e+001
-1.958634e+001
-1.510000e+001
-1.095300e+001
-7.300000e+000
-2.785089e+000
2.100000e+000
6.833501e+000
1.290000e+001
1.988441e+001
2.150000e+001
1.368969e+001
2.400000e+000
-5.545299e+000
-1.240000e+001
-2.220429e+001
-3.290000e+001
-4.186747e+001
-5.190000e+001
-6.399399e+001
-7.080000e+001
-6.681838e+001
-5.790000e+001
-5.139508e+001
-4.620000e+001
-3.892334e+001
-3.070000e+001
-2.314488e+001
-1.450000e+001
-4.814165e+000
-9.000000e-001
-7.388856e+000
-1.800000e+001
-2.528090e+001
-3.180000e+001
-4.068877e+001
-4.650000e+001
-4.439994e+001
-3.910000e+001
-3.625876e+001
-3.450000e+001
-3.176133e+001
-3.160000e+001
-3.668973e+001
-4.350000e+001
-4.769544e+001
-4.910000e+001
-4.896266e+001
-4.750000e+001
-4.484625e+001
-4.200000e+001
-3.946669e+001
-3.610000e+001
-3.127919e+001
-2.770000e+001
-2.744057e+001
-2.580000e+001
-1.891740e+001
-1.390000e+001
-1.477033e+001
-6.800000e+000
2.055897e+001
5.070000e+001
6.558710e+001
7.220000e+001
8.173207e+001
8.780000e+001
8.374415e+001
7.820000e+001
7.836570e+001
7.650000e+001
6.423892e+001
4.390000e+001
2.255524e+001
8.000000e+000
3.615279e+000
1.300000e+000
-6.556825e+000
-1.260000e+001
-8.854118e+000
-1.500000e+000
1.505232e+000
3.000000e+000
7.018767e+000
1.040000e+001
1.028826e+001
1.040000e+001
1.416249e+001
1.930000e+001
2.195004e+001
2.050000e+001
1.506835e+001
7.400000e+000
9.576448e-002
-5.600000e+000
-8.863481e+000
-7.200000e+000
-9.608020e-002
7.000000e+000
9.464318e+000
1.060000e+001
1.381186e+001
1.470000e+001
8.763716e+000
-9.000000e-001
-9.436481e+000
-1.590000e+001
-1.982347e+001
-1.870000e+001
-1.141666e+001
-7.000000e-001
9.325012e+000
1.550000e+001
1.598388e+001
1.050000e+001
4.314978e-001
-1.150000e+001
-2.223915e+001
-3.020000e+001
-3.418749e+001
-3.090000e+001
-2.002440e+001
-9.500000e+000
-6.048080e+000
-5.800000e+000
-3.079088e+000
4.000000e-001
1.571477e+000
2.000000e+000
3.526093e+000
5.000000e+000
5.320014e+000
5.700000e+000
7.393428e+000
9.700000e+000
1.161604e+001
1.340000e+001
1.548837e+001
1.770000e+001
1.975477e+001
2.180000e+001
2.394446e+001
2.610000e+001
2.809727e+001
3.020000e+001
3.263158e+001
3.460000e+001
3.584124e+001
3.860000e+001
4.377938e+001
4.740000e+001
4.563881e+001
3.930000e+001
3.113901e+001
2.380000e+001
1.813057e+001
1.150000e+001
1.993318e+000
-7.900000e+000
-1.384189e+001
-1.240000e+001
-3.837410e+000
5.400000e+000
8.079103e+000
2.700000e+000
-8.816279e+000
-2.500000e+001
-4.291529e+001
-5.660000e+001
-6.245246e+001
-6.300000e+001
-6.195220e+001
-5.910000e+001
-5.244839e+001
-4.130000e+001
-2.577736e+001
-6.800000e+000
1.243364e+001
2.720000e+001
3.335842e+001
2.770000e+001
1.231481e+001
-2.100000e+000
-6.792798e+000
-6.000000e+000
-7.295951e+000
-1.100000e+001
-1.556305e+001
-2.210000e+001
-3.099219e+001
-4.160000e+001
-5.102849e+001
-5.190000e+001
-4.026223e+001
-2.220000e+001
-6.490995e+000
3.000000e+000
6.568621e+000
7.900000e+000
1.068216e+001
1.390000e+001
1.544700e+001
1.710000e+001
2.098929e+001
2.530000e+001
2.834339e+001
3.230000e+001
3.785628e+001
3.910000e+001
3.098334e+001
1.640000e+001
8.867752e-001
-1.360000e+001
-2.578225e+001
-3.230000e+001
-3.199717e+001
-2.910000e+001
-2.812323e+001
-2.870000e+001
-2.915139e+001
-3.040000e+001
-3.293697e+001
-3.390000e+001
-3.089026e+001
-2.450000e+001
-1.631671e+001
-7.600000e+000
1.407948e+000
1.250000e+001
2.602618e+001
3.760000e+001
4.267574e+001
4.020000e+001
3.235760e+001
2.450000e+001
2.028127e+001
1.560000e+001
6.166855e+000
-4.000000e+000
-1.034986e+001
-1.530000e+001
-2.192834e+001
-2.890000e+001
-3.324863e+001
-3.160000e+001
-2.290332e+001
-1.110000e+001
-3.590047e-001
9.400000e+000
2.005347e+001
3.350000e+001
4.851158e+001
5.760000e+001
5.467459e+001
4.240000e+001
2.736892e+001
1.430000e+001
5.382430e+000
-7.000000e-001
-6.668847e+000
-1.350000e+001
-2.059724e+001
-2.700000e+001
-3.165683e+001
-3.410000e+001
-3.484894e+001
-3.570000e+001
-3.789526e+001
-3.960000e+001
-3.939166e+001
-4.020000e+001
-4.428226e+001
-4.880000e+001
-5.019400e+001
-4.800000e+001
-4.383964e+001
-4.060000e+001
-4.007712e+001
-4.070000e+001
-3.958393e+001
-3.510000e+001
-2.728003e+001
-1.870000e+001
-1.185734e+001
-5.700000e+000
8.672904e-001
4.400000e+000
2.276016e+000
-1.900000e+000
-4.403616e+000
-7.200000e+000
-1.231866e+001
-1.690000e+001
-1.722516e+001
-1.150000e+001
-2.013682e-001
1.260000e+001
2.351750e+001
3.580000e+001
5.187023e+001
6.540000e+001
7.063529e+001
7.160000e+001
7.373865e+001
7.620000e+001
7.643192e+001
7.390000e+001
6.904287e+001
6.280000e+001
5.604819e+001
4.840000e+001
3.880788e+001
2.640000e+001
1.141567e+001
-4.400000e+000
-1.870179e+001
-2.880000e+001
-3.402772e+001
-3.840000e+001
-4.501427e+001
-4.920000e+001
-4.685265e+001
-4.280000e+001
-4.219984e+001
-4.160000e+001
-3.638773e+001
-2.760000e+001
-1.753285e+001
-5.200000e+000
9.867641e+000
2.370000e+001
3.334134e+001
4.260000e+001
5.400109e+001
6.040000e+001
5.577415e+001
4.520000e+001
3.596350e+001
2.840000e+001
2.062163e+001
1.260000e+001
4.086102e+000
-5.400000e+000
-1.570360e+001
-2.750000e+001
-3.916322e+001
-4.230000e+001
-3.218162e+001
-1.750000e+001
-7.785241e+000
1.000000e-001
1.185658e+001
2.540000e+001
3.716655e+001
4.810000e+001
5.852432e+001
6.410000e+001
6.188192e+001
5.540000e+001
4.894361e+001
4.130000e+001
3.055629e+001
1.840000e+001
6.860698e+000
-4.800000e+000
-1.736555e+001
-3.030000e+001
-4.270607e+001
-5.310000e+001
-6.128916e+001
-7.080000e+001
-8.328068e+001
-9.280000e+001
-9.355220e+001
-8.630000e+001
-7.480680e+001
-6.310000e+001
-5.270204e+001
-3.760000e+001
-1.389901e+001
8.700000e+000
2.136779e+001
3.090000e+001
4.498826e+001
5.890000e+001
6.523515e+001
6.140000e+001
4.973348e+001
3.850000e+001
3.476050e+001
3.510000e+001
3.360212e+001
3.110000e+001
2.911834e+001
2.460000e+001
1.505939e+001
1.900000e+000
-1.130850e+001
-1.980000e+001
-2.081056e+001
-1.580000e+001
-8.377641e+000
-1.500000e+000
3.730764e+000
9.900000e+000
1.924459e+001
2.860000e+001
3.480897e+001
4.080000e+001
4.908789e+001
5.630000e+001
5.814490e+001
5.310000e+001
4.259510e+001
3.140000e+001
2.336465e+001
1.650000e+001
7.691511e+000
-2.400000e+000
-1.168582e+001
-1.890000e+001
-2.369784e+001
-2.760000e+001
-3.232678e+001
-3.710000e+001
-4.089069e+001
-4.500000e+001
-5.008067e+001
-5.340000e+001
-5.250594e+001
-4.830000e+001
-4.290009e+001
-3.790000e+001
-3.389779e+001
-2.960000e+001
-2.406292e+001
-1.960000e+001
-1.828456e+001
-1.840000e+001
-1.754522e+001
-1.590000e+001
-1.417731e+001
-1.190000e+001
-8.594248e+000
-5.300000e+000
-2.771734e+000
2.000000e-001
4.139430e+000
5.900000e+000
3.045528e+000
-2.300000e+000
-7.113743e+000
-1.120000e+001
-1.547851e+001
-2.050000e+001
-2.628721e+001
-3.220000e+001
-3.684572e+001
-3.880000e+001
-3.752054e+001
-3.410000e+001
-3.049087e+001
-2.870000e+001
-2.968686e+001
-3.280000e+001
-3.664878e+001
-4.070000e+001
-4.487479e+001
-4.870000e+001
-5.202678e+001
-5.630000e+001
-6.188030e+001
-6.440000e+001
-6.057396e+001
-5.550000e+001
-5.291499e+001
-4.460000e+001
-2.435256e+001
-8.000000e-001
1.583552e+001
2.530000e+001
3.199977e+001
4.110000e+001
5.434934e+001
6.440000e+001
6.421569e+001
5.790000e+001
5.228945e+001
4.740000e+001
4.193385e+001
3.840000e+001
3.853540e+001
3.850000e+001
3.532377e+001
3.400000e+001
3.740259e+001
3.570000e+001
2.079520e+001
8.000000e-001
-1.415997e+001
-2.540000e+001
-3.659095e+001
-4.600000e+001
-5.056326e+001
-4.710000e+001
-3.537325e+001
-2.220000e+001
-1.370644e+001
-6.500000e+000
4.330558e+000
1.640000e+001
2.610519e+001
3.550000e+001
4.564445e+001
5.040000e+001
4.558870e+001
3.710000e+001
3.172606e+001
2.800000e+001
2.246062e+001
1.580000e+001
9.701831e+000
4.100000e+000
-7.399202e-001
-2.700000e+000
-8.456976e-001
2.100000e+000
3.460462e+000
4.400000e+000
6.692463e+000
9.900000e+000
1.261659e+001
1.350000e+001
1.199272e+001
9.400000e+000
7.289283e+000
5.800000e+000
4.320497e+000
2.200000e+000
-6.218960e-001
-3.100000e+000
-4.001353e+000
-3.100000e+000
-1.130180e+000
4.000000e-001
1.412238e-001
-2.500000e+000
-7.135246e+000
-1.240000e+001
-1.732393e+001
-2.350000e+001
-3.240910e+001
-4.060000e+001
-4.543946e+001
-5.300000e+001
-6.578319e+001
-7.010000e+001
-5.543866e+001
-3.230000e+001
-1.505536e+001
-5.200000e+000
1.624308e+000
9.400000e+000
2.062424e+001
3.280000e+001
4.174506e+001
4.780000e+001
5.195271e+001
5.090000e+001
4.341960e+001
3.580000e+001
3.367199e+001
3.420000e+001
3.295279e+001
3.060000e+001
2.914441e+001
2.850000e+001
2.788781e+001
2.630000e+001
2.267601e+001
1.680000e+001
8.899825e+000
-5.000000e-001
-1.060040e+001
-2.120000e+001
-3.119131e+001
-3.650000e+001
-3.498044e+001
-3.100000e+001
-2.940360e+001
-2.970000e+001
-2.952152e+001
-2.800000e+001
-2.543994e+001
-2.370000e+001
-2.445046e+001
-2.660000e+001
-2.850574e+001
-3.080000e+001
-3.404524e+001
-3.660000e+001
-3.696679e+001
-3.570000e+001
-3.367242e+001
-3.080000e+001
-2.630143e+001
-1.930000e+001
-9.630073e+000
1.900000e+000
1.302303e+001
1.960000e+001
1.952390e+001
1.600000e+001
1.339757e+001
1.290000e+001
1.367712e+001
1.400000e+001
1.266609e+001
1.100000e+001
1.072363e+001
1.080000e+001
9.986565e+000
9.200000e+000
9.215938e+000
8.900000e+000
6.815083e+000
1.900000e+000
-5.713925e+000
-1.310000e+001
-1.831540e+001
-2.470000e+001
-3.465913e+001
-4.360000e+001
-4.638523e+001
-4.320000e+001
-3.682205e+001
-3.000000e+001
-2.444044e+001
-1.920000e+001
-1.258661e+001
-4.800000e+000
2.906357e+000
9.700000e+000
1.480957e+001
1.680000e+001
1.570687e+001
1.480000e+001
1.639849e+001
1.730000e+001
1.393037e+001
7.800000e+000
1.324973e+000
-5.800000e+000
-1.378158e+001
-2.150000e+001
-2.636819e+001
-2.340000e+001
-1.055888e+001
6.000000e+000
1.868763e+001
2.620000e+001
2.954251e+001
2.690000e+001
1.792564e+001
8.400000e+000
2.695372e+000
-4.100000e+000
-1.557493e+001
-2.270000e+001
-1.767822e+001
-7.600000e+000
-1.422462e+000
3.100000e+000
1.036235e+001
1.820000e+001
2.428096e+001
3.100000e+001
3.983984e+001
4.790000e+001
5.114878e+001
4.590000e+001
3.194710e+001
1.660000e+001
5.778824e+000
-5.800000e+000
-2.311669e+001
-3.960000e+001
-4.716246e+001
-4.440000e+001
-3.434570e+001
-2.410000e+001
-1.819344e+001
-1.010000e+001
5.777267e+000
2.170000e+001
2.836028e+001
2.610000e+001
1.944677e+001
1.210000e+001
6.341176e+000
8.000000e-001
-6.855216e+000
-1.680000e+001
-2.794226e+001
-3.820000e+001
-4.659361e+001
-5.660000e+001
-6.957314e+001
-7.810000e+001
-7.517946e+001
-6.190000e+001
-4.355259e+001
-2.560000e+001
-1.095926e+001
4.400000e+000
2.476692e+001
4.560000e+001
6.203416e+001
7.830000e+001
9.710853e+001
1.103000e+002
1.097494e+002
9.530000e+001
7.228964e+001
4.890000e+001
3.050086e+001
1.220000e+001
-1.230695e+001
-3.870000e+001
-6.115144e+001
-8.460000e+001
-1.106377e+002
-1.226000e+002
-1.092102e+002
-8.640000e+001
-7.232055e+001
-6.160000e+001
-4.388532e+001
-2.280000e+001
-4.245601e+000
1.500000e+001
3.595063e+001
4.770000e+001
4.284797e+001
3.230000e+001
2.807462e+001
2.480000e+001
1.584307e+001
9.500000e+000
1.381820e+001
2.270000e+001
2.864795e+001
3.380000e+001
4.157748e+001
5.050000e+001
5.740133e+001
5.940000e+001
5.590521e+001
5.190000e+001
5.214760e+001
5.520000e+001
5.776781e+001
5.950000e+001
6.095474e+001
6.170000e+001
6.115611e+001
5.930000e+001
5.535135e+001
4.660000e+001
3.202174e+001
1.580000e+001
2.522027e+000
-7.700000e+000
-1.626807e+001
-2.300000e+001
-2.750892e+001
-3.030000e+001
-3.196479e+001
-3.290000e+001
-3.391841e+001
-3.640000e+001
-4.133227e+001
-4.900000e+001
-5.823716e+001
-6.600000e+001
-7.033353e+001
-7.230000e+001
-7.419642e+001
-7.840000e+001
-8.419823e+001
-8.460000e+001
-7.410159e+001
-5.660000e+001
-3.845034e+001
-2.090000e+001
-3.427755e+000
1.280000e+001
2.666346e+001
3.810000e+001
4.642857e+001
4.880000e+001
4.390998e+001
3.630000e+001
3.066882e+001
2.500000e+001
1.790875e+001
1.580000e+001
2.392255e+001
3.770000e+001
5.002694e+001
5.940000e+001
6.527053e+001
6.300000e+001
5.093678e+001
3.700000e+001
2.846036e+001
2.170000e+001
1.209879e+001
4.000000e+000
1.792776e+000
2.300000e+000
5.468299e-001
-6.200000e+000
-1.757961e+001
-2.860000e+001
-3.461351e+001
-3.800000e+001
-4.265952e+001
-4.570000e+001
-4.559704e+001
-5.050000e+001
-6.488202e+001
-7.770000e+001
-7.692644e+001
-6.280000e+001
-4.161407e+001
-1.890000e+001
1.402049e+000
1.890000e+001
3.527221e+001
5.090000e+001
6.462019e+001
7.440000e+001
7.808324e+001
7.490000e+001
6.636631e+001
5.620000e+001
4.844653e+001
4.550000e+001
4.744653e+001
5.250000e+001
5.826124e+001
6.350000e+001
6.808525e+001
7.310000e+001
7.917358e+001
8.510000e+001
8.935512e+001
9.270000e+001
9.608466e+001
9.750000e+001
9.537604e+001
9.290000e+001
9.117043e+001
8.140000e+001
5.719841e+001
2.640000e+001
-2.078498e+000
-2.890000e+001
-5.736814e+001
-9.010000e+001
-1.231623e+002
-1.364000e+002
-1.174390e+002
-8.590000e+001
-6.419552e+001
-4.680000e+001
-2.172107e+001
8.100000e+000
3.562447e+001
5.940000e+001
7.725719e+001
8.230000e+001
7.217947e+001
5.560000e+001
4.170382e+001
3.010000e+001
1.666363e+001
-1.100000e+000
-2.175322e+001
-3.800000e+001
-4.280079e+001
-3.470000e+001
-1.796412e+001
-2.000000e+000
7.422056e+000
1.800000e+001
3.797900e+001
6.330000e+001
8.569213e+001
1.013000e+002
1.092648e+002
1.122000e+002
1.132114e+002
1.107000e+002
1.029661e+002
9.400000e+001
8.755602e+001
8.050000e+001
7.006958e+001
6.080000e+001
5.618834e+001
5.080000e+001
3.871040e+001
2.060000e+001
-5.450112e-002
-2.010000e+001
-3.834686e+001
-5.720000e+001
-7.882445e+001
-1.021000e+002
-1.228723e+002
-1.332000e+002
-1.297247e+002
-1.225000e+002
-1.212350e+002
-1.207000e+002
-1.130053e+002
-1.006000e+002
-8.836838e+001
-7.620000e+001
-6.389430e+001
-5.480000e+001
-5.077217e+001
-4.890000e+001
-4.547411e+001
-4.050000e+001
-3.509362e+001
-2.910000e+001
-2.260110e+001
-1.760000e+001
-1.525920e+001
-1.410000e+001
-1.220400e+001
-9.800000e+000
-7.490440e+000
-5.000000e+000
-1.913022e+000
1.900000e+000
5.887159e+000
8.000000e+000
6.807258e+000
3.500000e+000
7.836311e-002
-2.900000e+000
-5.302812e+000
-6.100000e+000
-4.949459e+000
-3.400000e+000
-2.631107e+000
-1.300000e+000
2.166759e+000
7.600000e+000
1.394866e+001
2.050000e+001
2.680704e+001
3.270000e+001
3.844016e+001
4.500000e+001
5.233278e+001
5.770000e+001
5.868396e+001
5.620000e+001
5.203698e+001
4.640000e+001
3.902598e+001
3.000000e+001
2.000109e+001
1.070000e+001
3.718482e+000
-4.000000e-001
-2.191534e+000
-3.300000e+000
-5.169232e+000
-6.900000e+000
-7.876071e+000
-1.010000e+001
-1.487042e+001
-2.010000e+001
-2.252429e+001
-1.880000e+001
-8.557740e+000
2.500000e+000
9.057103e+000
1.340000e+001
1.917448e+001
2.430000e+001
2.619915e+001
2.660000e+001
2.720573e+001
2.650000e+001
2.272902e+001
1.550000e+001
6.014367e+000
-1.900000e+000
-5.794186e+000
-9.500000e+000
-1.631060e+001
-2.160000e+001
-2.063470e+001
-1.670000e+001
-1.426838e+001
-1.200000e+001
-8.298567e+000
-6.400000e+000
-8.842687e+000
-1.290000e+001
-1.529615e+001
-1.630000e+001
-1.740136e+001
-1.930000e+001
-2.190792e+001
-2.420000e+001
-2.481998e+001
-2.360000e+001
-2.104441e+001
-1.750000e+001
-1.387899e+001
-1.240000e+001
-1.438094e+001
-1.850000e+001
-2.261446e+001
-2.650000e+001
-3.029651e+001
-3.230000e+001
-3.204734e+001
-3.360000e+001
-3.952869e+001
-4.540000e+001
-4.624001e+001
-4.300000e+001
-3.847566e+001
-3.340000e+001
-2.768673e+001
-2.130000e+001
-1.417470e+001
-6.900000e+000
-7.156358e-001
3.000000e+000
3.459928e+000
3.000000e-001
-5.255457e+000
-9.300000e+000
-9.322612e+000
-8.900000e+000
-1.163745e+001
-1.500000e+001
-1.584209e+001
-1.640000e+001
-1.940728e+001
-2.380000e+001
-2.793202e+001
-3.230000e+001
-3.733247e+001
-4.210000e+001
-4.530241e+001
-4.570000e+001
-4.310997e+001
-3.970000e+001
-3.740112e+001
-3.490000e+001
-3.060235e+001
-2.580000e+001
-2.179256e+001
-1.720000e+001
-1.048650e+001
-2.000000e+000
7.102976e+000
1.560000e+001
2.266457e+001
2.840000e+001
3.315049e+001
3.620000e+001
3.683341e+001
3.540000e+001
3.230977e+001
2.690000e+001
1.906453e+001
1.010000e+001
1.700756e+000
-4.500000e+000
-8.309638e+000
-1.250000e+001
-1.888999e+001
-2.450000e+001
-2.585205e+001
-2.290000e+001
-1.763872e+001
-1.260000e+001
-9.471329e+000
-6.800000e+000
-2.720625e+000
1.800000e+000
5.425247e+000
9.300000e+000
1.457791e+001
2.000000e+001
2.432588e+001
2.860000e+001
3.346320e+001
3.650000e+001
3.548936e+001
3.110000e+001
2.504815e+001
1.810000e+001
1.042654e+001
2.400000e+000
-5.885551e+000
-1.560000e+001
-2.615776e+001
-3.190000e+001
-2.897285e+001
-2.190000e+001
-1.644475e+001
-1.180000e+001
-5.481597e+000
1.500000e+000
7.896132e+000
1.530000e+001
2.397336e+001
2.980000e+001
2.939469e+001
2.430000e+001
1.810149e+001
1.360000e+001
1.175341e+001
1.020000e+001
6.576946e+000
2.400000e+000
-1.081181e-002
-1.000000e+000
-1.660053e+000
-2.300000e+000
-2.991172e+000
-3.600000e+000
-4.091867e+000
-4.800000e+000
-6.246430e+000
-8.900000e+000
-1.251025e+001
-1.550000e+001
-1.627563e+001
-1.480000e+001
-1.174638e+001
-7.600000e+000
-3.220857e+000
3.637979e-011
8.626241e-001
-2.000000e+000
-8.463357e+000
-1.480000e+001
-1.834475e+001
-2.250000e+001
-3.016899e+001
-3.740000e+001
-3.948442e+001
-3.650000e+001
-3.083734e+001
-2.510000e+001
-2.082567e+001
-1.640000e+001
-9.718499e+000
-1.400000e+000
7.040556e+000
1.530000e+001
2.320487e+001
3.020000e+001
3.576109e+001
3.930000e+001
4.071264e+001
4.060000e+001
3.966343e+001
3.850000e+001
3.693154e+001
3.290000e+001
2.556057e+001
1.830000e+001
1.437700e+001
1.250000e+001
1.015245e+001
7.000000e+000
3.467618e+000
-1.000000e-001
-3.409847e+000
-6.800000e+000
-1.042762e+001
-1.300000e+001
-1.352006e+001
-1.280000e+001
-1.201287e+001
-1.150000e+001
-1.109338e+001
-1.020000e+001
-8.734430e+000
-8.400000e+000
-1.053293e+001
-1.410000e+001
-1.752674e+001
-2.050000e+001
-2.337929e+001
-2.690000e+001
-3.122042e+001
-3.500000e+001
-3.678416e+001
-3.590000e+001
-3.269244e+001
-2.970000e+001
-2.803644e+001
-2.270000e+001
-1.047278e+001
1.800000e+000
7.424128e+000
9.900000e+000
1.449060e+001
2.030000e+001
2.452396e+001
2.560000e+001
2.326397e+001
1.990000e+001
1.792988e+001
1.600000e+001
1.270805e+001
1.070000e+001
1.240256e+001
1.560000e+001
1.762497e+001
1.980000e+001
2.317136e+001
2.420000e+001
2.009583e+001
1.410000e+001
9.752426e+000
5.500000e+000
-5.912665e-001
-6.600000e+000
-9.966345e+000
-9.700000e+000
-6.335373e+000
-2.600000e+000
-6.058607e-001
1.600000e+000
5.919903e+000
1.000000e+001
1.105409e+001
9.400000e+000
6.571673e+000
3.900000e+000
2.045896e+000
-4.001777e-012
-3.217992e+000
-6.600000e+000
-8.782129e+000
-9.900000e+000
-1.053195e+001
-1.090000e+001
-1.116764e+001
-1.150000e+001
-1.211097e+001
-1.310000e+001
-1.452122e+001
-1.680000e+001
-1.948515e+001
-1.990000e+001
-1.624810e+001
-1.040000e+001
-5.098508e+000
-1.000000e+000
2.370554e+000
5.500000e+000
8.905667e+000
1.290000e+001
1.704105e+001
2.000000e+001
2.079543e+001
1.990000e+001
1.836387e+001
1.690000e+001
1.573679e+001
1.430000e+001
1.228750e+001
1.090000e+001
1.123795e+001
1.280000e+001
1.441165e+001
1.520000e+001
1.480439e+001
1.370000e+001
1.262457e+001
1.170000e+001
1.067655e+001
9.700000e+000
8.601969e+000
6.000000e+000
1.438982e+000
-2.800000e+000
-4.595691e+000
-5.000000e+000
-6.043985e+000
-8.400000e+000
-1.214240e+001
-1.780000e+001
-2.514319e+001
-3.210000e+001
-3.715280e+001
-4.200000e+001
-4.789337e+001
-5.180000e+001
-5.097711e+001
-4.720000e+001
-4.319265e+001
-3.940000e+001
-3.506154e+001
-2.900000e+001
-2.058291e+001
-1.100000e+001
-2.140233e+000
5.000000e+000
1.011753e+001
1.320000e+001
1.474504e+001
1.570000e+001
1.675729e+001
1.770000e+001
1.837910e+001
1.950000e+001
2.184905e+001
2.550000e+001
2.974447e+001
3.310000e+001
3.425704e+001
3.280000e+001
2.928972e+001
2.520000e+001
2.152351e+001
1.730000e+001
1.138743e+001
4.500000e+000
-2.122340e+000
-8.500000e+000
-1.464554e+001
-1.900000e+001
-2.088157e+001
-2.290000e+001
-2.698580e+001
-3.040000e+001
-3.022293e+001
-2.770000e+001
-2.508355e+001
-2.270000e+001
-2.023070e+001
-1.740000e+001
-1.429607e+001
-1.210000e+001
-1.174641e+001
-1.260000e+001
-1.334514e+001
-1.290000e+001
-1.082686e+001
-8.000000e+000
-5.376303e+000
-2.600000e+000
7.662960e-001
3.900000e+000
5.854270e+000
6.500000e+000
6.167142e+000
5.500000e+000
5.110350e+000
5.000000e+000
5.141667e+000
6.400000e+000
9.243739e+000
1.260000e+001
1.538980e+001
1.790000e+001
2.078237e+001
2.430000e+001
2.803400e+001
3.070000e+001
3.121050e+001
2.980000e+001
2.736954e+001
2.510000e+001
2.354848e+001
2.160000e+001
1.849300e+001
1.630000e+001
1.692670e+001
1.920000e+001
2.136776e+001
2.340000e+001
2.563281e+001
2.820000e+001
3.051096e+001
3.010000e+001
2.552350e+001
1.960000e+001
1.520861e+001
1.060000e+001
3.568191e+000
-3.900000e+000
-9.841318e+000
-1.630000e+001
-2.472006e+001
-3.220000e+001
-3.541963e+001
-3.350000e+001
-2.774365e+001
-2.190000e+001
-1.854003e+001
-1.480000e+001
-7.912399e+000
-1.000000e+000
1.978206e+000
1.100000e+000
-1.813605e+000
-5.300000e+000
-8.166879e+000
-1.010000e+001
-1.143552e+001
-1.260000e+001
-1.370228e+001
-1.430000e+001
-1.393697e+001
-1.290000e+001
-1.167841e+001
-1.040000e+001
-8.981310e+000
-7.100000e+000
-4.598452e+000
-1.800000e+000
8.535525e-001
3.300000e+000
5.716030e+000
8.500000e+000
1.194341e+001
1.580000e+001
1.971951e+001
2.390000e+001
2.833365e+001
3.190000e+001
3.365994e+001
3.410000e+001
3.371670e+001
3.180000e+001
2.761866e+001
2.130000e+001
1.387838e+001
7.300000e+000
3.065052e+000
9.000000e-001
-3.258126e-001
-1.500000e+000
-3.067471e+000
-4.700000e+000
-6.050740e+000
-7.500000e+000
-9.541876e+000
-1.210000e+001
-1.455988e+001
-1.560000e+001
-1.434822e+001
-1.160000e+001
-8.614536e+000
-5.600000e+000
-2.638213e+000
-6.000000e-001
-3.508662e-002
-3.000000e-001
-4.896650e-001
-3.000000e-001
2.974790e-001
1.400000e+000
2.939824e+000
4.600000e+000
6.062329e+000
7.200000e+000
8.028059e+000
8.600000e+000
9.060364e+000
9.800000e+000
1.101048e+001
1.240000e+001
1.358099e+001
1.470000e+001
1.595533e+001
1.720000e+001
1.841595e+001
2.000000e+001
2.230442e+001
2.560000e+001
2.941553e+001
3.170000e+001
3.097423e+001
2.870000e+001
2.644743e+001
2.310000e+001
1.746878e+001
1.050000e+001
4.015284e+000
-1.000000e-001
-1.152057e+000
-1.100000e+000
-2.130388e+000
-3.600000e+000
-4.362103e+000
-5.300000e+000
-7.133806e+000
-8.300000e+000
-7.430505e+000
-5.200000e+000
-2.852791e+000
-7.000000e-001
1.382891e+000
3.700000e+000
6.562523e+000
9.600000e+000
1.237696e+001
1.550000e+001
1.896913e+001
2.050000e+001
1.842119e+001
1.430000e+001
1.045556e+001
7.300000e+000
4.501702e+000
2.100000e+000
-2.222031e-002
-2.200000e+000
-4.551707e+000
-7.000000e+000
-9.143466e+000
-1.000000e+001
-9.108477e+000
-7.500000e+000
-6.347080e+000
-5.400000e+000
-4.124176e+000
-2.900000e+000
-2.140964e+000
-1.500000e+000
-6.652403e-001
3.456080e-012
1.241434e-001
-1.000000e-001
-3.469179e-001
-6.000000e-001
-8.821467e-001
-1.100000e+000
-1.163108e+000
-1.000000e+000
-6.459145e-001
-3.000000e-001
-9.605959e-002
1.000000e-001
5.453690e-001
1.600000e+000
3.354480e+000
5.300000e+000
6.975824e+000
8.600000e+000
1.048573e+001
1.260000e+001
1.454253e+001
1.540000e+001
1.464804e+001
1.310000e+001
1.170303e+001
1.020000e+001
8.111840e+000
5.600000e+000
2.987406e+000
6.000000e-001
-1.508214e+000
-4.000000e+000
-7.156748e+000
-9.800000e+000
-1.066688e+001
-9.600000e+000
-7.231844e+000
-4.600000e+000
-2.532958e+000
-7.000000e-001
1.398568e+000
3.100000e+000
3.822782e+000
4.500000e+000
5.876005e+000
6.800000e+000
6.233556e+000
5.200000e+000
4.856866e+000
4.500000e+000
3.271042e+000
1.800000e+000
8.076186e-001
-2.000000e-001
-1.668529e+000
-2.900000e+000
-3.184778e+000
-2.800000e+000
-2.273258e+000
-1.700000e+000
-1.097092e+000
-6.000000e-001
-3.390175e-001
-5.000000e-001
-1.110658e+000
-1.700000e+000
-1.927137e+000
-2.200000e+000
-2.890798e+000
-3.600000e+000
-3.769415e+000
-3.200000e+000
-2.022076e+000
-7.000000e-001
3.851329e-001
1.400000e+000
2.638158e+000
4.100000e+000
5.560980e+000
6.500000e+000
6.593344e+000
6.300000e+000
6.026483e+000
5.200000e+000
3.252451e+000
6.000000e-001
-2.039928e+000
-4.500000e+000
-6.573077e+000
-7.600000e+000
-7.293119e+000
-6.400000e+000
-5.955214e+000
-6.500000e+000
-8.156027e+000
-1.070000e+001
-1.354932e+001
-1.610000e+001
-1.769888e+001
-1.740000e+001
-1.495408e+001
-1.170000e+001
-9.068160e+000
-7.000000e+000
-5.026570e+000
-3.600000e+000
-3.045207e+000
-2.500000e+000
-1.300487e+000
-2.000000e-001
1.160503e-001
4.000000e-001
1.630157e+000
3.600000e+000
5.757940e+000
8.200000e+000
1.067546e+001
1.150000e+001
9.686899e+000
7.000000e+000
5.311877e+000
3.800000e+000
1.357401e+000
-1.000000e+000
-2.124506e+000
-2.500000e+000
-2.901487e+000
-3.400000e+000
-3.815524e+000
-4.100000e+000
-4.318341e+000
-4.500000e+000
-4.917076e+000
-6.500000e+000
-9.469369e+000
-1.200000e+001
-1.246670e+001
-1.170000e+001
-1.110545e+001
-1.080000e+001
-1.039276e+001
-9.800000e+000
-9.011994e+000
-8.100000e+000
-7.386000e+000
-7.600000e+000
-9.089636e+000
-1.100000e+001
-1.240489e+001
-1.380000e+001
-1.559821e+001
-1.660000e+001
-1.582900e+001
-1.440000e+001
-1.358758e+001
-1.300000e+001
-1.198381e+001
-1.110000e+001
-1.090248e+001
-1.080000e+001
-1.024366e+001
-9.800000e+000
-9.907703e+000
-9.800000e+000
-8.604179e+000
-6.300000e+000
-3.318712e+000
-2.000000e-001
2.646631e+000
5.400000e+000
8.341381e+000
1.100000e+001
1.300770e+001
1.520000e+001
1.798589e+001
1.970000e+001
1.897585e+001
1.700000e+001
1.539614e+001
1.400000e+001
1.223999e+001
1.030000e+001
8.388458e+000
6.400000e+000
4.104790e+000
1.000000e+000
-2.967494e+000
-6.700000e+000
-9.140704e+000
-1.050000e+001
-1.143200e+001
-1.220000e+001
-1.292688e+001
-1.380000e+001
-1.497606e+001
-1.660000e+001
-1.877287e+001
-2.150000e+001
-2.443655e+001
-2.690000e+001
-2.813648e+001
-2.740000e+001
-2.471835e+001
-2.170000e+001
-1.968126e+001
-1.780000e+001
-1.489872e+001
-1.160000e+001
-8.779345e+000
-6.100000e+000
-3.097762e+000
1.818989e-012
2.855398e+000
5.400000e+000
7.694769e+000
9.900000e+000
1.216016e+001
1.440000e+001
1.653764e+001
1.870000e+001
2.096658e+001
2.320000e+001
2.510132e+001
2.620000e+001
2.620945e+001
2.550000e+001
2.447021e+001
2.270000e+001
1.994343e+001
1.710000e+001
1.490857e+001
1.270000e+001
9.546350e+000
5.400000e+000
6.051472e-001
-4.700000e+000
-1.017354e+001
-1.490000e+001
-1.830041e+001
-2.100000e+001
-2.361141e+001
-2.540000e+001
-2.569327e+001
-2.520000e+001
-2.480303e+001
-2.450000e+001
-2.391568e+001
-2.260000e+001
-2.039935e+001
-1.790000e+001
-1.569696e+001
-1.360000e+001
-1.115353e+001
-8.200000e+000
-4.809665e+000
-1.400000e+000
1.629305e+000
4.400000e+000
7.022184e+000
8.900000e+000
9.613106e+000
9.700000e+000
9.818828e+000
1.000000e+001
1.010527e+001
1.000000e+001
9.806015e+000
1.040000e+001
1.215794e+001
1.360000e+001
1.336059e+001
1.210000e+001
1.094663e+001
1.000000e+001
8.903883e+000
7.200000e+000
4.668923e+000
1.900000e+000
-4.674831e-001
-2.800000e+000
-5.573306e+000
-8.300000e+000
-1.058565e+001
-1.310000e+001
-1.622816e+001
-1.900000e+001
-2.023923e+001
-1.940000e+001
-1.677490e+001
-1.390000e+001
-1.198724e+001
-1.000000e+001
-6.935041e+000
-4.400000e+000
-3.930676e+000
-4.400000e+000
-4.320249e+000
-4.000000e+000
-4.102380e+000
-4.500000e+000
-4.817207e+000
-4.900000e+000
-4.628990e+000
-3.900000e+000
-2.848884e+000
-2.100000e+000
-2.055521e+000
-2.200000e+000
-1.949435e+000
-1.600000e+000
-1.589194e+000
-1.600000e+000
-1.316279e+000
-1.200000e+000
-1.492647e+000
-1.200000e+000
5.132647e-001
2.800000e+000
4.689386e+000
6.800000e+000
9.561270e+000
1.150000e+001
1.130529e+001
9.600000e+000
7.566307e+000
5.600000e+000
3.686788e+000
1.700000e+000
-5.397283e-001
-3.100000e+000
-5.720006e+000
-7.800000e+000
-8.895895e+000
-9.200000e+000
-9.191570e+000
-9.200000e+000
-9.369885e+000
-9.500000e+000
-9.365043e+000
-9.200000e+000
-9.154967e+000
-8.600000e+000
-7.072449e+000
-5.200000e+000
-3.657380e+000
-2.200000e+000
-4.540186e-001
1.400000e+000
2.967567e+000
3.800000e+000
3.741816e+000
3.400000e+000
3.382462e+000
3.400000e+000
3.094413e+000
2.900000e+000
3.267640e+000
4.000000e+000
4.750484e+000
5.400000e+000
5.978274e+000
6.700000e+000
7.652592e+000
8.500000e+000
8.855732e+000
8.700000e+000
8.207745e+000
7.700000e+000
7.380205e+000
7.000000e+000
6.380279e+000
6.100000e+000
6.626142e+000
7.500000e+000
8.155023e+000
8.700000e+000
9.370005e+000
1.020000e+001
1.097907e+001
1.110000e+001
1.019222e+001
9.000000e+000
8.257308e+000
7.500000e+000
6.252328e+000
5.300000e+000
5.398839e+000
6.200000e+000
7.067862e+000
7.900000e+000
8.785085e+000
9.700000e+000
1.062944e+001
1.180000e+001
1.309087e+001
1.350000e+001
1.234892e+001
1.050000e+001
9.006884e+000
7.700000e+000
6.108230e+000
4.400000e+000
2.819373e+000
1.200000e+000
-5.540719e-001
-2.100000e+000
-3.183609e+000
-4.200000e+000
-5.515695e+000
-6.800000e+000
-7.725581e+000
-8.700000e+000
-1.016011e+001
-1.200000e+001
-1.393303e+001
-1.590000e+001
-1.786754e+001
-1.980000e+001
-2.162658e+001
-2.330000e+001
-2.471503e+001
-2.580000e+001
-2.652706e+001
-2.700000e+001
-2.734327e+001
-2.780000e+001
-2.838869e+001
-2.870000e+001
-2.837649e+001
-2.780000e+001
-2.740006e+001
-2.700000e+001
-2.634364e+001
-2.580000e+001
-2.556229e+001
-2.510000e+001
-2.382582e+001
-2.190000e+001
-1.967852e+001
-1.730000e+001
-1.490332e+001
-1.290000e+001
-1.155539e+001
-1.090000e+001
-1.069942e+001
-1.050000e+001
-9.979428e+000
-9.500000e+000
-9.366259e+000
-9.100000e+000
-8.226073e+000
-7.200000e+000
-6.526673e+000
-5.900000e+000
-4.929505e+000
-4.000000e+000
-3.369855e+000
-2.300000e+000
-2.844013e-001
1.800000e+000
3.003493e+000
3.500000e+000
3.831079e+000
4.200000e+000
4.606320e+000
4.800000e+000
4.588360e+000
4.300000e+000
4.280094e+000
4.300000e+000
4.068018e+000
3.800000e+000
3.722743e+000
3.600000e+000
3.265794e+000
3.200000e+000
3.787027e+000
4.700000e+000
5.498611e+000
6.300000e+000
7.308006e+000
8.500000e+000
9.753859e+000
1.100000e+001
1.219855e+001
1.340000e+001
1.463929e+001
1.600000e+001
1.734737e+001
1.810000e+001
1.789095e+001
1.730000e+001
1.699238e+001
1.680000e+001
1.636239e+001
1.590000e+001
1.553020e+001
1.470000e+001
1.297829e+001
1.080000e+001
8.715691e+000
6.800000e+000
4.957523e+000
3.200000e+000
1.669090e+000
9.000000e-001
1.167941e+000
1.900000e+000
2.413691e+000
2.800000e+000
3.327179e+000
4.000000e+000
4.713100e+000
5.400000e+000
6.037445e+000
6.900000e+000
8.168045e+000
9.500000e+000
1.056967e+001
1.170000e+001
1.310668e+001
1.430000e+001
1.471442e+001
1.430000e+001
1.336432e+001
1.250000e+001
1.214800e+001
1.220000e+001
1.231139e+001
1.240000e+001
1.250018e+001
1.260000e+001
1.270687e+001
1.300000e+001
1.341616e+001
1.330000e+001
1.217461e+001
1.060000e+001
9.231474e+000
7.900000e+000
6.289327e+000
4.600000e+000
3.128244e+000
2.000000e+000
1.173973e+000
5.000000e-001
-2.222124e-001
-1.100000e+000
-2.020196e+000
-2.500000e+000
-2.170938e+000
-1.100000e+000
3.533793e-001
1.800000e+000
3.017809e+000
4.300000e+000
5.960766e+000
7.600000e+000
8.840271e+000
1.030000e+001
1.225700e+001
1.330000e+001
1.227637e+001
1.010000e+001
8.088786e+000
6.200000e+000
4.022659e+000
1.800000e+000
-2.982612e-001
-2.700000e+000
-5.528931e+000
-8.000000e+000
-9.244140e+000
-8.900000e+000
-7.254615e+000
-5.400000e+000
-4.203487e+000
-3.000000e+000
-1.092890e+000
6.000000e-001
1.143928e+000
1.200000e+000
1.614630e+000
2.200000e+000
2.547142e+000
2.700000e+000
2.854649e+000
3.200000e+000
3.863113e+000
4.800000e+000
5.852334e+000
6.900000e+000
7.890754e+000
8.900000e+000
1.000328e+001
1.120000e+001
1.235953e+001
1.330000e+001
1.386167e+001
1.400000e+001
1.381798e+001
1.370000e+001
1.389758e+001
1.400000e+001
1.367754e+001
1.350000e+001
1.384294e+001
1.390000e+001
1.271919e+001
1.020000e+001
6.770218e+000
3.000000e+000
-4.808501e-001
-3.200000e+000
-5.036084e+000
-6.300000e+000
-7.408029e+000
-8.500000e+000
-9.671797e+000
-1.120000e+001
-1.322699e+001
-1.570000e+001
-1.820407e+001
-1.970000e+001
-1.959196e+001
-1.880000e+001
-1.839127e+001
-1.820000e+001
-1.770258e+001
-1.700000e+001
-1.629112e+001
-1.560000e+001
-1.491025e+001
-1.420000e+001
-1.346018e+001
-1.290000e+001
-1.263297e+001
-1.250000e+001
-1.227842e+001
-1.200000e+001
-1.177025e+001
-1.160000e+001
-1.144625e+001
-1.140000e+001
-1.132155e+001
-1.060000e+001
-8.807111e+000
-6.400000e+000
-4.084236e+000
-2.100000e+000
-5.358974e-001
2.000000e-001
1.162625e-002
-4.000000e-001
-4.257124e-001
-4.000000e-001
-7.864890e-001
-1.400000e+000
-1.833305e+000
-1.900000e+000
-1.544184e+000
-8.000000e-001
1.776626e-001
1.100000e+000
1.833394e+000
2.700000e+000
3.909429e+000
5.000000e+000
5.456717e+000
5.300000e+000
4.798054e+000
4.200000e+000
3.653337e+000
3.000000e+000
2.066589e+000
1.100000e+000
3.359375e-001
-5.000000e-001
-1.580557e+000
-2.400000e+000
-2.486113e+000
-2.000000e+000
-1.335822e+000
-7.000000e-001
-1.623164e-001
4.000000e-001
1.119829e+000
1.900000e+000
2.596117e+000
3.300000e+000
4.082322e+000
4.800000e+000
5.314581e+000
5.700000e+000
6.074841e+000
6.500000e+000
6.948067e+000
7.400000e+000
7.805948e+000
8.100000e+000
8.408842e+000
9.100000e+000
1.047294e+001
1.270000e+001
1.533501e+001
1.690000e+001
1.633486e+001
1.440000e+001
1.235158e+001
1.050000e+001
8.728898e+000
7.000000e+000
5.247603e+000
3.500000e+000
1.842861e+000
2.000000e-001
-1.523934e+000
-3.200000e+000
-4.739862e+000
-6.400000e+000
-8.235557e+000
-9.500000e+000
-9.626979e+000
-9.100000e+000
-8.626241e+000
-8.300000e+000
-7.934837e+000
-7.300000e+000
-6.282763e+000
-5.100000e+000
-4.012064e+000
-3.000000e+000
-1.873088e+000
-4.000000e-001
1.449423e+000
3.300000e+000
4.666667e+000
5.200000e+000
4.922393e+000
4.400000e+000
4.157889e+000
4.000000e+000
3.577437e+000
3.000000e+000
2.484986e+000
2.000000e+000
1.485310e+000
1.000000e+000
5.628288e-001
1.000000e-001
-4.361589e-001
-1.000000e+000
-1.437702e+000
-1.400000e+000
-7.174452e-001
2.000000e-001
9.092258e-001
1.600000e+000
2.452427e+000
3.000000e+000
2.838518e+000
2.300000e+000
1.864814e+000
1.600000e+000
1.455747e+000
1.600000e+000
2.093358e+000
2.600000e+000
2.881654e+000
3.200000e+000
3.805785e+000
4.500000e+000
4.893664e+000
4.600000e+000
3.517675e+000
2.100000e+000
8.475422e-001
-3.000000e-001
-1.569750e+000
-3.000000e+000
-4.538110e+000
-6.000000e+000
-7.266346e+000
-8.700000e+000
-1.043167e+001
-1.160000e+001
-1.149534e+001
-1.070000e+001
-1.001838e+001
-9.400000e+000
-8.601367e+000
-7.800000e+000
-7.198480e+000
-6.800000e+000
-6.530857e+000
-6.300000e+000
-6.018144e+000
-5.700000e+000
-5.370998e+000
-5.000000e+000
-4.553295e+000
-4.100000e+000
-3.691182e+000
-3.300000e+000
-2.872545e+000
-2.400000e+000
-1.896194e+000
-1.400000e+000
-9.387334e-001
-5.000000e-001
-3.686711e-002
4.000000e-001
7.856393e-001
1.300000e+000
1.947960e+000
2.100000e+000
1.317686e+000
1.000000e-001
-9.106527e-001
-1.800000e+000
-2.832984e+000
-4.000000e+000
-5.201281e+000
-6.400000e+000
-7.547024e+000
-8.700000e+000
-9.890090e+000
-1.100000e+001
-1.193837e+001
-1.290000e+001
-1.401409e+001
-1.510000e+001
-1.591790e+001
-1.650000e+001
-1.695743e+001
-1.740000e+001
-1.787178e+001
-1.840000e+001
-1.894284e+001
-1.940000e+001
-1.972474e+001
-2.020000e+001
-2.091523e+001
-2.130000e+001
-2.084400e+001
-1.980000e+001
-1.857298e+001
-1.730000e+001
-1.580339e+001
-1.350000e+001
-1.012428e+001
-6.500000e+000
-3.564122e+000
-1.400000e+000
3.563648e-001
2.000000e+000
3.720762e+000
5.500000e+000
7.128036e+000
8.200000e+000
8.589611e+000
8.900000e+000
9.629140e+000
1.020000e+001
9.985491e+000
9.300000e+000
8.648618e+000
8.000000e+000
7.171453e+000
6.100000e+000
4.790159e+000
3.300000e+000
1.725797e+000
3.000000e-001
-9.205538e-001
-2.400000e+000
-4.311749e+000
-5.700000e+000
-5.674095e+000
-4.500000e+000
-2.908409e+000
-1.300000e+000
1.153452e-001
1.300000e+000
2.340778e+000
3.300000e+000
4.149904e+000
4.800000e+000
5.182832e+000
5.400000e+000
5.592039e+000
5.800000e+000
6.010897e+000
6.200000e+000
6.346969e+000
6.500000e+000
6.696192e+000
6.900000e+000
7.061157e+000
7.200000e+000
7.337518e+000
7.500000e+000
7.658058e+000
7.700000e+000
7.543820e+000
7.300000e+000
7.087589e+000
6.900000e+000
6.675536e+000
6.400000e+000
6.069218e+000
5.800000e+000
5.642329e+000
5.400000e+000
4.975117e+000
4.800000e+000
5.236874e+000
6.100000e+000
7.021617e+000
7.900000e+000
8.731379e+000
9.600000e+000
1.054991e+001
1.140000e+001
1.198751e+001
1.260000e+001
1.339886e+001
1.390000e+001
1.367816e+001
1.310000e+001
1.264795e+001
1.230000e+001
1.187247e+001
1.140000e+001
1.090646e+001
1.030000e+001
9.523849e+000
8.700000e+000
7.936155e+000
7.200000e+000
6.413253e+000
5.600000e+000
4.783295e+000
4.000000e+000
3.239699e+000
2.400000e+000
1.460429e+000
7.000000e-001
3.541148e-001
4.000000e-001
6.334266e-001
8.000000e-001
7.933789e-001
9.000000e-001
1.413062e+000
2.300000e+000
3.314472e+000
4.200000e+000
4.794777e+000
5.200000e+000
5.600898e+000
6.100000e+000
6.678925e+000
7.200000e+000
7.555835e+000
7.900000e+000
8.380128e+000
8.900000e+000
9.288129e+000
9.500000e+000
9.587662e+000
9.500000e+000
9.236291e+000
9.300000e+000
9.705042e+000
8.900000e+000
5.929703e+000
2.500000e+000
5.661843e-001
-8.913048e-012
-1.604368e-001
-5.000000e-001
-1.241566e+000
-2.000000e+000
-2.304144e+000
-2.400000e+000
-2.724031e+000
-3.300000e+000
-4.009730e+000
-4.800000e+000
-5.604751e+000
-6.400000e+000
-7.190112e+000
-8.000000e+000
-8.855039e+000
-9.700000e+000
-1.047819e+001
-1.140000e+001
-1.244081e+001
-1.280000e+001
-1.193401e+001
-1.060000e+001
-9.665110e+000
-8.900000e+000
-7.822168e+000
-6.600000e+000
-5.475313e+000
-4.300000e+000
-2.993974e+000
-1.900000e+000
-1.304806e+000
-1.100000e+000
-1.021402e+000
-9.000000e-001
-6.753699e-001
-5.000000e-001
-4.833409e-001
-4.000000e-001
-2.448802e-002
5.000000e-001
9.687027e-001
1.400000e+000
1.874199e+000
2.400000e+000
2.954505e+000
3.500000e+000
3.983575e+000
4.300000e+000
4.391834e+000
4.400000e+000
4.377425e+000
3.900000e+000
2.693333e+000
1.300000e+000
2.584164e-001
-8.000000e-001
-2.249175e+000
-3.600000e+000
-4.336584e+000
-4.700000e+000
-5.081496e+000
-5.500000e+000
-5.864965e+000
-6.200000e+000
-6.527732e+000
-6.800000e+000
-7.010668e+000
-7.300000e+000
-7.731400e+000
-8.000000e+000
-7.838211e+000
-7.500000e+000
-7.189420e+000
-6.400000e+000
-4.740622e+000
-2.800000e+000
-1.171742e+000
5.000000e-001
2.576714e+000
4.600000e+000
5.974948e+000
6.500000e+000
6.329347e+000
6.000000e+000
5.962044e+000
6.000000e+000
5.769642e+000
5.400000e+000
5.124594e+000
4.900000e+000
4.655267e+000
4.400000e+000
4.138937e+000
3.900000e+000
3.608589e+000
2.900000e+000
1.546759e+000
2.910383e-012
-1.274043e+000
-2.600000e+000
-4.198614e+000
-5.200000e+000
-4.941849e+000
-4.200000e+000
-3.879661e+000
-3.700000e+000
-3.164640e+000
-2.500000e+000
-2.005567e+000
-1.500000e+000
-8.254587e-001
-2.000000e-001
1.391847e-001
2.000000e-001
1.114830e-001
1.273293e-012
-5.373124e-002
-1.000000e-001
-2.188074e-001
-4.000000e-001
-5.782939e-001
-7.000000e-001
-7.183109e-001
-6.000000e-001
-3.566294e-001
-1.000000e-001
8.359051e-002
3.000000e-001
6.019834e-001
7.000000e-001
3.801652e-001
-1.000000e-001
-4.362714e-001
-7.000000e-001
-1.054858e+000
-1.500000e+000
-1.964987e+000
-2.400000e+000
-2.739184e+000
-2.900000e+000
-2.871066e+000
-2.800000e+000
-2.809728e+000
-2.800000e+000
-2.653034e+000
-2.500000e+000
-2.456715e+000
-2.400000e+000
-2.228251e+000
-2.100000e+000
-2.214153e+000
-2.700000e+000
-3.523542e+000
-4.400000e+000
-5.093417e+000
-5.800000e+000
-6.705387e+000
-7.600000e+000
-8.192152e+000
-8.400000e+000
-8.316100e+000
-8.200000e+000
-8.232918e+000
-8.300000e+000
-8.141390e+000
-7.500000e+000
-6.326163e+000
-5.000000e+000
-3.871356e+000
-2.800000e+000
-1.555892e+000
-2.000000e-001
1.040567e+000
1.800000e+000
1.916395e+000
1.800000e+000
1.894932e+000
2.100000e+000
2.170501e+000
2.100000e+000
2.014774e+000
2.100000e+000
2.488932e+000
3.100000e+000
3.742944e+000
4.300000e+000
4.698669e+000
4.900000e+000
4.929571e+000
4.900000e+000
4.891479e+000
4.900000e+000
4.869866e+000
4.800000e+000
4.723557e+000
4.700000e+000
4.804275e+000
5.200000e+000
5.924855e+000
6.700000e+000
7.277133e+000
7.900000e+000
8.758617e+000
9.500000e+000
9.757229e+000
9.700000e+000
9.616661e+000
9.600000e+000
9.618407e+000
9.600000e+000
9.468765e+000
9.300000e+000
9.181219e+000
9.100000e+000
8.998809e+000
8.900000e+000
8.807830e+000
8.700000e+000
8.548259e+000
8.400000e+000
8.292197e+000
8.200000e+000
8.078300e+000
8.000000e+000
7.954365e+000
7.700000e+000
7.045293e+000
6.200000e+000
5.428537e+000
4.700000e+000
3.962649e+000
3.500000e+000
3.480462e+000
3.600000e+000
3.534039e+000
3.400000e+000
3.400368e+000
3.500000e+000
3.571425e+000
3.600000e+000
3.535989e+000
3.200000e+000
2.544776e+000
1.900000e+000
1.574759e+000
1.500000e+000
1.468045e+000
1.400000e+000
1.297083e+000
1.200000e+000
1.160049e+000
1.200000e+000
1.250606e+000
1.100000e+000
6.181774e-001
1.637090e-012
-5.212174e-001
-1.000000e+000
-1.529655e+000
-2.000000e+000
-2.300486e+000
-2.500000e+000
-2.689948e+000
-2.900000e+000
-3.115342e+000
-3.300000e+000
-3.451874e+000
-3.700000e+000
-4.153047e+000
-4.800000e+000
-5.543929e+000
-6.300000e+000
-7.003636e+000
-7.700000e+000
-8.433223e+000
-9.200000e+000
-9.960498e+000
-1.070000e+001
-1.142816e+001
-1.220000e+001
-1.300380e+001
-1.380000e+001
-1.439747e+001
-1.430000e+001
-1.327186e+001
-1.200000e+001
-1.113011e+001
-1.030000e+001
-9.050323e+000
-7.800000e+000
-7.041979e+000
-6.700000e+000
-6.497850e+000
-6.300000e+000
-6.037526e+000
-5.800000e+000
-5.673560e+000
-5.600000e+000
-5.468582e+000
-5.300000e+000
-5.132922e+000
-5.000000e+000
-4.899291e+000
-4.800000e+000
-4.663071e+000
-4.500000e+000
-4.330517e+000
-4.200000e+000
-4.106118e+000
-3.900000e+000
-3.493988e+000
-3.100000e+000
-2.879553e+000
-2.600000e+000
-1.991090e+000
-1.100000e+000
-7.922578e-002
1.000000e+000
2.072245e+000
3.100000e+000
4.018337e+000
4.600000e+000
4.741100e+000
4.800000e+000
5.086679e+000
5.400000e+000
5.487199e+000
5.500000e+000
5.727201e+000
6.300000e+000
7.202993e+000
8.400000e+000
9.609547e+000
1.010000e+001
9.468840e+000
8.400000e+000
7.655510e+000
7.100000e+000
6.325291e+000
5.300000e+000
4.190720e+000
3.300000e+000
2.865607e+000
2.800000e+000
2.865262e+000
2.900000e+000
2.833765e+000
2.800000e+000
2.860150e+000
2.700000e+000
2.056633e+000
1.200000e+000
4.865687e-001
-1.000000e-001
-6.504930e-001
-1.000000e+000
-1.047264e+000
-1.100000e+000
-1.378224e+000
-1.600000e+000
-1.531324e+000
-1.500000e+000
-1.965047e+000
-3.100000e+000
-4.798060e+000
-6.800000e+000
-8.677722e+000
-9.900000e+000
-1.025303e+001
-1.020000e+001
-1.027674e+001
-1.050000e+001
-1.064230e+001
-1.060000e+001
-1.033101e+001
-9.900000e+000
-9.414114e+000
-8.900000e+000
-8.362363e+000
-7.900000e+000
-7.575395e+000
-7.400000e+000
-7.312282e+000
-7.200000e+000
-6.999100e+000
-6.800000e+000
-6.694372e+000
-6.700000e+000
-6.681214e+000
-6.300000e+000
-5.337413e+000
-4.000000e+000
-2.615574e+000
-1.300000e+000
-3.291925e-002
1.300000e+000
2.804879e+000
4.300000e+000
5.626817e+000
7.100000e+000
8.807831e+000
9.900000e+000
9.684178e+000
8.600000e+000
7.401139e+000
6.300000e+000
5.240975e+000
4.100000e+000
2.753306e+000
1.300000e+000
-7.245384e-002
-1.400000e+000
-2.669178e+000
-3.500000e+000
-3.688193e+000
-3.700000e+000
-4.006973e+000
-4.400000e+000
-4.554917e+000
-4.600000e+000
-4.735584e+000
-4.900000e+000
-5.001974e+000
-5.100000e+000
-5.254735e+000
-5.400000e+000
-5.477244e+000
-5.600000e+000
-5.799195e+000
-5.800000e+000
-5.364250e+000
-4.600000e+000
-3.729167e+000
-2.900000e+000
-2.141646e+000
-1.300000e+000
-2.788823e-001
7.000000e-001
1.376462e+000
1.700000e+000
1.782188e+000
1.900000e+000
2.224762e+000
2.500000e+000
2.495075e+000
2.500000e+000
2.850840e+000
3.500000e+000
4.251673e+000
5.000000e+000
5.698428e+000
6.400000e+000
7.162135e+000
8.000000e+000
8.819230e+000
9.400000e+000
9.611249e+000
9.700000e+000
9.920725e+000
1.020000e+001
1.037935e+001
1.050000e+001
1.062746e+001
1.080000e+001
1.097721e+001
1.100000e+001
1.075132e+001
1.040000e+001
1.012449e+001
9.900000e+000
9.622111e+000
9.300000e+000
8.953963e+000
8.600000e+000
8.239895e+000
7.900000e+000
7.568625e+000
7.200000e+000
6.753230e+000
6.300000e+000
5.895063e+000
5.500000e+000
5.053074e+000
4.600000e+000
4.187855e+000
3.800000e+000
3.412126e+000
3.100000e+000
2.898543e+000
2.700000e+000
2.403824e+000
2.100000e+000
1.883163e+000
1.700000e+000
1.461024e+000
1.200000e+000
9.606904e-001
7.000000e-001
4.157834e-001
3.000000e-001
4.813906e-001
8.000000e-001
1.067003e+000
1.300000e+000
1.568140e+000
1.900000e+000
2.215699e+000
2.200000e+000
1.662045e+000
9.000000e-001
2.702670e-001
-3.000000e-001
-9.814258e-001
-1.700000e+000
-2.369917e+000
-3.100000e+000
-3.936308e+000
-4.700000e+000
-5.180324e+000
-5.300000e+000
-5.119217e+000
-4.800000e+000
-4.508308e+000
-4.300000e+000
-4.115799e+000
-3.800000e+000
-3.237525e+000
-2.500000e+000
-1.716172e+000
-9.000000e-001
-6.555123e-002
7.000000e-001
1.302021e+000
1.700000e+000
1.945069e+000
2.200000e+000
2.648646e+000
3.500000e+000
4.788261e+000
6.100000e+000
7.123089e+000
8.300000e+000
9.913507e+000
1.120000e+001
1.139550e+001
1.070000e+001
9.673491e+000
8.700000e+000
7.927979e+000
7.100000e+000
5.942684e+000
4.700000e+000
3.666750e+000
2.700000e+000
1.597106e+000
4.000000e-001
-7.363040e-001
-1.600000e+000
-2.085696e+000
-2.400000e+000
-2.809431e+000
-3.300000e+000
-3.828634e+000
-4.600000e+000
-5.712071e+000
-6.900000e+000
-7.835393e+000
-8.400000e+000
-8.646371e+000
-8.800000e+000
-9.041183e+000
-9.300000e+000
-9.432608e+000
-9.500000e+000
-9.589513e+000
-9.700000e+000
-9.800059e+000
-9.900000e+000
-9.991949e+000
-1.010000e+001
-1.020152e+001
-1.020000e+001
-1.002167e+001
-9.800000e+000
-9.645195e+000
-9.500000e+000
-9.266313e+000
-9.000000e+000
-8.782785e+000
-8.700000e+000
-8.761331e+000
-8.900000e+000
-9.012995e+000
-9.100000e+000
-9.187198e+000
-9.300000e+000
-9.428475e+000
-9.600000e+000
-9.757964e+000
-9.700000e+000
-9.296269e+000
-8.800000e+000
-8.447568e+000
-8.100000e+000
-7.584626e+000
-7.100000e+000
-6.851564e+000
-6.800000e+000
-6.804694e+000
-6.800000e+000
-6.747849e+000
-6.700000e+000
-6.697427e+000
-6.700000e+000
-6.650272e+000
-6.600000e+000
-6.586375e+000
-6.600000e+000
-6.574547e+000
-6.400000e+000
-6.024839e+000
-5.600000e+000
-5.272082e+000
-5.000000e+000
-4.677296e+000
-4.300000e+000
-3.881863e+000
-3.400000e+000
-2.851186e+000
-2.300000e+000
-1.789687e+000
-1.300000e+000
-7.733337e-001
-2.000000e-001
3.965753e-001
1.000000e+000
1.526217e+000
1.700000e+000
1.390798e+000
9.000000e-001
5.509306e-001
3.000000e-001
-2.202447e-002
-5.000000e-001
-1.064805e+000
-1.400000e+000
-1.234863e+000
-7.000000e-001
-6.811531e-002
6.000000e-001
1.246120e+000
1.600000e+000
1.521786e+000
1.300000e+000
1.230359e+000
1.200000e+000
1.020599e+000
8.000000e-001
6.638404e-001
5.000000e-001
2.268221e-001
-1.818989e-012
-1.331275e-002
2.000000e-001
5.533563e-001
9.000000e-001
1.151151e+000
1.400000e+000
1.739537e+000
2.100000e+000
2.322206e+000
2.200000e+000
1.669952e+000
1.000000e+000
4.621184e-001
-8.077936e-028
-5.413294e-001
-1.200000e+000
-1.892610e+000
-2.400000e+000
-2.542685e+000
-2.400000e+000
-2.155127e+000
-1.900000e+000
-1.690337e+000
-1.600000e+000
-1.653182e+000
-1.800000e+000
-1.985371e+000
-2.200000e+000
-2.441374e+000
-2.700000e+000
-2.923385e+000
-3.000000e+000
-2.855786e+000
-2.600000e+000
-2.375495e+000
-2.200000e+000
-2.083149e+000
-2.200000e+000
-2.646686e+000
-3.200000e+000
-3.631949e+000
-4.100000e+000
-4.713572e+000
-5.100000e+000
-4.956691e+000
-4.600000e+000
-4.406619e+000
-4.300000e+000
-4.089423e+000
-3.800000e+000
-3.497492e+000
-3.200000e+000
-2.910896e+000
-2.600000e+000
-2.259345e+000
-2.000000e+000
-1.919174e+000
-1.900000e+000
-1.814486e+000
-1.800000e+000
-1.871792e+000
-1.500000e+000
-2.945711e-001
1.300000e+000
2.717843e+000
4.100000e+000
5.602198e+000
6.700000e+000
7.000670e+000
7.000000e+000
7.248799e+000
7.600000e+000
7.750865e+000
7.800000e+000
7.905058e+000
8.000000e+000
8.026169e+000
8.100000e+000
8.272724e+000
8.400000e+000
8.284789e+000
7.800000e+000
6.961691e+000
6.100000e+000
5.462886e+000
4.800000e+000
3.881309e+000
3.100000e+000
2.836656e+000
2.900000e+000
2.960368e+000
3.000000e+000
3.087488e+000
3.200000e+000
3.313466e+000
3.500000e+000
3.723697e+000
3.700000e+000
3.214181e+000
2.400000e+000
1.506438e+000
7.000000e-001
-4.839612e-003
-8.000000e-001
-1.804343e+000
-2.800000e+000
-3.454613e+000
-3.500000e+000
-2.925567e+000
-2.200000e+000
-1.743290e+000
-1.300000e+000
-5.752549e-001
1.000000e-001
3.514814e-001
3.000000e-001
1.932431e-001
1.000000e-001
1.717721e-002
-1.000000e-001
-2.881189e-001
-5.000000e-001
-6.707387e-001
-8.000000e-001
-9.199237e-001
-1.100000e+000
-1.348165e+000
-1.500000e+000
-1.420146e+000
-1.200000e+000
-9.860469e-001
-8.000000e-001
-6.123043e-001
-4.000000e-001
-1.511923e-001
1.000000e-001
3.108718e-001
5.000000e-001
6.827684e-001
8.000000e-001
8.072209e-001
8.000000e-001
8.634297e-001
9.000000e-001
8.579264e-001
1.000000e+000
1.519975e+000
2.200000e+000
2.769307e+000
3.300000e+000
3.926088e+000
4.600000e+000
5.255097e+000
5.900000e+000
6.531681e+000
7.200000e+000
7.817107e+000
7.900000e+000
7.175309e+000
6.200000e+000
5.556614e+000
5.000000e+000
4.135060e+000
3.200000e+000
2.441751e+000
1.600000e+000
5.136963e-001
-4.000000e-001
-6.615684e-001
-7.639755e-012
1.473902e+000
3.000000e+000
4.035449e+000
5.200000e+000
7.005340e+000
8.700000e+000
9.274675e+000
8.200000e+000
5.637744e+000
3.100000e+000
1.641457e+000
-2.000000e-001
-3.540413e+000
-6.200000e+000
-5.857501e+000
-2.800000e+000
1.577165e+000
5.800000e+000
9.134600e+000
1.300000e+001
1.817943e+001
2.210000e+001
2.211853e+001
1.850000e+001
1.327997e+001
9.400000e+000
8.672516e+000
9.100000e+000
8.320591e+000
7.700000e+000
8.707450e+000
9.000000e+000
6.170635e+000
1.600000e+000
-2.914730e+000
-8.400000e+000
-1.523347e+001
-2.000000e+001
-1.956688e+001
-1.480000e+001
-8.109933e+000
-7.000000e-001
6.252528e+000
1.070000e+001
1.158791e+001
9.900000e+000
7.268303e+000
4.800000e+000
2.697102e+000
3.000000e-001
-2.971076e+000
-6.900000e+000
-1.026090e+001
-1.070000e+001
-6.961590e+000
-1.500000e+000
2.827396e+000
6.900000e+000
1.156155e+001
1.380000e+001
1.132243e+001
6.700000e+000
3.416850e+000
2.000000e+000
1.916214e+000
3.500000e+000
6.470531e+000
9.000000e+000
9.609355e+000
8.600000e+000
6.968308e+000
5.200000e+000
3.569793e+000
2.400000e+000
1.770047e+000
1.600000e+000
1.641217e+000
1.300000e+000
2.104389e-001
-1.100000e+000
-2.126560e+000
-3.400000e+000
-5.280023e+000
-6.700000e+000
-6.638172e+000
-5.400000e+000
-3.759747e+000
-2.000000e+000
-1.781997e-001
1.400000e+000
2.776243e+000
4.800000e+000
7.664427e+000
9.700000e+000
9.116098e+000
5.800000e+000
7.694092e-001
-4.800000e+000
-9.526705e+000
-1.190000e+001
-1.146306e+001
-9.500000e+000
-7.540649e+000
-6.000000e+000
-4.520444e+000
-2.400000e+000
5.634391e-001
3.200000e+000
4.239951e+000
3.800000e+000
2.643188e+000
1.400000e+000
5.099752e-001
-1.000000e-001
-6.217420e-001
-7.000000e-001
-7.400170e-002
6.000000e-001
7.683692e-001
1.000000e+000
1.796656e+000
2.400000e+000
2.071825e+000
1.300000e+000
7.746005e-001
4.000000e-001
-1.163787e-001
-8.000000e-001
-1.640256e+000
-2.700000e+000
-4.006846e+000
-5.500000e+000
-7.015399e+000
-8.400000e+000
-9.381076e+000
-9.300000e+000
-7.908559e+000
-6.100000e+000
-4.749196e+000
-3.600000e+000
-2.072479e+000
-2.000000e-001
1.673823e+000
3.300000e+000
4.288651e+000
3.700000e+000
1.236093e+000
-1.400000e+000
-2.813162e+000
-4.500000e+000
-7.715525e+000
-1.030000e+001
-9.992766e+000
-7.700000e+000
-5.095141e+000
-2.300000e+000
7.193014e-001
3.100000e+000
4.155137e+000
4.100000e+000
3.437486e+000
2.600000e+000
1.908600e+000
1.300000e+000
8.450711e-001
1.500000e+000
3.723178e+000
6.100000e+000
7.186227e+000
7.300000e+000
7.300476e+000
7.400000e+000
7.536782e+000
7.600000e+000
7.463873e+000
7.300000e+000
7.262509e+000
7.100000e+000
6.556343e+000
5.700000e+000
4.731998e+000
3.800000e+000
2.957255e+000
2.100000e+000
1.057706e+000
-2.000000e-001
-1.643437e+000
-3.300000e+000
-5.024335e+000
-6.400000e+000
-7.050110e+000
-6.800000e+000
-5.876982e+000
-5.100000e+000
-5.095561e+000
-5.400000e+000
-5.400673e+000
-5.400000e+000
-5.705572e+000
-5.700000e+000
-4.813912e+000
-3.300000e+000
-1.635414e+000
-2.364686e-012
1.617500e+000
3.300000e+000
5.101389e+000
7.000000e+000
8.731859e+000
9.600000e+000
9.245859e+000
8.500000e+000
8.220292e+000
8.000000e+000
7.320617e+000
6.800000e+000
7.045303e+000
7.500000e+000
7.560513e+000
7.700000e+000
8.294541e+000
8.500000e+000
7.555453e+000
6.100000e+000
4.910279e+000
3.700000e+000
2.122930e+000
7.000000e-001
-9.406410e-003
-1.000000e-001
9.660914e-002
4.000000e-001
6.250693e-001
5.000000e-001
-9.170390e-002
-1.000000e+000
-2.005208e+000
-2.900000e+000
-3.656410e+000
-4.600000e+000
-5.869616e+000
-6.900000e+000
-7.101272e+000
-6.500000e+000
-5.437316e+000
-4.400000e+000
-3.673153e+000
-2.800000e+000
-1.483974e+000
-7.000000e-001
-1.249425e+000
-2.300000e+000
-2.867120e+000
-3.300000e+000
-4.131572e+000
-5.100000e+000
-5.764720e+000
-6.000000e+000
-5.843371e+000
-5.600000e+000
-5.516576e+000
-5.400000e+000
-5.085853e+000
-5.000000e+000
-5.540791e+000
-6.600000e+000
-7.868835e+000
-9.100000e+000
-1.017321e+001
-1.140000e+001
-1.291991e+001
-1.400000e+001
-1.405664e+001
-1.380000e+001
-1.394686e+001
-1.400000e+001
-1.331449e+001
-1.210000e+001
-1.078866e+001
-9.600000e+000
-8.549398e+000
-7.400000e+000
-5.981259e+000
-4.600000e+000
-3.660927e+000
-3.400000e+000
-3.737811e+000
-4.200000e+000
-4.367057e+000
-4.500000e+000
-4.933309e+000
-5.500000e+000
-5.935835e+000
-6.300000e+000
-6.708800e+000
-7.200000e+000
-7.695985e+000
-8.000000e+000
-7.901216e+000
-7.300000e+000
-6.288354e+000
-5.200000e+000
-4.335978e+000
-3.700000e+000
-3.148239e+000
-2.600000e+000
-2.019437e+000
-1.400000e+000
-7.797703e-001
