  0.0000000e+000
 -3.0438940e+001
 -3.2836493e+001
 -3.3855453e+001
 -3.4135168e+001
 -3.3565750e+001
 -3.3066259e+001
 -3.3565750e+001
 -3.4784505e+001
 -3.4724566e+001
 -3.2366973e+001
 -2.7382059e+001
 -2.0359226e+001
 -1.2137615e+001
 -4.1757390e+000
  1.9280326e+000
  5.7541284e+000
  7.6322121e+000
  5.8340469e+000
  1.4085627e+000
 -1.2387360e+000
 -3.5563711e+000
 -3.9359837e+000
 -2.1178389e+000
  2.3775739e+000
  5.9938838e+000
  9.5102956e+000
  1.1378389e+001
  9.4303771e+000
  4.6652395e+000
  2.9969419e-002
 -5.1647298e+000
 -9.5302752e+000
 -1.2007747e+001
 -1.2936799e+001
 -1.2247503e+001
 -8.5612640e+000
 -2.8071356e+000
  3.4564730e+000
  8.1117227e+000
  1.0529256e+001
  1.2437308e+001
  1.4005708e+001
  1.4275434e+001
  1.2197553e+001
  8.9508665e+000
  5.5243629e+000
  2.8171253e+000
  1.7082569e+000
  2.4874618e+000
  5.8240571e+000
  9.5402650e+000
  1.0399389e+001
  7.1527013e+000
  1.8980632e+000
 -1.1088685e+000
 -2.1378186e+000
 -2.3875637e+000
 -2.3376147e+000
 -2.5673802e+000
 -2.5673802e+000
 -1.0289500e+000
  1.6882773e+000
  5.4444445e+000
  9.2006116e+000
  1.2956779e+001
  1.6962692e+001
  1.9849745e+001
  2.1408155e+001
  2.3326198e+001
  2.5773700e+001
  2.9060347e+001
  3.1977370e+001
  3.3525790e+001
  3.0878492e+001
  2.5444037e+001
  1.6962692e+001
  8.8309887e+000
  2.3276249e+000
 -2.4475026e+000
 -7.7121305e+000
 -9.9698271e+000
 -9.8899081e+000
 -6.5732926e+000
 -1.3386340e+000
  5.4943935e-001
 -3.3665647e+000
 -1.0289500e+001
 -1.7012640e+001
 -2.0219368e+001
 -2.0579001e+001
 -1.4385321e+001
 -5.5043832e+000
  2.9469929e+000
  1.1108665e+001
  1.7462181e+001
  1.9480122e+001
  1.8061570e+001
  1.0709073e+001
  5.6342508e+000
 -8.4913353e-001
 -6.8929663e+000
 -1.1138634e+001
 -1.2507237e+001
 -1.3735984e+001
 -1.4505199e+001
 -1.4535168e+001
 -1.4824873e+001
 -1.5154536e+001
 -1.4175535e+001
 -1.1238532e+001
 -7.1826708e+000
 -1.3486239e+000
  4.4754332e+000
  9.5802242e+000
  1.2697044e+001
  1.3686034e+001
  1.4285423e+001
  1.6852803e+001
  2.3725790e+001
  3.2536799e+001
  4.1337819e+001
  4.7171866e+001
  4.8830173e+001
  4.3945158e+001
  3.5393884e+001
  2.4095413e+001
  9.7200816e+000
 -4.7951071e+000
 -1.6313353e+001
 -2.3336187e+001
 -2.6792661e+001
 -2.7811621e+001
 -2.4504995e+001
 -1.8690928e+001
 -1.3965750e+001
 -1.0339450e+001
 -6.6632008e+000
 -1.9580021e+000
  2.2976555e+000
  3.4964322e+000
  2.1378186e+000
 -9.5902140e-001
 -3.9659531e+000
 -6.0238532e+000
 -8.6311926e+000
 -1.0399389e+001
 -1.0439348e+001
 -6.4733945e+000
  6.9928644e-001
  8.0218145e+000
  1.3046687e+001
  1.4215495e+001
  1.1468298e+001
  6.9728848e+000
  1.4784913e+000
 -2.5973497e+000
 -3.3365953e+000
  5.5942916e-001
  8.1916412e+000
  1.7252395e+001
  2.7152294e+001
  3.6093171e+001
  4.5993068e+001
  5.4344547e+001
  6.0588176e+001
  6.3345362e+001
  6.3135576e+001
  6.0548216e+001
  5.4973905e+001
  4.5893171e+001
  3.4564730e+001
  2.2207339e+001
  1.0759021e+001
  2.2377166e+000
 -1.5983690e-001
 -1.2986748e-001
  3.0568808e+000
  7.3425076e+000
  1.2537207e+001
  1.7592049e+001
  2.0499082e+001
  1.9420184e+001
  1.2936799e+001
  4.7751274e+000
 -3.5763507e+000
 -1.1538226e+001
 -1.5604077e+001
 -1.5993680e+001
 -1.5524159e+001
 -1.3616106e+001
 -1.3316412e+001
 -1.5664016e+001
 -1.7572069e+001
 -1.9520082e+001
 -1.9889705e+001
 -1.6972681e+001
 -9.9198775e+000
 -3.0668705e+000
  2.8371050e+000
  6.0738023e+000
  4.3056065e+000
 -4.3455658e+000
 -1.2457289e+001
 -1.5873802e+001
 -1.6373292e+001
 -1.3785932e+001
 -7.2426095e+000
  1.5184505e+000
  1.1608155e+001
  2.0179408e+001
  2.3535984e+001
  2.6233231e+001
  2.7811621e+001
  2.9659735e+001
  3.2476860e+001
  3.4934353e+001
  3.6882365e+001
  3.6622630e+001
  3.3615698e+001
  2.6602855e+001
  1.6782874e+001
  6.6731906e+000
  2.1977574e-001
 -1.0389398e+000
  3.9259939e+000
  1.6033639e+001
  2.7432008e+001
  3.6472783e+001
  3.9549643e+001
  3.7681550e+001
  3.3415902e+001
  2.4265240e+001
  1.3036697e+001
  1.0289500e+000
 -1.0749032e+001
 -1.7661977e+001
 -2.0289297e+001
 -2.2347197e+001
 -2.4055453e+001
 -3.0099287e+001
 -3.6133129e+001
 -4.1018145e+001
 -4.5893171e+001
 -5.0738226e+001
 -5.3415495e+001
 -5.4064832e+001
 -5.1986952e+001
 -4.8660347e+001
 -4.5473598e+001
 -4.3325790e+001
 -4.3465647e+001
 -4.6382671e+001
 -5.1857084e+001
 -6.0748013e+001
 -6.8390214e+001
 -7.3075434e+001
 -7.2585932e+001
 -6.3205505e+001
 -4.3865240e+001
 -2.4095413e+001
 -3.2866463e+000
  1.8790826e+001
  3.5693578e+001
  4.4184913e+001
  4.1987156e+001
  3.0848522e+001
  1.5254434e+001
 -1.8980632e-001
 -1.3486239e+001
 -2.8221203e+001
 -3.8840367e+001
 -4.8220795e+001
 -5.3535372e+001
 -5.4074821e+001
 -4.8750255e+001
 -3.4514781e+001
 -1.4525179e+001
  5.4344547e+000
  2.0189398e+001
  2.6133334e+001
  1.6623037e+001
 -5.4943935e-001
 -2.1787768e+001
 -4.2506626e+001
 -6.1037716e+001
 -7.6372069e+001
 -8.6741489e+001
 -9.2925179e+001
 -9.8589401e+001
 -1.0143650e+002
 -1.0090703e+002
 -9.7130887e+001
 -9.2425688e+001
 -8.8579613e+001
 -8.6591642e+001
 -8.6182059e+001
 -8.5842406e+001
 -8.3504791e+001
 -7.3994495e+001
 -6.0118655e+001
 -4.3805300e+001
 -2.6912539e+001
 -9.8000000e+000
  1.0039755e+001
  2.2107442e+001
  3.4035270e+001
  3.8041182e+001
  3.4464832e+001
  2.8111315e+001
  1.8291335e+001
  7.1527013e+000
 -9.3904179e-001
 -8.8509684e+000
 -1.1388379e+001
 -1.0908868e+001
 -5.9938838e-001
  1.5054638e+001
  3.0179205e+001
  4.7181855e+001
  6.2436289e+001
  7.6631805e+001
  8.8259939e+001
  9.4083995e+001
  9.2245871e+001
  8.0717635e+001
  5.7551274e+001
  3.4374924e+001
  1.6153516e+001
 -3.8260958e+000
 -2.6313150e+001
 -4.8910092e+001
 -6.0018756e+001
 -7.1876656e+001
 -7.9428950e+001
 -8.4583690e+001
 -8.5163099e+001
 -7.9968400e+001
 -6.7810805e+001
 -5.3355555e+001
 -3.7291947e+001
 -2.3256269e+001
 -9.6201835e+000
  7.6222222e+000
  2.5913558e+001
  4.4314781e+001
  5.6432416e+001
  6.9648929e+001
  7.9998369e+001
  8.9268910e+001
  9.1616514e+001
  8.7171050e+001
  6.9499082e+001
  5.1837105e+001
  2.5853619e+001
 -5.5743119e+000
 -3.2087258e+001
 -5.6352497e+001
 -7.8000408e+001
 -9.9398578e+001
 -1.2115637e+002
 -1.3301427e+002
 -1.4281427e+002
 -1.4599103e+002
 -1.4661040e+002
 -1.4601101e+002
 -1.4454250e+002
 -1.4309398e+002
 -1.4430276e+002
 -1.4551152e+002
 -1.4536168e+002
 -1.4376331e+002
 -1.3885831e+002
 -1.3323405e+002
 -1.2728013e+002
 -1.2347400e+002
 -1.2189561e+002
 -1.2493252e+002
 -1.2638104e+002
 -1.2253497e+002
 -1.0478308e+002
 -7.8479918e+001
 -5.2166769e+001
 -2.5863608e+001
  3.4065240e+000
  4.3695413e+001
  7.4743731e+001
  9.4173905e+001
  1.1606157e+002
  1.3829887e+002
  1.5877798e+002
  1.7158492e+002
  1.7661977e+002
  1.5783894e+002
  1.3223507e+002
  1.0663119e+002
  8.1037308e+001
  5.5433435e+001
  2.9829561e+001
  4.2256881e+000
 -2.1338226e+001
 -4.1967176e+001
 -5.3605300e+001
 -5.8690113e+001
 -5.6642202e+001
 -3.4015290e+001
 -7.4723751e+000
  2.4475026e+001
  6.3695005e+001
  1.1468298e+002
  1.3800918e+002
  1.6215453e+002
  1.7804832e+002
  1.9588013e+002
  2.0848726e+002
  2.1635923e+002
  2.2115434e+002
  2.2390153e+002
  2.2477064e+002
  2.2149398e+002
  2.0401182e+002
  1.8406218e+002
  1.6411253e+002
  1.4415290e+002
  1.2420326e+002
  1.0425362e+002
  8.4303976e+001
  6.4354332e+001
  4.4404689e+001
  2.4455045e+001
  4.5054026e+000
 -7.8619776e+000
 -1.5354332e+001
 -3.2996330e+001
 -4.4075026e+001
 -4.8170847e+001
 -5.1457492e+001
 -5.5333537e+001
 -6.0738023e+001
 -6.5872782e+001
 -7.3634863e+001
 -8.1137207e+001
 -8.4613660e+001
 -8.5902345e+001
 -8.0587768e+001
 -6.9579001e+001
 -4.9359633e+001
 -2.7182263e+001
  1.2087666e+000
  3.1697655e+001
  5.6412436e+001
  9.2345769e+001
  1.1660102e+002
  1.3098634e+002
  1.4255453e+002
  1.4115597e+002
  1.3418308e+002
  1.1577187e+002
  9.5232824e+001
  7.4693782e+001
  5.4154740e+001
  3.5873395e+001
  1.8750866e+001
  2.8570847e+000
 -8.9508665e+000
 -2.1178389e+001
 -3.0488889e+001
 -3.8820387e+001
 -4.8980021e+001
 -5.5463405e+001
 -6.2576147e+001
 -6.9109480e+001
 -7.5423037e+001
 -7.9658716e+001
 -8.2635678e+001
 -8.4234047e+001
 -8.4813456e+001
 -8.3275026e+001
 -7.8360040e+001
 -7.0897655e+001
 -6.3954740e+001
 -5.6172681e+001
 -4.7691335e+001
 -4.0218960e+001
 -3.3056269e+001
 -2.4954536e+001
 -1.6952702e+001
 -9.0507645e+000
 -5.9938838e-002
  8.5213048e+000
  1.9000611e+001
  3.1367992e+001
  4.7421611e+001
  5.7681142e+001
  6.3165545e+001
  6.5613048e+001
  6.4773905e+001
  6.0118655e+001
  5.4514373e+001
  4.7511519e+001
  4.0228950e+001
  3.6143119e+001
  3.4714577e+001
  3.2906422e+001
  2.7172273e+001
  1.9769827e+001
  1.0948828e+001
  2.6273190e+000
 -4.0358818e+000
 -1.2437308e+001
 -2.0419164e+001
 -2.9649745e+001
 -3.8900306e+001
 -4.7351682e+001
 -5.3415495e+001
 -5.6722121e+001
 -5.6911926e+001
 -5.4344547e+001
 -4.9619368e+001
 -4.4344750e+001
 -4.0438736e+001
 -3.7761468e+001
 -3.6113150e+001
 -3.4474821e+001
 -3.1567788e+001
 -2.8201223e+001
 -2.3565953e+001
 -1.8730887e+001
 -1.2906829e+001
 -7.0528032e+000
  8.7910295e-001
  8.7710500e+000
  1.6912742e+001
  2.5304179e+001
  3.2237105e+001
  3.7791437e+001
  4.0658511e+001
  3.9519674e+001
  3.2856473e+001
  2.5434047e+001
  1.8171458e+001
  9.9398578e+000
  7.4923547e-001
 -1.1048726e+001
 -2.1398165e+001
 -2.6413048e+001
 -3.0928440e+001
 -3.4994292e+001
 -3.8310907e+001
 -4.1557594e+001
 -4.3285831e+001
 -4.4304791e+001
 -4.5933129e+001
 -4.7761264e+001
 -5.1377574e+001
 -5.5952905e+001
 -6.3824873e+001
 -7.2456065e+001
 -8.0158206e+001
 -9.0078084e+001
 -9.9918046e+001
 -1.0911866e+002
 -1.1310458e+002
 -1.1401366e+002
 -1.1403364e+002
 -1.1355413e+002
 -1.1338430e+002
 -1.1427339e+002
 -1.1407360e+002
 -1.0986789e+002
 -9.8279712e+001
 -8.6651580e+001
 -7.4434047e+001
 -6.1507237e+001
 -4.7051987e+001
 -2.9969419e+001
 -1.1358410e+001
  8.4114169e+000
  2.8830581e+001
  4.3295821e+001
  5.3145769e+001
  6.3165545e+001
  7.2186340e+001
  7.7990418e+001
  7.7990418e+001
  7.4194292e+001
  6.8140469e+001
  6.1307442e+001
  5.5942916e+001
  5.3355555e+001
  5.3165750e+001
  5.3725179e+001
  5.1537411e+001
  4.4184913e+001
  3.3455861e+001
  2.1458104e+001
  8.2016310e+000
 -5.2646279e+000
 -1.5953721e+001
 -2.3226300e+001
 -3.6093171e+001
 -4.6172885e+001
 -5.4844037e+001
 -6.3575127e+001
 -7.3095413e+001
 -8.5852395e+001
 -9.4263813e+001
 -1.0035760e+002
 -1.0050744e+002
 -9.6391642e+001
 -9.2405708e+001
 -8.7510703e+001
 -8.2725586e+001
 -7.8549847e+001
 -7.4444037e+001
 -6.6012640e+001
 -5.5793068e+001
 -4.5273802e+001
 -3.7451784e+001
 -3.3266055e+001
 -3.1877472e+001
 -3.2676656e+001
 -3.5553721e+001
 -3.9229969e+001
 -4.3375739e+001
 -4.6402650e+001
 -4.6582466e+001
 -4.1707442e+001
 -3.1717635e+001
 -2.2117431e+001
 -1.2127624e+001
 -1.1488277e+000
  1.0589195e+001
  2.2107442e+001
  3.0908461e+001
  3.8700510e+001
  4.3485627e+001
  4.6912131e+001
  5.0598369e+001
  5.4504384e+001
  6.0508257e+001
  7.0667890e+001
  7.9828542e+001
  8.7880326e+001
  9.3864221e+001
  9.5013048e+001
  9.3164934e+001
  8.8779408e+001
  8.3195107e+001
  7.6821611e+001
  6.9898674e+001
  6.3485219e+001
  5.6762079e+001
  4.9299694e+001
  4.1707442e+001
  3.5214068e+001
  2.9050357e+001
  2.3585932e+001
  1.9230377e+001
  1.7402242e+001
  1.6762895e+001
  1.8531090e+001
  1.9809786e+001
  2.2447095e+001
  2.4994495e+001
  2.7471968e+001
  3.0269113e+001
  3.3246076e+001
  3.4924363e+001
  3.7172069e+001
  3.9549643e+001
  4.2896229e+001
  4.8510500e+001
  5.3645260e+001
  6.0328440e+001
  6.5293374e+001
  6.7261366e+001
  6.7650968e+001
  6.8280326e+001
  7.0018553e+001
  7.2486034e+001
  7.3275229e+001
  7.0757798e+001
  6.4793884e+001
  5.5013863e+001
  4.3565545e+001
  3.5313966e+001
  2.9919470e+001
  2.5474006e+001
  2.1897655e+001
  1.8980632e+001
  1.6992661e+001
  1.4874821e+001
  1.3366361e+001
  1.2497248e+001
  1.3586137e+001
  1.4914781e+001
  1.8720897e+001
  2.6752702e+001
  3.2786544e+001
  4.1207951e+001
  4.8920082e+001
  5.5103771e+001
  5.9848929e+001
  6.2106626e+001
  6.2805913e+001
  6.1527217e+001
  5.8180632e+001
  5.3465444e+001
  4.5463608e+001
  3.6402855e+001
  2.8660755e+001
  2.1587971e+001
  1.5224465e+001
  9.5902140e+000
  4.3955148e+000
 -4.4954129e-001
 -5.9039755e+000
 -1.0888889e+001
 -1.5504179e+001
 -1.9809786e+001
 -2.3426095e+001
 -2.7441998e+001
 -3.1977370e+001
 -3.7341896e+001
 -4.3125994e+001
 -5.1107849e+001
 -5.8670132e+001
 -6.5183486e+001
 -7.1946585e+001
 -7.8739653e+001
 -8.3424873e+001
 -8.5422834e+001
 -8.4573700e+001
 -8.2016310e+001
 -7.9998369e+001
 -7.6851580e+001
 -7.1626911e+001
 -6.6332314e+001
 -6.2256473e+001
 -5.8600203e+001
 -5.3425484e+001
 -4.8190826e+001
 -4.2686442e+001
 -3.4295005e+001
 -2.1508053e+001
 -7.4623853e+000
  8.3115189e+000
  2.4784710e+001
  3.5773497e+001
  4.4015087e+001
  5.0408563e+001
  5.3675229e+001
  5.5912946e+001
  5.6112742e+001
  5.6012844e+001
  5.5513353e+001
  5.4953924e+001
  5.3635270e+001
  4.9919063e+001
  4.3995107e+001
  3.5733537e+001
  2.5503976e+001
  1.8071560e+001
  1.3346381e+001
  9.3104995e+000
  5.0848114e+000
  2.1478084e+000
  1.5983690e-001
 -1.9679918e+000
 -4.1357798e+000
 -5.6342508e+000
 -7.6322121e+000
 -9.6101937e+000
 -1.2477268e+001
 -1.5044648e+001
 -1.8531090e+001
 -2.2387156e+001
 -2.6293171e+001
 -2.9549847e+001
 -3.2027319e+001
 -3.2576758e+001
 -3.2147197e+001
 -3.2456881e+001
 -3.2067279e+001
 -3.2726605e+001
 -3.3515800e+001
 -3.4534760e+001
 -3.5593680e+001
 -3.6672579e+001
 -3.7052192e+001
 -3.7182059e+001
 -3.6912334e+001
 -3.7531702e+001
 -3.8081142e+001
 -3.9399797e+001
 -4.0808358e+001
 -4.1967176e+001
 -4.0948216e+001
 -3.6253007e+001
 -2.9619776e+001
 -2.3605913e+001
 -1.9220387e+001
 -1.7831805e+001
 -1.7951682e+001
 -1.7961671e+001
 -1.7382263e+001
 -1.6662997e+001
 -1.5394292e+001
 -1.4295413e+001
 -1.3546177e+001
 -1.4155555e+001
 -1.6243426e+001
 -2.0848726e+001
 -2.4924566e+001
 -2.6802650e+001
 -2.7212232e+001
 -2.5613863e+001
 -2.3555963e+001
 -2.0638940e+001
 -1.7412232e+001
 -1.4814882e+001
 -1.2347400e+001
 -9.3804281e+000
 -5.4744139e+000
 -1.0589195e+000
  2.4874618e+000
  4.4055045e+000
  4.4454638e+000
  2.7871560e+000
  5.7940877e-001
 -2.2177370e+000
 -6.3235474e+000
 -1.1008766e+001
 -1.6832824e+001
 -2.1937615e+001
 -2.4944547e+001
 -2.6263201e+001
 -2.6403058e+001
 -2.6363099e+001
 -2.7162284e+001
 -2.8420999e+001
 -2.9899490e+001
 -3.1527829e+001
 -3.3046279e+001
 -3.3246076e+001
 -3.2137207e+001
 -3.0688685e+001
 -2.8580836e+001
 -2.6812640e+001
 -2.6712742e+001
 -2.8830581e+001
 -3.3485831e+001
 -3.8590622e+001
 -4.2896229e+001
 -4.4934149e+001
 -4.4744342e+001
 -4.4264832e+001
 -4.3125994e+001
 -4.2037105e+001
 -4.0958206e+001
 -3.9819368e+001
 -3.6522732e+001
 -3.2057289e+001
 -2.3336187e+001
 -1.4794903e+001
 -5.1447503e+000
  4.7451580e+000
  1.5244445e+001
  2.7781652e+001
  4.2316819e+001
  5.0058919e+001
  6.0208563e+001
  6.6292355e+001
  7.0847706e+001
  7.4444037e+001
  7.7430989e+001
  7.8609786e+001
  7.8789603e+001
  7.7670744e+001
  7.5083384e+001
  7.2096432e+001
  6.8629969e+001
  6.3595107e+001
  5.6222630e+001
  4.8690316e+001
  3.8181040e+001
  2.6782671e+001
  1.5863813e+001
  5.7940877e+000
 -4.1857289e+000
 -1.3246484e+001
 -1.7592049e+001
 -2.2097452e+001
 -2.2996534e+001
 -2.1607951e+001
 -1.7691947e+001
 -1.2107645e+001
 -5.1647298e+000
  7.5922528e-001
  4.9649337e+000
  6.5732926e+000
  7.2725790e+000
  6.5433231e+000
  6.4034658e+000
  6.0338430e+000
  5.8640163e+000
  6.9628950e+000
  9.5502548e+000
  1.2906829e+001
  1.6083589e+001
  1.9060550e+001
  2.1148420e+001
  2.5893578e+001
  2.9170234e+001
  3.0858511e+001
  3.0918450e+001
  2.9030377e+001
  2.5284200e+001
  2.0159429e+001
  1.4025688e+001
  5.1847095e+000
 -3.2766565e+000
 -1.0549235e+001
 -1.7761876e+001
 -2.4255250e+001
 -2.7541896e+001
 -2.9090316e+001
 -3.0179205e+001
 -3.0179205e+001
 -2.8640774e+001
 -2.6822630e+001
 -2.5713761e+001
 -2.5943527e+001
 -2.7741692e+001
 -3.0059327e+001
 -3.3006320e+001
 -3.5793476e+001
 -3.6642610e+001
 -3.6253007e+001
 -3.5054231e+001
 -3.3605708e+001
 -3.2556779e+001
 -3.1697655e+001
 -2.9659735e+001
 -2.7312131e+001
 -2.5214271e+001
 -2.3226300e+001
 -2.0858716e+001
 -1.7921713e+001
 -1.4635066e+001
 -1.0379408e+001
 -4.8750255e+000
  1.4784913e+000
  7.2825688e+000
  1.1688074e+001
  1.3676045e+001
  1.4145566e+001
  1.4285423e+001
  1.4505199e+001
  1.6732926e+001
  2.1548013e+001
  2.8001427e+001
  3.4554740e+001
  4.1407747e+001
  4.3016106e+001
  4.1977166e+001
  3.8350866e+001
  3.4494801e+001
  2.9290113e+001
  2.5843629e+001
  2.5294190e+001
  2.8101326e+001
  3.3056269e+001
  4.1597553e+001
  4.8370642e+001
  5.5483384e+001
  5.9439348e+001
  6.0767992e+001
  6.0038736e+001
  5.6542303e+001
  5.1807136e+001
  4.7521508e+001
  4.4284811e+001
  4.2406728e+001
  4.1717431e+001
  4.1697452e+001
  4.1477676e+001
  4.0948216e+001
  4.0089093e+001
  3.7991234e+001
  3.4135168e+001
  2.8890520e+001
  2.1108461e+001
  1.2317431e+001
  4.0458716e+000
 -3.8360856e+000
 -1.0389398e+001
 -1.4115597e+001
 -1.5004689e+001
 -1.5993680e+001
 -1.4894801e+001
 -1.4075637e+001
 -1.4045668e+001
 -1.8351274e+001
 -2.4874618e+001
 -3.0618756e+001
 -3.7501733e+001
 -4.3155963e+001
 -4.8620387e+001
 -5.4614271e+001
 -5.8130683e+001
 -5.9729052e+001
 -6.0278492e+001
 -5.6931906e+001
 -5.1687258e+001
 -4.3385729e+001
 -3.4035270e+001
 -2.4724771e+001
 -1.5783894e+001
 -8.0318043e+000
 -2.5873598e+000
  4.9949032e-002
  9.2905199e-001
  1.0988787e+000
  2.8970439e-001
 -3.0968400e-001
 -2.7971458e-001
  1.6083589e+000
  6.0038736e+000
  1.4125586e+001
  2.3036493e+001
  3.1807543e+001
  3.7351886e+001
  3.8031192e+001
  3.4514781e+001
  2.8361060e+001
  1.8780836e+001
  8.9009174e+000
  1.1488277e+000
 -8.0717635e+000
 -1.4864832e+001
 -1.9709887e+001
 -2.3755760e+001
 -2.6293171e+001
 -2.7601835e+001
 -2.7971458e+001
 -2.7491947e+001
 -2.5973497e+001
 -2.3356168e+001
 -2.1977574e+001
 -2.2696840e+001
 -2.4584913e+001
 -2.6063405e+001
 -2.7382059e+001
 -2.8221203e+001
 -2.8291132e+001
 -2.6103364e+001
 -1.8481142e+001
 -1.0219572e+001
 -1.5683995e+000
  6.0538226e+000
  1.1927829e+001
  1.5114577e+001
  1.5743935e+001
  1.4475229e+001
  1.3126605e+001
  1.4615087e+001
  1.9160448e+001
  2.4704791e+001
  3.0169215e+001
  3.4125179e+001
  3.7381855e+001
  3.7941284e+001
  3.6782466e+001
  3.3016310e+001
  2.6462997e+001
  1.9909684e+001
  1.2966769e+001
  6.2136595e+000
  3.0668705e+000
  2.0179408e+000
  2.5873598e+000
  4.9849134e+000
  9.5502548e+000
  1.4055658e+001
  1.9370234e+001
  2.2447095e+001
  2.4375127e+001
  2.4485015e+001
  2.3855658e+001
  2.2726810e+001
  2.0768808e+001
  1.8571050e+001
  1.7691947e+001
  1.5973700e+001
  1.5234455e+001
  1.5983690e+001
  1.7082569e+001
  1.7512131e+001
  1.4305403e+001
  7.2825688e+000
  1.8381244e+000
 -2.8470948e+000
 -4.4854231e+000
 -8.4613660e+000
 -1.0059735e+001
 -1.3316411e+001
 -1.5234455e+001
 -1.7352294e+001
 -1.8351274e+001
 -1.8620999e+001
 -1.7572069e+001
 -1.5634047e+001
 -1.3905810e+001
 -1.3006728e+001
 -1.3476249e+001
 -1.5054638e+001
 -1.7861774e+001
 -2.1068502e+001
 -2.4385118e+001
 -2.5673802e+001
 -2.5553924e+001
 -2.4764730e+001
 -2.3595923e+001
 -2.3486034e+001
 -2.5843629e+001
 -3.0408971e+001
 -3.6592661e+001
 -4.0029154e+001
 -4.1787360e+001
 -4.1038124e+001
 -3.9809378e+001
 -3.5393884e+001
 -3.0219164e+001
 -2.3775739e+001
 -2.0109480e+001
 -1.9540061e+001
 -2.3496024e+001
 -3.0738634e+001
 -3.7192049e+001
 -4.2576555e+001
 -4.4354740e+001
 -4.4025076e+001
 -4.0378797e+001
 -3.4025281e+001
 -2.8710703e+001
 -2.3775739e+001
 -2.2247299e+001
 -2.3545974e+001
 -2.8530887e+001
 -3.4334964e+001
 -4.1467686e+001
 -4.6372681e+001
 -4.7811213e+001
 -4.8060958e+001
 -4.7291743e+001
 -4.5783282e+001
 -4.2586544e+001
 -3.7991234e+001
 -3.2157187e+001
 -2.4315189e+001
 -1.5344342e+001
 -8.4114169e+000
 -4.2356779e+000
 -7.7920489e-001
  1.3586137e+000
  4.1657492e+000
  7.6222222e+000
  1.2187564e+001
  1.6732926e+001
  2.1138430e+001
  2.5873598e+001
  3.0269113e+001
  3.3725586e+001
  3.7281957e+001
  4.0438736e+001
  4.3235882e+001
  4.5603466e+001
  4.6772273e+001
  4.5613456e+001
  4.3575535e+001
  4.2007136e+001
  4.1487666e+001
  4.0768400e+001
  4.0698471e+001
  4.1687461e+001
  4.2576555e+001
  4.4344750e+001
  4.6742303e+001
  5.2426503e+001
  5.8130683e+001
  6.3814882e+001
  6.8570031e+001
  7.1986544e+001
  7.2535984e+001
  6.2955760e+001
  5.5393476e+001
  4.8710295e+001
  4.1927217e+001
  3.5723547e+001
  3.2207136e+001
  3.1018348e+001
  3.1358002e+001
  3.2177166e+001
  3.3415902e+001
  3.4734557e+001
  3.5164118e+001
  3.5473802e+001
  3.4894394e+001
  3.3915392e+001
  3.2636697e+001
  3.1747605e+001
  3.1837513e+001
  3.2816514e+001
  3.4105199e+001
  3.5024261e+001
  3.5333945e+001
  3.4065240e+001
  3.1308053e+001
  2.7671763e+001
  2.4185321e+001
  2.1987564e+001
  2.0858716e+001
  2.2077472e+001
  2.5563914e+001
  3.0668705e+001
  3.7651580e+001
  4.5723344e+001
  5.2886034e+001
  5.5653211e+001
  5.4074821e+001
  4.7501529e+001
  3.8390826e+001
  2.8520897e+001
  1.7242406e+001
  6.1437308e+000
  6.4933741e-001
 -4.2756371e+000
 -5.5043832e+000
 -4.6352702e+000
 -2.3076453e+000
  2.0978593e+000
  9.6701326e+000
  1.9719878e+001
  2.8301121e+001
  3.7142100e+001
  4.2666463e+001
  4.4734353e+001
  4.3555555e+001
  3.9599592e+001
  3.3895413e+001
  2.6462997e+001
  1.9889705e+001
  1.3026708e+001
  7.0328237e+000
  1.8980632e+000
 -1.4085627e+000
 -1.4085627e+000
 -1.4185525e+000
  4.0958206e-001
  1.5084608e+000
  1.3885831e+000
 -4.5953109e-001
 -6.1637105e+000
 -1.0289500e+001
 -1.4395311e+001
 -1.7292355e+001
 -1.8451172e+001
 -1.8391234e+001
 -1.6123547e+001
 -1.4125586e+001
 -1.1118655e+001
 -8.2415902e+000
 -9.9898064e-003
  5.0648318e+000
  1.3925790e+001
  2.1567992e+001
  2.9699694e+001
  3.3705606e+001
  3.2386952e+001
  2.5653823e+001
  1.3616106e+001
  2.3775739e+000
 -1.1658104e+001
 -2.4924566e+001
 -3.5224057e+001
 -4.2446687e+001
 -4.5153924e+001
 -4.4784302e+001
 -4.0418756e+001
 -3.2257084e+001
 -2.3975535e+001
 -1.5394292e+001
 -7.3025484e+000
 -1.9580021e+000
 -1.0988787e+000
 -6.3235474e+000
 -1.1718043e+001
 -2.0738838e+001
 -3.2007339e+001
 -3.9599592e+001
 -4.3335779e+001
 -4.3905199e+001
 -4.0878287e+001
 -3.4544750e+001
 -2.6233231e+001
 -1.9200408e+001
 -1.2357390e+001
 -8.3714577e+000
 -7.3524974e+000
 -1.1228542e+001
 -1.7062589e+001
 -2.7312131e+001
 -3.9449745e+001
 -4.6662385e+001
 -5.0818145e+001
 -5.2696229e+001
 -5.3125790e+001
 -5.2176758e+001
 -4.8700306e+001
 -4.3535576e+001
 -3.6832416e+001
 -2.8650765e+001
 -2.0419164e+001
 -1.5314373e+001
 -1.4405300e+001
 -1.6423242e+001
 -2.3296229e+001
 -3.2646687e+001
 -4.0788379e+001
 -4.7331702e+001
 -5.3045871e+001
 -5.6372477e+001
 -5.9109684e+001
 -6.2326402e+001
 -6.4464221e+001
 -6.5063608e+001
 -6.4813863e+001
 -6.4254434e+001
 -6.1936799e+001
 -5.8350458e+001
 -5.5813048e+001
 -5.3385525e+001
 -5.1497452e+001
 -4.9479511e+001
 -4.8980021e+001
 -4.7661366e+001
 -4.5883181e+001
 -4.3655453e+001
 -4.0488685e+001
 -3.5813456e+001
 -3.1018348e+001
 -2.6712742e+001
 -2.2337207e+001
 -1.8401223e+001
 -1.4555148e+001
 -1.0908868e+001
 -8.7810397e+000
 -7.6222222e+000
 -6.5133537e+000
 -5.7141692e+000
 -5.0148828e+000
 -5.2146789e+000
 -6.0438329e+000
 -7.2525994e+000
 -6.0738023e+000
 -2.6073395e+000
  4.0658511e+000
  1.1048726e+001
  1.6553109e+001
  1.9490113e+001
  1.9050561e+001
  1.6113558e+001
  9.6501529e+000
  1.6583079e+000
 -4.4254842e+000
 -7.8919470e+000
 -8.8010194e+000
 -8.7910295e+000
 -8.5612640e+000
 -7.4124363e+000
 -6.2536187e+000
 -5.3545362e+000
 -3.6562692e+000
 -8.5912334e-001
  2.2177370e+000
  4.3555555e+000
  3.8460755e+000
  1.6583079e+000
 -3.3765545e+000
 -1.1408358e+001
 -1.9819776e+001
 -2.8470948e+001
 -3.0109276e+001
 -2.9409990e+001
 -2.5054434e+001
 -1.8710907e+001
 -1.1638124e+001
 -7.3824669e+000
 -6.2935779e+000
 -7.3824669e+000
 -8.6212029e+000
 -9.1206932e+000
 -6.9728848e+000
 -4.4454638e+000
  5.0948013e-001
  8.0318043e+000
  1.6413252e+001
  2.6902548e+001
  3.6013252e+001
  4.1867279e+001
  4.4724363e+001
  4.4664424e+001
  4.3375739e+001
  4.0918247e+001
  3.7421814e+001
  3.4354944e+001
  3.2946381e+001
  3.2007339e+001
  3.1787564e+001
  3.2556779e+001
  3.4934353e+001
  4.2107034e+001
  4.8730276e+001
  5.6332518e+001
  6.3565137e+001
  6.5982671e+001
  6.5732926e+001
  6.5043629e+001
  6.5143527e+001
  6.6382263e+001
  6.6991642e+001
  6.6552090e+001
  6.5533129e+001
  6.4154536e+001
  6.2386340e+001
  6.1287461e+001
  6.0837921e+001
  5.9948828e+001
  5.7181652e+001
  5.0638329e+001
  4.0748420e+001
  2.9419979e+001
  1.6333334e+001
  5.0148828e+000
 -1.4884811e+000
 -4.8150866e+000
 -5.4844037e+000
 -2.0079511e+000
  4.4254842e+000
  9.9498469e+000
  1.2057697e+001
  1.0459327e+001
  6.5033639e+000
 -2.0978593e-001
 -1.0019776e+001
 -1.9260347e+001
 -2.6043426e+001
 -2.8411009e+001
 -2.5733741e+001
 -1.8201427e+001
 -7.7221203e+000
  3.0269113e+000
  1.2637105e+001
  2.0359226e+001
  2.6972477e+001
  3.1048318e+001
  3.1358002e+001
  2.9310092e+001
  2.6393068e+001
  2.3735779e+001
  2.2606932e+001
  2.3466055e+001
  2.6522936e+001
  3.0678695e+001
  3.5293986e+001
  4.1317839e+001
  4.6542508e+001
  4.8460550e+001
  4.7241794e+001
  4.2886239e+001
  3.6572681e+001
  2.9569827e+001
  2.3805708e+001
  2.1248318e+001
  2.0748828e+001
  2.4075434e+001
  2.9559837e+001
  3.7022222e+001
  4.5233843e+001
  5.1527421e+001
  5.7231600e+001
  5.9619164e+001
  5.8819979e+001
  5.5593272e+001
  5.0808155e+001
  4.5843221e+001
  4.2426708e+001
  4.1557594e+001
  4.2446687e+001
  4.1717431e+001
  3.6642610e+001
  2.8980428e+001
  2.1348216e+001
  1.9330276e+001
  1.2297452e+001
  5.1547400e+000
  1.9779816e+000
  3.2866463e+000
  7.5622834e+000
  1.1338430e+001
  1.8980632e+001
  2.8970439e+001
  3.7691539e+001
  4.3145974e+001
  4.5853211e+001
  4.4524566e+001
  3.8920285e+001
  2.9489908e+001
  1.6103568e+001
 -1.3586137e+000
 -2.0469113e+001
 -3.6223037e+001
 -4.4414679e+001
 -4.9849134e+001
 -5.0518450e+001
 -4.8890113e+001
 -4.4005097e+001
 -3.8890316e+001
 -3.2406932e+001
 -2.3765750e+001
 -1.4615087e+001
 -5.9039755e+000
  2.7372069e+000
  7.2026503e+000
  5.6542303e+000
  2.3775739e+000
 -1.0489297e+000
 -4.2756371e+000
 -5.9639144e+000
 -6.8030581e+000
 -6.0238532e+000
 -5.1847095e+000
 -5.8839960e+000
 -8.3015290e+000
 -1.3126605e+001
 -2.3396126e+001
 -3.5194087e+001
 -4.5623445e+001
 -5.5363507e+001
 -6.1517227e+001
 -6.2376350e+001
 -5.7691132e+001
 -5.1497452e+001
 -4.5903160e+001
 -4.1927217e+001
 -3.9289908e+001
 -3.7881345e+001
 -3.8670540e+001
 -4.0518655e+001
 -4.2067074e+001
 -4.2216921e+001
 -4.0338838e+001
 -3.8260958e+001
 -3.6502752e+001
 -3.3545769e+001
 -2.8960448e+001
 -2.6472987e+001
 -2.7372069e+001
 -3.0708665e+001
 -3.6912334e+001
 -4.5213863e+001
 -5.2106829e+001
 -5.6332518e+001
 -5.5403466e+001
 -5.0278695e+001
 -4.3715392e+001
 -3.5673598e+001
 -2.6183282e+001
 -1.7272376e+001
 -1.0519266e+001
 -5.9739042e+000
 -3.6163099e+000
 -3.4764526e+000
 -6.6731906e+000
 -1.3536187e+001
 -2.0239348e+001
 -2.6712742e+001
 -3.2167176e+001
 -3.3435882e+001
 -3.1637716e+001
 -2.9759633e+001
 -3.1178186e+001
 -3.4434863e+001
 -3.9289908e+001
 -4.4784302e+001
 -4.8200816e+001
 -4.8680326e+001
 -4.7111926e+001
 -4.4484608e+001
 -4.1767380e+001
 -3.8960245e+001
 -3.6772477e+001
 -3.5194087e+001
 -3.2676656e+001
 -2.7871560e+001
 -1.8820795e+001
 -9.9298676e+000
  4.6752294e+000
  1.4435270e+001
  2.2906626e+001
  2.5563914e+001
  2.5364118e+001
  2.2077472e+001
  1.7432212e+001
  1.3566157e+001
  1.2477268e+001
  1.3546177e+001
  1.4994700e+001
  1.5194495e+001
  1.5084608e+001
  1.3835882e+001
  9.0907237e+000
 -3.5463813e+000
 -1.4295413e+001
 -2.4984505e+001
 -3.3286034e+001
 -3.4524771e+001
 -3.1517839e+001
 -2.5883588e+001
 -2.1108461e+001
 -1.8940673e+001
 -1.8311315e+001
 -1.9949643e+001
 -2.3176350e+001
 -2.9909480e+001
 -3.8980224e+001
 -4.4894190e+001
 -4.9449542e+001
 -5.2646279e+001
 -5.3015902e+001
 -5.0468502e+001
 -4.5643426e+001
 -4.0179001e+001
 -3.1188176e+001
 -2.1787768e+001
 -1.2547197e+001
 -5.7241590e+000
 -3.2167176e+000
 -5.9039755e+000
 -1.2427319e+001
 -1.9480122e+001
 -2.5483995e+001
 -2.9100306e+001
 -2.5813660e+001
 -1.7641998e+001
 -8.9908257e-002
  2.6243221e+001
  3.7671560e+001
  4.2496636e+001
  3.9160041e+001
  2.9799592e+001
  1.8051580e+001
  5.5643221e+000
 -8.1616718e+000
 -2.1717839e+001
 -2.9230173e+001
 -2.7322121e+001
 -1.8051580e+001
 -6.0937819e+000
  7.0028542e+000
  1.9050561e+001
  2.6023445e+001
  3.1397961e+001
  3.6223037e+001
  3.8690520e+001
  3.9629561e+001
  3.8420795e+001
  3.3975331e+001
  2.6323140e+001
  1.6772885e+001
  9.1706422e+000
  7.0827727e+000
  1.3496229e+001
  2.3046484e+001
  3.0458919e+001
  3.0548828e+001
  2.8131295e+001
  2.3995515e+001
  1.6992661e+001
  5.1447503e+000
 -6.3435270e+000
 -1.4625076e+001
 -1.5524159e+001
 -9.5102956e+000
 -1.7981652e-001
  1.2007747e+001
  2.1787768e+001
  3.1507849e+001
  4.0438736e+001
  5.4274618e+001
  6.6572069e+001
  7.6322121e+001
  8.3824465e+001
  8.5672579e+001
  8.4893374e+001
  8.1546789e+001
  7.7271152e+001
  7.4184302e+001
  7.3574924e+001
  7.7381040e+001
  8.3454842e+001
  8.8569623e+001
  9.6671356e+001
  9.8699289e+001
  1.0010785e+002
  9.8689293e+001
  9.4563507e+001
  8.6222018e+001
  7.6881550e+001
  6.6542100e+001
  5.0768195e+001
  3.5853415e+001
  2.2586952e+001
  1.1648114e+001
  5.9439348e+000
  5.1047910e+000
  7.2326198e+000
  1.1408358e+001
  1.2886850e+001
  1.1388379e+001
  5.8240571e+000
 -2.8171253e+000
 -1.5614068e+001
 -2.9519878e+001
 -3.7711519e+001
 -4.1867279e+001
 -4.1487666e+001
 -3.4624669e+001
 -2.2197350e+001
 -9.8599388e+000
  1.1418348e+001
  3.1098267e+001
  3.6812436e+001
  4.1098063e+001
  4.2276860e+001
  4.0169011e+001
  3.3585729e+001
  2.3905606e+001
  1.4954740e+001
  3.5663608e+000
 -5.2646279e+000
 -1.3596126e+001
 -1.6882773e+001
 -1.8091539e+001
 -2.0958613e+001
 -2.4624873e+001
 -2.6313150e+001
 -2.2776758e+001
 -1.2137615e+001
 -5.9838940e+000
  4.8950051e-001
 -2.2077472e+000
 -8.6511723e+000
 -1.1508257e+001
 -1.3805913e+001
 -1.3696024e+001
 -1.0359429e+001
 -3.8260958e+000
  5.4744139e+000
  1.5534149e+001
  2.2217329e+001
  2.3825688e+001
  2.2886647e+001
  2.1518043e+001
  2.1308257e+001
  2.5034455e+001
  3.3505810e+001
  4.3315800e+001
  5.2586340e+001
  6.2516208e+001
  6.6262385e+001
  6.9209378e+001
  6.6042610e+001
  5.6462385e+001
  4.7351682e+001
  3.7981244e+001
  2.8221203e+001
  1.9639960e+001
  1.2467279e+001
  8.1716616e+000
  5.6442406e+000
  5.9239552e+000
  1.0069724e+001
  1.4814882e+001
  2.0848726e+001
  2.7352090e+001
  3.2197145e+001
  3.6962284e+001
  4.0278899e+001
  4.2526605e+001
  4.3615495e+001
  4.4704384e+001
  4.6672376e+001
  5.0528440e+001
  5.5133741e+001
  6.0208563e+001
  6.6661977e+001
  6.9698879e+001
  7.0318247e+001
  6.3704995e+001
  4.9909073e+001
  3.3685627e+001
  1.5693986e+001
 -5.3545362e+000
 -2.3555963e+001
 -3.9140061e+001
 -5.0718247e+001
 -5.5902956e+001
 -5.8250561e+001
 -5.5513353e+001
 -4.4734353e+001
 -2.5194292e+001
 -6.1237513e+000
  1.2187564e+001
  2.6642813e+001
  2.8420999e+001
  2.4924566e+001
  1.6752905e+001
  8.1716616e+000
  2.3675841e+000
 -4.4954129e+000
 -1.1508257e+001
 -1.4704995e+001
 -1.6003669e+001
 -1.6942711e+001
 -1.6872783e+001
 -1.6892763e+001
 -1.8211416e+001
 -2.0918655e+001
 -2.8061366e+001
 -3.3945362e+001
 -3.8700510e+001
 -4.4234863e+001
 -5.1197758e+001
 -5.5083792e+001
 -5.7111723e+001
 -5.6402447e+001
 -5.2975943e+001
 -4.7121916e+001
 -4.1537615e+001
 -3.8630581e+001
 -3.7172069e+001
 -3.8450765e+001
 -4.0598573e+001
 -4.1837308e+001
 -4.2336799e+001
 -4.3515597e+001
 -4.5623445e+001
 -4.8380632e+001
 -4.9589398e+001
 -4.8740265e+001
 -4.6132926e+001
 -4.1997145e+001
 -3.6292966e+001
 -3.1178186e+001
 -2.7072376e+001
 -2.4185321e+001
 -2.3785729e+001
 -2.6892558e+001
 -3.4045260e+001
 -4.2796330e+001
 -5.1707237e+001
 -5.7361468e+001
 -5.7521305e+001
 -5.0378593e+001
 -3.7821407e+001
 -2.4714781e+001
 -1.4415290e+001
 -6.2935779e+000
 -1.3985729e+000
  6.0338430e+000
  1.3875841e+001
  1.9540061e+001
  2.1607951e+001
  2.0539042e+001
  1.7981652e+001
  1.3955760e+001
  1.1758002e+001
  1.1827931e+001
  1.5084608e+001
  2.2017534e+001
  3.2097248e+001
  4.2406728e+001
  5.1827115e+001
  6.1247503e+001
  6.5153516e+001
  6.3315392e+001
  5.7651172e+001
  5.0128848e+001
  4.0988176e+001
  3.1328032e+001
  2.2876656e+001
  1.2087666e+001
  2.5873598e+000
 -3.6362895e+000
 -5.5043832e+000
 -4.8150866e+000
  3.9959226e-001
  9.2405708e+000
  1.9110500e+001
  2.4784710e+001
  2.5414068e+001
  2.3156371e+001
  1.5674006e+001
  1.0289500e+001
  7.1926605e+000
  4.8150866e+000
  3.9160040e+000
  4.6952090e+000
  6.2835882e+000
  1.0529256e+001
  1.6303364e+001
  2.3895616e+001
  3.1837513e+001
  3.6752497e+001
  4.0059123e+001
  4.0808358e+001
  3.9100102e+001
  3.0608766e+001
  2.0349235e+001
  8.3814476e+000
 -4.1158002e+000
 -1.6523140e+001
 -2.6133334e+001
 -3.1158206e+001
 -3.5983282e+001
 -3.9619572e+001
 -4.4154944e+001
 -4.5133945e+001
 -4.4184913e+001
 -4.4164934e+001
 -4.7351682e+001
 -5.1837105e+001
 -5.4324566e+001
 -5.5213660e+001
 -5.4664221e+001
 -5.3145769e+001
 -5.2806116e+001
 -5.2576350e+001
 -5.0718247e+001
 -4.8730276e+001
 -4.8080937e+001
 -5.1217737e+001
 -5.6632212e+001
 -6.0937819e+001
 -6.2975739e+001
 -6.4254434e+001
 -6.5832824e+001
 -6.7321305e+001
 -6.8609990e+001
 -6.8749847e+001
 -6.7680937e+001
 -6.6012640e+001
 -6.4194495e+001
 -6.1347400e+001
 -5.8889908e+001
 -5.4923955e+001
 -5.1127829e+001
 -4.6652395e+001
 -4.0648522e+001
 -3.3146177e+001
 -2.7581855e+001
 -2.6113353e+001
 -2.6353109e+001
 -2.8261162e+001
 -3.0858511e+001
 -3.2626708e+001
 -3.0748624e+001
 -2.5214271e+001
 -1.6273395e+001
 -1.8281345e+000
  1.4754944e+001
  3.5963303e+001
  5.0398573e+001
  6.3655045e+001
  7.2186340e+001
  7.4803669e+001
  7.2965545e+001
  6.9988584e+001
  6.7640979e+001
  6.5992661e+001
  6.5183486e+001
  6.6522121e+001
  7.0068502e+001
  7.4743731e+001
  7.9568808e+001
  8.3764526e+001
  8.3055250e+001
  7.6362079e+001
  6.6432212e+001
  5.4244648e+001
  4.2736392e+001
  3.1248114e+001
  2.0099490e+001
  1.2607136e+001
  7.4124363e+000
  5.8839960e+000
  5.5643221e+000
  6.2236493e+000
  7.6521916e+000
  1.0509276e+001
  1.5654026e+001
  2.0768808e+001
  2.6133334e+001
  3.1407951e+001
  3.6243018e+001
  4.1307849e+001
  4.4574516e+001
  4.5363711e+001
  4.6682365e+001
  4.7481550e+001
  4.8110907e+001
  4.8930071e+001
  5.0418553e+001
  5.0398573e+001
  5.0958002e+001
  5.0288685e+001
  4.8600408e+001
  4.5643426e+001
  4.2476656e+001
  3.8091132e+001
  3.5224057e+001
  3.3825484e+001
  3.4135168e+001
  3.5303976e+001
  3.7251987e+001
  3.9379816e+001
  4.1817329e+001
  4.4005097e+001
  4.5593476e+001
  4.5213863e+001
  4.2546585e+001
  3.8171050e+001
  3.2346993e+001
  2.5324159e+001
  1.7392253e+001
  1.0239552e+001
  1.2387360e+000
 -6.9329256e+000
 -1.3126605e+001
 -1.6912742e+001
 -1.6003670e+001
 -1.5683995e+001
 -1.5024669e+001
 -1.5304384e+001
 -1.2707034e+001
 -9.1506626e+000
 -7.1826708e+000
 -6.5333334e+000
 -6.3435270e+000
 -6.3535168e+000
 -6.4234455e+000
 -6.0138634e+000
 -3.4464832e+000
  1.1188584e+000
  8.1916412e+000
  1.6243426e+001
  2.4075434e+001
  2.9759633e+001
  3.6682569e+001
  3.9309887e+001
  4.1917227e+001
  4.3006116e+001
  4.2466666e+001
  4.2436697e+001
  4.0788379e+001
  3.8520693e+001
  3.4964322e+001
  3.2506829e+001
  3.0299082e+001
  3.0398981e+001
  3.0578797e+001
  3.1497860e+001
  3.4135168e+001
  3.4105199e+001
  3.1328032e+001
  2.5873598e+001
  1.6093578e+001
  7.8519878e+000
  2.4574924e+000
  1.9380224e+000
  1.3486239e+000
 -3.8960245e-001
 -3.1467890e+000
 -5.9239552e+000
 -9.7800203e+000
 -1.3855861e+001
 -1.8740877e+001
 -2.3126402e+001
 -2.5254231e+001
 -2.2736799e+001
 -1.5713966e+001
 -8.0817534e+000
  1.6183486e+000
  1.4625076e+001
  2.3436086e+001
  3.2956371e+001
  3.9439755e+001
  4.6712334e+001
  5.4874006e+001
  6.0488277e+001
  6.4644037e+001
  6.5453211e+001
  6.2626095e+001
  5.5373497e+001
  4.6612436e+001
  3.6043221e+001
  2.3635882e+001
  1.0898879e+001
  3.5164118e+000
 -3.6862385e+000
 -5.0348624e+000
 -3.0668705e+000
  1.1088685e+000
  6.5133537e+000
  6.6432212e+000
  1.6583079e+000
 -5.8140673e+000
 -1.1827931e+001
 -1.7841794e+001
 -2.4614882e+001
 -3.0388991e+001
 -3.5084200e+001
 -3.5283995e+001
 -3.4814476e+001
 -3.4095209e+001
 -3.3855453e+001
 -3.3615698e+001
 -3.3176147e+001
 -3.1118247e+001
 -2.5044445e+001
 -1.5743935e+001
 -7.1726810e+000
  4.9249745e+000
  1.3096636e+001
  1.8301326e+001
  2.1338226e+001
  2.1528032e+001
  2.0089500e+001
  1.5134557e+001
  7.2825688e+000
  3.4065240e+000
  1.2187564e+000
  3.6962284e+000
  7.5223242e+000
  4.5353721e+000
 -3.7261977e+000
 -1.9959633e+001
 -4.4104995e+001
 -7.0577982e+001
 -8.6301937e+001
 -9.1346789e+001
 -8.4593680e+001
 -7.3764730e+001
 -5.8540265e+001
 -4.4744342e+001
 -3.5423853e+001
 -3.8500713e+001
 -4.8200816e+001
 -6.2556168e+001
 -7.4424057e+001
 -8.1287054e+001
 -8.3934353e+001
 -8.1077268e+001
 -7.3265240e+001
 -6.2735984e+001
 -5.2726198e+001
 -4.4634455e+001
 -4.0478695e+001
 -4.2117024e+001
 -4.9209786e+001
 -5.6322528e+001
 -6.1037716e+001
 -6.1207543e+001
 -5.4174719e+001
 -4.2836289e+001
 -2.9070337e+001
 -1.5404281e+001
 -4.3655453e+000
  6.7031600e+000
  1.3216514e+001
  1.7671968e+001
  2.0648929e+001
  2.2057492e+001
  2.1737819e+001
  1.9280326e+001
  1.5344342e+001
  1.0089705e+001
  6.7630989e+000
  6.5333334e+000
  1.0329460e+001
  1.5574108e+001
  2.2766769e+001
  3.0099287e+001
  4.0248929e+001
  4.8380632e+001
  5.4284608e+001
  5.5543323e+001
  5.4554332e+001
  5.2796126e+001
  5.1307645e+001
  5.2166769e+001
  5.5413456e+001
  6.3425281e+001
  6.9069521e+001
  7.6481957e+001
  8.0008358e+001
  8.8239959e+001
  9.6911111e+001
  1.0492294e+002
  1.0937839e+002
  1.0541244e+002
  9.0397758e+001
  7.5393068e+001
  5.8550255e+001
  4.0988176e+001
  2.7761671e+001
  1.9939653e+001
  1.5084608e+001
  1.2727013e+001
  1.3576147e+001
  1.6982671e+001
  1.8031600e+001
  1.8041590e+001
  1.7731906e+001
  1.7262385e+001
  1.6033639e+001
  1.2527218e+001
  7.6022426e+000
  2.1178389e+000
 -1.8980632e-001
  1.0289500e+000
  6.3635066e+000
  1.4555148e+001
  2.5054434e+001
  3.6822426e+001
  4.3655453e+001
  4.6362692e+001
  3.9919266e+001
  2.7232212e+001
  1.3995719e+001
 -4.4754332e+000
 -1.9909684e+001
 -3.3266055e+001
 -4.0089093e+001
 -4.3395719e+001
 -4.3695413e+001
 -4.1777370e+001
 -3.7182059e+001
 -2.7332110e+001
 -1.1748013e+001
  5.3944955e+000
  1.5414271e+001
  6.5233435e+000
 -1.3286442e+001
 -2.6572885e+001
 -3.2516819e+001
 -3.5323955e+001
 -3.8111111e+001
 -3.9729460e+001
 -3.8250968e+001
 -3.2526810e+001
 -2.3086442e+001
 -1.6153516e+001
 -1.4105606e+001
 -1.2537207e+001
 -1.0359429e+001
 -5.6042813e+000
  1.5783894e+000
  9.8599388e+000
  1.7641998e+001
  2.5543935e+001
  3.0938430e+001
  3.1218145e+001
  2.8211213e+001
  2.5513966e+001
  2.3595923e+001
  1.9809786e+001
  1.5803874e+001
  9.4103976e+000
  1.0289500e+000
 -9.9798163e+000
 -2.0598981e+001
 -2.5294190e+001
 -2.4265240e+001
 -2.1228339e+001
 -1.9260347e+001
 -1.7432212e+001
 -1.6972681e+001
 -1.7472171e+001
 -1.7262385e+001
 -1.1718043e+001
 -4.0758410e+000
  5.4244648e+000
  1.7761876e+001
  2.8700713e+001
  3.7771458e+001
  4.4864221e+001
  4.9599389e+001
  5.3505403e+001
  5.6402447e+001
  5.9968808e+001
  6.3924771e+001
  6.4224465e+001
  5.9549235e+001
  4.9679307e+001
  4.0528644e+001
  3.0408971e+001
  2.0569011e+001
  1.2047706e+001
  4.3155963e+000
 -2.2976555e+000
 -9.0008155e+000
 -1.7961671e+001
 -2.7062385e+001
 -3.3345974e+001
 -3.8350866e+001
 -4.4134964e+001
 -4.9219776e+001
 -5.3045871e+001
 -5.4284608e+001
 -5.4094801e+001
 -5.2516412e+001
 -4.8600408e+001
 -4.5453619e+001
 -4.3615495e+001
 -4.4244852e+001
 -4.7361671e+001
 -4.9149847e+001
 -4.8980021e+001
 -4.6372681e+001
 -4.1457697e+001
 -3.4814476e+001
 -2.8111315e+001
 -2.0968603e+001
 -1.4575127e+001
 -6.5433231e+000
  5.9239552e+000
  1.7352294e+001
  2.5573905e+001
  3.3355963e+001
  3.9200000e+001
  4.5183894e+001
  5.1637308e+001
  5.7671152e+001
  6.2725994e+001
  6.4444240e+001
  6.2795923e+001
  5.7201631e+001
  4.3016106e+001
  3.0758613e+001
  2.0948624e+001
  1.5324363e+001
  1.5644037e+001
  1.7442202e+001
  1.7991642e+001
  1.6613048e+001
  9.5102956e+000
 -9.3904179e-001
 -1.0639144e+001
 -2.1398165e+001
 -2.9449949e+001
 -3.5174108e+001
 -3.6762487e+001
 -3.4464832e+001
 -3.0798573e+001
 -2.0948624e+001
 -1.6822834e+001
 -2.0279307e+001
 -2.3975535e+001
 -2.6922528e+001
 -2.9979408e+001
 -3.3445871e+001
 -3.6512742e+001
 -3.7901326e+001
 -3.7202039e+001
 -3.5144139e+001
 -3.3186137e+001
 -2.8750663e+001
 -2.2387156e+001
 -1.3925790e+001
 -6.6632008e+000
  2.9969419e-002
  5.0848114e+000
  8.1516819e+000
  1.0469317e+001
  1.1498267e+001
  1.3026708e+001
  1.4934760e+001
  1.5444240e+001
  1.9580021e+001
  2.3386137e+001
  2.7022426e+001
  2.9879511e+001
  3.4115189e+001
  4.0608563e+001
  4.8980021e+001
  5.9958818e+001
  7.2516005e+001
  7.8409990e+001
  7.3744750e+001
  6.0927829e+001
  4.6222834e+001
  3.0309072e+001
  1.2996738e+001
  3.0369011e+000
 -1.6982671e+000
 -3.4964322e+000
 -6.6132518e+000
 -1.1887869e+001
 -1.9480122e+001
 -2.7112334e+001
 -3.6752497e+001
 -4.5533537e+001
 -5.6832008e+001
 -6.6532110e+001
 -7.2625892e+001
 -7.6262181e+001
 -8.2785524e+001
 -8.3494801e+001
 -7.8549847e+001
 -6.4474210e+001
 -4.6812232e+001
 -1.7192457e+001
  4.3955148e+000
  2.1897655e+001
  3.5333945e+001
  3.6612640e+001
  3.0888481e+001
  2.1797758e+001
  1.0329460e+001
 -3.9659531e+000
 -1.5304384e+001
 -2.0399184e+001
 -2.2347197e+001
 -2.2676860e+001
 -2.0439144e+001
 -1.4325382e+001
 -5.1147808e+000
  5.2746177e+000
  1.3126605e+001
  1.6423242e+001
  1.5654026e+001
  1.0539245e+001
  3.9659531e+000
 -2.2976555e+000
 -9.3904179e+000
 -1.6343323e+001
 -2.1667890e+001
 -2.3236289e+001
 -1.8561060e+001
 -9.1007136e+000
 -5.6941896e-001
  2.9769623e+000
  3.1967380e+000
  2.2776758e+000
 -6.9928644e-002
 -2.7771661e+000
 -4.9849134e+000
 -4.7351682e+000
  1.0988787e-001
  9.8599388e+000
  2.1288277e+001
  3.4854434e+001
  4.5393680e+001
  5.3805097e+001
  5.9838940e+001
  6.3784913e+001
  6.2286442e+001
  5.3515392e+001
  3.9479715e+001
  2.4175331e+001
  8.9508665e+000
 -3.9259939e+000
 -1.8650968e+001
 -2.3516005e+001
 -2.4664832e+001
 -2.3585932e+001
 -2.2017534e+001
 -2.0559021e+001
 -1.9799797e+001
 -2.0588991e+001
 -2.2846687e+001
 -2.7881550e+001
 -3.3615698e+001
 -3.7241998e+001
 -3.6892355e+001
 -3.3615698e+001
 -2.7691743e+001
 -2.0928644e+001
 -1.6093578e+001
 -9.2305810e+000
  4.3355760e+000
  1.2307442e+001
  1.1498267e+001
  3.1967380e+000
 -1.7771866e+001
 -2.1488074e+001
 -1.4205505e+001
 -1.1458308e+001
 -1.3096636e+001
 -1.5953721e+001
 -1.8361264e+001
 -1.8690928e+001
 -1.7991642e+001
 -1.8051580e+001
 -1.9500102e+001
 -2.2417126e+001
 -2.5833639e+001
 -3.1208155e+001
 -3.4424873e+001
 -3.6922324e+001
 -3.8460755e+001
 -3.8700510e+001
 -3.7761468e+001
 -3.4514781e+001
 -2.7851580e+001
 -2.1148420e+001
 -1.4075637e+001
 -7.1027523e+000
 -2.5673802e+000
 -3.8061162e+000
 -7.1427115e+000
 -1.7092558e+001
 -3.0249134e+001
 -3.7481753e+001
 -4.1038124e+001
 -3.9629561e+001
 -3.4055250e+001
 -2.3366157e+001
 -9.6301733e+000
  6.1537207e+000
  1.8710907e+001
  2.6173292e+001
  2.8800611e+001
  2.8890520e+001
  2.5903568e+001
  1.8770846e+001
  9.2605505e+000
  1.4984710e-001
 -2.7871560e+000
 -3.2866463e+000
 -3.2966361e-001
  2.4375127e+000
  9.1107034e+000
  1.4754944e+001
  1.8990622e+001
  2.1867686e+001
  2.1128440e+001
  1.8061570e+001
  1.3316412e+001
  6.8629969e+000
  1.9080530e+000
 -3.0968400e+000
 -6.2835882e+000
 -7.2725790e+000
 -6.0438329e+000
 -1.7582059e+000
  1.9480122e+000
  4.9049949e+000
  6.8729868e+000
  7.9618756e+000
  8.6911315e+000
  9.0707442e+000
  9.7700306e+000
  1.2836901e+001
  1.8820795e+001
  2.6023445e+001
  3.1887461e+001
  3.7731498e+001
  4.3695413e+001
  5.0538430e+001
  5.7960856e+001
  6.8749847e+001
  7.3105403e+001
  7.1227319e+001
  6.5193476e+001
  5.7351478e+001
  4.5793272e+001
  3.4115189e+001
  2.3765750e+001
  1.3755963e+001
  7.3624873e+000
  3.5064221e+000
  1.5484200e+000
  1.1787971e+000
  5.5942916e-001
  5.9938838e-002
 -1.1787971e+000
 -3.6163099e+000
 -3.6362895e+000
 -3.2866463e+000
 -2.9270132e+000
 -3.3865443e+000
 -5.1347605e+000
 -6.0538226e+000
 -7.5922528e+000
 -7.7321101e+000
 -6.8430173e+000
 -5.8740061e+000
 -5.8740061e+000
 -8.0517839e+000
 -1.1258511e+001
 -1.5464221e+001
 -1.7951682e+001
 -1.8870744e+001
 -1.8541081e+001
 -1.8061570e+001
 -1.7072579e+001
 -1.6183486e+001
 -1.5334353e+001
 -1.5564118e+001
 -1.6163507e+001
 -1.7362284e+001
 -1.7841794e+001
 -1.7152497e+001
 -1.3915800e+001
 -8.5512742e+000
 -2.7871560e+000
  6.1836901e+000
  1.3755963e+001
  1.6133537e+001
  9.4303771e+000
 -5.0748216e+000
 -2.1468094e+001
 -3.5114169e+001
 -3.8640571e+001
 -3.3216106e+001
 -2.6922528e+001
 -2.2856677e+001
 -2.2756779e+001
 -2.9090316e+001
 -3.5413863e+001
 -3.9609582e+001
 -4.2376758e+001
 -4.3375739e+001
 -4.1657492e+001
 -3.4364934e+001
 -2.4385118e+001
 -1.3905810e+001
 -4.9849134e+000
  1.5384302e+000
  5.6042813e+000
  7.3524974e+000
  8.3215087e+000
  1.0499287e+001
  1.4685015e+001
  2.2676860e+001
  3.4574719e+001
  5.0338634e+001
  6.4634047e+001
  7.7391029e+001
  8.7860347e+001
  9.3464628e+001
  9.6131906e+001
  9.4583486e+001
  8.9898267e+001
  8.3285015e+001
  7.4134353e+001
  6.3445260e+001
  5.1267686e+001
  3.9289908e+001
  2.9539858e+001
  2.1408155e+001
  1.3925790e+001
  7.1427115e+000
  8.8909276e-001
 -3.0968400e+000
 -7.3025484e+000
 -1.0729052e+001
 -1.3306422e+001
 -1.4625076e+001
 -1.4525179e+001
 -1.3076656e+001
 -9.6601427e+000
 -5.3245668e+000
 -1.0988787e+000
  3.0568808e+000
  8.6411824e+000
  1.2826911e+001
  1.9550051e+001
  2.6043426e+001
  3.1577778e+001
  3.5683588e+001
  3.7571661e+001
  3.8720489e+001
  3.7671560e+001
  3.4155148e+001
  2.9340061e+001
  2.4285219e+001
  1.6862793e+001
  6.8430173e+000
 -4.9849134e+000
 -1.7751886e+001
 -2.9659735e+001
 -3.8450765e+001
 -4.3395719e+001
 -4.7251784e+001
 -4.8250765e+001
 -4.6232824e+001
 -4.0538634e+001
 -3.3036289e+001
 -2.5124363e+001
 -1.8780836e+001
 -1.2197553e+001
 -8.7211009e+000
 -7.2326198e+000
 -7.0228339e+000
 -8.6112131e+000
 -1.1358410e+001
 -1.2637105e+001
 -1.0898879e+001
 -2.5573905e+000
  7.2725790e+000
  1.9390214e+001
  2.8281142e+001
  3.1188176e+001
  2.8051376e+001
  2.0509073e+001
  1.0928848e+001
  1.6982671e-001
 -9.2305810e+000
 -1.7691947e+001
 -2.8580836e+001
 -3.6143119e+001
 -4.0238940e+001
 -4.1367788e+001
 -4.1447706e+001
 -3.8630581e+001
 -3.3745566e+001
 -2.9489908e+001
 -2.4654842e+001
 -1.9619979e+001
 -1.4984710e+001
 -1.2577166e+001
 -1.3136595e+001
 -1.4185525e+001
 -1.5404281e+001
 -1.8331295e+001
 -2.3226300e+001
 -2.7611824e+001
 -2.9559837e+001
 -2.7831600e+001
 -2.0958613e+001
 -1.1618145e+001
 -3.6462793e+000
  3.0069317e+000
  9.8099901e+000
  1.6752905e+001
  2.2936595e+001
  2.7951478e+001
  3.1467890e+001
  3.3216106e+001
  3.2956371e+001
  3.0858511e+001
  2.8371050e+001
  2.6203262e+001
  2.4854638e+001
  2.4485015e+001
  2.4774719e+001
  2.5633843e+001
  2.7422018e+001
  2.9749643e+001
  3.1258104e+001
  3.1587768e+001
  3.0349032e+001
  2.7621814e+001
  2.4055453e+001
  1.9819776e+001
  1.4734964e+001
  9.3604485e+000
  4.4154944e+000
  1.3486239e+000
 -2.5673802e+000
 -6.5732926e+000
 -9.9298676e+000
 -1.3326402e+001
 -1.4675026e+001
 -1.5034658e+001
 -1.4385321e+001
 -1.3466259e+001
 -1.2876860e+001
 -1.1038736e+001
 -8.9708461e+000
 -6.6332314e+000
 -6.3135576e+000
 -7.5522936e+000
 -9.3904179e+000
 -1.0749032e+001
 -1.3426300e+001
 -1.7352294e+001
 -2.0678899e+001
 -2.4285219e+001
 -2.8550866e+001
 -3.1887461e+001
 -3.4065240e+001
 -3.5174108e+001
 -3.6093171e+001
 -3.5144139e+001
 -2.9849542e+001
 -2.2626911e+001
 -1.3666055e+001
 -6.7531090e+000
 -3.5563711e+000
 -6.2735984e+000
 -1.1897860e+001
 -1.7292355e+001
 -2.3845668e+001
 -2.9659735e+001
 -3.1817534e+001
 -3.1417941e+001
 -2.7302140e+001
 -2.2067482e+001
 -1.7262385e+001
 -1.3206524e+001
 -1.0489297e+001
 -9.1206932e+000
 -9.2705403e+000
 -1.1238532e+001
 -1.4015698e+001
 -1.6423242e+001
 -1.7542100e+001
 -1.7092558e+001
 -1.4784913e+001
 -1.2507237e+001
 -1.3036697e+001
 -1.6443221e+001
 -2.1028542e+001
 -2.3685831e+001
 -2.4355148e+001
 -2.3635882e+001
 -2.4784710e+001
 -3.0958410e+001
 -3.5893374e+001
 -3.9639552e+001
 -4.1887258e+001
 -4.3955148e+001
 -4.5413660e+001
 -4.5643426e+001
 -4.1847299e+001
 -3.2526810e+001
 -2.2477064e+001
 -1.1108665e+001
  6.0937819e-001
  1.0059735e+001
  1.6593068e+001
  2.3715800e+001
  2.9699694e+001
  3.3475841e+001
  3.4844445e+001
  3.5293986e+001
  3.4714577e+001
  3.4404893e+001
  3.4964322e+001
  3.6892355e+001
  3.9719470e+001
  4.4494597e+001
  5.1697248e+001
  6.1627115e+001
  7.1596942e+001
  7.8529868e+001
  8.1027319e+001
  7.7301121e+001
  6.3914781e+001
  5.0568400e+001
  3.7311926e+001
  2.7052395e+001
  1.8990622e+001
  1.2786952e+001
  7.6921508e+000
  4.4254842e+000
  4.7851172e+000
  7.9418960e+000
  1.2407339e+001
  1.7542100e+001
  2.3156371e+001
  2.7222222e+001
  3.0189195e+001
  3.1118247e+001
  2.8490928e+001
  2.3625892e+001
  1.7971661e+001
  1.1108665e+001
  2.7871560e+000
 -6.6232416e+000
 -1.4035678e+001
 -2.0359226e+001
 -2.3635882e+001
 -2.4984505e+001
 -2.4375127e+001
 -1.8161468e+001
 -9.7200816e+000
 -3.7761468e+000
 -3.9959226e-002
  1.6882773e+000
 -8.9908257e-001
 -7.4424057e+000
 -1.2776963e+001
 -1.9939653e+001
 -2.5493986e+001
 -2.9210194e+001
 -2.9320082e+001
 -2.7112334e+001
 -2.2437105e+001
 -1.7072579e+001
 -1.0888889e+001
 -4.3056065e+000
  1.3086647e+000
  5.5543323e+000
  9.0707442e+000
  1.1028747e+001
  9.4503568e+000
  5.5643221e+000
  6.7930683e-001
 -4.4154944e+000
 -7.9818553e+000
 -1.0089705e+001
 -1.1128644e+001
 -1.0519266e+001
 -6.4733945e+000
 -9.2905199e-001
  5.5143731e+000
  1.1428339e+001
  1.6523140e+001
  2.0628950e+001
  3.2446891e+001
  2.3266259e+001
  2.3905606e+001
  2.4035474e+001
  2.0339245e+001
  1.6942711e+001
  1.0779001e+001
  5.7741081e+000
 -4.9949032e-002
 -6.4833843e+000
 -1.0369419e+001
 -1.4784913e+001
 -1.8591029e+001
 -1.9809786e+001
 -1.9729868e+001
 -1.8191437e+001
 -1.2896840e+001
 -5.5543323e+000
  2.1677879e+000
  8.6611621e+000
  1.4475229e+001
  2.0349235e+001
  2.7072376e+001
  3.1657697e+001
  3.3755555e+001
  3.2007339e+001
  2.6482976e+001
  1.8850765e+001
  1.1558206e+001
  5.5343527e+000
  1.1388379e+000
 -6.2935779e-001
  8.9908257e-002
  5.4044852e+000
  1.3066666e+001
  2.0738838e+001
  2.8520897e+001
  3.4384913e+001
  3.7431805e+001
  3.8121101e+001
  3.6872376e+001
  3.1667686e+001
  2.3226300e+001
  1.2147605e+001
  3.6362895e+000
 -5.0748216e+000
 -1.2567176e+001
 -1.8351274e+001
 -2.1807747e+001
 -2.2626911e+001
 -2.1707849e+001
 -1.7092558e+001
 -1.2437308e+001
 -8.8409786e+000
 -5.6742100e+000
 -3.7761468e+000
 -2.5773700e+000
 -1.7781855e+000
 -1.2487258e+000
 -1.8880734e+000
 -4.0358818e+000
 -7.3524974e+000
 -1.1748013e+001
 -1.5044648e+001
 -1.7242406e+001
 -1.7602039e+001
 -1.7392253e+001
 -1.3696024e+001
 -5.4744139e+000
  1.1588176e+000
  7.6022426e+000
  1.4355352e+001
  1.8960652e+001
  2.0449134e+001
  2.0429153e+001
  1.9000611e+001
  1.5064628e+001
  9.0907237e+000
  2.2576963e+000
 -4.7151886e+000
 -9.4403669e+000
 -1.5064628e+001
 -1.9060550e+001
 -2.1528032e+001
 -2.2197350e+001
 -2.1378186e+001
 -1.9729868e+001
 -1.7452192e+001
 -1.5474210e+001
 -1.2906829e+001
 -9.8998983e+000
 -7.4623853e+000
 -5.3345566e+000
 -3.9060142e+000
 -3.4165137e+000
 -4.7451580e+000
 -7.5622834e+000
 -1.0189603e+001
 -1.2737003e+001
 -1.5354332e+001
 -1.7791845e+001
 -2.0269317e+001
 -2.2906626e+001
 -2.5873598e+001
 -2.7651784e+001
 -2.7921508e+001
 -2.7242202e+001
 -2.6702752e+001
 -2.7222222e+001
 -2.8401019e+001
 -2.9469929e+001
 -2.9140265e+001
 -2.3985524e+001
 -1.7602039e+001
 -1.2487258e+001
 -6.6731906e+000
 -7.1926605e-001
  4.7051987e+000
  9.0008155e+000
  1.1478287e+001
  1.0918858e+001
  6.6232416e+000
  1.2087666e+000
 -4.6053007e+000
 -9.3104995e+000
 -1.2057697e+001
 -1.3716005e+001
 -1.4205505e+001
 -1.2737003e+001
 -9.8699289e+000
 -3.6662589e+000
  2.3376147e+000
  6.9029561e+000
  1.1827931e+001
  1.5144547e+001
  1.7851784e+001
  2.1098471e+001
  2.7102345e+001
  3.3565750e+001
  3.9959226e+001
  4.4474618e+001
  4.5993068e+001
  4.3675434e+001
  3.7531702e+001
  2.8051376e+001
  1.7002650e+001
  5.9938838e+000
 -4.2156982e+000
 -1.2587156e+001
 -2.1208358e+001
 -2.5583894e+001
 -3.1927421e+001
 -3.6882365e+001
 -3.8360856e+001
 -3.7321916e+001
 -3.3745566e+001
 -3.3795515e+001
 -3.7481753e+001
 -3.8750458e+001
 -3.7921305e+001
 -3.5653619e+001
 -3.3585729e+001
 -3.2007339e+001
 -2.9739653e+001
 -2.7641794e+001
 -2.6013456e+001
 -2.3386137e+001
 -2.0529052e+001
 -1.9210397e+001
 -1.5074618e+001
 -9.7200816e+000
 -1.2786952e+000
  6.4534149e+000
  1.2637105e+001
  1.6213456e+001
  1.9320285e+001
  2.0968603e+001
  1.9709887e+001
  1.2567176e+001
  5.1547400e+000
 -2.4574924e+000
 -9.5302752e+000
 -1.5783894e+001
 -1.9170439e+001
 -1.9939653e+001
 -1.9909684e+001
 -1.7921713e+001
 -1.5134556e+001
 -1.0029766e+001
 -3.5663608e+000
  4.0159021e+000
  9.7400611e+000
  1.3686034e+001
  1.7442202e+001
  2.0159429e+001
  2.1378186e+001
  2.2257289e+001
  2.5414068e+001
  3.1118247e+001
  3.6842406e+001
  4.0998165e+001
  4.3315800e+001
  4.4055045e+001
  4.3485627e+001
  4.2316819e+001
  4.0308868e+001
  3.6372885e+001
  3.2097248e+001
  2.7981447e+001
  2.2327218e+001
  1.6493171e+001
  1.0918858e+001
  6.0538226e+000
  1.4984710e+000
 -2.7771661e+000
 -5.9039755e+000
 -7.5822630e+000
 -8.5612640e+000
 -9.2605505e+000
 -9.5202855e+000
 -9.7001019e+000
 -9.8998983e+000
 -1.0069724e+001
 -1.0269521e+001
 -1.0499287e+001
 -1.1438329e+001
 -1.3995719e+001
 -1.7232416e+001
 -2.0389195e+001
 -2.4604893e+001
 -2.7571866e+001
 -2.7731702e+001
 -2.4375127e+001
 -1.7352294e+001
 -6.9429154e+000
  7.2426095e+000
  1.9510092e+001
  2.7631805e+001
  3.2766565e+001
  3.6812436e+001
  3.9859327e+001
  4.1427727e+001
  4.1907237e+001
  4.2326810e+001
  4.3835270e+001
  4.4764322e+001
  4.0258919e+001
  3.4394903e+001
  2.9150255e+001
  2.4465036e+001
  1.9220387e+001
  1.2856881e+001
  7.5622834e+000
 -5.9938838e-002
 -6.7531090e+000
 -1.2996738e+001
 -2.0239348e+001
 -2.6772681e+001
 -3.0868502e+001
 -3.3485831e+001
 -3.4424873e+001
 -3.5094190e+001
 -3.4634658e+001
 -3.0259123e+001
 -2.2427115e+001
 -1.3386340e+001
 -2.4075434e+000
  6.2636086e+000
  1.2257492e+001
  1.4565137e+001
  1.5484200e+001
  1.0808971e+001
  5.0548420e+000
 -2.7471968e+000
 -1.3526198e+001
 -2.2606932e+001
 -3.0279103e+001
 -3.3755555e+001
 -3.4484811e+001
 -3.4075229e+001
 -3.1637716e+001
 -2.8670744e+001
 -2.4075434e+001
 -2.1038532e+001
 -1.7212436e+001
 -1.4195515e+001
 -1.2367380e+001
 -1.1018756e+001
 -1.1028747e+001
 -1.3176555e+001
 -1.8640979e+001
 -2.1677879e+001
 -2.2576963e+001
 -2.1817737e+001
 -2.0768808e+001
 -2.0588991e+001
 -2.1777778e+001
 -2.2017534e+001
 -2.2027523e+001
 -2.1957594e+001
 -2.0569011e+001
 -1.7951682e+001
 -1.7002650e+001
 -1.6752905e+001
 -1.6603058e+001
 -1.4595107e+001
 -9.1206932e+000
  1.5983690e-001
  8.4813456e+000
  1.6942711e+001
  2.3545974e+001
  3.0199184e+001
  3.6702548e+001
  4.1967176e+001
  4.5443629e+001
  4.8580428e+001
  5.1257697e+001
  5.2316616e+001
  5.2925994e+001
  5.3345566e+001
  5.3914985e+001
  5.3535372e+001
  4.8390622e+001
  3.9200000e+001
  2.7731702e+001
  1.5674006e+001
  5.9938838e+000
 -4.3455658e+000
 -1.3406320e+001
 -2.3306218e+001
 -3.2157187e+001
 -4.0179001e+001
 -4.6312742e+001
 -5.2516412e+001
 -5.7311519e+001
 -5.9749032e+001
 -6.0598165e+001
 -5.8610194e+001
 -5.2406524e+001
 -4.3056065e+001
 -3.2287054e+001
 -2.2407136e+001
 -1.4734964e+001
 -6.7331295e+000
  1.0788991e+000
  6.6132518e+000
  1.1628134e+001
  1.5833843e+001
  2.0738838e+001
  2.3226300e+001
  2.5074414e+001
  2.7591845e+001
  3.1397961e+001
  3.5513761e+001
  3.7761468e+001
  3.7331906e+001
  3.2746585e+001
  2.2956574e+001
  1.2497248e+001
  1.5584098e+000
 -5.4744139e+000
 -1.0649134e+001
 -1.5254434e+001
 -1.9350255e+001
 -2.1777778e+001
 -2.2527013e+001
 -2.1158410e+001
 -1.6822834e+001
 -1.1628134e+001
 -5.6342508e+000
  3.0968400e-001
  4.6452600e+000
  7.4324159e+000
  8.1616718e+000
  6.3934760e+000
  2.9370031e+000
 -3.2267074e+000
 -9.7400611e+000
 -1.3825892e+001
 -1.6772885e+001
 -1.7981652e+001
 -1.7791845e+001
 -1.4994700e+001
 -1.1328440e+001
 -5.2146789e+000
  1.6283384e+000
  6.7431192e+000
  1.0509276e+001
  1.3825892e+001
  1.4704995e+001
  1.3086647e+001
  6.3734964e+000
 -1.4884811e+000
 -8.5712539e+000
 -1.5054638e+001
 -2.0179408e+001
 -2.3895616e+001
 -2.4375127e+001
 -2.1028542e+001
 -1.3096636e+001
 -5.5343527e+000
  2.8870540e+000
  1.1797961e+001
  1.8091539e+001
  2.1647910e+001
  2.3116411e+001
  2.1198369e+001
  1.5654026e+001
  6.3235474e+000
 -8.6911315e-001
 -1.1638124e+001
 -1.7482161e+001
 -2.1188379e+001
 -2.3356168e+001
 -2.3835678e+001
 -2.2317227e+001
 -1.9629969e+001
 -1.9639960e+001
 -1.9859735e+001
 -1.9060550e+001
 -1.9899694e+001
 -2.3376147e+001
 -2.8241182e+001
 -3.2466871e+001
 -3.3116208e+001
 -3.2327013e+001
 -3.0309072e+001
 -2.7701733e+001
 -2.5254231e+001
 -2.2417126e+001
 -2.0249337e+001
 -1.8670948e+001
 -1.6862793e+001
 -1.5773905e+001
 -1.5664016e+001
 -1.5893782e+001
 -1.4914781e+001
 -1.3845871e+001
 -1.5644037e+001
 -2.0718858e+001
 -2.3256269e+001
 -2.4265240e+001
 -2.3615902e+001
 -2.2257289e+001
 -2.0389195e+001
 -1.7472171e+001
 -1.3965750e+001
 -1.0918858e+001
 -9.9398578e+000
 -8.7211009e+000
 -8.7211009e+000
 -9.7100918e+000
 -1.0838940e+001
 -1.4055658e+001
 -1.7402242e+001
 -1.9360245e+001
 -2.0309276e+001
 -2.0169419e+001
 -1.9310295e+001
 -1.8561060e+001
 -1.6892763e+001
 -1.6912742e+001
 -1.7661977e+001
 -1.8680937e+001
 -2.0579001e+001
 -2.2906626e+001
 -2.4365137e+001
 -2.5304179e+001
 -2.5444037e+001
 -2.5883588e+001
 -2.7242202e+001
 -3.0938430e+001
 -3.2416921e+001
 -3.1907442e+001
 -2.9669724e+001
 -2.6812640e+001
 -2.3895616e+001
 -2.0559021e+001
 -1.8011621e+001
 -1.5214476e+001
 -1.2287461e+001
 -7.5123344e+000
  3.1967380e-001
  8.3614679e+000
  1.3556168e+001
  1.9360245e+001
  2.3715800e+001
  2.6702752e+001
  2.8690724e+001
  2.7741692e+001
  2.2636901e+001
  1.3556168e+001
  4.7451580e+000
 -5.7441387e+000
 -1.2157594e+001
 -1.6912742e+001
 -2.1198369e+001
 -2.3046484e+001
 -2.4405097e+001
 -2.5593884e+001
 -2.7511926e+001
 -2.8450968e+001
 -2.7471968e+001
 -2.3735779e+001
 -1.5873802e+001
 -8.6112131e+000
 -1.5983690e-001
  9.3604485e+000
  2.0119470e+001
  2.7352090e+001
  3.3665647e+001
  3.7311926e+001
  4.1887258e+001
  4.5153924e+001
  4.6692355e+001
  4.6762284e+001
  4.5453619e+001
  4.3076045e+001
  4.0588584e+001
  3.8680530e+001
  3.7551682e+001
  3.7092151e+001
  3.7491743e+001
  3.9180021e+001
  4.0838329e+001
  4.1367788e+001
  4.0558613e+001
  3.6882365e+001
  3.1138226e+001
  2.5613863e+001
  2.0189398e+001
  1.5384302e+001
  1.0569215e+001
  8.9208971e+000
  8.2116208e+000
  7.9818553e+000
  5.7641182e+000
  2.8470948e+000
 -5.9938838e-002
 -1.6483181e+000
 -2.2776758e+000
 -2.5274210e+000
 -2.5274210e+000
 -2.7771661e+000
 -3.1567788e+000
 -4.8850153e+000
 -6.1137615e+000
 -5.8740061e+000
 -1.3985729e-001
  6.3734964e+000
  1.0828950e+001
  1.2067686e+001
  1.1658104e+001
  7.8919470e+000
  1.1388379e+000
 -4.4454638e+000
 -1.0459327e+001
 -1.1688074e+001
 -1.0818960e+001
 -4.9249745e+000
  2.5274210e+000
  1.2727013e+001
  1.9310295e+001
  2.4534964e+001
  2.6652803e+001
  2.6203262e+001
  2.2417126e+001
  1.6722936e+001
  1.0699082e+001
  3.1567788e+000
 -2.5374108e+000
 -7.9918450e+000
 -1.1248522e+001
 -1.2866871e+001
 -1.3006728e+001
 -1.3226503e+001
 -1.3476249e+001
 -1.5444240e+001
 -1.7452192e+001
 -2.1178389e+001
 -2.4964526e+001
 -2.7811621e+001
 -2.9060347e+001
 -2.8840571e+001
 -2.8151274e+001
 -2.5653823e+001
 -1.9889705e+001
 -1.0019776e+001
 -3.5963303e-001
  5.9439348e+000
  1.0139653e+001
  1.1388379e+001
  9.2305810e+000
  3.2666666e+000
 -3.8460755e+000
 -1.0978797e+001
 -1.6273395e+001
 -2.0678899e+001
 -2.3366157e+001
 -2.4205300e+001
 -2.3655861e+001
 -2.1637921e+001
 -1.8720897e+001
 -1.6433231e+001
 -1.4545158e+001
 -1.2547197e+001
 -1.0409378e+001
 -8.6411824e+000
 -7.6022426e+000
 -7.2026503e+000
 -8.7111111e+000
 -1.1917839e+001
 -1.4645056e+001
 -1.6153516e+001
 -1.6772885e+001
 -1.6892763e+001
 -1.5644037e+001
 -1.3626095e+001
 -1.2737003e+001
 -1.4095616e+001
 -1.9230377e+001
 -2.6782671e+001
 -3.2346993e+001
 -3.4394903e+001
 -3.4714577e+001
 -3.3935372e+001
 -3.2077268e+001
 -2.9649745e+001
 -2.7002447e+001
 -2.4195311e+001
 -2.1138430e+001
 -1.8011621e+001
 -1.6323344e+001
 -1.5913761e+001
 -1.5823853e+001
 -1.6183486e+001
 -1.6902752e+001
 -1.7741896e+001
 -1.8311315e+001
 -1.8910703e+001
 -1.9010602e+001
 -1.7921713e+001
 -1.5064628e+001
 -1.3925790e+001
 -1.4685015e+001
 -1.6433231e+001
 -1.7552090e+001
 -1.7771866e+001
 -1.8221407e+001
 -1.7911723e+001
 -1.7821815e+001
 -1.7222426e+001
 -1.6643018e+001
 -1.6293374e+001
 -1.5833843e+001
 -1.4565137e+001
 -1.2597145e+001
 -1.0229561e+001
 -8.7310907e+000
 -6.5033639e+000
 -5.9239552e+000
 -6.3135576e+000
 -7.1726810e+000
 -8.9908257e+000
