  6.1067686e+000
  5.6032823e+000
  5.0997961e+000
  4.5248828e+000
  3.9499694e+000
  3.3021305e+000
  2.6542916e+000
  2.8610806e+000
  3.0678695e+000
  5.8705097e+000
  8.6731498e+000
  1.1336432e+001
  1.3999715e+001
  1.4102610e+001
  1.4205505e+001
  1.1020754e+001
  7.8360041e+000
  3.5383894e+000
 -7.5922528e-001
 -5.2506422e+000
 -9.7420592e+000
 -8.4508767e+000
 -7.1596942e+000
 -2.4355148e+000
  2.2886647e+000
  1.4320387e+000
  5.7541284e-001
 -2.8021407e-001
 -1.1358410e+000
  1.5918756e+000
  4.3195923e+000
  4.4114985e+000
  4.5034047e+000
  2.4295209e+000
  3.5563711e-001
  2.9929460e+000
  5.6302548e+000
  8.7600612e+000
  1.1889868e+001
  9.3254843e+000
  6.7611009e+000
 -2.6587867e+000
 -1.2078674e+001
 -1.2044709e+001
 -1.2010744e+001
 -6.1582159e+000
 -3.0568808e-001
 -1.2052702e+000
 -2.1048522e+000
  1.6448216e+000
  5.3944955e+000
  5.7596229e+000
  6.1247503e+000
  4.1607543e+000
  2.1967584e+000
 -4.0743426e+000
 -1.0345444e+001
 -1.6410255e+001
 -2.2475066e+001
 -1.9744353e+001
 -1.7013639e+001
 -7.3385116e+000
  2.3366157e+000
  5.2071865e+000
  8.0777574e+000
  8.6521713e+000
  9.2265851e+000
  2.2016035e+001
  3.4805484e+001
  3.0089297e+001
  2.5373109e+001
  1.1398369e+001
 -2.5763711e+000
 -1.0255036e+001
 -1.7933700e+001
 -2.2611427e+001
 -2.7289154e+001
 -1.3546177e+001
  1.9679918e-001
  1.7467176e+001
  3.4737553e+001
  2.1358705e+001
  7.9798573e+000
 -8.0163199e+000
 -2.4012497e+001
 -1.5591590e+001
 -7.1706829e+000
  1.6158512e+000
  1.0402385e+001
  1.1804954e+001
  1.3207523e+001
  1.4046666e+001
  1.4885810e+001
  1.9011101e+001
  2.3136392e+001
  8.2370950e+000
 -6.6622018e+000
 -2.4269236e+001
 -4.1876269e+001
 -2.2249297e+001
 -2.6223242e+000
  1.4435270e+001
  3.1492864e+001
  2.7619817e+001
  2.3746769e+001
  2.0830744e+001
  1.7914719e+001
  1.5882294e+001
  1.3849868e+001
 -1.5683969e-001
 -1.4163547e+001
 -2.5698777e+001
 -3.7234006e+001
 -3.4235066e+001
 -3.1236126e+001
 -2.8880031e+001
 -2.6523935e+001
 -2.1069501e+001
 -1.5615066e+001
  7.4354129e+000
  3.0485892e+001
  3.8652059e+001
  4.6818226e+001
  4.9586901e+001
  5.2355576e+001
  4.1676473e+001
  3.0997370e+001
  2.8086339e+000
 -2.5380102e+001
 -2.0513068e+001
 -1.5646034e+001
 -6.2446277e+000
  3.1567788e+000
  3.2651682e+000
  3.3735576e+000
  6.9743835e+000
  1.0575209e+001
  1.7939195e+001
  2.5303181e+001
  2.8506412e+001
  3.1709643e+001
  3.5700571e+001
  3.9691498e+001
  3.7172069e+001
  3.4652640e+001
  3.1516340e+001
  2.8380041e+001
  1.4825372e+001
  1.2707034e+000
 -2.0986585e+001
 -4.3243874e+001
 -3.9262936e+001
 -3.5281998e+001
 -3.2371968e+001
 -2.9461937e+001
 -1.2573670e+001
  4.3145974e+000
  1.6575087e+001
  2.8835576e+001
  3.9270928e+001
  4.9706279e+001
  3.0751121e+001
  1.1795963e+001
 -3.2881450e+000
 -1.8372253e+001
  8.6691540e+000
  3.5710561e+001
  4.7000540e+001
  5.8290520e+001
  3.9882803e+001
  2.1475087e+001
  4.2881243e+000
 -1.2898838e+001
  6.1112638e+000
  2.5121366e+001
  2.5770703e+001
  2.6420040e+001
  1.7518124e+001
  8.6162079e+000
 -2.4914575e+000
 -1.3599123e+001
 -7.4159325e+000
 -1.2327421e+000
  4.6697347e+000
  1.0572212e+001
  6.8829763e+000
  3.1937411e+000
 -1.3139592e+001
 -2.9472926e+001
 -2.8408512e+001
 -2.7344098e+001
 -2.2515026e+001
 -1.7685953e+001
 -3.4730061e+001
 -5.1774169e+001
 -4.5079001e+001
 -3.8383832e+001
 -1.3886830e+001
  1.0610173e+001
  3.0194190e+001
  4.9778206e+001
  2.9693700e+001
  9.6091947e+000
 -2.0706870e+001
 -5.1022936e+001
 -3.5809460e+001
 -2.0595984e+001
  8.2795516e+000
  3.7155087e+001
  4.7617910e+001
  5.8080734e+001
  3.5005780e+001
  1.1930826e+001
  4.4974109e+000
 -2.9360041e+000
  1.6937717e+001
  3.6811437e+001
  4.0797370e+001
  4.4783303e+001
  2.1358706e+001
 -2.0658919e+000
 -2.5993476e+001
 -4.9921060e+001
 -1.7383262e+001
  1.5154536e+001
  4.1568583e+001
  6.7982630e+001
  3.9004700e+001
  1.0026769e+001
 -2.4639357e+001
 -5.9305484e+001
 -2.6325637e+001
  6.6542100e+000
  5.8477330e+001
  1.1030045e+002
  1.1903154e+002
  1.2776263e+002
  8.2191631e+001
  3.6620632e+001
  5.0143831e+000
 -2.6591866e+001
 -3.1128237e+001
 -3.5664608e+001
 -5.5593272e+001
 -7.5521937e+001
 -7.6988940e+001
 -7.8455943e+001
 -3.1033833e+001
  1.6388277e+001
  4.9933048e+001
  8.3477819e+001
  7.6994934e+001
  7.0512049e+001
  3.9635056e+001
  8.7580632e+000
  3.4694597e+000
 -1.8191437e+000
  6.2885831e-001
  3.0768603e+000
 -2.3093935e+001
 -4.9264730e+001
 -5.3961438e+001
 -5.8658145e+001
 -4.0465209e+001
 -2.2272273e+001
 -3.2661670e+000
  1.5739939e+001
  1.9305800e+001
  2.2871661e+001
  3.8500714e+001
  5.4129766e+001
  4.4543548e+001
  3.4957329e+001
 -2.5094394e+000
 -3.9976208e+001
 -4.1260398e+001
 -4.2544587e+001
 -1.6357808e+001
  9.8289708e+000
 -2.5289194e+000
 -1.4886810e+001
 -2.8058869e+001
 -4.1230928e+001
 -4.1960183e+001
 -4.2689439e+001
 -3.0052834e+001
 -1.7416229e+001
 -1.0476310e+001
 -3.5363914e+000
  5.7606219e+000
  1.5057635e+001
  3.5394384e+001
  5.5731132e+001
  5.7703619e+001
  5.9676106e+001
  5.0922039e+001
  4.2167971e+001
  4.2082059e+001
  4.1996147e+001
  5.5422946e+001
  6.8849745e+001
  4.3831274e+001
  1.8812803e+001
  9.9997961e+000
  1.1867890e+000
  2.0153935e+001
  3.9121081e+001
  3.9262936e+001
  3.9404791e+001
  1.7163986e+001
 -5.0768195e+000
 -2.2681855e+000
  5.4044852e-001
  4.7631397e+000
  8.9858308e+000
  8.7011216e-001
 -7.2456065e+000
 -4.1447706e+000
 -1.0439348e+000
  1.2966269e+001
  2.6976473e+001
  3.2224118e+001
  3.7471763e+001
  2.1864689e+001
  6.2576147e+000
 -1.0525260e+001
 -2.7308134e+001
 -4.8273241e+001
 -6.9238348e+001
 -9.1818805e+001
 -1.1439926e+002
 -1.3575847e+002
 -1.5711768e+002
 -1.7071880e+002
 -1.8431992e+002
 -2.0355030e+002
 -2.2278068e+002
 -2.4271234e+002
 -2.6264400e+002
 -2.8058919e+002
 -2.9853437e+002
 -3.1279682e+002
 -3.2705926e+002
 -3.3325594e+002
 -3.3945262e+002
 -3.4443303e+002
 -3.4941345e+002
 -3.5026658e+002
 -3.5111971e+002
 -3.5764306e+002
 -3.6416640e+002
 -3.7127565e+002
 -3.7838489e+002
 -3.8110012e+002
 -3.8381535e+002
 -3.9606036e+002
 -4.0830536e+002
 -4.3180338e+002
 -4.5530140e+002
 -4.6983907e+002
 -4.8437674e+002
 -4.7819505e+002
 -4.7201335e+002
 -4.6377676e+002
 -4.5554016e+002
 -4.5323552e+002
 -4.5093087e+002
 -4.4304292e+002
 -4.3515497e+002
 -3.8535828e+002
 -3.3556159e+002
 -2.3091488e+002
 -1.2626816e+002
 -9.8934087e+000
  1.0648134e+002
  2.0892681e+002
  3.1137227e+002
  3.8732327e+002
  4.6327427e+002
  5.1158597e+002
  5.5989768e+002
  6.0355513e+002
  6.4721258e+002
  6.5566396e+002
  6.6411534e+002
  6.3853543e+002
  6.1295553e+002
  5.9341448e+002
  5.7387342e+002
  5.3747456e+002
  5.0107570e+002
  5.2337544e+002
  5.4567519e+002
  3.7198343e+002
  1.9829166e+002
 -1.2035469e+002
 -4.3900104e+002
 -5.0822290e+002
 -5.7744477e+002
 -5.3930019e+002
 -5.0115561e+002
 -4.5531939e+002
 -4.0948316e+002
 -3.8504460e+002
 -3.6060603e+002
 -3.1258803e+002
 -2.6457003e+002
 -1.5831545e+002
 -5.2060877e+001
  7.4456022e+001
  2.0097292e+002
  2.8867044e+002
  3.7636795e+002
  4.1846949e+002
  4.6057103e+002
  5.4344597e+002
  6.2632090e+002
  7.2464606e+002
  8.2297123e+002
  8.2444423e+002
  8.2591723e+002
  7.3945895e+002
  6.5300068e+002
  6.0452414e+002
  5.5604760e+002
  5.4854126e+002
  5.4103492e+002
  5.0997511e+002
  4.7891531e+002
  4.4306589e+002
  4.0721647e+002
  3.8963291e+002
  3.7204936e+002
  3.2349041e+002
  2.7493145e+002
  1.3978986e+002
  4.6482569e+000
 -1.1515399e+002
 -2.3495624e+002
 -2.6174641e+002
 -2.8853658e+002
 -2.5040798e+002
 -2.1227939e+002
 -1.3535338e+002
 -5.8427380e+001
 -7.7705709e+000
  4.2886239e+001
  7.9048837e+001
  1.1521144e+002
  1.4157104e+002
  1.6793064e+002
  2.0230057e+002
  2.3667050e+002
  2.3721844e+002
  2.3776638e+002
  1.6882323e+002
  9.9880081e+001
  4.1736411e+001
 -1.6407258e+001
 -2.5756718e+001
 -3.5106177e+001
 -3.2106738e+001
 -2.9107298e+001
 -3.6087176e+001
 -4.3067054e+001
 -6.5103068e+001
 -8.7139082e+001
 -1.1046078e+002
 -1.3378249e+002
 -1.4882764e+002
 -1.6387279e+002
 -1.1011614e+002
 -5.6359490e+001
  2.6142326e+001
  1.0864414e+002
  1.4447208e+002
  1.8030002e+002
  1.8330545e+002
  1.8631089e+002
  1.4279629e+002
  9.9281693e+001
  6.8556545e+001
  3.7831397e+001
  3.0808563e+001
  2.3785729e+001
 -4.4569518e+000
 -3.2699633e+001
 -5.8826972e+001
 -8.4954312e+001
 -9.2800807e+001
 -1.0064730e+002
 -1.0739492e+002
 -1.1414253e+002
 -1.2643149e+002
 -1.3872045e+002
 -1.6445569e+002
 -1.9019093e+002
 -2.1656152e+002
 -2.4293211e+002
 -2.5585093e+002
 -2.6876974e+002
 -2.7262731e+002
 -2.7648487e+002
 -2.7015833e+002
 -2.6383179e+002
 -2.5142245e+002
 -2.3901311e+002
 -1.9330975e+002
 -1.4760638e+002
 -8.4155129e+001
 -2.0703874e+001
  9.1866258e+000
  3.9077126e+001
  4.1944200e+001
  4.4811274e+001
  3.3923884e+001
  2.3036493e+001
  2.3376146e+000
 -1.8361264e+001
 -4.4695892e+001
 -7.1030520e+001
 -8.8834355e+001
 -1.0663819e+002
 -1.2838849e+002
 -1.5013879e+002
 -1.5973300e+002
 -1.6932721e+002
 -1.7934799e+002
 -1.8936877e+002
 -1.8020113e+002
 -1.7103348e+002
 -1.2401146e+002
 -7.6989439e+001
 -4.1408246e+001
 -5.8270540e+000
  1.0037258e+001
  2.5901570e+001
  3.0706666e+001
  3.5511763e+001
  4.5772294e+001
  5.6032824e+001
  9.5111446e+001
  1.3419007e+002
  1.3269759e+002
  1.3120511e+002
  8.2742068e+001
  3.4279021e+001
  1.1108165e+001
 -1.2062692e+001
 -2.3601917e+001
 -3.5141142e+001
 -5.3275637e+001
 -7.1410132e+001
 -1.0916861e+002
 -1.4692708e+002
 -1.3200880e+002
 -1.1709052e+002
 -7.2247277e+001
 -2.7404037e+001
 -1.2779460e+001
  1.8451172e+000
 -4.0333842e+000
 -9.9118856e+000
 -4.0442732e+001
 -7.0973578e+001
 -1.0043402e+002
 -1.2989445e+002
 -1.4392913e+002
 -1.5796381e+002
 -1.3504520e+002
 -1.1212658e+002
 -8.8865819e+001
 -6.5605056e+001
 -5.5681182e+001
 -4.5757308e+001
 -2.7679755e+001
 -9.6022018e+000
  2.3049480e+001
  5.5701162e+001
  7.1298746e+001
  8.6896331e+001
  8.3831957e+001
  8.0767584e+001
  8.0020846e+001
  7.9274108e+001
  8.1491346e+001
  8.3708584e+001
  8.5819430e+001
  8.7930276e+001
  6.7941172e+001
  4.7952069e+001
  3.6298461e+001
  2.4644852e+001
  2.0721855e+001
  1.6798858e+001
  3.5813455e+000
 -9.6361671e+000
 -3.9549643e+001
 -6.9463119e+001
 -8.7256463e+001
 -1.0504981e+002
 -1.0289351e+002
 -1.0073721e+002
 -1.0455331e+002
 -1.0836942e+002
 -1.2197653e+002
 -1.3558365e+002
 -1.4726273e+002
 -1.5894181e+002
 -1.6258310e+002
 -1.6622439e+002
 -1.6626484e+002
 -1.6630530e+002
 -1.5936489e+002
 -1.5242447e+002
 -1.3946019e+002
 -1.2649592e+002
 -9.4045035e+001
 -6.1594149e+001
 -8.5427825e+000
  4.4508584e+001
  9.0121041e+001
  1.3573350e+002
  1.6051721e+002
  1.8530092e+002
  1.8396778e+002
  1.8263464e+002
  1.6025448e+002
  1.3787431e+002
  1.1622540e+002
  9.4576493e+001
  7.1992539e+001
  4.9408584e+001
  2.9549847e+001
  9.6911111e+000
 -1.1803955e+001
 -3.3299021e+001
 -5.0094383e+001
 -6.6889745e+001
 -8.0298063e+001
 -9.3706381e+001
 -1.0396492e+002
 -1.1422345e+002
 -1.1773786e+002
 -1.2125227e+002
 -1.0692240e+002
 -9.2592518e+001
 -6.0651611e+001
 -2.8710703e+001
 -1.5239451e+000
  2.5662813e+001
  4.3692416e+001
  6.1722018e+001
  6.7238889e+001
  7.2755760e+001
  7.3746249e+001
  7.4736738e+001
  6.9045046e+001
  6.3353353e+001
  4.7799225e+001
  3.2245097e+001
  5.8929870e+000
 -2.0459123e+001
 -5.2705219e+001
 -8.4951315e+001
 -1.2396600e+002
 -1.6298069e+002
 -1.9881163e+002
 -2.3464257e+002
 -2.5651425e+002
 -2.7838593e+002
 -2.4459192e+002
 -2.1079790e+002
 -1.3409867e+002
 -5.7399429e+001
  8.0837515e+000
  7.3566932e+001
  1.1318101e+002
  1.5279508e+002
  1.6247271e+002
  1.7215034e+002
  1.5499035e+002
  1.3783036e+002
  9.6604923e+001
  5.5379490e+001
  1.6322844e+001
 -2.2733802e+001
 -3.3143680e+001
 -4.3553558e+001
 -2.6706748e+001
 -9.8599388e+000
  1.5603578e+001
  4.1067095e+001
  7.2975533e+001
  1.0488397e+002
  1.3115416e+002
  1.5742436e+002
  1.8306120e+002
  2.0869805e+002
  2.2554385e+002
  2.4238966e+002
  2.4384118e+002
  2.4529270e+002
  2.3664502e+002
  2.2799735e+002
  2.0824051e+002
  1.8848367e+002
  1.7282615e+002
  1.5716863e+002
  1.5598833e+002
  1.5480803e+002
  1.6125345e+002
  1.6769887e+002
  1.6805501e+002
  1.6841115e+002
  1.5553978e+002
  1.4266842e+002
  1.3461664e+002
  1.2656485e+002
  1.2281868e+002
  1.1907250e+002
  1.0238852e+002
  8.5704547e+001
  7.6750683e+001
  6.7796819e+001
  8.4762507e+001
  1.0172819e+002
  1.2386910e+002
  1.4601001e+002
  1.4182778e+002
  1.3764555e+002
  1.2023831e+002
  1.0283107e+002
  9.5286767e+001
  8.7742466e+001
  7.7870540e+001
  6.7998613e+001
  4.9805678e+001
  3.1612742e+001
  1.5890785e+001
  1.6882773e-001
  7.7590825e+000
  1.5349337e+001
  3.7313924e+001
  5.9278511e+001
  6.8299806e+001
  7.7321101e+001
  6.3187024e+001
  4.9052946e+001
  1.8122508e+001
 -1.2807931e+001
 -4.0684985e+001
 -6.8562039e+001
 -8.5360398e+001
 -1.0215876e+002
 -1.0730800e+002
 -1.1245724e+002
 -1.1582981e+002
 -1.1920237e+002
 -1.2876361e+002
 -1.3832485e+002
 -1.5540243e+002
 -1.7248000e+002
 -1.8676243e+002
 -2.0104485e+002
 -2.0938784e+002
 -2.1773082e+002
 -2.2495096e+002
 -2.3217109e+002
 -1.9973169e+002
 -1.6729229e+002
 -8.5780468e+001
 -4.2686442e+000
  7.3827663e+001
  1.5192397e+002
  2.0838936e+002
  2.6485474e+002
  2.9507290e+002
  3.2529107e+002
  3.3095928e+002
  3.3662750e+002
  3.2358931e+002
  3.1055111e+002
  2.5057481e+002
  1.9059851e+002
  1.1774735e+002
  4.4896187e+001
 -1.9044068e+001
 -8.2984322e+001
 -1.2861826e+002
 -1.7425219e+002
 -1.8646073e+002
 -1.9866928e+002
 -2.0467415e+002
 -2.1067902e+002
 -2.1968183e+002
 -2.2868465e+002
 -2.4576622e+002
 -2.6284779e+002
 -2.7181914e+002
 -2.8079048e+002
 -2.7423617e+002
 -2.6768186e+002
 -2.5182553e+002
 -2.3596921e+002
 -2.3303870e+002
 -2.3010819e+002
 -2.2448244e+002
 -2.1885668e+002
 -2.0399185e+002
 -1.8912702e+002
 -1.8562858e+002
 -1.8213015e+002
 -1.8785281e+002
 -1.9357547e+002
 -1.9320036e+002
 -1.9282524e+002
 -1.7188810e+002
 -1.5095097e+002
 -1.2424872e+002
 -9.7546463e+001
 -7.5506952e+001
 -5.3467442e+001
 -3.4547248e+001
 -1.5627054e+001
  1.8730887e-001
  1.6001671e+001
  2.7940989e+001
  3.9880306e+001
  3.8794414e+001
  3.7708522e+001
  2.6155311e+001
  1.4602100e+001
  2.0435647e+001
  2.6269195e+001
  5.2063374e+001
  7.7857553e+001
  9.5648898e+001
  1.1344024e+002
  1.1610452e+002
  1.1876881e+002
  1.2105048e+002
  1.2333215e+002
  1.3077955e+002
  1.3822695e+002
  1.4484919e+002
  1.5147144e+002
  1.3132949e+002
  1.1118755e+002
  7.3816179e+001
  3.6444811e+001
  1.2807431e+001
 -1.0829949e+001
 -2.4977013e+001
 -3.9124077e+001
 -5.4975403e+001
 -7.0826728e+001
 -8.4126157e+001
 -9.7425586e+001
 -1.0147895e+002
 -1.0553231e+002
 -1.0471465e+002
 -1.0389698e+002
 -9.1606025e+001
 -7.9315066e+001
 -5.5862997e+001
 -3.2410928e+001
  3.2436902e+000
  3.8898308e+001
  7.5772679e+001
  1.1264705e+002
  1.3191439e+002
  1.5118173e+002
  1.5628303e+002
  1.6138432e+002
  1.6397868e+002
  1.6657303e+002
  1.7164086e+002
  1.7670868e+002
  1.7885749e+002
  1.8100630e+002
  1.7854032e+002
  1.7607434e+002
  1.6631430e+002
  1.5655426e+002
  1.3996268e+002
  1.2337111e+002
  1.0386851e+002
  8.4365913e+001
  6.4363323e+001
  4.4360734e+001
  2.2697339e+001
  1.0339450e+000
 -1.2164587e+001
 -2.5363119e+001
 -3.0513864e+001
 -3.5664608e+001
 -3.9939246e+001
 -4.4213884e+001
 -4.8504006e+001
 -5.2794129e+001
 -5.9582202e+001
 -6.6370276e+001
 -6.9969103e+001
 -7.3567931e+001
 -6.8393710e+001
 -6.3219490e+001
 -5.1577370e+001
 -3.9935250e+001
 -3.3925882e+001
 -2.7916514e+001
 -2.3797218e+001
 -1.9677921e+001
 -1.2719022e+001
 -5.7601223e+000
  4.2107038e-001
  6.6022630e+000
  7.2446076e+000
  7.8869521e+000
  2.5753721e+000
 -2.7362079e+000
 -8.7695515e+000
 -1.4802895e+001
 -1.2703038e+001
 -1.0603181e+001
 -2.4385118e+000
  5.7261570e+000
  7.8694697e+000
  1.0012782e+001
  8.0652700e+000
  6.1177574e+000
  7.1936595e+000
  8.2695616e+000
  2.0064027e+001
  3.1858492e+001
  4.6222335e+001
  6.0586177e+001
  6.4047645e+001
  6.7509113e+001
  5.8845953e+001
  5.0182793e+001
  3.2008838e+001
  1.3834882e+001
 -7.5942508e+000
 -2.9023384e+001
 -4.0562110e+001
 -5.2100836e+001
 -5.5066809e+001
 -5.8032783e+001
 -5.7865953e+001
 -5.7699123e+001
 -6.0525240e+001
 -6.3351356e+001
 -5.6626718e+001
 -4.9902079e+001
 -1.9492610e+001
  1.0916860e+001
  3.7625606e+001
  6.4334353e+001
  7.2328695e+001
  8.0323037e+001
  8.1898929e+001
  8.3474821e+001
  7.5446514e+001
  6.7418206e+001
  5.0862600e+001
  3.4306993e+001
  2.8444975e+001
  2.2582956e+001
  2.4428573e+001
  2.6274190e+001
  2.3098430e+001
  1.9922671e+001
  5.5193698e-001
 -1.8818797e+001
 -3.1976870e+001
 -4.5134944e+001
 -4.8228287e+001
 -5.1321631e+001
 -5.9212579e+001
 -6.7103527e+001
 -7.6809623e+001
 -8.6515719e+001
 -8.8574618e+001
 -9.0633516e+001
 -8.2150673e+001
 -7.3667829e+001
 -6.7992120e+001
 -6.2316411e+001
 -6.2502222e+001
 -6.2688032e+001
 -6.3483221e+001
 -6.4278410e+001
 -6.2834883e+001
 -6.1391356e+001
 -6.0683079e+001
 -5.9974801e+001
 -5.0811652e+001
 -4.1648502e+001
 -2.4051458e+001
 -6.4544139e+000
 -5.4943935e-001
  5.3555352e+000
 -1.1333435e+000
 -7.6222222e+000
 -1.5273415e+001
 -2.2924608e+001
 -2.6025443e+001
 -2.9126279e+001
 -3.4745046e+001
 -4.0363813e+001
 -4.9222773e+001
 -5.8081733e+001
 -6.3553649e+001
 -6.9025566e+001
 -6.7376249e+001
 -6.5726932e+001
 -5.1353099e+001
 -3.6979266e+001
 -1.8542579e+001
 -1.0589195e-001
  1.5871804e+001
  3.1849500e+001
  4.6088970e+001
  6.0328440e+001
  6.9183405e+001
  7.8038369e+001
  7.9380000e+001
  8.0721631e+001
  6.7905209e+001
  5.5088787e+001
  3.5985281e+001
  1.6881774e+001
 -1.9040567e+000
 -2.0689887e+001
 -3.8448267e+001
 -5.6206647e+001
 -6.4360826e+001
 -7.2515005e+001
 -6.4177513e+001
 -5.5840021e+001
 -3.5018767e+001
 -1.4197513e+001
 -3.0733640e+000
  8.0507849e+000
  1.2526718e+001
  1.7002650e+001
  2.2407136e+001
  2.7811621e+001
  3.3437380e+001
  3.9063140e+001
  4.1250907e+001
  4.3438674e+001
  4.3362253e+001
  4.3285831e+001
  4.5183394e+001
  4.7080958e+001
  4.7180357e+001
  4.7279755e+001
  4.4014087e+001
  4.0748420e+001
  3.6407849e+001
  3.2067279e+001
  2.9534363e+001
  2.7001447e+001
  2.2434607e+001
  1.7867768e+001
  9.9038940e+000
  1.9400203e+000
 -6.8959633e+000
 -1.5731947e+001
 -2.3145882e+001
 -3.0559816e+001
 -3.9754934e+001
 -4.8950051e+001
 -5.9036259e+001
 -6.9122466e+001
 -7.3679317e+001
 -7.8236168e+001
 -7.6424017e+001
 -7.4611866e+001
 -6.1689552e+001
 -4.8767237e+001
 -2.3052976e+001
  2.6612844e+000
  2.8781631e+001
  5.4901977e+001
  7.4533445e+001
  9.4164913e+001
  1.0550534e+002
  1.1684577e+002
  1.2016139e+002
  1.2347700e+002
  1.1463502e+002
  1.0579305e+002
  8.9644526e+001
  7.3496005e+001
  6.4251438e+001
  5.5006871e+001
  4.6803741e+001
  3.8600611e+001
  2.3697319e+001
  8.7940265e+000
 -1.3391335e+001
 -3.5576697e+001
 -5.9166126e+001
 -8.2755555e+001
 -9.3264333e+001
 -1.0377311e+002
 -1.0346693e+002
 -1.0316074e+002
 -8.5236027e+001
 -6.7311315e+001
 -4.0744923e+001
 -1.4178532e+001
  1.0155138e+001
  3.4488808e+001
  5.3250163e+001
  7.2011519e+001
  7.8827064e+001
  8.5642610e+001
  8.3199103e+001
  8.0755597e+001
  6.2690031e+001
  4.4624465e+001
  1.7429714e+001
 -9.7650357e+000
 -3.6800448e+001
 -6.3835861e+001
 -7.4376606e+001
 -8.4917350e+001
 -8.3348451e+001
 -8.1779552e+001
 -7.6574862e+001
 -7.1370173e+001
 -6.2151580e+001
 -5.2932987e+001
 -4.3135984e+001
 -3.3338981e+001
 -2.8307115e+001
 -2.3275250e+001
 -2.1426636e+001
 -1.9578023e+001
 -1.5352335e+001
 -1.1126647e+001
 -6.0743019e+000
 -1.0219572e+000
  9.1606524e-001
  2.8540877e+000
 -7.8669720e-001
 -4.4274821e+000
 -1.1233537e+001
 -1.8039592e+001
 -2.0937136e+001
 -2.3834679e+001
 -2.0905168e+001
 -1.7975658e+001
 -1.5924251e+001
 -1.3872844e+001
 -1.2708032e+001
 -1.1543221e+001
 -1.1360407e+001
 -1.1177594e+001
 -1.1465800e+001
 -1.1754006e+001
 -1.3261468e+001
 -1.4768929e+001
 -1.4984709e+001
 -1.5200489e+001
 -1.1176096e+001
 -7.1517024e+000
 -2.9994394e+000
  1.1528237e+000
  2.2507034e+000
  3.3485831e+000
  6.1337411e-001
 -2.1218348e+000
 -5.1032926e+000
 -8.0847503e+000
 -5.4279613e+000
 -2.7711723e+000
  5.4154742e+000
  1.3602121e+001
  2.4023486e+001
  3.4444852e+001
  4.1667482e+001
  4.8890113e+001
  5.1191764e+001
  5.3493415e+001
  5.7223109e+001
  6.0952803e+001
  6.6912722e+001
  7.2872640e+001
  7.6857074e+001
  8.0841508e+001
  8.0256106e+001
  7.9670703e+001
  7.6200244e+001
  7.2729786e+001
  6.9396687e+001
  6.6063588e+001
  6.0275994e+001
  5.4488400e+001
  4.7046493e+001
  3.9604587e+001
  3.5126157e+001
  3.0647727e+001
  3.0151733e+001
  2.9655739e+001
  2.8508410e+001
  2.7361081e+001
  2.3550968e+001
  1.9740856e+001
  1.5892783e+001
  1.2044710e+001
  1.0626657e+001
  9.2086034e+000
  7.5248216e+000
  5.8410397e+000
  1.7981648e-001
 -5.4814068e+000
 -1.6598063e+001
 -2.7714719e+001
 -4.0249429e+001
 -5.2784139e+001
 -6.1768471e+001
 -7.0752803e+001
 -7.7079847e+001
 -8.3406891e+001
 -8.8010693e+001
 -9.2614495e+001
 -8.9294383e+001
 -8.5974271e+001
 -6.4648032e+001
 -4.3321794e+001
 -2.2045504e+001
 -7.6921508e-001
  7.9284095e+000
  1.6626034e+001
  2.1915637e+001
  2.7205240e+001
  3.2349990e+001
  3.7494740e+001
  4.1949195e+001
  4.6403650e+001
  4.6625923e+001
  4.6848195e+001
  4.0849317e+001
  3.4850439e+001
  2.8278644e+001
  2.1706850e+001
  1.6919235e+001
  1.2131621e+001
  8.0627727e+000
  3.9939245e+000
  3.6432823e+000
  3.2926402e+000
  6.3685015e+000
  9.4443629e+000
  1.2817421e+001
  1.6190479e+001
  1.7403741e+001
  1.8617003e+001
  1.8695923e+001
  1.8774842e+001
  1.7894740e+001
  1.7014638e+001
  1.3637584e+001
  1.0260530e+001
  6.5303366e+000
  2.8001427e+000
  2.0953619e+000
  1.3905810e+000
  1.3990724e+000
  1.4075637e+000
 -3.5998267e+000
 -8.6072171e+000
 -1.9797299e+001
 -3.0987380e+001
 -3.9305393e+001
 -4.7623405e+001
 -4.6679368e+001
 -4.5735331e+001
 -3.3851457e+001
 -2.1967584e+001
 -1.2033721e+001
 -2.0998573e+000
 -1.9929662e-001
  1.7012640e+000
  3.4190112e+000
  5.1367584e+000
  7.4304179e+000
  9.7240774e+000
  9.0592558e+000
  8.3944342e+000
  1.2647095e+000
 -5.8650153e+000
 -1.6873283e+001
 -2.7881550e+001
 -3.6811438e+001
 -4.5741326e+001
 -4.8965535e+001
 -5.2189745e+001
 -4.9906575e+001
 -4.7623405e+001
 -4.3805301e+001
 -3.9987197e+001
 -3.7985739e+001
 -3.5984281e+001
 -3.3606208e+001
 -3.1228134e+001
 -2.6980968e+001
 -2.2733802e+001
 -1.8765352e+001
 -1.4796901e+001
 -1.4733965e+001
 -1.4671029e+001
 -1.9274332e+001
 -2.3877635e+001
 -2.6873079e+001
 -2.9868522e+001
 -2.9250153e+001
 -2.8631784e+001
 -2.7438002e+001
 -2.6244221e+001
 -2.6511947e+001
 -2.6779674e+001
 -2.5161825e+001
 -2.3543976e+001
 -1.5720958e+001
 -7.8979408e+000
 -3.0648726e+000
  1.7681957e+000
 -1.0044751e+000
 -3.7771458e+000
 -7.6451987e+000
 -1.1513252e+001
 -1.0810968e+001
 -1.0108685e+001
 -6.0842917e+000
 -2.0598981e+000
  2.6527931e+000
  7.3654842e+000
  1.2218532e+001
  1.7071580e+001
  1.7942192e+001
  1.8812803e+001
  1.3414312e+001
  8.0158206e+000
  1.1753007e+000
 -5.6652192e+000
 -9.8304691e+000
 -1.3995719e+001
 -1.4154057e+001
 -1.4312395e+001
 -1.1809949e+001
 -9.3075026e+000
  1.2577165e+000
  1.1822936e+001
  2.5270214e+001
  3.8717492e+001
  4.4023078e+001
  4.9328665e+001
  4.8295719e+001
  4.7262773e+001
  4.5869194e+001
  4.4475616e+001
  4.6664383e+001
  4.8853150e+001
  5.0198777e+001
  5.1544403e+001
  4.9590897e+001
  4.7637390e+001
  4.5558012e+001
  4.3478634e+001
  4.4138960e+001
  4.4799287e+001
  4.2147493e+001
  3.9495698e+001
  3.2929398e+001
  2.6363099e+001
  1.9118991e+001
  1.1874882e+001
  6.4159530e+000
  9.5702345e-001
 -1.4635066e+000
 -3.8840367e+000
 -4.8525484e+000
 -5.8210602e+000
 -8.9223954e+000
 -1.2023731e+001
 -2.0536045e+001
 -2.9048358e+001
 -3.7942782e+001
 -4.6837207e+001
 -5.1825117e+001
 -5.6813027e+001
 -5.6214139e+001
 -5.5615250e+001
 -4.9946534e+001
 -4.4277819e+001
 -3.4567227e+001
 -2.4856636e+001
 -1.5946228e+001
 -7.0358206e+000
 -2.8141285e+000
  1.4075637e+000
  1.9639959e+000
  2.5204281e+000
  4.3225892e+000
  6.1247503e+000
  1.1886870e+001
  1.7648991e+001
  2.3715800e+001
  2.9782610e+001
  3.0305576e+001
  3.0828542e+001
  2.6389073e+001
  2.1949603e+001
  1.6754404e+001
  1.1559205e+001
  5.5862997e+000
 -3.8660550e-001
 -6.4049642e+000
 -1.2423323e+001
 -1.4009205e+001
 -1.5595087e+001
 -9.0822326e+000
 -2.5693782e+000
  5.6242609e+000
  1.3817900e+001
  1.7868267e+001
  2.1918634e+001
  2.2496045e+001
  2.3073456e+001
  2.3095933e+001
  2.3118410e+001
  2.1988563e+001
  2.0858716e+001
  1.8403721e+001
  1.5948726e+001
  1.2706534e+001
  9.4643426e+000
  4.9089908e+000
  3.5363914e-001
 -3.6198063e+000
 -7.5932518e+000
 -1.2863374e+001
 -1.8133497e+001
 -2.2790245e+001
 -2.7446993e+001
 -2.8010418e+001
 -2.8573843e+001
 -2.5516963e+001
 -2.2460082e+001
 -2.1493568e+001
 -2.0527054e+001
 -2.1395667e+001
 -2.2264281e+001
 -1.9729368e+001
 -1.7194455e+001
 -1.3952763e+001
 -1.0711071e+001
 -8.5512744e+000
 -6.3914781e+000
 -8.2645666e+000
 -1.0137655e+001
 -1.0441845e+001
 -1.0746034e+001
 -9.4348723e+000
 -8.1237105e+000
 -9.1321812e+000
 -1.0140652e+001
 -1.1096177e+001
 -1.2051702e+001
 -1.1070203e+001
 -1.0088705e+001
 -9.4024055e+000
 -8.7161060e+000
 -1.0816463e+001
 -1.2916819e+001
 -1.5437747e+001
 -1.7958674e+001
 -1.9512589e+001
 -2.1066503e+001
 -2.0646432e+001
 -2.0226361e+001
 -1.7176473e+001
 -1.4126585e+001
 -9.6261775e+000
 -5.1257697e+000
  4.0408766e-001
  5.9339450e+000
  1.4158552e+001
  2.2383160e+001
  2.9312090e+001
  3.6241019e+001
  4.0443731e+001
  4.4646442e+001
  4.4223374e+001
  4.3800306e+001
  4.1848298e+001
  3.9896289e+001
  3.6960285e+001
  3.4024281e+001
  2.8241682e+001
  2.2459082e+001
  1.3871845e+001
  5.2846076e+000
 -3.3635679e+000
 -1.2011743e+001
 -1.6996157e+001
 -2.1980571e+001
 -2.4987502e+001
 -2.7994434e+001
 -3.0344036e+001
 -3.2693639e+001
 -3.4698593e+001
 -3.6703547e+001
 -3.7348889e+001
 -3.7994231e+001
 -3.5361417e+001
 -3.2728603e+001
 -2.6539419e+001
 -2.0350234e+001
 -1.2052701e+001
 -3.7551682e+000
  1.2582161e+000
  6.2716005e+000
  5.1177778e+000
  3.9639552e+000
  2.4724773e-001
 -3.4694597e+000
 -4.7961060e+000
 -6.1227523e+000
 -3.1852497e+000
 -2.4774719e-001
  3.6312946e+000
  7.5103364e+000
  1.2444302e+001
  1.7378267e+001
  2.0789786e+001
  2.4201305e+001
  2.3394628e+001
  2.2587951e+001
  1.7870265e+001
  1.3152579e+001
  9.1501631e+000
  5.1477472e+000
  3.3360959e+000
  1.5244445e+000
  1.4200510e+000
  1.3156574e+000
  3.2421916e+000
  5.1687258e+000
  7.7465952e+000
  1.0324465e+001
  1.2945790e+001
  1.5567115e+001
  1.9547054e+001
  2.3526993e+001
  2.7832100e+001
  3.2137207e+001
  3.2685647e+001
  3.3234087e+001
  2.8534383e+001
  2.3834679e+001
  1.7137513e+001
  1.0440347e+001
  7.7895516e+000
  5.1387564e+000
  6.9359226e+000
  8.7330887e+000
  9.8754232e+000
  1.1017758e+001
  7.1157392e+000
  3.2137207e+000
 -2.6253211e+000
 -8.4643629e+000
 -1.2099653e+001
 -1.5734944e+001
 -1.7464179e+001
 -1.9193415e+001
 -1.9196911e+001
 -1.9200408e+001
 -1.6018655e+001
 -1.2836901e+001
 -7.6931500e+000
 -2.5493986e+000
  7.0877677e-001
  3.9669521e+000
  2.6612844e+000
  1.3556168e+000
 -1.2512232e+000
 -3.8580632e+000
 -1.8371254e+000
  1.8381244e-001
  6.0643119e+000
  1.1944811e+001
  1.5750927e+001
  1.9557044e+001
  2.1417645e+001
  2.3278247e+001
  2.4952039e+001
  2.6625831e+001
  2.6291672e+001
  2.5957513e+001
  2.2719317e+001
  1.9481121e+001
  1.2179572e+001
  4.8780224e+000
 -2.8595822e+000
 -1.0597187e+001
 -1.5287900e+001
 -1.9978613e+001
 -2.0767309e+001
 -2.1556005e+001
 -1.9085525e+001
 -1.6615045e+001
 -1.1394872e+001
 -6.1746993e+000
 -4.6102958e-001
  5.2526402e+000
  9.6146893e+000
  1.3976738e+001
  1.3184047e+001
  1.2391356e+001
  3.9504691e+000
 -4.4904179e+000
 -1.3538186e+001
 -2.2585953e+001
 -2.6198767e+001
 -2.9811580e+001
 -3.0411468e+001
 -3.1011356e+001
 -3.0963905e+001
 -3.0916453e+001
 -2.9793099e+001
 -2.8669745e+001
 -2.4892599e+001
 -2.1115453e+001
 -1.5643537e+001
 -1.0171621e+001
 -3.6772478e+000
  2.8171253e+000
  1.0177614e+001
  1.7538104e+001
  2.1440122e+001
  2.5342140e+001
  2.4001009e+001
  2.2659878e+001
  1.9908685e+001
  1.7157492e+001
  1.6020153e+001
  1.4882813e+001
  1.5207982e+001
  1.5533150e+001
  1.8118512e+001
  2.0703874e+001
  2.3173354e+001
  2.5642834e+001
  2.6438522e+001
  2.7234210e+001
  2.7053894e+001
  2.6873578e+001
  2.7582854e+001
  2.8292131e+001
  2.9296106e+001
  3.0300082e+001
  2.9918471e+001
  2.9536860e+001
  2.7345596e+001
  2.5154332e+001
  2.1232834e+001
  1.7311335e+001
  1.2748491e+001
  8.1856473e+000
  2.0708869e+000
 -4.0438736e+000
 -1.0491794e+001
 -1.6939715e+001
 -2.0899174e+001
 -2.4858634e+001
 -2.7168277e+001
 -2.9477921e+001
 -3.1861489e+001
 -3.4245056e+001
 -3.4359439e+001
 -3.4473823e+001
 -2.9722171e+001
 -2.4970520e+001
 -2.0679898e+001
 -1.6389276e+001
 -1.3760459e+001
 -1.1131642e+001
 -7.0473091e+000
 -2.9629766e+000
  1.7562079e+000
  6.4753924e+000
  9.7345665e+000
  1.2993741e+001
  1.2956778e+001
  1.2919816e+001
  1.3200530e+001
  1.3481244e+001
  1.4649052e+001
  1.5816860e+001
  1.6941712e+001
  1.8066565e+001
  1.7708930e+001
  1.7351295e+001
  1.3662559e+001
  9.9738226e+000
  8.0837512e+000
  6.1936799e+000
  6.5258410e+000
  6.8580021e+000
  5.8585219e+000
  4.8590418e+000
  2.0933639e+000
 -6.7231397e-001
 -3.9165036e+000
 -7.1606932e+000
 -8.8824362e+000
 -1.0604179e+001
 -1.1966789e+001
 -1.3329398e+001
 -1.2928308e+001
 -1.2527218e+001
 -1.1463303e+001
 -1.0399389e+001
 -9.5682366e+000
 -8.7370846e+000
 -7.6466973e+000
 -6.5563099e+000
 -5.0623344e+000
 -3.5683589e+000
 -1.4874822e+000
  5.9339450e-001
  3.9110092e+000
  7.2286239e+000
  1.0789990e+001
  1.4351356e+001
  1.7666473e+001
  2.0981590e+001
  2.4818175e+001
  2.8654760e+001
  3.1387971e+001
  3.4121182e+001
  3.4391906e+001
  3.4662630e+001
  3.0921947e+001
  2.7181264e+001
  2.1866188e+001
  1.6551111e+001
  1.1651611e+001
  6.7521101e+000
  3.2521815e+000
 -2.4774719e-001
 -3.4959327e+000
 -6.7441182e+000
 -1.0610673e+001
 -1.4477227e+001
 -1.8034597e+001
 -2.1591968e+001
 -2.4398104e+001
 -2.7204240e+001
 -2.6782171e+001
 -2.6360102e+001
 -2.3386636e+001
 -2.0413171e+001
 -1.6675984e+001
 -1.2938797e+001
 -9.4808256e+000
 -6.0228542e+000
 -2.8870540e+000
  2.4874618e-001
  9.1356777e-001
  1.5783894e+000
 -9.7450563e-001
 -3.5274006e+000
 -5.7181652e+000
 -7.9089297e+000
 -8.9783383e+000
 -1.0047747e+001
 -9.1291844e+000
 -8.2106218e+000
 -6.6022630e+000
 -4.9939042e+000
 -2.6288175e+000
 -2.6373089e-001
  1.6867788e+000
  3.6372885e+000
  2.9330072e+000
  2.2287258e+000
 -1.7032620e-001
 -2.5693782e+000
 -5.5528339e+000
 -8.5362895e+000
 -9.6511520e+000
 -1.0766014e+001
 -8.3574720e+000
 -5.9489297e+000
 -1.7946687e+000
  2.3595923e+000
  5.8720081e+000
  9.3844240e+000
  1.0728552e+001
  1.2072681e+001
  1.0242548e+001
  8.4124159e+000
  6.1766973e+000
  3.9409786e+000
  4.4129969e+000
  4.8850153e+000
  5.8939857e+000
  6.9029561e+000
  5.1572375e+000
  3.4115189e+000
 -1.7027625e+000
 -6.8170439e+000
 -1.1323945e+001
 -1.5830846e+001
 -1.7688950e+001
 -1.9547054e+001
 -1.8313313e+001
 -1.7079572e+001
 -1.2316432e+001
 -7.5532926e+000
 -2.7946483e+000
  1.9639960e+000
  3.9389806e+000
  5.9139653e+000
  4.0863303e+000
  2.2586952e+000
 -7.0627934e-001
 -3.6712539e+000
 -4.3470643e+000
 -5.0228747e+000
 -3.7871356e+000
 -2.5513966e+000
 -3.6098165e+000
 -4.6682365e+000
 -7.3569931e+000
 -1.0045750e+001
 -1.3719001e+001
 -1.7392253e+001
 -2.1204863e+001
 -2.5017472e+001
 -2.5772202e+001
 -2.6526932e+001
 -2.2018532e+001
 -1.7510132e+001
 -8.7051171e+000
  9.9898064e-002
  6.4459225e+000
  1.2791947e+001
  1.2976758e+001
  1.3161570e+001
  8.6361874e+000
  4.1108053e+000
 -2.0618960e+000
 -8.2345974e+000
 -1.2786952e+001
 -1.7339307e+001
 -1.8395229e+001
 -1.9451152e+001
 -1.8234893e+001
 -1.7018634e+001
 -1.4488216e+001
 -1.1957798e+001
 -1.0270020e+001
 -8.5822426e+000
 -8.1207136e+000
 -7.6591845e+000
 -6.0448318e+000
 -4.4304791e+000
 -1.4355352e+000
  1.5594087e+000
  4.6727319e+000
  7.7860550e+000
  1.0306982e+001
  1.2827910e+001
  1.6194974e+001
  1.9562039e+001
  2.3314210e+001
  2.7066381e+001
  2.9309093e+001
  3.1551805e+001
  3.2635698e+001
  3.3719592e+001
  3.2263078e+001
  3.0806565e+001
  2.7457482e+001
  2.4108400e+001
  2.0858216e+001
  1.7608032e+001
  1.7046606e+001
  1.6485179e+001
  1.7617523e+001
  1.8749868e+001
  1.8535586e+001
  1.8321305e+001
  1.7018135e+001
  1.5714964e+001
  1.3197034e+001
  1.0679103e+001
  8.1966362e+000
  5.7141692e+000
  4.7726299e+000
  3.8310907e+000
  3.7711519e+000
  3.7112131e+000
  3.8365851e+000
  3.9619572e+000
  2.8925484e+000
  1.8231397e+000
 -7.1027524e-001
 -3.2436901e+000
 -5.7975841e+000
 -8.3514781e+000
 -1.0717064e+001
 -1.3082650e+001
 -1.5290897e+001
 -1.7499144e+001
 -2.0281305e+001
 -2.3063466e+001
 -2.4056452e+001
 -2.5049439e+001
 -2.2918614e+001
 -2.0787788e+001
 -1.7713426e+001
 -1.4639063e+001
 -1.2715026e+001
 -1.0790989e+001
 -9.6826198e+000
 -8.5742508e+000
 -6.6547095e+000
 -4.7351682e+000
 -3.3296025e+000
 -1.9240367e+000
 -1.9704893e+000
 -2.0169419e+000
 -1.4799898e+000
 -9.4303771e-001
  5.0548421e-001
  1.9540061e+000
  4.7856167e+000
  7.6172273e+000
  9.2185934e+000
  1.0819960e+001
  8.9973192e+000
  7.1746789e+000
  5.7296534e+000
  4.2846279e+000
  3.9754434e+000
  3.6662589e+000
  2.2826707e+000
  8.9908257e-001
 -2.0708869e+000
 -5.0408563e+000
 -6.7056575e+000
 -8.3704587e+000
 -7.4918552e+000
 -6.6132518e+000
 -4.5093986e+000
 -2.4055453e+000
 -1.1837920e+000
  3.7961264e-002
 -7.1127421e-001
 -1.4605097e+000
 -2.4719776e+000
 -3.4834455e+000
 -4.2646483e+000
 -5.0458511e+000
 -7.4758715e+000
 -9.9058919e+000
 -1.3698522e+001
 -1.7491152e+001
 -2.0586493e+001
 -2.3681835e+001
 -2.6183283e+001
 -2.8684730e+001
 -2.9732161e+001
 -3.0779592e+001
 -2.9055352e+001
 -2.7331111e+001
 -2.4542956e+001
 -2.1754801e+001
 -2.0276310e+001
 -1.8797819e+001
 -1.6650010e+001
 -1.4502202e+001
 -1.0305484e+001
 -6.1087666e+000
 -1.9894699e+000
  2.1298267e+000
  5.6742100e+000
  9.2185932e+000
  1.2998736e+001
  1.6778879e+001
  1.9327278e+001
  2.1875678e+001
  2.1979072e+001
  2.2082466e+001
  1.9782813e+001
  1.7483160e+001
  1.5004190e+001
  1.2525219e+001
  1.2091162e+001
  1.1657105e+001
  1.2835403e+001
  1.4013700e+001
  1.6368797e+001
  1.8723894e+001
  2.1108461e+001
  2.3493027e+001
  2.5494985e+001
  2.7496942e+001
  2.8239684e+001
  2.8982426e+001
  2.7836096e+001
  2.6689766e+001
  2.4547951e+001
  2.2406137e+001
  2.2277268e+001
  2.2148400e+001
  2.3741774e+001
  2.5335148e+001
  2.6763690e+001
  2.8192232e+001
  2.7567869e+001
  2.6943507e+001
  2.4049460e+001
  2.1155413e+001
  1.7161988e+001
  1.3168563e+001
  8.9368808e+000
  4.7051987e+000
  2.6572885e+000
  6.0937819e-001
 -2.5683792e+000
 -5.7461366e+000
 -1.0497288e+001
 -1.5248440e+001
 -1.9482620e+001
 -2.3716799e+001
 -2.5652324e+001
 -2.7587849e+001
 -2.6555902e+001
 -2.5523955e+001
 -2.1968083e+001
 -1.8412212e+001
 -1.4266941e+001
 -1.0121671e+001
 -6.3080630e+000
 -2.4944547e+000
 -1.7317329e+000
 -9.6901121e-001
 -3.9239959e+000
 -6.8789806e+000
 -9.8574412e+000
 -1.2835902e+001
 -1.4709490e+001
 -1.6583079e+001
 -1.9055056e+001
 -2.1527034e+001
 -2.3450571e+001
 -2.5374108e+001
 -2.2981050e+001
 -2.0587992e+001
 -1.6907248e+001
 -1.3226503e+001
 -1.0563221e+001
 -7.8999389e+000
 -6.5163507e+000
 -5.1327624e+000
 -4.0838328e+000
 -3.0349032e+000
 -2.5154332e+000
 -1.9959633e+000
 -2.7062385e+000
 -3.4165137e+000
 -3.0269113e+000
 -2.6373089e+000
 -1.9225382e+000
 -1.2077676e+000
 -2.3091437e+000
 -3.4105199e+000
 -4.0678491e+000
 -4.7251784e+000
 -3.6997248e+000
 -2.6742711e+000
 -3.3266056e-001
  2.0089500e+000
  5.0103873e+000
  8.0118247e+000
  9.9228745e+000
  1.1833924e+001
  1.1598665e+001
  1.1363405e+001
  9.8084914e+000
  8.2535779e+000
  7.2655861e+000
  6.2775943e+000
  3.9659531e+000
  1.6543119e+000
 -4.5004079e-001
 -2.5543935e+000
 -4.0973191e+000
 -5.6402447e+000
 -7.6132314e+000
 -9.5862181e+000
 -9.1401733e+000
 -8.6941284e+000
 -7.9319062e+000
 -7.1696840e+000
 -6.1916819e+000
 -5.2136799e+000
 -4.7556473e+000
 -4.2976147e+000
 -4.5143935e+000
 -4.7311723e+000
 -5.6257594e+000
 -6.5203466e+000
 -6.9204383e+000
 -7.3205300e+000
 -6.0063710e+000
 -4.6922121e+000
 -4.5318756e+000
 -4.3715392e+000
 -4.2766361e+000
 -4.1817329e+000
 -5.7661162e+000
 -7.3504995e+000
 -8.7056167e+000
 -1.0060734e+001
 -1.0138654e+001
 -1.0216574e+001
 -9.3749335e+000
 -8.5332926e+000
 -6.5782875e+000
 -4.6232824e+000
 -3.3066259e+000
 -1.9899694e+000
 -1.6907747e+000
 -1.3915800e+000
 -1.6228440e+000
 -1.8541081e+000
 -3.3166160e-001
  1.1907849e+000
  3.5608665e+000
  5.9309480e+000
  8.3924362e+000
  1.0853924e+001
  1.1942813e+001
  1.3031702e+001
  1.2058695e+001
  1.1085688e+001
  9.0038126e+000
  6.9219368e+000
  4.9179816e+000
  2.9140265e+000
  3.4549745e+000
  3.9959226e+000
  3.2611723e+000
  2.5264221e+000
  1.2906830e+000
  5.4943935e-002
 -5.9838940e-001
 -1.2517227e+000
 -3.1138226e+000
 -4.9759226e+000
 -5.5163710e+000
 -6.0568195e+000
 -4.7801223e+000
 -3.5034250e+000
 -2.1473088e+000
 -7.9119266e-001
 -1.0589195e+000
 -1.3266463e+000
 -2.1223344e+000
 -2.9180224e+000
 -4.1967177e+000
 -5.4754129e+000
 -6.4209480e+000
 -7.3664832e+000
 -7.5023446e+000
 -7.6382059e+000
 -6.9878695e+000
 -6.3375331e+000
 -6.6651987e+000
 -6.9928644e+000
 -8.9708460e+000
 -1.0948828e+001
 -1.2685056e+001
 -1.4421284e+001
 -1.1948807e+001
 -9.4763303e+000
 -3.9399796e+000
  1.5963711e+000
  4.2831295e+000
  6.9698879e+000
  6.8420184e+000
  6.7141489e+000
  4.9279715e+000
  3.1417941e+000
  6.6232413e-001
 -1.8171458e+000
 -5.1857085e+000
 -8.5542711e+000
 -8.2161162e+000
 -7.8779613e+000
 -6.0887869e+000
 -4.2996126e+000
 -2.5394087e+000
 -7.7920489e-001
  1.5484201e-002
  8.1017329e-001
 -4.0458717e-002
 -8.9109072e-001
 -5.9639144e-001
 -3.0169215e-001
 -7.9518858e-001
 -1.2886850e+000
 -2.0858715e+000
 -2.8830581e+000
 -2.2706830e+000
 -1.6583079e+000
 -9.0108055e-001
 -1.4385321e-001
 -8.2915392e-002
 -2.1977574e-002
 -1.3496228e+000
 -2.6772681e+000
 -5.5073802e+000
 -8.3374924e+000
 -8.7615597e+000
 -9.1856269e+000
 -8.6012232e+000
 -8.0168195e+000
 -8.6381855e+000
 -9.2595515e+000
 -1.0449837e+001
 -1.1640122e+001
 -9.7520490e+000
 -7.8639755e+000
 -5.4734149e+000
 -3.0828542e+000
 -3.5748522e+000
 -4.0668502e+000
 -4.4030072e+000
 -4.7391642e+000
 -4.3340775e+000
 -3.9289908e+000
 -5.9069725e+000
 -7.8849542e+000
 -8.9343834e+000
 -9.9838127e+000
 -7.9304079e+000
 -5.8770031e+000
 -2.8870540e+000
  1.0289500e-001
  3.1407951e+000
  6.1786952e+000
  8.6107136e+000
  1.1042732e+001
  1.4369338e+001
  1.7695943e+001
  1.9189419e+001
  2.0682895e+001
  1.8756860e+001
  1.6830826e+001
  1.3113619e+001
  9.3964118e+000
  7.1786748e+000
  4.9609378e+000
  4.3540570e+000
  3.7471763e+000
  3.7037207e+000
  3.6602650e+000
  4.4954128e+000
  5.3305606e+000
  4.7891131e+000
  4.2476656e+000
  1.3910806e+000
 -1.4655045e+000
 -4.4689398e+000
 -7.4723751e+000
 -5.2481448e+000
 -3.0239144e+000
  1.5054638e+000
  6.0348420e+000
  8.7470743e+000
  1.1459307e+001
  1.0709572e+001
  9.9598370e+000
  9.6771254e+000
  9.3944139e+000
  9.8709278e+000
  1.0347442e+001
  8.0248116e+000
  5.7021815e+000
  3.5863405e+000
  1.4704995e+000
 -1.4784913e+000
 -4.4274821e+000
 -8.6496740e+000
 -1.2871866e+001
 -1.8086544e+001
 -2.3301223e+001
 -2.5703771e+001
 -2.8106320e+001
 -2.6194770e+001
 -2.4283221e+001
 -1.9774822e+001
 -1.5266422e+001
 -9.0202958e+000
 -2.7741692e+000
  2.7616819e+000
  8.2975331e+000
  1.2354393e+001
  1.6411253e+001
  1.9881712e+001
  2.3352171e+001
  2.5045943e+001
  2.6739715e+001
  2.5114873e+001
  2.3490031e+001
  1.9032080e+001
  1.4574129e+001
  9.8844141e+000
  5.1946993e+000
  1.0504281e+000
 -3.0938430e+000
 -4.2331805e+000
 -5.3725179e+000
 -4.5693374e+000
 -3.7661570e+000
 -3.3645668e+000
 -2.9629766e+000
 -1.7247401e+000
 -4.8650357e-001
  1.6293374e+000
  3.7451784e+000
  5.8430377e+000
  7.9408971e+000
  8.6032212e+000
  9.2655453e+000
  9.5437614e+000
  9.8219775e+000
  8.6551682e+000
  7.4883589e+000
  7.1017533e+000
  6.7151478e+000
  7.2965545e+000
  7.8779613e+000
  9.2760347e+000
  1.0674108e+001
  1.1051223e+001
  1.1428339e+001
  9.5752295e+000
  7.7221203e+000
  5.2611315e+000
  2.8001427e+000
 -1.2237510e-001
 -3.0448929e+000
 -4.9679307e+000
 -6.8909684e+000
 -7.7700714e+000
 -8.6491743e+000
 -8.2935372e+000
 -7.9379001e+000
 -7.5482977e+000
 -7.1586952e+000
 -7.9344036e+000
 -8.7101121e+000
 -8.5632620e+000
 -8.4164118e+000
 -7.1067482e+000
 -5.7970847e+000
 -2.9894496e+000
 -1.8181447e-001
  2.1942610e+000
  4.5703364e+000
  5.8839960e+000
  7.1976555e+000
  6.0817941e+000
  4.9659327e+000
  2.8381040e+000
  7.1027523e-001
 -4.5503569e-001
 -1.6203466e+000
  4.9998978e-001
  2.6203262e+000
  1.0020774e+001
  1.7421223e+001
  2.4297207e+001
  3.1173190e+001
  2.8968440e+001
  2.6763690e+001
  1.5989185e+001
  5.2146789e+000
 -1.3171560e+000
 -7.8489908e+000
 -7.2665851e+000
 -6.6841794e+000
 -2.8685729e+000
  9.4703364e-001
  4.7786238e+000
  8.6102140e+000
  1.2409338e+001
  1.6208461e+001
  1.6365801e+001
  1.6523140e+001
  1.4595107e+001
  1.2667074e+001
  1.1874383e+001
  1.1081692e+001
  9.1426707e+000
  7.2036493e+000
  5.0883078e+000
  2.9729663e+000
  5.0053924e+000
  7.0378186e+000
  1.0499287e+001
  1.3960755e+001
  1.2711529e+001
  1.1462303e+001
  7.6466971e+000
  3.8310907e+000
  3.3815493e-001
 -3.1547808e+000
 -7.7615800e+000
 -1.2368379e+001
 -1.6712447e+001
 -2.1056514e+001
 -2.3457564e+001
 -2.5858613e+001
 -2.4294709e+001
 -2.2730805e+001
 -1.8788328e+001
 -1.4845851e+001
 -9.8799186e+000
 -4.9139858e+000
 -1.5504180e+000
  1.8131498e+000
  6.7231396e-001
 -4.6852192e-001
 -2.5384098e+000
 -4.6082976e+000
 -5.2311620e+000
 -5.8540265e+000
 -4.1972171e+000
 -2.5404077e+000
  2.6572886e-001
  3.0718655e+000
  3.7381855e+000
  4.4045056e+000
  3.8260958e+000
  3.2476860e+000
  3.6762487e+000
  4.1048114e+000
  6.4688991e+000
  8.8329868e+000
  1.0214077e+001
  1.1595168e+001
  1.0438848e+001
  9.2825281e+000
  9.8639349e+000
  1.0445342e+001
  1.1225546e+001
  1.2005750e+001
  1.1793466e+001
  1.1581182e+001
  8.9243934e+000
  6.2676045e+000
  3.0948420e+000
 -7.7920489e-002
 -4.1777370e+000
 -8.2775535e+000
 -9.9288686e+000
 -1.1580184e+001
 -9.8839145e+000
 -8.1876453e+000
 -5.6212640e+000
 -3.0548828e+000
 -1.7746891e+000
 -4.9449542e-001
 -3.0304078e+000
 -5.5663201e+000
 -8.3399899e+000
 -1.1113660e+001
 -1.3012722e+001
 -1.4911784e+001
 -1.5963710e+001
 -1.7015637e+001
 -1.6076096e+001
 -1.5136555e+001
 -1.2586656e+001
 -1.0036758e+001
 -9.2395718e+000
 -8.4423853e+000
 -7.4379103e+000
 -6.4334353e+000
 -4.8820184e+000
 -3.3306014e+000
 -1.8066565e+000
 -2.8271152e-001
  3.8560651e-001
  1.0539245e+000
  1.6867788e+000
  2.3196330e+000
  3.4724567e+000
  4.6252803e+000
  3.6867380e+000
  2.7481957e+000
  1.2367380e+000
 -2.7471968e-001
  3.6762485e-001
  1.0099694e+000
  2.5908562e+000
  4.1717431e+000
  4.9769215e+000
  5.7820999e+000
  7.8489910e+000
  9.9158821e+000
  9.9098879e+000
  9.9038937e+000
  9.1451681e+000
  8.3864424e+000
  6.5648012e+000
  4.7431600e+000
  1.5049643e+000
 -1.7332314e+000
 -4.2072069e+000
 -6.6811824e+000
 -7.6506932e+000
 -8.6202039e+000
 -8.3909378e+000
 -8.1616718e+000
 -7.7745668e+000
 -7.3874618e+000
 -6.8240367e+000
 -6.2606116e+000
 -5.5168706e+000
 -4.7731295e+000
 -4.0453721e+000
 -3.3176147e+000
 -2.9624771e+000
 -2.6073395e+000
  9.7500509e-001
  4.5573497e+000
  8.8304893e+000
  1.3103629e+001
  1.4736962e+001
  1.6370295e+001
  1.5538644e+001
  1.4706993e+001
  1.2566177e+001
  1.0425362e+001
  7.5213250e+000
  4.6172885e+000
  2.2027523e+000
 -2.1178389e-001
 -1.7926707e+000
 -3.3735576e+000
 -4.5029052e+000
 -5.6322528e+000
 -4.3980122e+000
 -3.1637716e+000
 -1.1703058e+000
  8.2316005e-001
  2.9220183e+000
  5.0208766e+000
  6.0837920e+000
  7.1467074e+000
  8.3270031e+000
  9.5072987e+000
  1.0644139e+001
  1.1780979e+001
  1.1078695e+001
  1.0376412e+001
  8.4154127e+000
  6.4544139e+000
  4.1852294e+000
  1.9160448e+000
  4.9998980e-001
 -9.1606524e-001
  4.2906220e-001
  1.7741896e+000
  4.6267788e+000
  7.4793680e+000
  9.6711316e+000
  1.1862895e+001
  1.2964771e+001
  1.4066647e+001
  1.3189042e+001
  1.2311437e+001
  9.6606421e+000
  7.0098471e+000
  4.2841285e+000
  1.5584098e+000
 -6.6931697e-002
 -1.6922732e+000
 -3.0438940e+000
 -4.3955148e+000
 -6.6781855e+000
 -8.9608563e+000
 -1.0627156e+001
 -1.2293456e+001
 -1.1810449e+001
 -1.1327442e+001
 -1.0492294e+001
 -9.6571458e+000
 -9.1686443e+000
 -8.6801427e+000
 -8.7785423e+000
 -8.8769419e+000
 -9.1466667e+000
 -9.4163914e+000
 -1.0211580e+001
 -1.1006769e+001
 -1.2261489e+001
 -1.3516208e+001
 -1.3563660e+001
 -1.3611111e+001
 -1.3301427e+001
 -1.2991743e+001
 -1.2064689e+001
 -1.1137635e+001
 -8.6781449e+000
 -6.2186544e+000
 -3.6722528e+000
 -1.1258511e+000
  6.6831806e-001
  2.4624873e+000
  3.7911315e+000
  5.1197758e+000
  6.3949745e+000
  7.6701733e+000
  6.9843731e+000
  6.2985729e+000
  5.3020897e+000
  4.3056065e+000
  2.3091437e+000
  3.1268094e-001
 -5.9289501e-001
 -1.4984710e+000
 -3.0678695e+000
 -4.6372681e+000
 -5.9254536e+000
 -7.2136392e+000
 -6.6107543e+000
 -6.0078695e+000
 -6.2870846e+000
 -6.5662997e+000
 -6.9514067e+000
 -7.3365137e+000
 -8.8090110e+000
 -1.0281508e+001
 -1.1403364e+001
 -1.2525219e+001
 -1.3215515e+001
 -1.3905810e+001
 -1.4083629e+001
 -1.4261447e+001
 -1.3802915e+001
 -1.3344384e+001
 -1.2995240e+001
 -1.2646095e+001
 -1.1594669e+001
 -1.0543242e+001
 -9.1466668e+000
 -7.7500918e+000
 -6.9658919e+000
 -6.1816921e+000
 -4.7321712e+000
 -3.2826503e+000
 -1.3486238e+000
  5.8540265e-001
  3.5888379e+000
  6.5922732e+000
  8.0607747e+000
  9.5292763e+000
  9.0497656e+000
  8.5702548e+000
  7.2261264e+000
  5.8819979e+000
  4.9034964e+000
  3.9249949e+000
  4.6082977e+000
  5.2916005e+000
  6.4134557e+000
  7.5353109e+000
  8.9568603e+000
  1.0378410e+001
  1.0558226e+001
  1.0738043e+001
  8.4638636e+000
  6.1896840e+000
  3.5493782e+000
  9.0907237e-001
  3.4015290e-001
 -2.2876656e-001
  8.1317025e-001
  1.8551071e+000
  4.0004180e+000
  6.1457289e+000
  8.1242102e+000
  1.0102692e+001
  1.0526759e+001
  1.0950826e+001
  1.0363925e+001
  9.7770234e+000
  8.7840367e+000
  7.7910500e+000
  6.9574006e+000
  6.1237513e+000
  5.4859022e+000
  4.8480530e+000
  3.1717635e+000
  1.4954740e+000
  1.3351376e+000
  1.1748013e+000
 -2.6822629e-001
 -1.7112539e+000
 -3.3585729e+000
 -5.0058919e+000
 -5.2231702e+000
 -5.4404485e+000
 -5.1097860e+000
 -4.7791234e+000
 -4.2386748e+000
 -3.6982263e+000
 -3.0403976e+000
 -2.3825688e+000
 -1.6633028e+000
 -9.4403669e-001
 -1.2781957e+000
 -1.6123547e+000
 -1.7751886e+000
 -1.9380224e+000
 -1.3785933e+000
 -8.1916411e-001
  4.6252803e-001
  1.7442202e+000
  3.0588787e+000
  4.3735372e+000
  4.5673394e+000
  4.7611416e+000
  4.7426605e+000
  4.7241794e+000
  4.7451580e+000
  4.7661366e+000
  4.5188889e+000
  4.2716412e+000
  4.6053007e+000
  4.9389603e+000
  4.5118960e+000
  4.0848318e+000
  4.2366769e+000
  4.3885219e+000
  4.0703466e+000
  3.7521713e+000
  1.3965749e+000
 -9.5902140e-001
 -3.4749541e+000
 -5.9908868e+000
 -7.2441080e+000
 -8.4973292e+000
 -8.4618654e+000
 -8.4264016e+000
 -8.5957289e+000
 -8.7650561e+000
 -9.7255758e+000
 -1.0686095e+001
 -1.1940815e+001
 -1.3195535e+001
 -1.3925290e+001
 -1.4655045e+001
 -1.4025688e+001
 -1.3396331e+001
 -1.0926850e+001
 -8.4573700e+000
 -5.4539348e+000
 -2.4504995e+000
 -3.1917434e-001
  1.8121508e+000
  2.5459021e+000
  3.2796534e+000
  2.4884607e+000
  1.6972681e+000
  1.3231498e+000
  9.4903160e-001
  1.0938838e+000
  1.2387360e+000
  2.5369113e+000
  3.8350866e+000
  5.3065851e+000
  6.7780836e+000
  7.4339144e+000
  8.0897452e+000
  9.7895106e+000
  1.1489276e+001
  1.2179072e+001
  1.2868868e+001
  1.3777941e+001
  1.4687013e+001
  1.4126086e+001
  1.3565158e+001
  1.3377849e+001
  1.3190540e+001
  1.2452793e+001
  1.1715045e+001
  1.0466819e+001
  9.2185932e+000
  9.9603362e+000
  1.0702079e+001
  1.0933843e+001
  1.1165606e+001
  1.1342926e+001
  1.1520245e+001
  1.1169602e+001
  1.0818960e+001
  9.6201833e+000
  8.4214068e+000
  5.9734047e+000
  3.5254026e+000
  1.3975739e+000
 -7.3025484e-001
 -2.5059429e+000
 -4.2816310e+000
 -5.8859939e+000
 -7.4903568e+000
 -8.3150153e+000
 -9.1396738e+000
 -9.3849235e+000
 -9.6301733e+000
 -1.0564220e+001
 -1.1498267e+001
 -1.1929327e+001
 -1.2360387e+001
 -1.2267982e+001
 -1.2175576e+001
 -1.1811448e+001
 -1.1447319e+001
 -1.0278512e+001
 -9.1097044e+000
 -8.2515800e+000
 -7.3934556e+000
 -8.0852498e+000
 -8.7770439e+000
 -8.0238124e+000
 -7.2705810e+000
 -7.0428134e+000
 -6.8150458e+000
 -7.4888583e+000
 -8.1626708e+000
 -8.0782569e+000
 -7.9938430e+000
 -6.0817941e+000
 -4.1697452e+000
 -1.5683996e+000
  1.0329460e+000
  3.3790520e+000
  5.7251580e+000
  6.1242508e+000
  6.5233435e+000
  5.8824975e+000
  5.2416514e+000
  5.2721203e+000
  5.3025892e+000
  5.3485423e+000
  5.3944955e+000
  7.0478084e+000
  8.7011213e+000
  9.3954130e+000
  1.0089705e+001
  1.0614169e+001
  1.1138634e+001
  1.0347441e+001
  9.5562487e+000
  8.0462895e+000
  6.5363303e+000
  5.1722222e+000
  3.8081142e+000
  2.2936595e+000
  7.7920489e-001
 -3.3216104e-001
 -1.4435270e+000
 -3.3565749e+000
 -5.2696229e+000
 -6.2411315e+000
 -7.2126402e+000
 -7.1701835e+000
 -7.1277268e+000
 -6.4659021e+000
 -5.8040774e+000
 -3.7921305e+000
 -1.7801835e+000
 -3.9259942e-001
  9.9498469e-001
  1.3126606e+000
  1.6303364e+000
  3.8610603e-001
 -8.5812436e-001
 -2.7966463e+000
 -4.7351682e+000
 -6.1312436e+000
 -7.5273190e+000
 -7.5582874e+000
 -7.5892558e+000
 -6.3959735e+000
 -5.2026911e+000
 -4.8340673e+000
 -4.4654434e+000
 -3.8305912e+000
 -3.1957390e+000
 -2.1093476e+000
 -1.0229561e+000
  9.1406756e-002
  1.2057697e+000
  2.3101427e+000
  3.4145158e+000
  3.7137105e+000
  4.0129052e+000
  4.4299796e+000
  4.8470540e+000
  4.1962181e+000
  3.5453823e+000
  3.5388889e+000
  3.5323955e+000
  3.2996330e+000
  3.0668705e+000
  3.2082263e+000
  3.3495821e+000
  3.0229154e+000
  2.6962487e+000
  7.8819572e-001
 -1.1198573e+000
 -2.1208359e+000
 -3.1218145e+000
 -4.4254842e+000
 -5.7291539e+000
 -6.4674006e+000
 -7.2056473e+000
 -7.2895616e+000
 -7.3734760e+000
 -5.8755045e+000
 -4.3775331e+000
 -2.7456982e+000
 -1.1138634e+000
  1.3116616e+000
  3.7371866e+000
  5.5483385e+000
  7.3594903e+000
  8.6791436e+000
  9.9987969e+000
  1.0785494e+001
  1.1572192e+001
  1.1817941e+001
  1.2063690e+001
  1.1999256e+001
  1.1934821e+001
  1.0998277e+001
  1.0061733e+001
  9.2076043e+000
  8.3534760e+000
  8.0857492e+000
  7.8180224e+000
  7.6237207e+000
  7.4294190e+000
  6.7700918e+000
  6.1107645e+000
  4.6252803e+000
  3.1397961e+000
  7.7171252e-001
 -1.5963711e+000
 -3.8660551e+000
 -6.1357390e+000
 -7.4863609e+000
 -8.8369827e+000
 -8.1267075e+000
 -7.4164322e+000
 -5.4589297e+000
 -3.5014271e+000
 -2.2457085e+000
 -9.8998983e-001
 -1.1088685e+000
 -1.2277472e+000
 -1.5194496e+000
 -1.8111519e+000
 -3.0698675e+000
 -4.3285831e+000
 -4.9529460e+000
 -5.5773089e+000
 -4.9484506e+000
 -4.3195923e+000
