 -2.5707748e+000
 -6.4044252e+000
 -8.2287152e+000
 -8.4939517e+000
 -7.7196637e+000
 -6.3944919e+000
 -4.9155928e+000
 -3.5625245e+000
 -2.4973987e+000
 -1.7821741e+000
 -1.4046653e+000
 -1.3064963e+000
 -1.4082569e+000
 -1.6291333e+000
 -1.8999851e+000
 -2.1701208e+000
 -2.4088418e+000
 -2.6032266e+000
 -2.7537044e+000
 -2.8688042e+000
 -2.9601704e+000
 -3.0385816e+000
 -3.1113534e+000
 -3.1812042e+000
 -3.2464179e+000
 -3.3019841e+000
 -3.3413084e+000
 -3.3580804e+000
 -3.3479293e+000
 -3.3095872e+000
 -3.2453958e+000
 -3.1611122e+000
 -3.0650860e+000
 -2.9669718e+000
 -2.8762075e+000
 -2.8005094e+000
 -2.7446285e+000
 -2.7095612e+000
 -2.6923373e+000
 -2.6864176e+000
 -2.6826430e+000
 -2.6705949e+000
 -2.6401680e+000
 -2.5831246e+000
 -2.4944046e+000
 -2.3730005e+000
 -2.2222684e+000
 -2.0496286e+000
 -1.8656938e+000
 -1.6829457e+000
 -1.5141412e+000
 -1.3706685e+000
 -1.2610764e+000
 -1.1899765e+000
 -1.1574623e+000
 -1.1591192e+000
 -1.1866152e+000
 -1.2287854e+000
 -1.2730573e+000
 -1.3070220e+000
 -1.3199413e+000
 -1.3039966e+000
 -1.2551244e+000
 -1.1733475e+000
 -1.0625786e+000
 -9.2994889e-001
 -7.8477308e-001
 -6.3730714e-001
 -4.9747588e-001
 -3.7374041e-001
 -2.7224665e-001
 -1.9634834e-001
 -1.4653887e-001
 -1.2076567e-001
 -1.1504797e-001
 -1.2427919e-001
 -1.4307691e-001
 -1.6654546e-001
 -1.9083941e-001
 -2.1345500e-001
 -2.3322481e-001
 -2.5004123e-001
 -2.6437754e-001
 -2.7670728e-001
 -2.8693597e-001
 -2.9395506e-001
 -2.9540531e-001
 -2.8770100e-001
 -2.6632255e-001
 -2.2634004e-001
 -1.6309188e-001
 -7.2915522e-002
  4.6183611e-002
  1.9403262e-001
  3.6804578e-001
  5.6328283e-001
  7.7281704e-001
  9.8837535e-001
  1.2011737e+000
  1.4028425e+000
  1.5863238e+000
  1.7466251e+000
  1.8813314e+000
  1.9908126e+000
  2.0780988e+000
  2.1484428e+000
  2.2086260e+000
  2.2660978e+000
  2.3280554e+000
  2.4005788e+000
  2.4879221e+000
  2.5920447e+000
  2.7124292e+000
  2.8462004e+000
  2.9885193e+000
  3.1331973e+000
  3.2734495e+000
  3.4026935e+000
  3.5153009e+000
  3.6072153e+000
  3.6763730e+000
  3.7228860e+000
  3.7489778e+000
  3.7586867e+000
  3.7573797e+000
  3.7511347e+000
  3.7460607e+000
  3.7476291e+000
  3.7600822e+000
  3.7859759e+000
  3.8258977e+000
  3.8783821e+000
  3.9400278e+000
  4.0058032e+000
  4.0695094e+000
  4.1243605e+000
  4.1636293e+000
  4.1813036e+000
  4.1726963e+000
  4.1349578e+000
  4.0674439e+000
  3.9719046e+000
  3.8524727e+000
  3.7154460e+000
  3.5688752e+000
  3.4219859e+000
  3.2844803e+000
  3.1657757e+000
  3.0742480e+000
  3.0165481e+000
  2.9970586e+000
  3.0175456e+000
  3.0770443e+000
  3.1719937e+000
  3.2966133e+000
  3.4434859e+000
  3.6042898e+000
  3.7706059e+000
  3.9347132e+000
  4.0902884e+000
  4.2329315e+000
  4.3604610e+000
  4.4729431e+000
  4.5724553e+000
  4.6626117e+000
  4.7479072e+000
  4.8329611e+000
  4.9217516e+000
  5.0169368e+000
  5.1193464e+000
  5.2277105e+000
  5.3386610e+000
  5.4470111e+000
  5.5462828e+000
  5.6294210e+000
  5.6896116e+000
  5.7211048e+000
  5.7199460e+000
  5.6845225e+000
  5.6158605e+000
  5.5176304e+000
  5.3958565e+000
  5.2583591e+000
  5.1139883e+000
  4.9717347e+000
  4.8398131e+000
  4.7248207e+000
  4.6310625e+000
  4.5601158e+000
  4.5106798e+000
  4.4787267e+000
  4.4579331e+000
  4.4403443e+000
  4.4171979e+000
  4.3798181e+000
  4.3204836e+000
  4.2331799e+000
  4.1141578e+000
  3.9622434e+000
  3.7788711e+000
  3.5678430e+000
  3.3348440e+000
  3.0867704e+000
  2.8309469e+000
  2.5743193e+000
  2.3227116e+000
  2.0802292e+000
  1.8488744e+000
  1.6284173e+000
  1.4165398e+000
  1.2092383e+000
  1.0014457e+000
  7.8780661e-001
  5.6352183e-001
  3.2516899e-001
  7.1404675e-002
 -1.9653677e-001
 -4.7461384e-001
 -7.5605785e-001
 -1.0317703e+000
 -1.2910117e+000
 -1.5223236e+000
 -1.7145968e+000
 -1.8581799e+000
 -1.9459110e+000
 -1.9739620e+000
 -1.9423947e+000
 -1.8553591e+000
 -1.7208983e+000
 -1.5503639e+000
 -1.3574908e+000
 -1.1572157e+000
 -9.6435721e-001
 -7.9229142e-001
 -6.5176279e-001
 -5.4995741e-001
 -4.8994100e-001
 -4.7052491e-001
 -4.8657745e-001
 -5.2974849e-001
 -5.8952883e-001
 -6.5452728e-001
 -7.1382323e-001
 -7.5824297e-001
 -7.8141638e-001
 -7.8049561e-001
 -7.5645639e-001
 -7.1395127e-001
 -6.6073628e-001
 -6.0674260e-001
 -5.6290599e-001
 -5.3989457e-001
 -5.4688670e-001
 -5.9054295e-001
 -6.7429192e-001
 -7.9801045e-001
 -9.5813074e-001
 -1.1481548e+000
 -1.3595078e+000
 -1.5826232e+000
 -1.8081230e+000
 -2.0279516e+000
 -2.2363256e+000
 -2.4303895e+000
 -2.6105021e+000
 -2.7801272e+000
 -2.9453474e+000
 -3.1140663e+000
 -3.2949981e+000
 -3.4965683e+000
 -3.7258522e+000
 -3.9876734e+000
 -4.2839577e+000
 -4.6134055e+000
 -4.9715065e+000
 -5.3508783e+000
 -5.7418742e+000
 -6.1333794e+000
 -6.5136962e+000
 -6.8714168e+000
 -7.1961929e+000
 -7.4793287e+000
 -7.7141552e+000
 -7.8961720e+000
 -8.0229735e+000
 -8.0940021e+000
 -8.1101879e+000
 -8.0735411e+000
 -7.9867622e+000
 -7.8529215e+000
 -7.6752448e+000
 -7.4570164e+000
 -7.2015909e+000
 -6.9124879e+000
 -6.5935274e+000
 -6.2489607e+000
 -5.8835529e+000
 -5.5025827e+000
 -5.1117407e+000
 -4.7169232e+000
 -4.3239411e+000
 -3.9381724e+000
 -3.5642053e+000
 -3.2055144e+000
 -2.8642185e+000
 -2.5409514e+000
 -2.2348679e+000
 -1.9437885e+000
 -1.6644666e+000
 -1.3929498e+000
 -1.1249923e+000
 -8.5647187e-001
 -5.8376462e-001
 -3.0403834e-001
 -1.5436732e-002
  2.8285702e-001
  5.9067293e-001
  9.0700318e-001
  1.2302160e+000
  1.5582957e+000
  1.8890693e+000
  2.2203859e+000
  2.5502227e+000
  2.8767083e+000
  3.1980662e+000
  3.5124972e+000
  3.8180308e+000
  4.1123837e+000
  4.3928634e+000
  4.6563510e+000
  4.8993892e+000
  5.1183829e+000
  5.3099083e+000
  5.4711048e+000
  5.6001107e+000
  5.6964950e+000
  5.7616286e+000
  5.7989425e+000
  5.8140287e+000
  5.8145539e+000
  5.8099744e+000
  5.8110632e+000
  5.8292808e+000
  5.8760405e+000
  5.9619319e+000
  6.0959748e+000
  6.2849724e+000
  6.5330271e+000
  6.8412643e+000
  7.2077878e+000
  7.6278696e+000
  8.0943474e+000
  8.5981847e+000
  9.1291301e+000
  9.6764018e+000
  1.0229324e+001
  1.0777850e+001
  1.1312916e+001
  1.1826607e+001
  1.2312120e+001
  1.2763560e+001
  1.3175609e+001
  1.3543135e+001
  1.3860815e+001
  1.4122857e+001
  1.4322865e+001
  1.4453913e+001
  1.4508836e+001
  1.4480720e+001
  1.4363553e+001
  1.4152967e+001
  1.3846964e+001
  1.3446533e+001
  1.2956062e+001
  1.2383442e+001
  1.1739827e+001
  1.1039012e+001
  1.0296476e+001
  9.5281299e+000
  8.7489073e+000
  7.9713166e+000
  7.2041227e+000
  6.4513134e+000
  5.7114907e+000
  4.9777961e+000
  4.2384285e+000
  3.4777576e+000
  2.6779713e+000
  1.8211385e+000
  8.9151810e-001
 -1.2209413e-001
 -1.2242004e+000
 -2.4108377e+000
 -3.6684060e+000
 -4.9732330e+000
 -6.2919575e+000
 -7.5827412e+000
 -8.7972454e+000
 -9.8832384e+000
 -1.0787642e+001
 -1.1459786e+001
 -1.1854620e+001
 -1.1935645e+001
 -1.1677330e+001
 -1.1066877e+001
 -1.0105187e+001
 -8.8070271e+000
 -7.2004042e+000
 -5.3252517e+000
 -3.2315700e+000
 -9.7719557e-001
  1.3746139e+000
  3.7576026e+000
  6.1047962e+000
  8.3505300e+000
  1.0432165e+001
  1.2291478e+001
  1.3875768e+001
  1.5138730e+001
  1.6041199e+001
  1.6551834e+001
  1.6647818e+001
  1.6315614e+001
  1.5551764e+001
  1.4363700e+001
  1.2770463e+001
  1.0803221e+001
  8.5054486e+000
  5.9326283e+000
  3.1513643e+000
  2.3783513e-001
 -2.7244354e+000
 -5.6474400e+000
 -8.4420720e+000
 -1.1021857e+001
 -1.3306805e+001
 -1.5227146e+001
 -1.6726658e+001
 -1.7765393e+001
 -1.8321548e+001
 -1.8392389e+001
 -1.7994134e+001
 -1.7160819e+001
 -1.5942247e+001
 -1.4401180e+001
 -1.2609981e+001
 -1.0646967e+001
 -8.5927020e+000
 -6.5264816e+000
 -4.5231894e+000
 -2.6506767e+000
 -9.6774124e-001
  4.7727350e-001
  1.6472944e+000
  2.5168279e+000
  3.0718669e+000
  3.3095079e+000
  3.2373806e+000
  2.8729710e+000
  2.2428830e+000
  1.3820508e+000
  3.3287694e-001
 -8.5574968e-001
 -2.1296189e+000
 -3.4306035e+000
 -4.6983441e+000
 -5.8722244e+000
 -6.8936085e+000
 -7.7082666e+000
 -8.2688793e+000
 -8.5374740e+000
 -8.4876315e+000
 -8.1062948e+000
 -7.3950271e+000
 -6.3705967e+000
 -5.0648080e+000
 -3.5235510e+000
 -1.8050966e+000
  2.2282303e-002
  1.8832378e+000
  3.6986619e+000
  5.3892085e+000
  6.8788368e+000
  8.0981968e+000
  8.9876977e+000
  9.5001277e+000
  9.6027246e+000
  9.2786293e+000
  8.5276863e+000
  7.3665795e+000
  5.8283162e+000
  3.9610904e+000
  1.8265670e+000
 -5.0235131e-001
 -2.9442068e+000
 -5.4120316e+000
 -7.8166563e+000
 -1.0070163e+001
 -1.2089354e+001
 -1.3799089e+001
 -1.5135344e+001
 -1.6047844e+001
 -1.6502124e+001
 -1.6480928e+001
 -1.5984839e+001
 -1.5032134e+001
 -1.3657846e+001
 -1.1912118e+001
 -9.8579312e+000
 -7.5683591e+000
 -5.1235064e+000
 -2.6072996e+000
 -1.0429732e-001
  2.3033365e+000
  4.5385817e+000
  6.5319567e+000
  8.2235189e+000
  9.5644625e+000
  1.0518335e+001
  1.1061899e+001
  1.1185679e+001
  1.0894209e+001
  1.0205989e+001
  9.1531338e+000
  7.7806729e+000
  6.1454547e+000
  4.3146006e+000
  2.3634699e+000
  3.7312427e-001
 -1.5726783e+000
 -3.3908813e+000
 -5.0027847e+000
 -6.3377772e+000
 -7.3369223e+000
 -7.9561603e+000
 -8.1688839e+000
 -7.9676761e+000
 -7.3650444e+000
 -6.3930551e+000
 -5.1018534e+000
 -3.5571413e+000
 -1.8367658e+000
 -2.6642821e-002
  1.7837119e+000
  3.5057479e+000
  5.0562474e+000
  6.3612300e+000
  7.3591831e+000
  8.0034703e+000
  8.2638477e+000
  8.1270887e+000
  7.5967838e+000
  6.6924312e+000
  5.4479632e+000
  3.9098658e+000
  2.1350361e+000
  1.8850235e-001
 -1.8589015e+000
 -3.9328527e+000
 -5.9578206e+000
 -7.8593101e+000
 -9.5660741e+000
 -1.1012298e+001
 -1.2139742e+001
 -1.2899814e+001
 -1.3255489e+001
 -1.3183006e+001
 -1.2673223e+001
 -1.1732506e+001
 -1.0383059e+001
 -8.6625932e+000
 -6.6232986e+000
 -4.3301068e+000
 -1.8582968e+000
  7.0945366e-001
  3.2864276e+000
  5.7854595e+000
  8.1225590e+000
  1.0220370e+001
  1.2011278e+001
  1.3440015e+001
  1.4465645e+001
  1.5062851e+001
  1.5222518e+001
  1.4951611e+001
  1.4272415e+001
  1.3221204e+001
  1.1846457e+001
  1.0206690e+001
  8.3680358e+000
  6.4016547e+000
  4.3810620e+000
  2.3794606e+000
  4.6715056e-001
 -1.2909108e+000
 -2.8373277e+000
 -4.1241931e+000
 -5.1146561e+000
 -5.7840684e+000
 -6.1206568e+000
 -6.1256869e+000
 -5.8131047e+000
 -5.2086685e+000
 -4.3486135e+000
 -3.2779170e+000
 -2.0482592e+000
 -7.1578780e-001
  6.6119498e-001
  2.0245076e+000
  3.3182249e+000
  4.4905908e+000
  5.4956547e+000
  6.2946016e+000
  6.8567767e+000
  7.1604220e+000
  7.1931579e+000
  6.9522426e+000
  6.4446367e+000
  5.6868866e+000
  4.7048212e+000
  3.5330364e+000
  2.2141292e+000
  7.9763644e-001
 -6.6136530e-001
 -2.1040198e+000
 -3.4698094e+000
 -4.6989869e+000
 -5.7352366e+000
 -6.5284357e+000
 -7.0373510e+000
 -7.2320828e+000
 -7.0960600e+000
 -6.6274024e+000
 -5.8395006e+000
 -4.7607144e+000
 -3.4331565e+000
 -1.9106040e+000
 -2.5565355e-001
  1.4636961e+000
  3.1777953e+000
  4.8191592e+000
  6.3260694e+000
  7.6457013e+000
  8.7365576e+000
  9.5700529e+000
  1.0131170e+001
  1.0418185e+001
  1.0441556e+001
  1.0222104e+001
  9.7887148e+000
  9.1757723e+000
  8.4205763e+000
  7.5609518e+000
  6.6332358e+000
  5.6707601e+000
  4.7028888e+000
  3.7546023e+000
  2.8465588e+000
  1.9955176e+000
  1.2149778e+000
  5.1587900e-001
 -9.2783120e-002
 -6.0354023e-001
 -1.0103080e+000
 -1.3085386e+000
 -1.4956388e+000
 -1.5715799e+000
 -1.5395865e+000
 -1.4067743e+000
 -1.1846061e+000
 -8.8904877e-001
 -5.4035050e-001
 -1.6240104e-001
  2.1831127e-001
  5.7407946e-001
  8.7758423e-001
  1.1035834e+000
  1.2305251e+000
  1.2419277e+000
  1.1273919e+000
  8.8314768e-001
  5.1208888e-001
  2.3304565e-002
 -5.6882868e-001
 -1.2458821e+000
 -1.9867928e+000
 -2.7693025e+000
 -3.5712627e+000
 -4.3716724e+000
 -5.1513593e+000
 -5.8932665e+000
 -6.5823651e+000
 -7.2052689e+000
 -7.7496708e+000
 -8.2037507e+000
 -8.5557105e+000
 -8.7935777e+000
 -8.9053821e+000
 -8.8797572e+000
 -8.7069522e+000
 -8.3801735e+000
 -7.8971158e+000
 -7.2614945e+000
 -6.4843678e+000
 -5.5850374e+000
 -4.5913466e+000
 -3.5392464e+000
 -2.4715718e+000
 -1.4360589e+000
 -4.8271270e-001
  3.3928094e-001
  9.8484982e-001
  1.4162513e+000
  1.6059199e+000
  1.5386828e+000
  1.2131340e+000
  6.4203417e-001
 -1.4830703e-001
 -1.1196155e+000
 -2.2240659e+000
 -3.4073159e+000
 -4.6119036e+000
 -5.7807344e+000
 -6.8603862e+000
 -7.8040015e+000
 -8.5735848e+000
 -9.1415935e+000
 -9.4917802e+000
 -9.6193118e+000
 -9.5302445e+000
 -9.2404752e+000
 -8.7743053e+000
 -8.1627589e+000
 -7.4417780e+000
 -6.6503972e+000
 -5.8289676e+000
 -5.0174726e+000
 -4.2539589e+000
 -3.5730893e+000
 -3.0048272e+000
 -2.5732681e+000
 -2.2956477e+000
 -2.1815726e+000
 -2.2325330e+000
 -2.4417579e+000
 -2.7944697e+000
 -3.2685727e+000
 -3.8357791e+000
 -4.4631370e+000
 -5.1148783e+000
 -5.7544684e+000
 -6.3467038e+000
 -6.8596906e+000
 -7.2665379e+000
 -7.5466234e+000
 -7.6863276e+000
 -7.6791900e+000
 -7.5255001e+000
 -7.2314013e+000
 -6.8076349e+000
 -6.2680922e+000
 -5.6283573e+000
 -4.9044160e+000
 -4.1116758e+000
 -3.2643941e+000
 -2.3755499e+000
 -1.4571277e+000
 -5.2072541e-001
  4.2165224e-001
  1.3567765e+000
  2.2695213e+000
  3.1424785e+000
  3.9559666e+000
  4.6884788e+000
  5.3175556e+000
  5.8210032e+000
  6.1783316e+000
  6.3722496e+000
  6.3900494e+000
  6.2247211e+000
  5.8756773e+000
  5.3490136e+000
  4.6572946e+000
  3.8189091e+000
  2.8570926e+000
  1.7987443e+000
  6.7318506e-001
 -4.8901180e-001
 -1.6570076e+000
 -2.8004417e+000
 -3.8899192e+000
 -4.8972816e+000
 -5.7957428e+000
 -6.5599969e+000
 -7.1664125e+000
 -7.5934111e+000
 -7.8220936e+000
 -7.8371255e+000
 -7.6278408e+000
 -7.1894617e+000
 -6.5242940e+000
 -5.6427258e+000
 -4.5638560e+000
 -3.3156012e+000
 -1.9341718e+000
 -4.6287315e-001
  1.0497406e+000
  2.5522553e+000
  3.9931600e+000
  5.3237639e+000
  6.5010230e+000
  7.4900318e+000
  8.2659646e+000
  8.8153033e+000
  9.1362566e+000
  9.2383554e+000
  9.1412855e+000
  8.8730878e+000
  8.4679069e+000
  7.9634982e+000
  7.3987105e+000
  6.8111401e+000
  6.2351190e+000
  5.7001477e+000
  5.2298278e+000
  4.8412956e+000
  4.5451110e+000
  4.3455229e+000
  4.2410126e+000
  4.2250149e+000
  4.2867271e+000
  4.4119352e+000
  4.5838112e+000
  4.7836629e+000
  4.9916352e+000
  5.1873773e+000
  5.3506941e+000
  5.4621970e+000
  5.5039584e+000
  5.4601611e+000
  5.3177191e+000
  5.0668370e+000
  4.7014673e+000
  4.2196302e+000
  3.6235663e+000
  2.9197087e+000
  2.1184777e+000
  1.2339186e+000
  2.8321912e-001
 -7.1385197e-001
 -1.7355369e+000
 -2.7586740e+000
 -3.7592480e+000
 -4.7128941e+000
 -5.5953642e+000
 -6.3829748e+000
 -7.0530704e+000
 -7.5845332e+000
 -7.9583688e+000
 -8.1583773e+000
 -8.1719038e+000
 -7.9906334e+000
 -7.6113769e+000
 -7.0367734e+000
 -6.2758248e+000
 -5.3441811e+000
 -4.2641035e+000
 -3.0640582e+000
 -1.7779231e+000
 -4.4382573e-001
  8.9733252e-001
  2.2035799e+000
  3.4336949e+000
  4.5490223e+000
  5.5151607e+000
  6.3034145e+000
  6.8919211e+000
  7.2664003e+000
  7.4205022e+000
  7.3557662e+000
  7.0812305e+000
  6.6127525e+000
  5.9721115e+000
  5.1859653e+000
  4.2847291e+000
  3.3014263e+000
  2.2705506e+000
  1.2269599e+000
  2.0481157e-001
 -7.6345804e-001
 -1.6481086e+000
 -2.4230173e+000
 -3.0665302e+000
 -3.5622161e+000
 -3.8994834e+000
 -4.0740160e+000
 -4.0879815e+000
 -3.9499745e+000
 -3.6746677e+000
 -3.2821685e+000
 -2.7970979e+000
 -2.2474353e+000
 -1.6631951e+000
 -1.0750156e+000
 -5.1274932e-001
 -4.1448085e-003
  4.2630356e-001
  7.5827587e-001
  9.7628045e-001
  1.0700293e+000
  1.0345481e+000
  8.7005284e-001
  5.8164060e-001
  1.7884519e-001
 -3.2489215e-001
 -9.1279667e-001
 -1.5653518e+000
 -2.2608970e+000
 -2.9762342e+000
 -3.6872549e+000
 -4.3696051e+000
 -4.9994007e+000
 -5.5539994e+000
 -6.0128186e+000
 -6.3581743e+000
 -6.5760992e+000
 -6.6570855e+000
 -6.5966912e+000
 -6.3959493e+000
 -6.0615297e+000
 -5.6056176e+000
 -5.0454968e+000
 -4.4028504e+000
 -3.7028157e+000
 -2.9728540e+000
 -2.2415085e+000
 -1.5371336e+000
 -8.8667663e-001
 -3.1458292e-001
  1.5812072e-001
  5.1452918e-001
  7.4233687e-001
  8.3409795e-001
  7.8729265e-001
  6.0423350e-001
  2.9184793e-001
 -1.3862977e-001
 -6.7203336e-001
 -1.2896943e+000
 -1.9699268e+000
 -2.6885791e+000
 -3.4196680e+000
 -4.1361132e+000
 -4.8105810e+000
 -5.4164378e+000
 -5.9287921e+000
 -6.3255903e+000
 -6.5887101e+000
 -6.7049832e+000
 -6.6670710e+000
 -6.4741139e+000
 -6.1320864e+000
 -5.6538034e+000
 -5.0585480e+000
 -4.3713176e+000
 -3.6217151e+000
 -2.8425412e+000
 -2.0681668e+000
 -1.3327843e+000
 -6.6864735e-001
 -1.0440758e-001
  3.3634728e-001
  6.3626631e-001
  7.8505266e-001
  7.7988345e-001
  6.2541842e-001
  3.3340995e-001
 -7.8048142e-002
 -5.8557511e-001
 -1.1617880e+000
 -1.7767336e+000
 -2.3993815e+000
 -2.9990944e+000
 -3.5469982e+000
 -4.0171883e+000
 -4.3877204e+000
 -4.6413542e+000
 -4.7660327e+000
 -4.7551014e+000
 -4.6072819e+000
 -4.3264324e+000
 -3.9211338e+000
 -3.4041455e+000
 -2.7917776e+000
 -2.1032201e+000
 -1.3598645e+000
 -5.8464154e-001
  1.9861005e-001
  9.6574264e-001
  1.6928730e+000
  2.3569433e+000
  2.9362841e+000
  3.4111935e+000
  3.7645366e+000
  3.9823603e+000
  4.0545066e+000
  3.9751914e+000
  3.7435065e+000
  3.3637952e+000
  2.8458477e+000
  2.2048691e+000
  1.4611826e+000
  6.3964979e-001
 -2.3119008e-001
 -1.1202342e+000
 -1.9951315e+000
 -2.8237277e+000
 -3.5755516e+000
 -4.2232487e+000
 -4.7438677e+000
 -5.1199168e+000
 -5.3401244e+000
 -5.3998625e+000
 -5.3012167e+000
 -5.0527156e+000
 -4.6687542e+000
 -4.1687662e+000
 -3.5762105e+000
 -2.9174429e+000
 -2.2205397e+000
 -1.5141322e+000
 -8.2629714e-001
 -1.8353479e-001
  3.9014599e-001
  8.7402851e-001
  1.2513716e+000
  1.5099742e+000
  1.6426176e+000
  1.6473733e+000
  1.5277607e+000
  1.2927319e+000
  9.5645695e-001
  5.3788945e-001
  6.0097299e-002
 -4.5064076e-001
 -9.6595441e-001
 -1.4566777e+000
 -1.8942619e+000
 -2.2522284e+000
 -2.5075728e+000
 -2.6420272e+000
 -2.6430913e+000
 -2.5047590e+000
 -2.2278841e+000
 -1.8201587e+000
 -1.2957062e+000
 -6.7431807e-001
  1.9606099e-002
  7.5834111e-001
  1.5122506e+000
  2.2512412e+000
  2.9461678e+000
  3.5701132e+000
  4.0994817e+000
  4.5148655e+000
  4.8016643e+000
  4.9504536e+000
  4.9571149e+000
  4.8227505e+000
  4.5534105e+000
  4.1596645e+000
  3.6560476e+000
  3.0604090e+000
  2.3931894e+000
  1.6766494e+000
  9.3407246e-001
  1.8896433e-001
 -5.3572770e-001
 -1.2183519e+000
 -1.8392209e+000
 -2.3811912e+000
 -2.8301323e+000
 -3.1752761e+000
 -3.4094380e+000
 -3.5291150e+000
 -3.5344707e+000
 -3.4292234e+000
 -3.2204588e+000
 -2.9183848e+000
 -2.5360455e+000
 -2.0890018e+000
 -1.5949791e+000
 -1.0734717e+000
 -5.4528912e-001
 -3.2023333e-002
  4.4457837e-001
  8.6334645e-001
  1.2045234e+000
  1.4506785e+000
  1.5876636e+000
  1.6055495e+000
  1.4994714e+000
  1.2703017e+000
  9.2506863e-001
  4.7705312e-001
 -5.4486144e-002
 -6.4497962e-001
 -1.2655920e+000
 -1.8845967e+000
 -2.4689977e+000
 -2.9862919e+000
 -3.4062467e+000
 -3.7025677e+000
 -3.8543358e+000
 -3.8471183e+000
 -3.6736861e+000
 -3.3343071e+000
 -2.8366205e+000
 -2.1951351e+000
 -1.4304161e+000
 -5.6804537e-001
  3.6255551e-001
  1.3293572e+000
  2.2989413e+000
  3.2376583e+000
  4.1127020e+000
  4.8930964e+000
  5.5506077e+000
  6.0605999e+000
  6.4028499e+000
  6.5623264e+000
  6.5299186e+000
  6.3030804e+000
  5.8863325e+000
  5.2915555e+000
  4.5379958e+000
  3.6519177e+000
  2.6658498e+000
  1.6174074e+000
  5.4770942e-001
 -5.0054780e-001
 -1.4852559e+000
 -2.3671602e+000
 -3.1120637e+000
 -3.6927993e+000
 -4.0908111e+000
 -4.2972099e+000
 -4.3132115e+000
 -4.1499181e+000
 -3.8274574e+000
 -3.3735529e+000
 -2.8216437e+000
 -2.2087088e+000
 -1.5729710e+000
 -9.5165461e-001
 -3.7895959e-001
  1.1561877e-001
  5.0853353e-001
  7.8294876e-001
  9.2902202e-001
  9.4374812e-001
  8.3043712e-001
  5.9791933e-001
  2.5957727e-001
 -1.6769935e-001
 -6.6455380e-001
 -1.2101356e+000
 -1.7829678e+000
 -2.3616910e+000
 -2.9256855e+000
 -3.4555855e+000
 -3.9337051e+000
 -4.3443972e+000
 -4.6743605e+000
 -4.9129038e+000
 -5.0521660e+000
 -5.0872876e+000
 -5.0165199e+000
 -4.8412623e+000
 -4.5660173e+000
 -4.1982592e+000
 -3.7482209e+000
 -3.2286065e+000
 -2.6542447e+000
 -2.0417010e+000
 -1.4088621e+000
 -7.7450671e-001
 -1.5786870e-001
  4.2180847e-001
  9.4572993e-001
  1.3960294e+000
  1.7562784e+000
  2.0120275e+000
  2.1513743e+000
  2.1655397e+000
  2.0494251e+000
  1.8021082e+000
  1.4272296e+000
  9.3321897e-001
  3.3331299e-001
 -3.5467161e-001
 -1.1088301e+000
 -1.9039253e+000
 -2.7123819e+000
 -3.5054701e+000
 -4.2546104e+000
 -4.9327163e+000
 -5.5154868e+000
 -5.9825593e+000
 -6.3184497e+000
 -6.5132188e+000
 -6.5628314e+000
 -6.4691973e+000
 -6.2399090e+000
 -5.8877128e+000
 -5.4297638e+000
 -4.8867286e+000
 -4.2817952e+000
 -3.6396524e+000
 -2.9854853e+000
 -2.3440262e+000
 -1.7386840e+000
 -1.1907662e+000
 -7.1879803e-001
 -3.3794010e-001
 -5.9505026e-002
  1.0942237e-001
  1.6625171e-001
  1.1302534e-001
 -4.3591290e-002
 -2.9248745e-001
 -6.1847037e-001
 -1.0028233e+000
 -1.4240559e+000
 -1.8588293e+000
 -2.2830232e+000
 -2.6728957e+000
 -3.0062736e+000
 -3.2637069e+000
 -3.4295117e+000
 -3.4926377e+000
 -3.4472998e+000
 -3.2933324e+000
 -3.0362420e+000
 -2.6869522e+000
 -2.2612587e+000
 -1.7790278e+000
 -1.2631847e+000
 -7.3855357e-001
 -2.3061291e-001
  2.3576697e-001
  6.3753840e-001
  9.5458380e-001
  1.1706634e+000
  1.2741607e+000
  1.2585920e+000
  1.1228592e+000
  8.7123643e-001
  5.1309161e-001
  6.2360420e-002
 -4.6319982e-001
 -1.0429347e+000
 -1.6543433e+000
 -2.2741925e+000
 -2.8796289e+000
 -3.4492187e+000
 -3.9638519e+000
 -4.4074568e+000
 -4.7674847e+000
 -5.0351458e+000
 -5.2053969e+000
 -5.2767064e+000
 -5.2506386e+000
 -5.1313188e+000
 -4.9248454e+000
 -4.6387189e+000
 -4.2813489e+000
 -3.8616853e+000
 -3.3889992e+000
 -2.8728138e+000
 -2.3229638e+000
 -1.7497374e+000
 -1.1640424e+000
 -5.7753243e-001
 -2.6282847e-003
  5.4761175e-001
  1.0598036e+000
  1.5207320e+000
  1.9180038e+000
  2.2408056e+000
  2.4806946e+000
  2.6323367e+000
  2.6941041e+000
  2.6684540e+000
  2.5620310e+000
  2.3854595e+000
  2.1528281e+000
  1.8808981e+000
  1.5880981e+000
  1.2933900e+000
  1.0151023e+000
  7.6983177e-001
  5.7150003e-001
  4.3063885e-001
  3.5394692e-001
  3.4413450e-001
  4.0004221e-001
  5.1699510e-001
  6.8733459e-001
  9.0106077e-001
  1.1465167e+000
  1.4110537e+000
  1.6816313e+000
  1.9453227e+000
  2.1897179e+000
  2.4032308e+000
  2.5753335e+000
  2.6967445e+000
  2.7596001e+000
  2.7576326e+000
  2.6863661e+000
  2.5433307e+000
  2.3282812e+000
  2.0433934e+000
  1.6934077e+000
  1.2856847e+000
  8.3014209e-001
  3.3905280e-001
 -1.7330528e-001
 -6.9114024e-001
 -1.1977566e+000
 -1.6762505e+000
 -2.1102462e+000
 -2.4846254e+000
 -2.7862030e+000
 -3.0043067e+000
 -3.1312294e+000
 -3.1625327e+000
 -3.0971938e+000
 -2.9375980e+000
 -2.6893900e+000
 -2.3612008e+000
 -1.9642732e+000
 -1.5120070e+000
 -1.0194451e+000
 -5.0271899e-001
  2.1532190e-002
  5.3675213e-001
  1.0270555e+000
  1.4777974e+000
  1.8761061e+000
  2.2113595e+000
  2.4755827e+000
  2.6637431e+000
  2.7739235e+000
  2.8073548e+000
  2.7683009e+000
  2.6637956e+000
  2.5032404e+000
  2.2978885e+000
  2.0602418e+000
  1.8034019e+000
  1.5404139e+000
  1.2836447e+000
  1.0442314e+000
  8.3162793e-001
  6.5326905e-001
  5.1435864e-001
  4.1778043e-001
  3.6411956e-001
  3.5177833e-001
  3.7716598e-001
  4.3494325e-001
  5.1830460e-001
  6.1928555e-001
  7.2908708e-001
  8.3841326e-001
  9.3782024e-001
  1.0180756e+000
  1.0705245e+000
  1.0874558e+000
  1.0624566e+000
  9.9073808e-001
  8.6941334e-001
  6.9770590e-001
  4.7706847e-001
  2.1119691e-001
 -9.4068873e-002
 -4.3095666e-001
 -7.9007569e-001
 -1.1608131e+000
 -1.5317863e+000
 -1.8913209e+000
 -2.2279219e+000
 -2.5307116e+000
 -2.7898096e+000
 -2.9966447e+000
 -3.1441904e+000
 -3.2271310e+000
 -3.2419677e+000
 -3.1870777e+000
 -3.0627423e+000
 -2.8711534e+000
 -2.6164028e+000
 -2.3044531e+000
 -1.9430794e+000
 -1.5417669e+000
 -1.1115458e+000
 -6.6474901e-001
 -2.1467792e-001
  2.2482226e-001
  6.3987126e-001
  1.0171238e+000
  1.3443680e+000
  1.6111117e+000
  1.8091096e+000
  1.9327873e+000
  1.9795244e+000
  1.9497694e+000
  1.8469751e+000
  1.6773598e+000
  1.4495157e+000
  1.1738999e+000
  8.6225312e-001
  5.2699495e-001
  1.8064208e-001
 -1.6471070e-001
 -4.9781902e-001
 -8.0861352e-001
 -1.0884209e+000
 -1.3300946e+000
 -1.5280778e+000
 -1.6784230e+000
 -1.7787956e+000
 -1.8284779e+000
 -1.8283845e+000
 -1.7810862e+000
 -1.6908307e+000
 -1.5635365e+000
 -1.4067352e+000
 -1.2294339e+000
 -1.0418788e+000
 -8.5520615e-001
 -6.8098501e-001
 -5.3066730e-001
 -4.1497660e-001
 -3.4327803e-001
 -3.2297832e-001
 -3.5900673e-001
 -4.5342286e-001
 -6.0518787e-001
 -8.1012132e-001
 -1.0610501e+000
 -1.3481391e+000
 -1.6593783e+000
 -1.9811898e+000
 -2.2991113e+000
 -2.5985091e+000
 -2.8652783e+000
 -3.0864917e+000
 -3.2509686e+000
 -3.3497436e+000
 -3.3764252e+000
 -3.3274398e+000
 -3.2021614e+000
 -3.0029329e+000
 -2.7349810e+000
 -2.4062287e+000
 -2.0270090e+000
 -1.6096834e+000
 -1.1681691e+000
 -7.1738658e-001
 -2.7264291e-001
  1.5102618e-001
  5.3952346e-001
  8.8032998e-001
  1.1630766e+000
  1.3800070e+000
  1.5262966e+000
  1.6002015e+000
  1.6030254e+000
  1.5389057e+000
  1.4144406e+000
  1.2381887e+000
  1.0200882e+000
  7.7084770e-001
  5.0135908e-001
  2.2218050e-001
 -5.6876285e-002
 -3.2703417e-001
 -5.8071151e-001
 -8.1156896e-001
 -1.0144691e+000
 -1.1853849e+000
 -1.3212944e+000
 -1.4200980e+000
 -1.4805823e+000
 -1.5024443e+000
 -1.4863719e+000
 -1.4341631e+000
 -1.3488541e+000
 -1.2348183e+000
 -1.0977983e+000
 -9.4483738e-001
 -7.8408802e-001
 -6.2449108e-001
 -4.7533594e-001
 -3.4572983e-001
 -2.4401822e-001
 -1.7720792e-001
 -1.5044727e-001
 -1.6661409e-001
 -2.2605189e-001
 -3.2647994e-001
 -4.6308476e-001
 -6.2878250e-001
 -8.1462525e-001
 -1.0103123e+000
 -1.2047600e+000
 -1.3866846e+000
 -1.5451546e+000
 -1.6700815e+000
 -1.7526277e+000
 -1.7855238e+000
 -1.7632984e+000
 -1.6824313e+000
 -1.5414470e+000
 -1.3409609e+000
 -1.0836907e+000
 -7.7443466e-001
 -4.2001411e-001
 -2.9166440e-002
  3.8762580e-001
  8.1838701e-001
  1.2499942e+000
  1.6686209e+000
  2.0602715e+000
  2.4113866e+000
  2.7094868e+000
  2.9438103e+000
  3.1058978e+000
  3.1900735e+000
  3.1937803e+000
  3.1177352e+000
  2.9658898e+000
  2.7451964e+000
  2.4651988e+000
  2.1374838e+000
  1.7750399e+000
  1.3915775e+000
  1.0008614e+000
  6.1610558e-001
  2.4946257e-001
 -8.8368127e-002
 -3.8840817e-001
 -6.4355200e-001
 -8.4862067e-001
 -1.0003428e+000
 -1.0972891e+000
 -1.1397828e+000
 -1.1298026e+000
 -1.0708825e+000
 -9.6800673e-001
 -8.2748661e-001
 -6.5680413e-001
 -4.6440456e-001
 -2.5942558e-001
 -5.1358117e-002
  1.5035523e-001
  3.3676642e-001
  4.9988457e-001
  6.3311854e-001
  7.3166012e-001
  7.9276975e-001
  8.1593433e-001
  8.0287784e-001
  7.5742056e-001
  6.8519792e-001
  5.9326518e-001
  4.8962515e-001
  3.8272340e-001
  2.8095622e-001
  1.9223245e-001
  1.2362048e-001
  8.1099075e-002
  6.9415843e-002
  9.2043256e-002
  1.5121077e-001
  2.4798418e-001
  3.8236134e-001
  5.5335613e-001
  7.5905056e-001
  9.9660530e-001
  1.2622315e+000
  1.5511381e+000
  1.8574783e+000
  2.1743238e+000
  2.4936951e+000
  2.8066742e+000
  3.1036124e+000
  3.3744394e+000
  3.6090619e+000
  3.7978306e+000
  3.9320424e+000
  4.0044377e+000
  4.0096531e+000
  3.9445896e+000
  3.8086668e+000
  3.6039406e+000
  3.3350785e+000
  3.0091943e+000
  2.6355602e+000
  2.2252179e+000
  1.7905183e+000
  1.3446209e+000
  9.0098034e-001
  4.7284465e-001
  7.2783657e-002
 -2.8773989e-001
 -5.9874912e-001
 -8.5207779e-001
 -1.0416383e+000
 -1.1636301e+000
 -1.2166835e+000
 -1.2019318e+000
 -1.1230023e+000
 -9.8591611e-001
 -7.9888884e-001
 -5.7202641e-001
 -3.1691852e-001
 -4.6138552e-002
  2.2733123e-001
  4.9072207e-001
  7.3211400e-001
  9.4104466e-001
  1.1090507e+000
  1.2301038e+000
  1.3009083e+000
  1.3210390e+000
  1.2929071e+000
  1.2215574e+000
  1.1143112e+000
  9.8028054e-001
  8.2979052e-001
  6.7374770e-001
  5.2299908e-001
  3.8772123e-001
  2.7687621e-001
  1.9776339e-001
  1.5568803e-001
  1.5375832e-001
  1.9281391e-001
  2.7148084e-001
  3.8634108e-001
  5.3219940e-001
  7.0242668e-001
  8.8935594e-001
  1.0847065e+000
  1.2800113e+000
  1.4670236e+000
  1.6380815e+000
  1.7864116e+000
  1.9063579e+000
  1.9935269e+000
  2.0448468e+000
  2.0585443e+000
  2.0340506e+000
  1.9718531e+000
  1.8733140e+000
  1.7404802e+000
  1.5759077e+000
  1.3825219e+000
  1.1635290e+000
  9.2238515e-001
  6.6282264e-001
  3.8892082e-001
  1.0520234e-001
 -1.8327127e-001
 -4.7083373e-001
 -7.5120558e-001
 -1.0175657e+000
 -1.2627169e+000
 -1.4793468e+000
 -1.6603749e+000
 -1.7993599e+000
 -1.8909358e+000
 -1.9312332e+000
 -1.9182438e+000
 -1.8520871e+000
 -1.7351448e+000
 -1.5720441e+000
 -1.3694826e+000
 -1.1359044e+000
 -8.8105393e-001
 -6.1544221e-001
 -3.4977358e-001
 -9.4378422e-002
  1.4130140e-001
  3.4913749e-001
  5.2262370e-001
  6.5705670e-001
  7.4958979e-001
  7.9917454e-001
  8.0641418e-001
  7.7335837e-001
  7.0326979e-001
  6.0038992e-001
  4.6972412e-001
  3.1685754e-001
  1.4780343e-001
 -3.1122920e-002
 -2.1341776e-001
 -3.9250612e-001
 -5.6187792e-001
 -7.1525414e-001
 -8.4678742e-001
 -9.5129288e-001
 -1.0244969e+000
 -1.0632841e+000
 -1.0659193e+000
 -1.0322177e+000
 -9.6364283e-001
 -8.6331205e-001
 -7.3590377e-001
 -5.8746451e-001
 -4.2512728e-001
 -2.5675954e-001
 -9.0565690e-002
  6.5327629e-002
  2.0327525e-001
  3.1648057e-001
  3.9930560e-001
  4.4751001e-001
  4.5841206e-001
  4.3097034e-001
  3.6579042e-001
  2.6506350e-001
  1.3244564e-001
 -2.7114100e-002
 -2.0758870e-001
 -4.0212526e-001
 -6.0332793e-001
 -8.0356542e-001
 -9.9529506e-001
 -1.1713928e+000
 -1.3254746e+000
 -1.4521932e+000
 -1.5474890e+000
 -1.6087773e+000
 -1.6350523e+000
 -1.6268967e+000
 -1.5863888e+000
 -1.5169133e+000
 -1.4228853e+000
 -1.3094134e+000
 -1.1819291e+000
 -1.0458186e+000
 -9.0609093e-001
 -7.6711451e-001
 -6.3244389e-001
 -5.0475067e-001
 -3.8585683e-001
 -2.7685734e-001
 -1.7830707e-001
 -9.0438796e-002
 -1.3375765e-002
  5.2696329e-002
  1.0742658e-001
  1.5028306e-001
  1.8062826e-001
  1.9787542e-001
  2.0170233e-001
  1.9228849e-001
  1.7053623e-001
  1.3823593e-001
  9.8141115e-002
  5.3929682e-002
  1.0041868e-002
 -2.8598493e-002
 -5.6956981e-002
 -7.0320142e-002
 -6.4740715e-002
 -3.7447986e-002
  1.2822987e-002
  8.5621600e-002
  1.7871715e-001
  2.8818968e-001
  4.0866986e-001
  5.3370583e-001
  6.5622246e-001
  7.6902988e-001
  8.6533503e-001
  9.3921165e-001
  9.8599108e-001
  1.0025460e+000
  9.8745131e-001
  9.4101995e-001
  8.6522076e-001
  7.6349735e-001
  6.4051082e-001
  5.0183286e-001
  3.5361514e-001
  2.0225783e-001
  5.4095588e-002
 -8.4885569e-002
 -2.0929224e-001
 -3.1452362e-001
 -3.9692548e-001
 -4.5389705e-001
 -4.8395030e-001
 -4.8672051e-001
 -4.6292742e-001
 -4.1428672e-001
 -3.4337362e-001
 -2.5344305e-001
 -1.4821514e-001
 -3.1638447e-002
  9.2352481e-002
  2.2006626e-001
  3.4825089e-001
  4.7423908e-001
  5.9602897e-001
  7.1229299e-001
  8.2231551e-001
  9.2586841e-001
  1.0230417e+000
  1.1140521e+000
  1.1990565e+000
  1.2779956e+000
  1.3504908e+000
  1.4158110e+000
  1.4729127e+000
  1.5205527e+000
  1.5574564e+000
  1.5825195e+000
  1.5950147e+000
  1.5947738e+000
  1.5823148e+000
  1.5588965e+000
  1.5264836e+000
  1.4876261e+000
  1.4452599e+000
  1.4024524e+000
  1.3621198e+000
  1.3267503e+000
  1.2981651e+000
  1.2773455e+000
  1.2643449e+000
  1.2582975e+000
  1.2575192e+000
  1.2596893e+000
  1.2620893e+000
  1.2618719e+000
  1.2563281e+000
  1.2431254e+000
  1.2204906e+000
  1.1873248e+000
  1.1432413e+000
  1.0885320e+000
  1.0240721e+000
  9.5118419e-001
  8.7148047e-001
  7.8670793e-001
  6.9861459e-001
  6.0885175e-001
  5.1892029e-001
  4.3016153e-001
  3.4378711e-001
  2.6093655e-001
  1.8274825e-001
  1.1042836e-001
  4.5303449e-002
 -1.1154596e-002
 -5.7338101e-002
 -9.1549939e-002
 -1.1208394e-001
 -1.1733270e-001
 -1.0591321e-001
 -7.6798871e-002
 -2.9446420e-002
  3.6093323e-002
  1.1909018e-001
  2.1808213e-001
  3.3086083e-001
  4.5449794e-001
  5.8541333e-001
  7.1948397e-001
  8.5219090e-001
  9.7879931e-001
  1.0945651e+000
  1.1949589e+000
  1.2758965e+000
  1.3339622e+000
  1.3666113e+000
  1.3723353e+000
  1.3507762e+000
  1.3027778e+000
  1.2303635e+000
  1.1366400e+000
  1.0256262e+000
  9.0201909e-001
  7.7091131e-001
  6.3748055e-001
  5.0667624e-001
  3.8292846e-001
  2.6990315e-001
  1.7032378e-001
  8.5872927e-002
  1.7179454e-002
 -3.6111466e-002
 -7.5196802e-002
 -1.0192060e-001
 -1.1854827e-001
 -1.2753506e-001
 -1.3131269e-001
 -1.3211417e-001
 -1.3185121e-001
 -1.3205074e-001
 -1.3384950e-001
 -1.3803822e-001
 -1.4514112e-001
 -1.5551282e-001
 -1.6943378e-001
 -1.8718689e-001
 -2.0910192e-001
 -2.3555970e-001
 -2.6695482e-001
 -3.0362150e-001
 -3.4573317e-001
 -3.9319015e-001
 -4.4551166e-001
 -5.0174863e-001
 -5.6043113e-001
 -6.1956102e-001
 -6.7665517e-001
 -7.2883970e-001
 -7.7299022e-001
 -8.0590913e-001
 -8.2452729e-001
 -8.2611560e-001
 -8.0849129e-001
 -7.7020394e-001
 -7.1068787e-001
 -6.3036962e-001
 -5.3072183e-001
 -4.1425778e-001
 -2.8446409e-001
 -1.4567242e-001
 -2.8743327e-003
  1.3851295e-001
  2.7291852e-001
  3.9491316e-001
  4.9951057e-001
  5.8245526e-001
  6.4047673e-001
  6.7149048e-001
  6.7472867e-001
  6.5078746e-001
  6.0158395e-001
  5.3022284e-001
  4.4078054e-001
  3.3802233e-001
  2.2707458e-001
  1.1307891e-001
  8.5737563e-004
 -1.0538279e-001
 -2.0228042e-001
 -2.8746931e-001
 -3.5963505e-001
 -4.1847985e-001
 -4.6460476e-001
 -4.9932709e-001
 -5.2445723e-001
 -5.4206182e-001
 -5.5424034e-001
 -5.6293849e-001
 -5.6981559e-001
 -5.7617486e-001
 -5.8295679e-001
 -5.9078703e-001
 -6.0006357e-001
 -6.1106360e-001
 -6.2404886e-001
 -6.3935038e-001
 -6.5741766e-001
 -6.7882406e-001
 -7.0422745e-001
 -7.3429239e-001
 -7.6958641e-001
 -8.1046639e-001
 -8.5697303e-001
 -9.0874940e-001
 -9.6499626e-001
 -1.0244714e+000
 -1.0855336e+000
 -1.1462265e+000
 -1.2043922e+000
 -1.2578013e+000
 -1.3042853e+000
 -1.3418592e+000
 -1.3688240e+000
 -1.3838428e+000
 -1.3859908e+000
 -1.3747811e+000
 -1.3501718e+000
 -1.3125610e+000
 -1.2627757e+000
 -1.2020575e+000
 -1.1320458e+000
 -1.0547543e+000
 -9.7253575e-001
 -8.8802592e-001
 -8.0406069e-001
 -7.2356127e-001
 -6.4938743e-001
 -5.8416474e-001
 -5.3009736e-001
 -4.8878379e-001
 -4.6105643e-001
 -4.4686655e-001
 -4.4523458e-001
 -4.5427953e-001
 -4.7133389e-001
 -4.9313991e-001
 -5.1611304e-001
 -5.3664879e-001
 -5.5144220e-001
 -5.5778552e-001
 -5.5381074e-001
 -5.3864853e-001
 -5.1248421e-001
 -4.7650343e-001
 -4.3273335e-001
 -3.8379777e-001
 -3.3261559e-001
 -2.8207858e-001
 -2.3474724e-001
 -1.9260032e-001
 -1.5686686e-001
 -1.2795808e-001
 -1.0550345e-001
 -8.8481594e-002
 -7.5424490e-002
 -6.4664375e-002
 -5.4588081e-002
 -4.3863688e-002
 -3.1609410e-002
 -1.7483692e-002
 -1.6872392e-003
  1.5119585e-002
  3.1968583e-002
  4.7779969e-002
  6.1572512e-002
  7.2655872e-002
  8.0776725e-002
  8.6197547e-002
  8.9697036e-002
  9.2492506e-002
  9.6095663e-002
  1.0212231e-001
  1.1208259e-001
  1.2718051e-001
  1.4814957e-001
  1.7514606e-001
  2.0771299e-001
  2.4481837e-001
  2.8496160e-001
  3.2633337e-001
  3.6700843e-001
  4.0514746e-001
  4.3918461e-001
  4.6798041e-001
  4.9092515e-001
  5.0798480e-001
  5.1968870e-001
  5.2706448e-001
  5.3153099e-001
  5.3476281e-001
  5.3854095e-001
  5.4460347e-001
  5.5450753e-001
  5.6951130e-001
  5.9048121e-001
  6.1782728e-001
  6.5146744e-001
  6.9082078e-001
  7.3482946e-001
  7.8200887e-001
  8.3052590e-001
  8.7830435e-001
  9.2315521e-001
  9.6292726e-001
  9.9567036e-001
  1.0198004e+000
  1.0342520e+000
  1.0386028e+000
  1.0331537e+000
  1.0189501e+000
  9.9773537e-001
  9.7183159e-001
  9.4395393e-001
  9.1697044e-001
  8.9362902e-001
  8.7627893e-001
  8.6661730e-001
  8.6549139e-001
  8.7278253e-001
  8.8739039e-001
  9.0732491e-001
  9.2990113e-001
  9.5201941e-001
  9.7050243e-001
  9.8245263e-001
  9.8558947e-001
  9.7852767e-001
  9.6096290e-001
  9.3374199e-001
  8.9880795e-001
  8.5902436e-001
  8.1789826e-001
  7.7923205e-001
  7.4674337e-001
  7.2369507e-001
  7.1257543e-001
  7.1486260e-001
  7.3089623e-001
  7.5986673e-001
  7.9991860e-001
  8.4835193e-001
  9.0189560e-001
  9.5701976e-001
  1.0102526e+000
  1.0584687e+000
  1.0991224e+000
  1.1304079e+000
  1.1513366e+000
  1.1617358e+000
  1.1621754e+000
  1.1538416e+000
  1.1383760e+000
  1.1177001e+000
  1.0938439e+000
  1.0687920e+000
  1.0443562e+000
  1.0220781e+000
  1.0031628e+000
  9.8843805e-001
  9.7833676e-001
  9.7289608e-001
  9.7177172e-001
  9.7426508e-001
  9.7936394e-001
  9.8579788e-001
  9.9210951e-001
  9.9674162e-001
  9.9813749e-001
  9.9484929e-001
  9.8564619e-001
  9.6961196e-001
  9.4622098e-001
  9.1538254e-001
  8.7744595e-001
  8.3316348e-001
  7.8361343e-001
  7.3009103e-001
  6.7398012e-001
  6.1662164e-001
  5.5919633e-001
  5.0263754e-001
  4.4758636e-001
  3.9439523e-001
  3.4317925e-001
  2.9390688e-001
  2.4651555e-001
  2.0103333e-001
  1.5768609e-001
  1.1697099e-001
  7.9681880e-002
  4.6878813e-002
  1.9802274e-002
 -2.5865702e-004
 -1.2127583e-002
 -1.4909619e-002
 -8.1437136e-003
  8.0842435e-003
  3.3085600e-002
  6.5581005e-002
  1.0378190e-001
  1.4553342e-001
  1.8850239e-001
  2.3038753e-001
  2.6912623e-001
  3.0307258e-001
  3.3112529e-001
  3.5279101e-001
  3.6817746e-001
  3.7791993e-001
  3.8305328e-001
  3.8484820e-001
  3.8463424e-001
  3.8363243e-001
  3.8281772e-001
  3.8282585e-001
  3.8391212e-001
  3.8596210e-001
  3.8854671e-001
  3.9100910e-001
  3.9256761e-001
  3.9241847e-001
  3.8982450e-001
  3.8417993e-001
  3.7504676e-001
  3.6216361e-001
  3.4543266e-001
  3.2489276e-001
  3.0068857e-001
  2.7304359e-001
  2.4224273e-001
  2.0862605e-001
  1.7259114e-001
  1.3459851e-001
  9.5172513e-002
  5.4890367e-002
  1.4354071e-002
 -2.5856351e-002
 -6.5244979e-002
 -1.0346950e-001
 -1.4040625e-001
 -1.7619691e-001
 -2.1126369e-001
 -2.4628275e-001
 -2.8211131e-001
 -3.1967112e-001
 -3.5979854e-001
 -4.0307873e-001
 -4.4968624e-001
 -4.9925658e-001
 -5.5081124e-001
 -6.0275396e-001
 -6.5294673e-001
 -6.9886421e-001
 -7.3781340e-001
 -7.6719558e-001
 -7.8477992e-001
 -7.8895447e-001
 -7.7892142e-001
 -7.5480924e-001
 -7.1768425e-001
 -6.6945679e-001
 -6.1269131e-001
 -5.5034231e-001
 -4.8544863e-001
 -4.2082441e-001
 -3.5878580e-001
 -3.0094798e-001
 -2.4811746e-001
 -2.0029167e-001
 -1.5676323e-001
 -1.1631199e-001
 -7.7456194e-002
 -3.8726271e-002
  1.0773108e-003
  4.2677950e-002
  8.6195942e-002
  1.3111613e-001
  1.7635168e-001
  2.2039150e-001
  2.6150716e-001
  2.9798708e-001
  3.2836287e-001
  3.5159497e-001
  3.6719178e-001
  3.7524753e-001
  3.7639662e-001
  3.7169507e-001
  3.6245025e-001
  3.5002745e-001
  3.3566395e-001
  3.2031925e-001
  3.0458301e-001
  2.8865237e-001
  2.7237867e-001
  2.5537235e-001
  2.3714553e-001
  2.1726645e-001
  1.9549835e-001
  1.7189898e-001
  1.4686417e-001
  1.2110829e-001
  9.5586051e-002
  7.1369264e-002
  4.9500580e-002
  3.0849447e-002
  1.5995435e-002
  5.1591826e-003
 -1.8068652e-003
 -5.3660347e-003
 -6.1920058e-003
 -5.0282783e-003
 -2.5366241e-003
  8.3918897e-004
  4.9703725e-003
  1.0083135e-002
  1.6733570e-002
  2.5720296e-002
  3.7948541e-002
  5.4268139e-002
  7.5313117e-002
  1.0137130e-001
  1.3230843e-001
  1.6756297e-001
  2.0621694e-001
  2.4713545e-001
  2.8915595e-001
  3.3129935e-001
  3.7296981e-001
  4.1411008e-001
  4.5528437e-001
  4.9767012e-001
  5.4295287e-001
  5.9313221e-001
  6.5026004e-001
  7.1614270e-001
  7.9204508e-001
  8.7843516e-001
  9.7480368e-001
  1.0795841e+000
  1.1901859e+000
  1.3031392e+000
  1.4143365e+000
  1.5193445e+000
  1.6137517e+000
  1.6935149e+000
  1.7552694e+000
  1.7965740e+000
  1.8160714e+000
  1.8135562e+000
  1.7899533e+000
  1.7472186e+000
  1.6881812e+000
  1.6163495e+000
  1.5357003e+000
  1.4504698e+000
  1.3649581e+000
  1.2833508e+000
  1.2095600e+000
  1.1470789e+000
  1.0988461e+000
  1.0671170e+000
  1.0533413e+000
  1.0580552e+000
  1.0807968e+000
  1.1200625e+000
  1.1733184e+000
  1.2370834e+000
  1.3070914e+000
  1.3785338e+000
  1.4463718e+000
  1.5056977e+000
  1.5521142e+000
  1.5820947e+000
  1.5932860e+000
  1.5847160e+000
  1.5568812e+000
  1.5116970e+000
  1.4523142e+000
  1.3828179e+000
  1.3078417e+000
  1.2321417e+000
  1.1601787e+000
  1.0957575e+000
  1.0417645e+000
  1.0000319e+000
  9.7133800e-001
  9.5553767e-001
  9.5179570e-001
  9.5888450e-001
  9.7549784e-001
  1.0005313e+000
  1.0332858e+000
  1.0735634e+000
  1.1216394e+000
  1.1781176e+000
  1.2436893e+000
  1.3188373e+000
  1.4035300e+000
  1.4969588e+000
  1.5973627e+000
  1.7019757e+000
  1.8071129e+000
  1.9083927e+000
  2.0010741e+000
  2.0804687e+000
  2.1423778e+000
  2.1834993e+000
  2.2017535e+000
  2.1964856e+000
  2.1685194e+000
  2.1200572e+000
  2.0544383e+000
  1.9757895e+000
  1.8886109e+000
  1.7973507e+000
  1.7060196e+000
  1.6178897e+000
  1.5353092e+000
  1.4596478e+000
  1.3913692e+000
  1.3302105e+000
  1.2754345e+000
  1.2261133e+000
  1.1813996e+000
  1.1407459e+000
  1.1040432e+000
  1.0716611e+000
  1.0443888e+000
  1.0232904e+000
  1.0094980e+000
  1.0039762e+000
  1.0072927e+000
  1.0194282e+000
  1.0396521e+000
  1.0664802e+000
  1.0977205e+000
  1.1305999e+000
  1.1619581e+000
  1.1884849e+000
  1.2069770e+000
  1.2145879e+000
  1.2090502e+000
  1.1888536e+000
  1.1533679e+000
  1.1029074e+000
  1.0387390e+000
  9.6303682e-001
  8.7879171e-001
  7.8968129e-001
  6.9990667e-001
  6.1400055e-001
  5.3661074e-001
  4.7226360e-001
  4.2511364e-001
  3.9868840e-001
  3.9564165e-001
  4.1753130e-001
  4.6464133e-001
  5.3586779e-001
  6.2868695e-001
  7.3921926e-001
  8.6239499e-001
  9.9221822e-001
  1.1221150e+000
  1.2453414e+000
  1.3554191e+000
  1.4465601e+000
  1.5140430e+000
  1.5545042e+000
  1.5661172e+000
  1.5486446e+000
  1.5033597e+000
  1.4328497e+000
  1.3407254e+000
  1.2312702e+000
  1.1090699e+000
  9.7866116e-001
  8.4423503e-001
  7.0942167e-001
  5.7717058e-001
  4.4972789e-001
  3.2869957e-001
  2.1517887e-001
  1.0991009e-001
  1.3457857e-002
 -7.3646209e-002
 -1.5080167e-001
 -2.1729553e-001
 -2.7231953e-001
 -3.1504120e-001
 -3.4471337e-001
 -3.6080147e-001
 -3.6310591e-001
 -3.5185934e-001
 -3.2778287e-001
 -2.9209304e-001
 -2.4645902e-001
 -1.9291674e-001
 -1.3375294e-001
 -7.1374493e-002
 -8.1793505e-003
  5.3557544e-002
  1.1177436e-001
  1.6468516e-001
  2.1081772e-001
  2.4903296e-001
  2.7853525e-001
  2.9888248e-001
  3.1000254e-001
  3.1221844e-001
  3.0627870e-001
  2.9338489e-001
  2.7520381e-001
  2.5385054e-001
  2.3182967e-001
  2.1192622e-001
  1.9704454e-001
  1.9000150e-001
  1.9328901e-001
  2.0882808e-001
  2.3774162e-001
  2.8017421e-001
  3.3518489e-001
  4.0073191e-001
  4.7375902e-001
  5.5038072e-001
  6.2615226e-001
  6.9639906e-001
  7.5657248e-001
  8.0259538e-001
  8.3116155e-001
  8.3995890e-001
  8.2779572e-001
  7.9462137e-001
  7.4144560e-001
  6.7017275e-001
  5.8337653e-001
  4.8404652e-001
  3.7533863e-001
  2.6035854e-001
  1.4199968e-001
  2.2847411e-002
 -9.4849352e-002
 -2.0914867e-001
 -3.1834535e-001
 -4.2088219e-001
 -5.1526550e-001
 -6.0000519e-001
 -6.7359331e-001
 -7.3452697e-001
 -7.8137327e-001
 -8.1286548e-001
 -8.2801468e-001
 -8.2621805e-001
 -8.0734570e-001
 -7.7179166e-001
 -7.2048068e-001
 -6.5482951e-001
 -5.7666867e-001
 -4.8813604e-001
 -3.9155750e-001
 -2.8933006e-001
 -1.8382102e-001
 -7.7292022e-002
  2.8148931e-002
  1.3057049e-001
  2.2822414e-001
  3.1954469e-001
  4.0315684e-001
  4.7789708e-001
  5.4285579e-001
  5.9743811e-001
  6.4143595e-001
  6.7509780e-001
  6.9918024e-001
  7.1496430e-001
  7.2422347e-001
  7.2913573e-001
  7.3214080e-001
  7.3575250e-001
  7.4234505e-001
  7.5393799e-001
  7.7200758e-001
  7.9735086e-001
  8.3002302e-001
  8.6935914e-001
  9.1407987e-001
  9.6246796e-001
  1.0125916e+000
  1.0625427e+000
  1.1106541e+000
  1.1556637e+000
  1.1967981e+000
  1.2337626e+000
  1.2666379e+000
  1.2956981e+000
  1.3211814e+000
  1.3430497e+000
  1.3607825e+000
  1.3732441e+000
  1.3786556e+000
  1.3746906e+000
  1.3586930e+000
  1.3279977e+000
  1.2803200e+000
  1.2141625e+000
  1.1291869e+000
  1.0264949e+000
  9.0877422e-001
  7.8027882e-001
  6.4663425e-001
  5.1447916e-001
  3.9097642e-001
  2.8324351e-001
  1.9776330e-001
  1.3983937e-001
  1.1315532e-001
  1.1948516e-001
  1.5858400e-001
  2.2826671e-001
  3.2466079e-001
  4.4260010e-001
  5.7611185e-001
  7.1894112e-001
  8.6505657e-001
  1.0090873e+000
  1.1466529e+000
  1.2745636e+000
  1.3908868e+000
  1.4948882e+000
  1.5868736e+000
  1.6679619e+000
  1.7398246e+000
  1.8044240e+000
  1.8637788e+000
  1.9197730e+000
  1.9740169e+000
  2.0277603e+000
  2.0818494e+000
  2.1367173e+000
  2.1923962e+000
  2.2485421e+000
  2.3044682e+000
  2.3591856e+000
  2.4114560e+000
  2.4598619e+000
  2.5028983e+000
  2.5390888e+000
  2.5671217e+000
  2.5859956e+000
  2.5951583e+000
  2.5946195e+000
  2.5850139e+000
  2.5675978e+000
  2.5441659e+000
  2.5168878e+000
  2.4880720e+000
  2.4598829e+000
  2.4340408e+000
  2.4115459e+000
  2.3924673e+000
  2.3758321e+000
  2.3596426e+000
  2.3410306e+000
  2.3165431e+000
  2.2825334e+000
  2.2356163e+000
  2.1731341e+000
  2.0935762e+000
  1.9968957e+000
  1.8846808e+000
  1.7601501e+000
  1.6279677e+000
  1.4938916e+000
  1.3642927e+000
  1.2455990e+000
  1.1437251e+000
  1.0635547e+000
  1.0085319e+000
  9.8040510e-001
  9.7914869e-001
  1.0030626e+000
  1.0490305e+000
  1.1128966e+000
  1.1899107e+000
  1.2751839e+000
  1.3640997e+000
  1.4526387e+000
  1.5375847e+000
  1.6166036e+000
  1.6882023e+000
  1.7515917e+000
  1.8064884e+000
  1.8528973e+000
  1.8909124e+000
  1.9205690e+000
  1.9417656e+000
  1.9542625e+000
  1.9577478e+000
  1.9519506e+000
  1.9367738e+000
  1.9124177e+000
  1.8794659e+000
  1.8389162e+000
  1.7921480e+000
  1.7408299e+000
  1.6867824e+000
  1.6318176e+000
  1.5775825e+000
  1.5254308e+000
  1.4763410e+000
  1.4308925e+000
  1.3892980e+000
  1.3514814e+000
  1.3171824e+000
  1.2860634e+000
  1.2577972e+000
  1.2321151e+000
  1.2088060e+000
  1.1876677e+000
  1.1684213e+000
  1.1506083e+000
  1.1334985e+000
  1.1160320e+000
  1.0968208e+000
  1.0742189e+000
  1.0464651e+000
  1.0118830e+000
  9.6911394e-001
  9.1734881e-001
  8.5652139e-001
  7.8742738e-001
  7.1174310e-001
  6.3193090e-001
  5.5103504e-001
  4.7238921e-001
  3.9927165e-001
  3.3455423e-001
  2.8039511e-001
  2.3802063e-001
  2.0763091e-001
  1.8844614e-001
  1.7889035e-001
  1.7688842e-001
  1.8023396e-001
  1.8697373e-001
  1.9574961e-001
  2.0604356e-001
  2.1828379e-001
  2.3378987e-001
  2.5455784e-001
  2.8291072e-001
  3.2106040e-001
  3.7064245e-001
  4.3229088e-001
  5.0531749e-001
  5.8754700e-001
  6.7533956e-001
  7.6380682e-001
  8.4720157e-001
  9.1943726e-001
  9.7467554e-001
  1.0079109e+000
  1.0154813e+000
  9.9544380e-001
  9.4777171e-001
  8.7435380e-001
  7.7880036e-001
  6.6608565e-001
  5.4207456e-001
  4.1299297e-001
  2.8490461e-001
  1.6325106e-001
  5.2498951e-002
 -4.4079469e-002
 -1.2448625e-001
 -1.8795069e-001
 -2.3478260e-001
 -2.6616242e-001
 -2.8390656e-001
 -2.9024236e-001
 -2.8761734e-001
 -2.7855491e-001
 -2.6555578e-001
 -2.5103339e-001
 -2.3726483e-001
 -2.2633740e-001
 -2.2007468e-001
 -2.1993477e-001
 -2.2688410e-001
 -2.4126218e-001
 -2.6266150e-001
 -2.8985191e-001
 -3.2077795e-001
 -3.5265037e-001
 -3.8214062e-001
 -4.0567110e-001
 -4.1977650e-001
 -4.2149683e-001
 -4.0875178e-001
 -3.8064331e-001
 -3.3763750e-001
 -2.8159014e-001
 -2.1559951e-001
 -1.4369365e-001
 -7.0383194e-002
 -1.3215192e-004
  6.3186652e-002
  1.1677889e-001
  1.5929101e-001
  1.9099404e-001
  2.1375851e-001
  2.3081758e-001
  2.4634490e-001
  2.6489936e-001
  2.9080855e-001
  3.2757164e-001
  3.7736083e-001
  4.4068774e-001
  5.1627834e-001
  6.0117222e-001
  6.9103125e-001
  7.8061485e-001
  8.6435727e-001
  9.3697039e-001
  9.9399422e-001
  1.0322273e+000
  1.0499881e+000
  1.0471854e+000
  1.0252004e+000
  9.8661259e-001
  9.3481996e-001
  8.7361384e-001
  8.0677354e-001
  7.3773459e-001
  6.6936926e-001
  6.0389589e-001
  5.4291060e-001
  4.8751453e-001
  4.3849493e-001
  3.9651205e-001
  3.6224636e-001
  3.3647142e-001
  3.2003515e-001
  3.1375232e-001
  3.1823093e-001
  3.3367055e-001
  3.5967907e-001
  3.9515391e-001
  4.3826479e-001
  4.8655816e-001
  5.3718211e-001
  5.8720835e-001
  6.3400796e-001
  6.7562462e-001
  7.1108490e-001
  7.4059079e-001
  7.6555557e-001
  7.8846644e-001
  8.1258421e-001
  8.4151684e-001
  8.7872469e-001
  9.2702912e-001
  9.8819803e-001
  1.0626730e+000
  1.1494824e+000
  1.2463587e+000
  1.3500450e+000
  1.4567492e+000
  1.5626770e+000
  1.6645656e+000
  1.7601329e+000
  1.8483748e+000
  1.9296599e+000
  2.0056062e+000
  2.0787564e+000
  2.1520988e+000
  2.2285099e+000
  2.3102040e+000
  2.3982783e+000
  2.4924276e+000
  2.5908765e+000
  2.6905450e+000
  2.7874260e+000
  2.8771195e+000
  2.9554433e+000
  3.0190262e+000
  3.0657916e+000
  3.0952526e+000
  3.1085734e+000
  3.1083797e+000
  3.0983483e+000
  3.0826333e+000
  3.0652185e+000
  3.0492947e+000
  3.0367596e+000
  3.0279201e+000
  3.0214460e+000
  3.0145866e+000
  3.0036204e+000
  2.9844723e+000
  2.9534058e+000
  2.9076862e+000
  2.8461133e+000
  2.7693410e+000
  2.6799348e+000
  2.5821549e+000
  2.4814966e+000
  2.3840536e+000
  2.2957969e+000
  2.2218749e+000
  2.1660326e+000
  2.1302310e+000
  2.1145159e+000
  2.1171429e+000
  2.1349318e+000
  2.1637840e+000
  2.1992776e+000
  2.2372457e+000
  2.2742485e+000
  2.3078754e+000
  2.3368408e+000
  2.3608796e+000
  2.3804792e+000
  2.3965160e+000
  2.4098788e+000
  2.4211634e+000
  2.4305049e+000
  2.4375891e+000
  2.4418466e+000
  2.4427939e+000
  2.4404551e+000
  2.4357725e+000
  2.4309097e+000
  2.4293613e+000
  2.4358105e+000
  2.4557185e+000
  2.4946735e+000
  2.5575774e+000
  2.6477819e+000
  2.7663103e+000
  2.9113000e+000
  3.0777801e+000
  3.2578574e+000
  3.4413284e+000
  3.6166693e+000
  3.7722984e+000
  3.8979533e+000
  3.9860003e+000
  4.0324858e+000
  4.0377702e+000
  4.0066300e+000
  3.9477844e+000
  3.8728842e+000
  3.7950733e+000
  3.7273030e+000
  3.6806170e+000
  3.6626394e+000
  3.6764769e+000
  3.7201968e+000
  3.7869648e+000
  3.8658395e+000
  3.9431309e+000
  4.0041466e+000
  4.0350975e+000
  4.0249068e+000
  3.9666766e+000
  3.8586127e+000
  3.7042792e+000
  3.5121490e+000
  3.2945115e+000
  3.0658885e+000
  2.8411786e+000
  2.6337843e+000
  2.4539813e+000
  2.3077482e+000
  2.1962135e+000
  2.1157835e+000
  2.0589189e+000
  2.0154367e+000
  1.9741377e+000
  1.9245190e+000
  1.8583188e+000
  1.7706725e+000
  1.6607174e+000
  1.5315672e+000
  1.3896752e+000
  1.2436918e+000
  1.1030017e+000
  9.7616892e-001
  8.6953193e-001
  7.8616652e-001
  7.2537598e-001
  6.8278821e-001
  6.5104557e-001
  6.2098293e-001
  5.8311409e-001
  5.2919875e-001
  4.5364865e-001
  3.5455391e-001
  2.3416645e-001
  9.8757590e-002
 -4.2139613e-002
 -1.7700096e-001
 -2.9391482e-001
 -3.8228832e-001
 -4.3440843e-001
 -4.4662990e-001
 -4.2001491e-001
 -3.6032855e-001
 -2.7738691e-001
