 -2.8518050e-001
 -6.6659414e-001
 -7.8967270e-001
 -7.1799085e-001
 -5.2355625e-001
 -2.7392741e-001
 -2.4326412e-002
  1.8587229e-001
  3.3329598e-001
  4.0850752e-001
  4.1277271e-001
  3.5451399e-001
  2.4605211e-001
  1.0098965e-001
 -6.7622815e-002
 -2.4835745e-001
 -4.3184075e-001
 -6.1072312e-001
 -7.7937485e-001
 -9.3347861e-001
 -1.0696513e+000
 -1.1851824e+000
 -1.2779287e+000
 -1.3463643e+000
 -1.3897501e+000
 -1.4083671e+000
 -1.4037423e+000
 -1.3788036e+000
 -1.3379031e+000
 -1.2866742e+000
 -1.2317063e+000
 -1.1800531e+000
 -1.1386116e+000
 -1.1134355e+000
 -1.1090561e+000
 -1.1278958e+000
 -1.1698482e+000
 -1.2320910e+000
 -1.3091705e+000
 -1.3933674e+000
 -1.4753261e+000
 -1.5448918e+000
 -1.5920796e+000
 -1.6080772e+000
 -1.5861773e+000
 -1.5225400e+000
 -1.4166995e+000
 -1.2717578e+000
 -1.0942374e+000
 -8.9360618e-001
 -6.8151787e-001
 -4.7084571e-001
 -2.7460694e-001
 -1.0488697e-001
  2.8129708e-002
  1.1692841e-001
  1.5716346e-001
  1.4784930e-001
  9.1240028e-002
 -7.5727400e-003
 -1.4128421e-001
 -3.0114282e-001
 -4.7776786e-001
 -6.6192824e-001
 -8.4520351e-001
 -1.0204690e+000
 -1.1821723e+000
 -1.3263988e+000
 -1.4507469e+000
 -1.5540624e+000
 -1.6360886e+000
 -1.6970999e+000
 -1.7375797e+000
 -1.7579906e+000
 -1.7586687e+000
 -1.7398472e+000
 -1.7017953e+000
 -1.6450370e+000
 -1.5706021e+000
 -1.4802542e+000
 -1.3766452e+000
 -1.2633537e+000
 -1.1447858e+000
 -1.0259335e+000
 -9.1201144e-001
 -8.0801049e-001
 -7.1822291e-001
 -6.4580033e-001
 -5.9240554e-001
 -5.5800982e-001
 -5.4087076e-001
 -5.3770399e-001
 -5.4403795e-001
 -5.5471717e-001
 -5.6450017e-001
 -5.6868423e-001
 -5.6368432e-001
 -5.4749688e-001
 -5.1999112e-001
 -4.8298967e-001
 -4.4012401e-001
 -3.9647588e-001
 -3.5804036e-001
 -3.3106654e-001
 -3.2134602e-001
 -3.3352531e-001
 -3.7051584e-001
 -4.3306500e-001
 -5.1953411e-001
 -6.2590768e-001
 -7.4603430e-001
 -8.7207605e-001
 -9.9512329e-001
 -1.1059161e+000
 -1.1956056e+000
 -1.2564848e+000
 -1.2826270e+000
 -1.2703759e+000
 -1.2186517e+000
 -1.1290513e+000
 -1.0057413e+000
 -8.5515997e-001
 -6.8555692e-001
 -5.0641256e-001
 -3.2778496e-001
 -1.5963411e-001
 -1.1172077e-002
  1.0971751e-001
  1.9695513e-001
  2.4660967e-001
  2.5709534e-001
  2.2921525e-001
  1.6605527e-001
  7.2741013e-002
 -4.3922367e-002
 -1.7590121e-001
 -3.1444487e-001
 -4.5062447e-001
 -5.7586485e-001
 -6.8243663e-001
 -7.6387849e-001
 -8.1532454e-001
 -8.3371841e-001
 -8.1790376e-001
 -7.6858972e-001
 -6.8819920e-001
 -5.8061648e-001
 -4.5085776e-001
 -3.0469385e-001
 -1.4825651e-001
  1.2340072e-002
  1.7133450e-001
  3.2358790e-001
  4.6477329e-001
  5.9147905e-001
  7.0122927e-001
  7.9243188e-001
  8.6427125e-001
  9.1656545e-001
  9.4960881e-001
  9.6401874e-001
  9.6060126e-001
  9.4024448e-001
  9.0384307e-001
  8.5225191e-001
  7.8626265e-001
  7.0659566e-001
  6.1389985e-001
  5.0875531e-001
  3.9167761e-001
  2.6312643e-001
  1.2352532e-001
 -2.6698760e-002
 -1.8704763e-001
 -3.5685007e-001
 -5.3512571e-001
 -7.2042165e-001
 -9.1063713e-001
 -1.1028590e+000
 -1.2932367e+000
 -1.4769267e+000
 -1.6481356e+000
 -1.8002819e+000
 -1.9262870e+000
 -2.0189886e+000
 -2.0716539e+000
 -2.0785540e+000
 -2.0355450e+000
 -1.9405957e+000
 -1.7941960e+000
 -1.5995904e+000
 -1.3627926e+000
 -1.0923574e+000
 -7.9891340e-001
 -4.9448653e-001
 -1.9167003e-001
  9.7282210e-002
  3.6134928e-001
  5.9153134e-001
  7.8144783e-001
  9.2768021e-001
  1.0298216e+000
  1.0902280e+000
  1.1135025e+000
  1.1057737e+000
  1.0738561e+000
  1.0243971e+000
  9.6311181e-001
  8.9420232e-001
  8.2003044e-001
  7.4108079e-001
  6.5621385e-001
  5.6316865e-001
  4.5924113e-001
  3.4203913e-001
  2.1020327e-001
  6.3985785e-002
 -9.4402740e-002
 -2.6073832e-001
 -4.2904006e-001
 -5.9211486e-001
 -7.4232544e-001
 -8.7248346e-001
 -9.7674814e-001
 -1.0514059e+000
 -1.0954180e+000
 -1.1106520e+000
 -1.1017512e+000
 -1.0756471e+000
 -1.0407659e+000
 -1.0060261e+000
 -9.7975468e-001
 -9.6866497e-001
 -9.7703618e-001
 -1.0062107e+000
 -1.0544862e+000
 -1.1174282e+000
 -1.1885699e+000
 -1.2604149e+000
 -1.3256097e+000
 -1.3781267e+000
 -1.4142902e+000
 -1.4334909e+000
 -1.4384735e+000
 -1.4351318e+000
 -1.4318123e+000
 -1.4381944e+000
 -1.4638744e+000
 -1.5168287e+000
 -1.6019554e+000
 -1.7198955e+000
 -1.8663073e+000
 -2.0317189e+000
 -2.2020159e+000
 -2.3595440e+000
 -2.4847284e+000
 -2.5580432e+000
 -2.5621142e+000
 -2.4837151e+000
 -2.3154200e+000
 -2.0567100e+000
 -1.7143910e+000
 -1.3022560e+000
 -8.4001532e-001
 -3.5160107e-001
  1.3697114e-001
  5.9994938e-001
  1.0141412e+000
  1.3609042e+000
  1.6276151e+000
  1.8084600e+000
  1.9044750e+000
  1.9228498e+000
  1.8755965e+000
  1.7777599e+000
  1.6453935e+000
  1.4935504e+000
  1.3345307e+000
  1.1765885e+000
  1.0232394e+000
  8.7323415e-001
  7.2117816e-001
  5.5869755e-001
  3.7598806e-001
  1.6354007e-001
 -8.6182977e-002
 -3.7732244e-001
 -7.0962970e-001
 -1.0780112e+000
 -1.4726547e+000
 -1.8797044e+000
 -2.2823873e+000
 -2.6624412e+000
 -3.0016666e+000
 -3.2834182e+000
 -3.4938742e+000
 -3.6229583e+000
 -3.6648444e+000
 -3.6180341e+000
 -3.4850537e+000
 -3.2718624e+000
 -2.9870952e+000
 -2.6412699e+000
 -2.2460766e+000
 -1.8138374e+000
 -1.3571802e+000
 -8.8892152e-001
 -4.2210662e-001
  2.9881439e-002
  4.5325068e-001
  8.3387560e-001
  1.1576054e+000
  1.4108533e+000
  1.5814632e+000
  1.6597942e+000
  1.6399115e+000
  1.5207299e+000
  1.3069394e+000
  1.0095421e+000
  6.4586087e-001
  2.3893090e-001
 -1.8374396e-001
 -5.9201142e-001
 -9.5532989e-001
 -1.2452635e+000
 -1.4379646e+000
 -1.5163781e+000
 -1.4719164e+000
 -1.3053991e+000
 -1.0271243e+000
 -6.5603145e-001
 -2.1801449e-001
  2.5645726e-001
  7.3517246e-001
  1.1871703e+000
  1.5855742e+000
  1.9099626e+000
  2.1480191e+000
  2.2962875e+000
  2.3599517e+000
  2.3516751e+000
  2.2896379e+000
  2.1950016e+000
  2.0890954e+000
  1.9906470e+000
  1.9133774e+000
  1.8642311e+000
  1.8424436e+000
  1.8395482e+000
  1.8403200e+000
  1.8245487e+000
  1.7694405e+000
  1.6523834e+000
  1.4537720e+000
  1.1595883e+000
  7.6346434e-001
  2.6801317e-001
 -3.1470233e-001
 -9.6360423e-001
 -1.6498840e+000
 -2.3390012e+000
 -2.9931970e+000
 -3.5742813e+000
 -4.0464413e+000
 -4.3788303e+000
 -4.5477334e+000
 -4.5381573e+000
 -4.3447571e+000
 -3.9720720e+000
 -3.4341073e+000
 -2.7533409e+000
 -1.9592723e+000
 -1.0866455e+000
 -1.7348247e-001
  7.4094627e-001
  1.6181034e+000
  2.4220312e+000
  3.1209947e+000
  3.6888715e+000
  4.1062518e+000
  4.3612210e+000
  4.4497989e+000
  4.3760183e+000
  4.1516241e+000
  3.7953880e+000
  3.3320460e+000
  2.7908871e+000
  2.2040488e+000
  1.6046043e+000
  1.0245517e+000
  4.9284403e-001
  3.3606346e-002
 -3.3531065e-001
 -6.0330804e-001
 -7.6744731e-001
 -8.3223668e-001
 -8.0879829e-001
 -7.1348108e-001
 -5.6604282e-001
 -3.8757402e-001
 -1.9836932e-001
 -1.5963879e-002
  1.4645994e-001
  2.8112572e-001
  3.8606227e-001
  4.6480620e-001
  5.2544231e-001
  5.7909223e-001
  6.3802609e-001
  7.1361769e-001
  8.1438466e-001
  9.4434834e-001
  1.1019143e+000
  1.2794169e+000
  1.4633965e+000
  1.6355952e+000
  1.7745751e+000
  1.8577916e+000
  1.8639030e+000
  1.7750702e+000
  1.5790004e+000
  1.2705190e+000
  8.5250533e-001
  3.3609473e-001
 -2.5986618e-001
 -9.1005184e-001
 -1.5844455e+000
 -2.2505000e+000
 -2.8754572e+000
 -3.4286092e+000
 -3.8832995e+000
 -4.2185039e+000
 -4.4198841e+000
 -4.4802685e+000
 -4.3995757e+000
 -4.1842503e+000
 -3.8463220e+000
 -3.4022197e+000
 -2.8714819e+000
 -2.2754879e+000
 -1.6363122e+000
 -9.7576819e-001
 -3.1467091e-001
  3.2768820e-001
  9.3388663e-001
  1.4885868e+000
  1.9786778e+000
  2.3933892e+000
  2.7244119e+000
  2.9660324e+000
  3.1152737e+000
  3.1720089e+000
  3.1390084e+000
  3.0218763e+000
  2.8288400e+000
  2.5703748e+000
  2.2586682e+000
  1.9069528e+000
  1.5287623e+000
  1.1371816e+000
  7.4416788e-001
  3.6001930e-001
 -6.9494471e-003
 -3.5049089e-001
 -6.6626466e-001
 -9.5146516e-001
 -1.2042998e+000
 -1.4234038e+000
 -1.6072908e+000
 -1.7539344e+000
 -1.8605628e+000
 -1.9237170e+000
 -1.9395875e+000
 -1.9046005e+000
 -1.8161864e+000
 -1.6736280e+000
 -1.4788674e+000
 -1.2371445e+000
 -9.5735281e-001
 -6.5202602e-001
 -3.3691214e-001
 -3.0139141e-002
  2.4897026e-001
  4.8133186e-001
  6.4964212e-001
  7.3987046e-001
  7.4254210e-001
  6.5366968e-001
  4.7522812e-001
  2.1511535e-001
 -1.1340192e-001
 -4.9270202e-001
 -9.0217622e-001
 -1.3198082e+000
 -1.7238021e+000
 -2.0940951e+000
 -2.4136105e+000
 -2.6691402e+000
 -2.8517943e+000
 -2.9570087e+000
 -2.9841527e+000
 -2.9358236e+000
 -2.8169487e+000
 -2.6338281e+000
 -2.3932513e+000
 -2.1017995e+000
 -1.7654129e+000
 -1.3892596e+000
 -9.7789632e-001
 -5.3566919e-001
 -6.7267944e-002
  4.2167345e-001
  9.2404326e-001
  1.4308886e+000
  1.9313013e+000
  2.4125966e+000
  2.8607897e+000
  3.2613321e+000
  3.6000356e+000
  3.8640857e+000
  4.0430342e+000
  4.1296588e+000
  4.1205959e+000
  4.0166775e+000
  3.8229366e+000
  3.5482830e+000
  3.2048872e+000
  2.8073399e+000
  2.3716733e+000
  1.9143417e+000
  1.4512547e+000
  9.9694380e-001
  5.6392194e-001
  1.6226850e-001
 -2.0055323e-001
 -5.1966580e-001
 -7.9257242e-001
 -1.0188274e+000
 -1.1996370e+000
 -1.3374411e+000
 -1.4355185e+000
 -1.4976430e+000
 -1.5278054e+000
 -1.5300012e+000
 -1.5080752e+000
 -1.4656091e+000
 -1.4058358e+000
 -1.3315699e+000
 -1.2451495e+000
 -1.1483914e+000
 -1.0425678e+000
 -9.2842014e-001
 -8.0621854e-001
 -6.7587929e-001
 -5.3713786e-001
 -3.8976878e-001
 -2.3383078e-001
 -6.9906887e-002
  1.0069687e-001
  2.7583071e-001
  4.5248971e-001
  6.2693121e-001
  7.9492501e-001
  9.5212066e-001
  1.0944981e+000
  1.2188509e+000
  1.3232426e+000
  1.4073699e+000
  1.4727779e+000
  1.5228805e+000
  1.5627655e+000
  1.5987858e+000
  1.6379695e+000
  1.6873034e+000
  1.7529651e+000
  1.8395906e+000
  1.9496633e+000
  2.0830986e+000
  2.2370812e+000
  2.4061791e+000
  2.5827307e+000
  2.7574653e+000
  2.9202916e+000
  3.0611665e+000
  3.1709491e+000
  3.2421448e+000
  3.2694606e+000
  3.2501145e+000
  3.1838742e+000
  3.0728348e+000
  2.9209734e+000
  2.7335503e+000
  2.5164372e+000
  2.2754652e+000
  2.0158721e+000
  1.7419181e+000
  1.4567079e+000
  1.1622317e+000
  8.5960250e-001
  5.4944515e-001
  2.3236794e-001
 -9.0558074e-002
 -4.1738737e-001
 -7.4501845e-001
 -1.0690846e+000
 -1.3840325e+000
 -1.6833770e+000
 -1.9600942e+000
 -2.2070982e+000
 -2.4177329e+000
 -2.5862147e+000
 -2.7079694e+000
 -2.7798240e+000
 -2.8000429e+000
 -2.7682157e+000
 -2.6850352e+000
 -2.5520142e+000
 -2.3712029e+000
 -2.1449644e+000
 -1.8758544e+000
 -1.5666335e+000
 -1.2204116e+000
 -8.4090175e-001
 -4.3273412e-001
 -1.7666335e-003
  4.4467974e-001
  8.9772718e-001
  1.3470400e+000
  1.7811421e+000
  2.1879478e+000
  2.5554684e+000
  2.8726258e+000
  3.1300849e+000
  3.3210042e+000
  3.4416059e+000
  3.4914869e+000
  3.4736164e+000
  3.3940055e+000
  3.2610765e+000
  3.0847952e+000
  2.8756658e+000
  2.6437073e+000
  2.3975345e+000
  2.1436577e+000
  1.8860898e+000
  1.6263072e+000
  1.3635710e+000
  1.0955619e+000
  8.1924391e-001
  5.3183756e-001
  2.3176689e-001
 -8.0553447e-002
 -4.0220746e-001
 -7.2762411e-001
 -1.0488157e+000
 -1.3559909e+000
 -1.6384761e+000
 -1.8858323e+000
 -2.0890314e+000
 -2.2415378e+000
 -2.3401552e+000
 -2.3855220e+000
 -2.3821810e+000
 -2.3382045e+000
 -2.2644078e+000
 -2.1732383e+000
 -2.0774697e+000
 -1.9888526e+000
 -1.9168839e+000
 -1.8678378e+000
 -1.8441745e+000
 -1.8443898e+000
 -1.8633199e+000
 -1.8928563e+000
 -1.9229757e+000
 -1.9429562e+000
 -1.9426261e+000
 -1.9134953e+000
 -1.8496356e+000
 -1.7482122e+000
 -1.6096170e+000
 -1.4372050e+000
 -1.2366871e+000
 -1.0152758e+000
 -7.8070785e-001
 -5.4027994e-001
 -3.0002763e-001
 -6.4152372e-002
  1.6523539e-001
  3.8803470e-001
  6.0575969e-001
  8.2090018e-001
  1.0361379e+000
  1.2535361e+000
  1.4738221e+000
  1.6958651e+000
  1.9164245e+000
  2.1302006e+000
  2.3301821e+000
  2.5082370e+000
  2.6558665e+000
  2.7650170e+000
  2.8288410e+000
  2.8423077e+000
  2.8025886e+000
  2.7091774e+000
  2.5637423e+000
  2.3697488e+000
  2.1319248e+000
  1.8556575e+000
  1.5464244e+000
  1.2093494e+000
  8.4895449e-001
  4.6914572e-001
  7.3432375e-002
 -3.3466003e-001
 -7.5105661e-001
 -1.1705767e+000
 -1.5864611e+000
 -1.9900822e+000
 -2.3709174e+000
 -2.7168302e+000
 -3.0146613e+000
 -3.2510906e+000
 -3.4136871e+000
 -3.4920340e+000
 -3.4788003e+000
 -3.3706260e+000
 -3.1687085e+000
 -2.8790049e+000
 -2.5120116e+000
 -2.0821277e+000
 -1.6066597e+000
 -1.1045663e+000
 -5.9507175e-001
 -9.6292285e-002
  3.7598438e-001
  8.0924442e-001
  1.1948314e+000
  1.5281243e+000
  1.8083158e+000
  2.0378403e+000
  2.2215432e+000
  2.3657063e+000
  2.4770548e+000
  2.5618692e+000
  2.6253001e+000
  2.6709555e+000
  2.7007872e+000
  2.7152641e+000
  2.7137805e+000
  2.6952181e+000
  2.6585657e+000
  2.6034944e+000
  2.5308001e+000
  2.4426454e+000
  2.3425664e+000
  2.2352446e+000
  2.1260775e+000
  2.0206107e+000
  1.9239125e+000
  1.8399806e+000
  1.7712618e+000
  1.7183537e+000
  1.6799256e+000
  1.6528721e+000
  1.6326754e+000
  1.6139299e+000
  1.5909583e+000
  1.5584419e+000
  1.5119849e+000
  1.4485465e+000
  1.3666937e+000
  1.2666518e+000
  1.1501592e+000
  1.0201588e+000
  8.8037580e-001
  7.3484747e-001
  5.8747175e-001
  4.4163481e-001
  2.9996419e-001
  1.6423330e-001
  3.5419905e-002
 -8.6100500e-002
 -2.0026485e-001
 -3.0698637e-001
 -4.0582719e-001
 -4.9573166e-001
 -5.7486116e-001
 -6.4055614e-001
 -6.8943167e-001
 -7.1759456e-001
 -7.2095389e-001
 -6.9558541e-001
 -6.3810535e-001
 -5.4601063e-001
 -4.1794948e-001
 -2.5389878e-001
 -5.5237925e-002
  1.7527633e-001
  4.3361805e-001
  7.1465895e-001
  1.0123667e+000
  1.3200094e+000
  1.6303469e+000
  1.9357999e+000
  2.2285970e+000
  2.5009098e+000
  2.7449923e+000
  2.9533441e+000
  3.1189119e+000
  3.2353394e+000
  3.2972638e+000
  3.3006440e+000
  3.2430942e+000
  3.1241886e+000
  2.9456943e+000
  2.7116948e+000
  2.4285682e+000
  2.1048032e+000
  1.7506461e+000
  1.3775973e+000
  9.9778899e-001
  6.2329685e-001
  2.6544417e-001
 -6.5836997e-002
 -3.6252829e-001
 -6.1888321e-001
 -8.3159103e-001
 -9.9973759e-001
 -1.1245768e+000
 -1.2091472e+000
 -1.2577834e+000
 -1.2755829e+000
 -1.2678876e+000
 -1.2398369e+000
 -1.1960313e+000
 -1.1403322e+000
 -1.0758006e+000
 -1.0047574e+000
 -9.2893626e-001
 -8.4968420e-001
 -7.6816639e-001
 -6.8553357e-001
 -6.0302152e-001
 -5.2196710e-001
 -4.4374267e-001
 -3.6962703e-001
 -3.0064394e-001
 -2.3740678e-001
 -1.8000834e-001
 -1.2798800e-001
 -8.0395831e-002
 -3.5956082e-002
  6.6858011e-003
  4.8665795e-002
  9.0599058e-002
  1.3232439e-001
  1.7274471e-001
  2.0980265e-001
  2.4061261e-001
  2.6174870e-001
  2.6966358e-001
  2.6119130e-001
  2.3407000e-001
  1.8741169e-001
  1.2204720e-001
  4.0685979e-002
 -5.2149029e-002
 -1.5042343e-001
 -2.4711113e-001
 -3.3488241e-001
 -4.0688524e-001
 -4.5752818e-001
 -4.8316756e-001
 -4.8260899e-001
 -4.5735230e-001
 -4.1153817e-001
 -3.5159085e-001
 -2.8558841e-001
 -2.2242740e-001
 -1.7087541e-001
 -1.3862138e-001
 -1.3143557e-001
 -1.5253931e-001
 -2.0225993e-001
 -2.7801174e-001
 -3.7460382e-001
 -4.8483534e-001
 -6.0030323e-001
 -7.1232183e-001
 -8.1284055e-001
 -8.9524802e-001
 -9.5496669e-001
 -9.8977096e-001
 -9.9979834e-001
 -9.8726393e-001
 -9.5592704e-001
 -9.1039077e-001
 -8.5533555e-001
 -7.9479471e-001
 -7.3157218e-001
 -6.6688073e-001
 -6.0024791e-001
 -5.2969812e-001
 -4.5218107e-001
 -3.6418232e-001
 -2.6242612e-001
 -1.4456855e-001
 -9.7802995e-003
  1.4086631e-001
  3.0426359e-001
  4.7541103e-001
  6.4781844e-001
  8.1411813e-001
  9.6680594e-001
  1.0990131e+000
  1.2052070e+000
  1.2817293e+000
  1.3271014e+000
  1.3420617e+000
  1.3293329e+000
  1.2931574e+000
  1.2386697e+000
  1.1711945e+000
  1.0955704e+000
  1.0155946e+000
  9.3366232e-001
  8.5065091e-001
  7.6605842e-001
  6.7837290e-001
  5.8561334e-001
  4.8595914e-001
  3.7837127e-001
  2.6310933e-001
  1.4206287e-001
  1.8841262e-002
 -1.0139899e-001
 -2.1237354e-001
 -3.0728412e-001
 -3.7954685e-001
 -4.2353677e-001
 -4.3524675e-001
 -4.1276884e-001
 -3.5652971e-001
 -2.6924442e-001
 -1.5559151e-001
 -2.1650324e-002
  1.2582521e-001
  2.8019921e-001
  4.3570579e-001
  5.8805804e-001
  7.3483081e-001
  8.7556456e-001
  1.0115757e+000
  1.1454997e+000
  1.2806295e+000
  1.4201427e+000
  1.5663256e+000
  1.7199058e+000
  1.8795907e+000
  2.0418837e+000
  2.2012129e+000
  2.3503651e+000
  2.4811778e+000
  2.5854059e+000
  2.6556550e+000
  2.6862645e+000
  2.6740269e+000
  2.6186495e+000
  2.5228984e+000
  2.3924034e+000
  2.2351446e+000
  2.0606831e+000
  1.8792277e+000
  1.7006512e+000
  1.5335734e+000
  1.3846170e+000
  1.2579219e+000
  1.1549638e+000
  1.0746906e+000
  1.0139411e+000
  9.6808411e-001
  9.3178369e-001
  8.9978636e-001
  8.6762749e-001
  8.3216757e-001
  7.9189657e-001
  7.4697797e-001
  6.9904111e-001
  6.5076489e-001
  6.0532362e-001
  5.6578294e-001
  5.3453798e-001
  5.1287768e-001
  5.0073855e-001
  4.9668272e-001
  4.9810153e-001
  5.0161333e-001
  5.0359553e-001
  5.0077216e-001
  4.9076969e-001
  4.7255856e-001
  4.4671379e-001
  4.1545325e-001
  3.8244364e-001
  3.5239622e-001
  3.3050414e-001
  3.2179511e-001
  3.3048532e-001
  3.5942056e-001
  4.0967927e-001
  4.8039018e-001
  5.6878873e-001
  6.7050449e-001
  7.8004089e-001
  8.9138361e-001
  9.9865691e-001
  1.0967419e+000
  1.1817767e+000
  1.2514747e+000
  1.3052225e+000
  1.3439496e+000
  1.3697913e+000
  1.3855956e+000
  1.3943438e+000
  1.3985674e+000
  1.3998419e+000
  1.3984284e+000
  1.3931142e+000
  1.3812747e+000
  1.3591520e+000
  1.3223143e+000
  1.2662388e+000
  1.1869426e+000
  1.0815803e+000
  9.4893382e-001
  7.8972951e-001
  6.0674297e-001
  4.0467781e-001
  1.8983173e-001
 -3.0410115e-002
 -2.4819453e-001
 -4.5586037e-001
 -6.4656399e-001
 -8.1480116e-001
 -9.5677126e-001
 -1.0705501e+000
 -1.1560622e+000
 -1.2148668e+000
 -1.2497946e+000
 -1.2644864e+000
 -1.2628946e+000
 -1.2488094e+000
 -1.2254633e+000
 -1.1952553e+000
 -1.1596189e+000
 -1.1190365e+000
 -1.0731864e+000
 -1.0211921e+000
 -9.6193117e-001
 -8.9436001e-001
 -8.1780826e-001
 -7.3220688e-001
 -6.3822365e-001
 -5.3729439e-001
 -4.3155280e-001
 -3.2367445e-001
 -2.1666081e-001
 -1.1359450e-001
 -1.7398514e-002
  6.9371511e-002
  1.4467980e-001
  2.0709492e-001
  2.5580386e-001
  2.9056319e-001
  3.1160267e-001
  3.1950170e-001
  3.1506082e-001
  2.9918891e-001
  2.7282186e-001
  2.3688240e-001
  1.9228289e-001
  1.3996540e-001
  8.0967734e-002
  1.6499165e-002
 -5.1991309e-002
 -1.2277089e-001
 -1.9381617e-001
 -2.6285158e-001
 -3.2743481e-001
 -3.8508438e-001
 -4.3343867e-001
 -4.7043126e-001
 -4.9446431e-001
 -5.0456143e-001
 -5.0048257e-001
 -4.8278669e-001
 -4.5283289e-001
 -4.1271591e-001
 -3.6513839e-001
 -3.1322771e-001
 -2.6031066e-001
 -2.0966319e-001
 -1.6425517e-001
 -1.2651140e-001
 -9.8109195e-002
 -7.9831172e-002
 -7.1487556e-002
 -7.1917619e-002
 -7.9073414e-002
 -9.0182246e-002
 -1.0197726e-001
 -1.1097896e-001
 -1.1380493e-001
 -1.0748097e-001
 -8.9725328e-002
 -5.9178384e-002
 -1.5553757e-002
  4.0306807e-002
  1.0648394e-001
  1.8013551e-001
  2.5774408e-001
  3.3543496e-001
  4.0933437e-001
  4.7593169e-001
  5.3240773e-001
  5.7689359e-001
  6.0863087e-001
  6.2801459e-001
  6.3651308e-001
  6.3647310e-001
  6.3083250e-001
  6.2277392e-001
  6.1536093e-001
  6.1120081e-001
  6.1217518e-001
  6.1927178e-001
  6.3253770e-001
  6.5115885e-001
  6.7365342e-001
  6.9815155e-001
  7.2272104e-001
  7.4569211e-001
  7.6593308e-001
  7.8303521e-001
  7.9737702e-001
  8.1005512e-001
  8.2268815e-001
  8.3711981e-001
  8.5506314e-001
  8.7773935e-001
  9.0556865e-001
  9.3796569e-001
  9.7328064e-001
  1.0089076e+000
  1.0415589e+000
  1.0676801e+000
  1.0839572e+000
  1.0878502e+000
  1.0780815e+000
  1.0550031e+000
  1.0207830e+000
  9.7936819e-001
  9.3620963e-001
  8.9776660e-001
  8.7083681e-001
  8.6178562e-001
  8.7576490e-001
  9.1601874e-001
  9.8336766e-001
  1.0759444e+000
  1.1892266e+000
  1.3163749e+000
  1.4488492e+000
  1.5772372e+000
  1.6922021e+000
  1.7854394e+000
  1.8505262e+000
  1.8835607e+000
  1.8835102e+000
  1.8522239e+000
  1.7941083e+000
  1.7155040e+000
  1.6238433e+000
  1.5266963e+000
  1.4308278e+000
  1.3413874e+000
  1.2613384e+000
  1.1912004e+000
  1.1291395e+000
  1.0713927e+000
  1.0129709e+000
  9.4854328e-001
  8.7338404e-001
  7.8424877e-001
  6.8005898e-001
  5.6229516e-001
  4.3503771e-001
  3.0464147e-001
  1.7907893e-001
  6.7032330e-002
 -2.3149868e-002
 -8.4496636e-002
 -1.1232022e-001
 -1.0486245e-001
 -6.3592334e-002
  6.8895206e-003
  9.9332644e-002
  2.0464707e-001
  3.1294098e-001
  4.1465400e-001
  5.0164124e-001
  5.6806942e-001
  6.1101077e-001
  6.3066048e-001
  6.3015309e-001
  6.1500650e-001
  5.9227136e-001
  5.6950263e-001
  5.5369264e-001
  5.5030910e-001
  5.6256611e-001
  5.9102296e-001
  6.3356004e-001
  6.8572861e-001
  7.4141946e-001
  7.9375181e-001
  8.3605368e-001
  8.6279307e-001
  8.7032741e-001
  8.5736548e-001
  8.2507749e-001
  7.7684029e-001
  7.1765733e-001
  6.5334075e-001
  5.8957814e-001
  5.3102410e-001
  4.8055480e-001
  4.3880102e-001
  4.0403588e-001
  3.7244226e-001
  3.3872895e-001
  2.9701243e-001
  2.4183925e-001
  1.6919948e-001
  7.7378174e-002
 -3.2490467e-002
 -1.5626319e-001
 -2.8706630e-001
 -4.1599615e-001
 -5.3316450e-001
 -6.2896018e-001
 -6.9536307e-001
 -7.2713278e-001
 -7.2270419e-001
 -6.8465564e-001
 -6.1966773e-001
 -5.3795573e-001
 -4.5222756e-001
 -3.7628308e-001
 -3.2342038e-001
 -3.0484412e-001
 -3.2827487e-001
 -3.9693728e-001
 -5.0905915e-001
 -6.5795114e-001
 -8.3266397e-001
 -1.0191472e+000
 -1.2017704e+000
 -1.3650214e+000
 -1.4951752e+000
 -1.5817294e+000
 -1.6184376e+000
 -1.6038184e+000
 -1.5410921e+000
 -1.4375663e+000
 -1.3035638e+000
 -1.1510427e+000
 -9.9209536e-001
 -8.3752335e-001
 -6.9567128e-001
 -5.7166240e-001
 -4.6712102e-001
 -3.8039851e-001
 -3.0724984e-001
 -2.4184664e-001
 -1.7796855e-001
 -1.1019287e-001
 -3.4906719e-002
  4.9005573e-002
  1.3989771e-001
  2.3355434e-001
  3.2380929e-001
  4.0349435e-001
  4.6557495e-001
  5.0430104e-001
  5.1619832e-001
  5.0074644e-001
  4.6063500e-001
  4.0154854e-001
  3.3149904e-001
  2.5979088e-001
  1.9575763e-001
  1.4744580e-001
  1.2043222e-001
  1.1694678e-001
  1.3543340e-001
  1.7062366e-001
  2.1412801e-001
  2.5547792e-001
  2.8348903e-001
  2.8776904e-001
  2.6017061e-001
  1.9599380e-001
  9.4772673e-002
 -3.9466038e-002
 -1.9851562e-001
 -3.7084152e-001
 -5.4286944e-001
 -7.0054765e-001
 -8.3098483e-001
 -9.2395388e-001
 -9.7306937e-001
 -9.7648896e-001
 -9.3705124e-001
 -8.6183680e-001
 -7.6121398e-001
 -6.4749817e-001
 -5.3340203e-001
 -4.3047952e-001
 -3.4776441e-001
 -2.9077488e-001
 -2.6100452e-001
 -2.5595303e-001
 -2.6967672e-001
 -2.9376965e-001
 -3.1863007e-001
 -3.3483165e-001
 -3.3440847e-001
 -3.1187972e-001
 -2.6487960e-001
 -1.9431659e-001
 -1.0405374e-001
 -1.6956815e-004
  1.1008202e-001
  2.1945376e-001
  3.2185173e-001
  4.1327701e-001
  4.9242436e-001
  5.6085090e-001
  6.2269109e-001
  6.8396066e-001
  7.5155192e-001
  8.3206803e-001
  9.3066744e-001
  1.0500889e+000
  1.1900021e+000
  1.3467836e+000
  1.5137549e+000
  1.6818579e+000
  1.8406754e+000
  1.9796586e+000
  2.0893914e+000
  2.1627171e+000
  2.1955688e+000
  2.1873898e+000
  2.1410855e+000
  2.0625157e+000
  1.9596000e+000
  1.8411654e+000
  1.7157018e+000
  1.5902034e+000
  1.4692633e+000
  1.3545531e+000
  1.2447625e+000
  1.1360111e+000
  1.0226741e+000
  8.9850289e-001
  7.5788048e-001
  5.9702632e-001
  4.1497151e-001
  2.1415458e-001
  5.3901600e-004
 -2.1677998e-001
 -4.2644108e-001
 -6.1604905e-001
 -7.7361492e-001
 -8.8901340e-001
 -9.5526087e-001
 -9.6943829e-001
 -9.3312874e-001
 -8.5230284e-001
 -7.3665851e-001
 -5.9849480e-001
 -4.5126195e-001
 -3.0797397e-001
 -1.7968905e-001
 -7.4254295e-002
  4.5233338e-003
  5.7175012e-002
  8.8302614e-002
  1.0578669e-001
  1.1958002e-001
  1.4025098e-001
  1.7747274e-001
  2.3865944e-001
  3.2792805e-001
  4.4551919e-001
  5.8774595e-001
  7.4746807e-001
  9.1501754e-001
  1.0794421e+000
  1.2298919e+000
  1.3569581e+000
  1.4537836e+000
  1.5167990e+000
  1.5459929e+000
  1.5446925e+000
  1.5188964e+000
  1.4762682e+000
  1.4249386e+000
  1.3722945e+000
  1.3239261e+000
  1.2828814e+000
  1.2493272e+000
  1.2206593e+000
  1.1920334e+000
  1.1572328e+000
  1.1097363e+000
  1.0438244e+000
  9.5555658e-001
  8.4347243e-001
  7.0891266e-001
  5.5591117e-001
  3.9067462e-001
  2.2072725e-001
  5.3849116e-002
 -1.0303238e-001
 -2.4482948e-001
 -3.6900791e-001
 -4.7591479e-001
 -5.6866416e-001
 -6.5258840e-001
 -7.3432888e-001
 -8.2069412e-001
 -9.1745078e-001
 -1.0282268e+000
 -1.1536936e+000
 -1.2911578e+000
 -1.4346375e+000
 -1.5754282e+000
 -1.7030956e+000
 -1.8067680e+000
 -1.8765555e+000
 -1.9049008e+000
 -1.8876706e+000
 -1.8248286e+000
 -1.7205852e+000
 -1.5829887e+000
 -1.4230019e+000
 -1.2531762e+000
 -1.0860962e+000
 -9.3280236e-001
 -8.0140548e-001
 -6.9608491e-001
 -6.1661486e-001
 -5.5849204e-001
 -5.1365822e-001
 -4.7173018e-001
 -4.2157863e-001
 -3.5304805e-001
 -2.5858614e-001
 -1.3455977e-001
  1.7927484e-002
  1.9283805e-001
  3.7966448e-001
  5.6450922e-001
  7.3165256e-001
  8.6541514e-001
  9.5208053e-001
  9.8163269e-001
  9.4908417e-001
  8.5522190e-001
  7.0667019e-001
  5.1525735e-001
  2.9676008e-001
  6.9178741e-002
 -1.4924523e-001
 -3.4202703e-001
 -4.9620861e-001
 -6.0368990e-001
 -6.6196675e-001
 -6.7419848e-001
 -6.4861210e-001
 -5.9733337e-001
 -5.3480346e-001
 -4.7598750e-001
 -4.3460054e-001
 -4.2156631e-001
 -4.4388667e-001
 -5.0404013e-001
 -5.9995531e-001
 -7.2552900e-001
 -8.7159013e-001
 -1.0271578e+000
 -1.1808114e+000
 -1.3219877e+000
 -1.4420388e+000
 -1.5349319e+000
 -1.5975261e+000
 -1.6294281e+000
 -1.6324887e+000
 -1.6100508e+000
 -1.5660921e+000
 -1.5044103e+000
 -1.4279865e+000
 -1.3386245e+000
 -1.2369177e+000
 -1.1225324e+000
 -9.9474890e-001
 -8.5315208e-001
 -6.9833879e-001
 -5.3250304e-001
 -3.5977606e-001
 -1.8623519e-001
 -1.9546330e-002
  1.3173683e-001
  2.5913707e-001
  3.5535502e-001
  4.1535186e-001
  4.3725026e-001
  4.2290700e-001
  3.7804903e-001
  3.1192050e-001
  2.3645338e-001
  1.6504047e-001
  1.1104727e-001
  8.6240129e-002
  9.9326417e-002
  1.5479544e-001
  2.5221598e-001
  3.8609300e-001
  5.4631731e-001
  7.1916865e-001
  8.8876219e-001
  1.0387722e+000
  1.1542304e+000
  1.2231862e+000
  1.2380319e+000
  1.1963380e+000
  1.1011023e+000
  9.6039156e-001
  7.8642390e-001
  5.9421203e-001
  3.9993368e-001
  2.1922719e-001
  6.5612623e-002
 -5.0783163e-002
 -1.2406195e-001
 -1.5287435e-001
 -1.4021507e-001
 -9.2748950e-002
 -1.9778569e-002
  6.7997511e-002
  1.5976940e-001
  2.4578267e-001
  3.1825280e-001
  3.7193587e-001
  4.0431668e-001
  4.1543052e-001
  4.0738424e-001
  3.8367910e-001
  3.4845822e-001
  3.0580223e-001
  2.5917941e-001
  2.1112402e-001
  1.6317415e-001
  1.1605549e-001
  7.0056026e-002
  2.5505392e-002
 -1.6743434e-002
 -5.4932167e-002
 -8.6199762e-002
 -1.0662333e-001
 -1.1151133e-001
 -9.5920459e-002
 -5.5328554e-002
  1.3632836e-002
  1.1249756e-001
  2.4044486e-001
  3.9403086e-001
  5.6722955e-001
  7.5179912e-001
  9.3794385e-001
  1.1151998e+000
  1.2734387e+000
  1.4038671e+000
  1.4998931e+000
  1.5577521e+000
  1.5768111e+000
  1.5595127e+000
  1.5109697e+000
  1.4382650e+000
  1.3495487e+000
  1.2530536e+000
  1.1561536e+000
  1.0645871e+000
  9.8193775e-001
  9.0943121e-001
  8.4606060e-001
  7.8900946e-001
  7.3430021e-001
  6.7756815e-001
  6.1484681e-001
  5.4325276e-001
  4.6147647e-001
  3.7001670e-001
  2.7113527e-001
  1.6855026e-001
  6.6923530e-002
 -2.8773130e-002
 -1.1391396e-001
 -1.8479783e-001
 -2.3906528e-001
 -2.7589704e-001
 -2.9597302e-001
 -3.0120856e-001
 -2.9432021e-001
 -2.7829930e-001
 -2.5588563e-001
 -2.2913255e-001
 -1.9913913e-001
 -1.6599742e-001
 -1.2896677e-001
 -8.6848976e-002
 -3.8502788e-002
  1.6589581e-002
  7.7804533e-002
  1.4300571e-001
  2.0839924e-001
  2.6866451e-001
  3.1736909e-001
  3.4763333e-001
  3.5296966e-001
  3.2819076e-001
  2.7026337e-001
  1.7898465e-001
  5.7374846e-002
 -8.8286719e-002
 -2.4881159e-001
 -4.1281713e-001
 -5.6773738e-001
 -7.0101985e-001
 -8.0137155e-001
 -8.5990782e-001
 -8.7106720e-001
 -8.3318310e-001
 -7.4864477e-001
 -6.2363101e-001
 -4.6745266e-001
 -2.9158813e-001
 -1.0853217e-001
  6.9400972e-002
  2.3117783e-001
  3.6792408e-001
  4.7348905e-001
  5.4464908e-001
  5.8095198e-001
  5.8425268e-001
  5.5802927e-001
  5.0659407e-001
  4.3432269e-001
  3.4501456e-001
  2.4147254e-001
  1.2535172e-001
 -2.7165985e-003
 -1.4276354e-001
 -2.9495867e-001
 -4.5902274e-001
 -6.3368587e-001
 -8.1629151e-001
 -1.0026231e+000
 -1.1869947e+000
 -1.3626040e+000
 -1.5221056e+000
 -1.6583230e+000
 -1.7649977e+000
 -1.8374627e+000
 -1.8731373e+000
 -1.8717648e+000
 -1.8353538e+000
 -1.7678247e+000
 -1.6744128e+000
 -1.5609133e+000
 -1.4328831e+000
 -1.2949222e+000
 -1.1501487e+000
 -9.9995515e-001
 -8.4409321e-001
 -6.8108337e-001
 -5.0889653e-001
 -3.2580905e-001
 -1.3130095e-001
  7.3147105e-002
  2.8349536e-001
  4.9293557e-001
  6.9209637e-001
  8.6967315e-001
  1.0134320e+000
  1.1114814e+000
  1.1536621e+000
  1.1328803e+000
  1.0462070e+000
  8.9558921e-001
  6.8806095e-001
  4.3540166e-001
  1.5325825e-001
 -1.4018495e-001
 -4.2584567e-001
 -6.8550789e-001
 -9.0350780e-001
 -1.0681457e+000
 -1.1726599e+000
 -1.2156533e+000
 -1.2009289e+000
 -1.1367661e+000
 -1.0347357e+000
 -9.0821067e-001
 -7.7076169e-001
 -6.3463953e-001
 -5.0952861e-001
 -4.0171741e-001
 -3.1377255e-001
 -2.4473490e-001
 -1.9078606e-001
 -1.4627203e-001
 -1.0492557e-001
 -6.1105802e-002
 -1.0876036e-002
  4.7232492e-002
  1.1187601e-001
  1.7901655e-001
  2.4248079e-001
  2.9487493e-001
  3.2872102e-001
  3.3765037e-001
  3.1748232e-001
  2.6703368e-001
  1.8854286e-001
  8.7646488e-002
 -2.7091145e-002
 -1.4503399e-001
 -2.5460152e-001
 -3.4451771e-001
 -4.0501741e-001
 -4.2885458e-001
 -4.1198684e-001
 -3.5385769e-001
 -2.5725492e-001
 -1.2778240e-001
  2.6965263e-002
  1.9839772e-001
  3.7794676e-001
  5.5796348e-001
  7.3237447e-001
  8.9701776e-001
  1.0496310e+000
  1.1895191e+000
  1.3169784e+000
  1.4325908e+000
  1.5365221e+000
  1.6279540e+000
  1.7047584e+000
  1.7634832e+000
  1.7996645e+000
  1.8084287e+000
  1.7852950e+000
  1.7270542e+000
  1.6325778e+000
  1.5034168e+000
  1.3440752e+000
  1.1618840e+000
  9.6646340e-001
  7.6881857e-001
  5.8017426e-001
  4.1069729e-001
  2.6828120e-001
  1.5756758e-001
  7.9354385e-002
  3.0494043e-002
  4.3208162e-003
 -8.4255061e-003
 -1.8282501e-002
 -3.5516454e-002
 -6.8542658e-002
 -1.2252786e-001
 -1.9837204e-001
 -2.9222363e-001
 -3.9561680e-001
 -4.9624031e-001
 -5.7926466e-001
 -6.2907873e-001
 -6.3122961e-001
 -5.7432695e-001
 -4.5167171e-001
 -2.6239848e-001
 -1.1977489e-002
  2.8799985e-001
  6.2073972e-001
  9.6576959e-001
  1.3008920e+000
  1.6043401e+000
  1.8568827e+000
  2.0436336e+000
  2.1553590e+000
  2.1891413e+000
  2.1483383e+000
  2.0418663e+000
  1.8829180e+000
  1.6872912e+000
  1.4715506e+000
  1.2512547e+000
  1.0394630e+000
  8.4569271e-001
  6.7542781e-001
  5.3020449e-001
  4.0821755e-001
  3.0532412e-001
  2.1627099e-001
  1.3594855e-001
  6.0479291e-002
 -1.2018821e-002
 -8.1099048e-002
 -1.4411909e-001
 -1.9680456e-001
 -2.3414049e-001
 -2.5143878e-001
 -2.4540287e-001
 -2.1501135e-001
 -1.6206930e-001
 -9.1326445e-002
 -1.0126684e-002
  7.2374946e-002
  1.4632472e-001
  2.0245635e-001
  2.3336463e-001
  2.3457699e-001
  2.0525759e-001
  1.4842764e-001
  7.0652503e-002
 -1.8778153e-002
 -1.0907742e-001
 -1.8943467e-001
 -2.5053527e-001
 -2.8591415e-001
 -2.9294846e-001
 -2.7333992e-001
 -2.3300469e-001
 -1.8136837e-001
 -1.3014630e-001
 -9.1761457e-002
 -7.7606047e-002
 -9.6378414e-002
 -1.5272225e-001
 -2.4635888e-001
 -3.7184131e-001
 -5.1897785e-001
 -6.7388524e-001
 -8.2054722e-001
 -9.4268603e-001
 -1.0257113e+000
 -1.0584979e+000
 -1.0347656e+000
 -9.5388225e-001
 -8.2098851e-001
 -6.4642888e-001
 -4.4456344e-001
 -2.3211553e-001
 -2.6269454e-002
  1.5723729e-001
  3.0578427e-001
  4.1109247e-001
  4.6985586e-001
  4.8371445e-001
  4.5859170e-001
  4.0350462e-001
  3.2902426e-001
  2.4560900e-001
  1.6204744e-001
  8.4228805e-002
  1.4410619e-002
 -4.8917888e-002
 -1.1056315e-001
 -1.7761800e-001
 -2.5806429e-001
 -3.5919159e-001
 -4.8606276e-001
 -6.4025277e-001
 -8.1905054e-001
 -1.0152515e+000
 -1.2175874e+000
 -1.4117538e+000
 -1.5819114e+000
 -1.7124733e+000
 -1.7899479e+000
 -1.8045967e+000
 -1.7516891e+000
 -1.6321875e+000
 -1.4527674e+000
 -1.2251670e+000
 -9.6494387e-001
 -6.8979608e-001
 -4.1765907e-001
 -1.6481750e-001
  5.5731942e-002
  2.3546652e-001
  3.7093216e-001
  4.6368591e-001
  5.1961092e-001
  5.4771028e-001
  5.5855246e-001
  5.6258416e-001
  5.6853955e-001
  5.8215834e-001
  6.0537968e-001
  6.3611276e-001
  6.6860563e-001
  6.9435316e-001
  7.0341335e-001
  6.8594810e-001
  6.3377664e-001
  5.4173076e-001
  4.0862998e-001
  2.3774744e-001
  3.6706482e-002
 -1.8317611e-001
 -4.0801197e-001
 -6.2278022e-001
 -8.1289740e-001
 -9.6571856e-001
 -1.0717837e+000
 -1.1256614e+000
 -1.1262982e+000
 -1.0768494e+000
 -9.8403649e-001
 -8.5713407e-001
 -7.0673822e-001
 -5.4348657e-001
 -3.7690189e-001
 -2.1450543e-001
 -6.1302148e-002
  8.0316665e-002
  2.1026903e-001
  3.3014909e-001
  4.4238289e-001
  5.4931794e-001
  6.5239636e-001
  7.5154525e-001
  8.4488184e-001
  9.2878158e-001
  9.9830155e-001
  1.0478970e+000
  1.0723238e+000
  1.0675902e+000
  1.0318122e+000
  9.6583693e-001
  8.7353067e-001
  7.6167321e-001
  6.3945411e-001
  5.1762249e-001
  4.0739015e-001
  3.1922320e-001
  2.6167453e-001
  2.4040643e-001
  2.5752919e-001
  3.1134190e-001
  3.9651052e-001
  5.0466271e-001
  6.2532636e-001
  7.4709639e-001
  8.5888669e-001
  9.5111595e-001
  1.0166866e+000
  1.0516452e+000
  1.0554535e+000
  1.0308522e+000
  9.8334609e-001
  9.2038899e-001
  8.5037936e-001
  7.8159566e-001
  7.2120410e-001
  6.7445515e-001
  6.4415674e-001
  6.3047289e-001
  6.3105356e-001
  6.4146013e-001
  6.5581610e-001
  6.6758952e-001
  6.7040346e-001
  6.5877521e-001
  6.2870148e-001
  5.7803350e-001
  5.0661714e-001
  4.1620582e-001
  3.1018193e-001
  1.9314368e-001
  7.0424954e-002
 -5.2383996e-002
 -1.6985659e-001
 -2.7704965e-001
 -3.6970303e-001
 -4.4432187e-001
 -4.9816296e-001
 -5.2916061e-001
 -5.3583297e-001
 -5.1720749e-001
 -4.7279460e-001
 -4.0262414e-001
 -3.0734147e-001
 -1.8834393e-001
 -4.7925537e-002
  1.1060934e-001
  2.8290179e-001
  4.6359461e-001
  6.4650621e-001
  8.2492122e-001
  9.9197816e-001
  1.1411176e+000
  1.2665422e+000
  1.3636335e+000
  1.4292757e+000
  1.4620436e+000
  1.4622305e+000
  1.4317125e+000
  1.3736664e+000
  1.2921769e+000
  1.1917860e+000
  1.0770405e+000
  9.5209454e-001
  8.2041514e-001
  6.8462025e-001
  5.4646165e-001
  4.0694144e-001
  2.6653281e-001
  1.2546117e-001
 -1.6005207e-002
 -1.5730524e-001
 -2.9741670e-001
 -4.3479550e-001
 -5.6742950e-001
 -6.9299348e-001
 -8.0907487e-001
 -9.1342743e-001
 -1.0042053e+000
 -1.0801332e+000
 -1.1405807e+000
 -1.1855232e+000
 -1.2153971e+000
 -1.2308727e+000
 -1.2325882e+000
 -1.2208984e+000
 -1.1956906e+000
 -1.1563176e+000
 -1.1016760e+000
 -1.0304374e+000
 -9.4141469e-001
 -8.3401798e-001
 -7.0873451e-001
 -5.6755535e-001
 -4.1426940e-001
 -2.5455638e-001
 -9.5832299e-002
  5.3168136e-002
  1.8305189e-001
  2.8461432e-001
  3.4978493e-001
  3.7256312e-001
  3.4982708e-001
  2.8190573e-001
  1.7282561e-001
  3.0179911e-002
 -1.3538983e-001
 -3.1106136e-001
 -4.8296613e-001
 -6.3747226e-001
 -7.6247515e-001
 -8.4854985e-001
 -8.8983193e-001
 -8.8452350e-001
 -8.3496439e-001
 -7.4726027e-001
 -6.3051267e-001
 -4.9574446e-001
 -3.5465122e-001
 -2.1832962e-001
 -9.6135814e-002
  5.1908009e-003
  8.2038113e-002
  1.3401300e-001
  1.6361544e-001
  1.7554969e-001
  1.7577361e-001
  1.7041949e-001
  1.6473520e-001
  1.6218950e-001
  1.6386205e-001
  1.6819925e-001
  1.7116787e-001
  1.6678448e-001
  1.4794921e-001
  1.0747176e-001
  3.9153034e-002
 -6.1221119e-002
 -1.9510511e-001
 -3.6073919e-001
 -5.5307439e-001
 -7.6408598e-001
 -9.8343458e-001
 -1.1993901e+000
 -1.3999021e+000
 -1.5736838e+000
 -1.7111803e+000
 -1.8053101e+000
 -1.8519020e+000
 -1.8497939e+000
 -1.8006055e+000
 -1.7082380e+000
 -1.5781896e+000
 -1.4167956e+000
 -1.2305041e+000
 -1.0252875e+000
 -8.0626381e-001
 -5.7756478e-001
 -3.4244719e-001
 -1.0360562e-001
  1.3638790e-001
  3.7461094e-001
  6.0738289e-001
  8.3001022e-001
  1.0367480e+000
  1.2210064e+000
  1.3757908e+000
  1.4943258e+000
  1.5707806e+000
  1.6009948e+000
  1.5830951e+000
  1.5179068e+000
  1.4090876e+000
  1.2629478e+000
  1.0879648e+000
  8.9404052e-001
  6.9159088e-001
  4.9057787e-001
  2.9960913e-001
  1.2522057e-001
 -2.8564018e-002
 -1.6033923e-001
 -2.7107810e-001
 -3.6358105e-001
 -4.4169250e-001
 -5.0939662e-001
 -5.6992210e-001
 -6.2498630e-001
 -6.7429146e-001
 -7.1535246e-001
 -7.4369073e-001
 -7.5337858e-001
 -7.3786933e-001
 -6.9100727e-001
 -6.0808443e-001
 -4.8680082e-001
 -3.2799392e-001
 -1.3603027e-001
  8.1207011e-002
  3.1274994e-001
  5.4535941e-001
  7.6463496e-001
  9.5629713e-001
  1.1074972e+000
  1.2080059e+000
  1.2511470e+000
  1.2343760e+000
  1.1594450e+000
  1.0321490e+000
  8.6169493e-001
  6.5978056e-001
  4.3950068e-001
  2.1421045e-001
 -3.5245461e-003
 -2.0278330e-001
 -3.7487300e-001
 -5.1360646e-001
 -6.1528163e-001
 -6.7841109e-001
 -7.0328002e-001
 -6.9142764e-001
 -6.4514947e-001
 -5.6710412e-001
 -4.6008284e-001
 -3.2696592e-001
 -1.7085317e-001
  4.6780011e-003
  1.9525952e-001
  3.9545013e-001
  5.9856828e-001
  7.9670967e-001
  9.8099085e-001
  1.1420245e+000
  1.2705929e+000
  1.3584502e+000
  1.3991576e+000
  1.3888400e+000
  1.3267547e+000
  1.2155810e+000
  1.0613681e+000
  8.7312481e-001
  6.6207669e-001
  4.4066291e-001
  2.2138259e-001
  1.5622327e-002
 -1.6739517e-001
 -3.2141337e-001
 -4.4359510e-001
 -5.3456903e-001
 -5.9806193e-001
 -6.4016164e-001
 -6.6830323e-001
 -6.9010642e-001
 -7.1221284e-001
 -7.3927247e-001
 -7.7321063e-001
 -8.1287177e-001
 -8.5408898e-001
 -8.9017374e-001
 -9.1276748e-001
 -9.1294998e-001
 -8.8246722e-001
 -8.1492588e-001
 -7.0680552e-001
 -5.5816251e-001
 -3.7293753e-001
 -1.5882788e-001
  7.3261745e-002
  3.1012525e-001
  5.3741206e-001
  7.4090138e-001
  9.0774968e-001
  1.0275753e+000
  1.0932677e+000
  1.1014466e+000
  1.0525410e+000
  9.5050352e-001
  8.0221947e-001
  6.1670134e-001
  4.0417812e-001
  1.7519337e-001
 -6.0186302e-002
 -2.9297462e-001
 -5.1563627e-001
 -7.2221701e-001
 -9.0826049e-001
 -1.0705676e+000
 -1.2068724e+000
 -1.3155139e+000
 -1.3951758e+000
 -1.4447482e+000
 -1.4633363e+000
 -1.4504147e+000
 -1.4060922e+000
 -1.3314321e+000
 -1.2287558e+000
 -1.1018583e+000
 -9.5607103e-001
 -7.9812957e-001
 -6.3583252e-001
 -4.7750867e-001
 -3.3134226e-001
 -2.0463096e-001
 -1.0306708e-001
 -3.0136612e-002
  1.3279100e-002
  2.9035614e-002
  2.1559547e-002
 -2.6107831e-003
 -3.5536058e-002
 -6.8762710e-002
 -9.4285981e-002
 -1.0547731e-001
 -9.7865764e-002
 -6.9678845e-002
 -2.2075589e-002
  4.0958763e-002
  1.1304700e-001
  1.8613419e-001
  2.5139970e-001
  3.0026137e-001
  3.2535580e-001
  3.2138249e-001
  2.8571627e-001
  2.1872103e-001
  1.2373324e-001
  6.7223327e-003
 -1.2432795e-001
 -2.6024255e-001
 -3.9158675e-001
 -5.0960178e-001
 -6.0704295e-001
 -6.7883399e-001
 -7.2247566e-001
 -7.3817664e-001
 -7.2870713e-001
 -6.9900567e-001
 -6.5559441e-001
 -6.0587497e-001
 -5.5738415e-001
 -5.1708643e-001
 -4.9076966e-001
 -4.8259277e-001
 -4.9481364e-001
 -5.2770331e-001
 -5.7963307e-001
 -6.4730538e-001
 -7.2608948e-001
 -8.1041889e-001
 -8.9420979e-001
 -9.7126562e-001
 -1.0356428e+000
 -1.0819623e+000
 -1.1056620e+000
 -1.1031904e+000
 -1.0721488e+000
 -1.0113874e+000
 -9.2106100e-001
 -8.0264460e-001
 -6.5890653e-001
 -4.9383263e-001
 -3.1249386e-001
 -1.2085121e-001
  7.4503997e-002
  2.6666950e-001
  4.4879814e-001
  6.1448912e-001
  7.5817561e-001
  8.7547600e-001
  9.6347463e-001
  1.0209023e+000
  1.0481937e+000
  1.0474117e+000
  1.0220394e+000
  9.7665787e-001
  9.1653785e-001
  8.4718428e-001
  7.7387767e-001
  7.0125664e-001
  6.3298086e-001
  5.7150405e-001
  5.1797393e-001
  4.7226140e-001
  4.3310701e-001
  3.9836043e-001
  3.6528005e-001
  3.3085587e-001
  2.9211929e-001
  2.4640900e-001
  1.9157090e-001
  1.2608093e-001
  4.9091222e-002
 -3.9590029e-002
 -1.3956668e-001
 -2.4994872e-001
 -3.6944992e-001
 -4.9647034e-001
 -6.2915124e-001
 -7.6539813e-001
 -9.0287556e-001
 -1.0389846e+000
 -1.1708384e+000
 -1.2952526e+000
 -1.4087663e+000
 -1.5077038e+000
 -1.5882809e+000
 -1.6467531e+000
 -1.6795942e+000
 -1.6836891e+000
 -1.6565227e+000
 -1.5963451e+000
 -1.5022977e+000
 -1.3744905e+000
 -1.2140265e+000
 -1.0229780e+000
 -8.0432383e-001
 -5.6186126e-001
 -3.0010728e-001
 -2.4200567e-002
  2.6018824e-001
  5.4693783e-001
  8.2955571e-001
  1.1012684e+000
  1.3551387e+000
  1.5842253e+000
  1.7817974e+000
  1.9416073e+000
  2.0582140e+000
  2.1273384e+000
  2.1462184e+000
  2.1139247e+000
  2.0315916e+000
  1.9025213e+000
  1.7321270e+000
  1.5276956e+000
  1.2979694e+000
  1.0525712e+000
  8.0131495e-001
  5.5346700e-001
  3.1703346e-001
  9.8152607e-002
 -9.9333367e-002
 -2.7406993e-001
 -4.2711199e-001
 -5.6157362e-001
 -6.8203619e-001
 -7.9377714e-001
 -9.0190659e-001
 -1.0105153e+000
 -1.1219404e+000
 -1.2362473e+000
 -1.3510006e+000
 -1.4613684e+000
 -1.5605596e+000
 -1.6405576e+000
 -1.6930691e+000
 -1.7105824e+000
 -1.6874076e+000
 -1.6205697e+000
 -1.5104403e+000
 -1.3610173e+000
 -1.1798069e+000
 -9.7730431e-001
 -7.6612041e-001
 -5.5984288e-001
 -3.7175529e-001
 -2.1355516e-001
 -9.4214708e-002
 -1.9112300e-002
  1.0468179e-002
 -2.5844960e-003
 -5.1558491e-002
 -1.2665214e-001
 -2.1600292e-001
 -3.0689167e-001
 -3.8698458e-001
 -4.4547480e-001
 -4.7400277e-001
 -4.6726543e-001
 -4.2326572e-001
 -3.4320022e-001
 -2.3102684e-001
 -9.2792248e-002
  6.4176682e-002
  2.3210230e-001
  4.0349778e-001
  5.7173241e-001
  7.3136423e-001
  8.7822212e-001
  1.0092592e+000
  1.1222341e+000
  1.2153009e+000
  1.2866015e+000
  1.3339498e+000
  1.3546803e+000
  1.3457031e+000
  1.3037734e+000
  1.2259441e+000
  1.1101349e+000
  9.5572972e-001
  7.6410024e-001
  5.3895866e-001
  2.8646145e-001
  1.5018292e-002
 -2.6519920e-001
 -5.4301081e-001
 -8.0716470e-001
 -1.0473488e+000
 -1.2551502e+000
 -1.4248366e+000
 -1.5538502e+000
 -1.6429407e+000
 -1.6959048e+000
 -1.7189548e+000
 -1.7197863e+000
 -1.7064586e+000
 -1.6862293e+000
 -1.6644962e+000
 -1.6439890e+000
 -1.6243262e+000
 -1.6020064e+000
 -1.5708501e+000
 -1.5228477e+000
 -1.4493162e+000
 -1.3422237e+000
 -1.1955159e+000
 -1.0062719e+000
 -7.7553548e-001
 -5.0870454e-001
 -2.1541394e-001
  9.1091450e-002
  3.9503344e-001
  6.7951060e-001
  9.2808349e-001
  1.1263534e+000
  1.2633533e+000
  1.3325901e+000
  1.3326219e+000
  1.2671058e+000
  1.1443198e+000
  9.7622194e-001
  7.7716370e-001
  5.6241653e-001
  3.4668465e-001
  1.4277706e-001
 -3.9414778e-002
 -1.9352927e-001
 -3.1688747e-001
 -4.1019605e-001
 -4.7686655e-001
 -5.2206339e-001
 -5.5162292e-001
 -5.7099690e-001
 -5.8436347e-001
 -5.9402069e-001
 -6.0013447e-001
 -6.0086152e-001
 -5.9281541e-001
 -5.7179660e-001
 -5.3367277e-001
 -4.7527658e-001
 -3.9518835e-001
 -2.9428877e-001
 -1.7600037e-001
 -4.6180205e-002
  8.7325655e-002
  2.1540907e-001
  3.2861411e-001
  4.1812035e-001
  4.7666906e-001
  4.9931546e-001
  4.8391500e-001
  4.3128800e-001
  3.4505045e-001
  2.3114201e-001
  9.7120963e-002
 -4.8676550e-002
 -1.9800161e-001
 -3.4347218e-001
 -4.7917399e-001
 -6.0101806e-001
 -7.0682646e-001
 -7.9615715e-001
 -8.6991456e-001
 -9.2982055e-001
 -9.7783689e-001
 -1.0156328e+000
 -1.0441793e+000
 -1.0635313e+000
 -1.0728226e+000
 -1.0704708e+000
 -1.0545498e+000
 -1.0232647e+000
 -9.7544802e-001
 -9.1098927e-001
 -8.3112433e-001
 -7.3852780e-001
 -6.3718433e-001
 -5.3204697e-001
 -4.2852438e-001
 -3.3186565e-001
 -2.4652909e-001
 -1.7562655e-001
 -1.2052682e-001
 -8.0681121e-002
 -5.3704027e-002
 -3.5707970e-002
 -2.1853564e-002
 -7.0469653e-003
  1.3306900e-002
  4.2596477e-002
  8.2438831e-002
  1.3233881e-001
  1.8962484e-001
  2.4967834e-001
  3.0643558e-001
  3.5310434e-001
  3.8300918e-001
  3.9046086e-001
  3.7154106e-001
  3.2470298e-001
  2.5111048e-001
  1.5467040e-001
  4.1750520e-002
 -7.9386279e-002
 -1.9936674e-001
 -3.0862026e-001
 -3.9831560e-001
 -4.6121579e-001
 -4.9235776e-001
 -4.8948661e-001
 -4.5320555e-001
 -3.8683714e-001
 -2.9602555e-001
 -1.8813814e-001
 -7.1544648e-002
  4.5138447e-002
  1.5375321e-001
  2.4718292e-001
  3.1976120e-001
  3.6748309e-001
  3.8802103e-001
  3.8057405e-001
  3.4559720e-001
  2.8446968e-001
  1.9916172e-001
  9.1953025e-002
 -3.4758619e-002
 -1.7853946e-001
 -3.3689445e-001
 -5.0715549e-001
 -6.8631956e-001
 -8.7088095e-001
 -1.0567031e+000
 -1.2389684e+000
 -1.4122321e+000
 -1.5705879e+000
 -1.7079381e+000
 -1.8183385e+000
 -1.8963831e+000
 -1.9375791e+000
 -1.9386695e+000
 -1.8978632e+000
 -1.8149477e+000
 -1.6912734e+000
 -1.5296189e+000
 -1.3339601e+000
 -1.1091779e+000
 -8.6074815e-001
 -5.9445351e-001
 -3.1615313e-001
 -3.1631753e-002
  2.5346407e-001
  5.3361236e-001
  8.0334858e-001
  1.0571796e+000
  1.2895184e+000
  1.4946763e+000
  1.6669426e+000
  1.8007661e+000
  1.8910359e+000
  1.9334420e+000
  1.9248781e+000
  1.8638387e+000
  1.7507568e+000
  1.5882295e+000
  1.3810907e+000
  1.1363028e+000
  8.6266261e-001
  5.7033771e-001
  2.7026885e-001
 -2.6506183e-002
 -3.0954362e-001
 -5.6963208e-001
 -7.9931649e-001
 -9.9325890e-001
 -1.1484062e+000
 -1.2639570e+000
 -1.3411439e+000
 -1.3828653e+000
 -1.3932184e+000
 -1.3769939e+000
 -1.3391890e+000
 -1.2845951e+000
 -1.2174960e+000
 -1.1414998e+000
 -1.0595041e+000
 -9.7377852e-001
 -8.8612969e-001
 -7.9810847e-001
 -7.1121276e-001
 -6.2704540e-001
 -5.4739621e-001
 -4.7423183e-001
 -4.0959374e-001
 -3.5542107e-001
 -3.1332812e-001
 -2.8437468e-001
 -2.6886989e-001
 -2.6624583e-001
 -2.7502743e-001
 -2.9291076e-001
 -3.1694594e-001
 -3.4380444e-001
 -3.7009759e-001
 -3.9270475e-001
 -4.0906683e-001
 -4.1740524e-001
 -4.1683616e-001
 -4.0736474e-001
 -3.8976087e-001
 -3.6533540e-001
 -3.3565021e-001
 -3.0220594e-001
 -2.6615507e-001
 -2.2808522e-001
 -1.8790859e-001
 -1.4487866e-001
 -9.7737584e-002
 -4.4978846e-002
  1.4807220e-002
  8.2550724e-002
  1.5833501e-001
  2.4109802e-001
  3.2844855e-001
  4.1663069e-001
  5.0065232e-001
  5.7457367e-001
  6.3193218e-001
  6.6626339e-001
  6.7166503e-001
  6.4334643e-001
  5.7810593e-001
  4.7468744e-001
  3.3398055e-001
  1.5904585e-001
 -4.5033825e-002
 -2.7145772e-001
 -5.1213323e-001
 -7.5817960e-001
 -1.0004600e+000
 -1.2300942e+000
 -1.4389108e+000
 -1.6198070e+000
 -1.7670000e+000
 -1.8761657e+000
 -1.9444735e+000
 -1.9705365e+000
 -1.9543037e+000
 -1.8969182e+000
 -1.8005698e+000
 -1.6683582e+000
 -1.5041793e+000
 -1.3126371e+000
 -1.0989737e+000
 -8.6900870e-001
 -6.2906815e-001
 -3.8589101e-001
 -1.4649774e-001
  8.1985493e-002
  2.9254777e-001
  4.7855201e-001
  6.3401683e-001
  7.5390137e-001
  8.3437007e-001
  8.7301328e-001
  8.6900275e-001
  8.2316532e-001
  7.3796511e-001
  6.1739215e-001
  4.6676318e-001
  2.9244746e-001
  1.0153609e-001
 -9.8522859e-002
 -3.0029905e-001
 -4.9674054e-001
 -6.8149802e-001
 -8.4919382e-001
 -9.9562101e-001
 -1.1178626e+000
 -1.2143266e+000
 -1.2846971e+000
 -1.3298071e+000
 -1.3514449e+000
 -1.3521070e+000
 -1.3347188e+000
 -1.3023438e+000
 -1.2579058e+000
 -1.2039483e+000
 -1.1424531e+000
 -1.0747369e+000
 -1.0014385e+000
 -9.2260004e-001
 -8.3783681e-001
 -7.4658070e-001
 -6.4837033e-001
 -5.4315507e-001
 -4.3157411e-001
 -3.1517102e-001
 -1.9650814e-001
 -7.9153789e-002
  3.2471832e-002
  1.3338969e-001
  2.1847423e-001
  2.8294788e-001
  3.2290696e-001
  3.3581872e-001
  3.2092713e-001
  2.7951022e-001
  2.1494460e-001
  1.3255226e-001
  3.9229118e-002
 -5.7119338e-002
 -1.4828479e-001
 -2.2653460e-001
 -2.8537827e-001
 -3.2023491e-001
 -3.2892172e-001
 -3.1190104e-001
 -2.7224966e-001
 -2.1534568e-001
 -1.4830200e-001
 -7.9207082e-002
 -1.6258246e-002
  3.3111558e-002
  6.3010222e-002
  6.9672696e-002
  5.1785914e-002
  1.0513364e-002
 -5.0782005e-002
 -1.2707906e-001
 -2.1243176e-001
 -3.0079639e-001
 -3.8684125e-001
 -4.6662841e-001
 -5.3807336e-001
 -6.0111730e-001
 -6.5758548e-001
 -7.1074828e-001
 -7.6464338e-001
 -8.2325278e-001
 -8.8965103e-001
 -9.6524918e-001
 -1.0492492e+000
 -1.1383988e+000
 -1.2270968e+000
 -1.3078544e+000
 -1.3720660e+000
 -1.4110006e+000
 -1.4168905e+000
 -1.3839750e+000
 -1.3093578e+000
 -1.1935574e+000
 -1.0406638e+000
 -8.5806661e-001
 -6.5577424e-001
 -4.4539804e-001
 -2.3892252e-001
 -4.7413360e-002
  1.2017237e-001
  2.5791963e-001
  3.6350809e-001
  4.3830781e-001
  4.8700031e-001
  5.1677012e-001
  5.3616974e-001
  5.5380613e-001
  5.7702317e-001
  6.1075827e-001
  6.5673055e-001
  7.1307638e-001
  7.7448986e-001
  8.3285841e-001
  8.7831700e-001
  9.0058622e-001
  8.9041878e-001
  8.4096073e-001
  7.4884152e-001
  6.1484013e-001
  4.4402806e-001
  2.4535893e-001
  3.0747510e-002
 -1.8624942e-001
 -3.9198327e-001
 -5.7429406e-001
 -7.2391327e-001
 -8.3550230e-001
 -9.0818617e-001
 -9.4550782e-001
 -9.5480590e-001
 -9.4609615e-001
 -9.3060487e-001
 -9.1915142e-001
 -9.2059977e-001
 -9.4059174e-001
 -9.8073911e-001
 -1.0383907e+000
 -1.1070131e+000
 -1.1771402e+000
 -1.2377663e+000
 -1.2779949e+000
 -1.2887169e+000
 -1.2640806e+000
 -1.2025438e+000
 -1.1073464e+000
 -9.8632162e-001
 -8.5105168e-001
 -7.1546206e-001
 -5.9403106e-001
 -4.9984591e-001
 -4.4276516e-001
 -4.2793994e-001
 -4.5490519e-001
 -5.1738196e-001
 -6.0384086e-001
 -6.9877702e-001
 -7.8455223e-001
 -8.4358117e-001
 -8.6058873e-001
 -8.2464961e-001
 -7.3074329e-001
 -5.8061474e-001
 -3.8281650e-001
 -1.5191055e-001
  9.3084296e-002
  3.3081664e-001
  5.4004020e-001
  7.0206465e-001
  8.0291470e-001
  8.3492772e-001
  7.9758976e-001
  6.9750593e-001
  5.4751038e-001
  3.6503070e-001
  1.6991567e-001
 -1.7996662e-002
 -1.8126176e-001
 -3.0686153e-001
 -3.8763329e-001
 -4.2292032e-001
 -4.1837135e-001
 -3.8492709e-001
 -3.3713712e-001
 -2.9103634e-001
 -2.6186545e-001
 -2.6193785e-001
 -2.9893304e-001
 -3.7483791e-001
 -4.8566977e-001
 -6.2201022e-001
 -7.7027146e-001
 -9.1451999e-001
 -1.0386100e+000
 -1.1283393e+000
 -1.1733414e+000
 -1.1684609e+000
 -1.1144365e+000
 -1.0178027e+000
 -8.9003074e-001
 -7.4603105e-001
 -6.0221929e-001
 -4.7441058e-001
 -3.7582281e-001
 -3.1545515e-001
 -2.9705406e-001
 -3.1879857e-001
 -3.7373814e-001
 -4.5091441e-001
 -5.3700610e-001
 -6.1826641e-001
 -6.8248431e-001
 -7.2069926e-001
 -7.2843461e-001
 -7.0628139e-001
 -6.5975417e-001
 -5.9844051e-001
 -5.3456212e-001
 -4.8114683e-001
 -4.5006343e-001
 -4.5019091e-001
 -4.8597589e-001
 -5.5658003e-001
 -6.5574031e-001
 -7.7236887e-001
 -8.9182030e-001
 -9.9766424e-001
 -1.0737334e+000
 -1.1061801e+000
 -1.0852724e+000
 -1.0066956e+000
 -8.7218949e-001
 -6.8943909e-001
 -4.7123433e-001
 -2.3400882e-001
  4.0521325e-003
  2.2509029e-001
  4.1357460e-001
  5.5797103e-001
  6.5187731e-001
  6.9449063e-001
  6.9036594e-001
  6.4851596e-001
  5.8098896e-001
  5.0112625e-001
  4.2173844e-001
  3.5344438e-001
  3.0338861e-001
  2.7449665e-001
  2.6535056e-001
  2.7068064e-001
  2.8238539e-001
  2.9092097e-001
  2.8685472e-001
  2.6235899e-001
  2.1243487e-001
  1.3569785e-001
  3.4621748e-002
 -8.4783965e-002
 -2.1380837e-001
 -3.4225787e-001
 -4.5988003e-001
 -5.5778581e-001
 -6.2966655e-001
 -6.7263283e-001
 -6.8755810e-001
 -6.7888139e-001
 -6.5390087e-001
 -6.2166267e-001
 -5.9160683e-001
 -5.7216651e-001
 -5.6952329e-001
 -5.8669876e-001
 -6.2311527e-001
 -6.7469183e-001
 -7.3446501e-001
 -7.9364984e-001
 -8.4299224e-001
 -8.7422125e-001
 -8.8139343e-001
 -8.6193344e-001
 -8.1721513e-001
 -7.5258860e-001
 -6.7683414e-001
 -6.0110244e-001
 -5.3747184e-001
 -4.9730750e-001
 -4.8963742e-001
 -5.1976161e-001
 -5.8828316e-001
 -6.9069771e-001
 -8.1760679e-001
 -9.5554127e-001
 -1.0883028e+000
 -1.1986661e+000
 -1.2702373e+000
 -1.2892482e+000
 -1.2460704e+000
 -1.1362743e+000
 -9.6111394e-001
 -7.2739062e-001
 -4.4672684e-001
 -1.3435199e-001
  1.9244180e-001
  5.1598034e-001
  8.1982215e-001
  1.0901220e+000
  1.3165979e+000
  1.4930145e+000
  1.6171607e+000
  1.6903671e+000
  1.7166665e+000
  1.7017401e+000
  1.6518133e+000
  1.5726610e+000
  1.4688569e+000
  1.3433580e+000
  1.1974616e+000
  1.0311147e+000
  8.4350475e-001
  6.3381882e-001
  4.0203818e-001
  1.4963205e-001
 -1.1996688e-001
 -4.0118796e-001
 -6.8648512e-001
 -9.6682142e-001
 -1.2324125e+000
 -1.4736274e+000
 -1.6819221e+000
 -1.8506762e+000
 -1.9758172e+000
 -2.0561481e+000
 -2.0933336e+000
 -2.0915522e+000
 -2.0568650e+000
 -1.9963928e+000
 -1.9174170e+000
 -1.8265297e+000
 -1.7289486e+000
 -1.6280861e+000
 -1.5254237e+000
 -1.4206991e+000
 -1.3123656e+000
 -1.1982463e+000
 -1.0762771e+000
 -9.4521958e-001
 -8.0523255e-001
 -6.5821113e-001
 -5.0783655e-001
 -3.5932396e-001
 -2.1889943e-001
 -9.3077408e-002
  1.2160067e-002
  9.2165804e-002
  1.4429632e-001
  1.6834953e-001
  1.6670532e-001
  1.4414385e-001
  1.0736095e-001
  6.4241846e-002
  2.2987244e-002
 -8.7938352e-003
 -2.4906369e-002
 -2.1200895e-002
  4.0645379e-003
  5.0173279e-002
  1.1420807e-001
  1.9157397e-001
  2.7670647e-001
  3.6386063e-001
  4.4786799e-001
  5.2475440e-001
  5.9213371e-001
  6.4932544e-001
  6.9718524e-001
  7.3767814e-001
  7.7326242e-001
  8.0617880e-001
  8.3775388e-001
  8.6782552e-001
  8.9438119e-001
  9.1347164e-001
  9.1942413e-001
  9.0533908e-001
  8.6381470e-001
  7.8781358e-001
  6.7156515e-001
  5.1139289e-001
  3.0636416e-001
  5.8682865e-002
 -2.2622266e-001
 -5.3992680e-001
 -8.7152123e-001
 -1.2083566e+000
 -1.5369267e+000
 -1.8437994e+000
 -2.1164967e+000
 -2.3442430e+000
 -2.5185193e+000
 -2.6333920e+000
 -2.6856136e+000
 -2.6745217e+000
 -2.6017830e+000
 -2.4710402e+000
 -2.2875237e+000
 -2.0576793e+000
 -1.7888523e+000
 -1.4890413e+000
 -1.1667226e+000
 -8.3071976e-001
 -4.9008755e-001
 -1.5397130e-001
  1.6859027e-001
  4.6893871e-001
  7.3914714e-001
  9.7242945e-001
  1.1635680e+000
  1.3093057e+000
  1.4086421e+000
  1.4629751e+000
  1.4760448e+000
  1.4536566e+000
  1.4031886e+000
  1.3329201e+000
  1.2512434e+000
  1.1658434e+000
  1.0829422e+000
  1.0066993e+000
  9.3885142e-001
  8.7864167e-001
  8.2306008e-001
  7.6737435e-001
  7.0589346e-001
  6.3287458e-001
  5.4346212e-001
  4.3454011e-001
  3.0538701e-001
  1.5804365e-001
 -2.6602009e-003
 -1.6943376e-001
 -3.3317605e-001
 -4.8387741e-001
 -6.1166710e-001
 -7.0788340e-001
 -7.6603906e-001
 -7.8256753e-001
 -7.5726244e-001
 -6.9336053e-001
 -5.9726245e-001
 -4.7792916e-001
 -3.4603050e-001
 -2.1294987e-001
 -8.9762691e-002
  1.3695256e-002
  8.9570599e-002
  1.3247601e-001
  1.3968164e-001
  1.1102093e-001
  4.8554250e-002
 -4.3937189e-002
 -1.6153775e-001
 -2.9877124e-001
 -4.5008005e-001
 -6.1015001e-001
 -7.7405211e-001
 -9.3720639e-001
 -1.0952057e+000
 -1.2435624e+000
 -1.3774550e+000
 -1.4915545e+000
 -1.5799960e+000
 -1.6365406e+000
 -1.6549362e+000
 -1.6294554e+000
 -1.5555517e+000
 -1.4305507e+000
 -1.2542782e+000
 -1.0295260e+000
 -7.6227145e-001
 -4.6159226e-001
 -1.3925693e-001
  1.9098798e-001
  5.1437174e-001
  8.1619841e-001
  1.0829723e+000
  1.3034250e+000
  1.4693264e+000
  1.5759912e+000
  1.6224227e+000
  1.6110891e+000
  1.5473656e+000
  1.4387238e+000
  1.2937757e+000
  1.1213011e+000
  9.2938148e-001
  7.2474950e-001
  5.1242891e-001
  2.9569747e-001
  7.6358881e-002
 -1.4473533e-001
 -3.6700884e-001
 -5.8944581e-001
 -8.0996145e-001
 -1.0249684e+000
 -1.2292212e+000
 -1.4159801e+000
 -1.5774880e+000
 -1.7057073e+000
 -1.7932223e+000
 -1.8341844e+000
 -1.8251670e+000
 -1.7658038e+000
 -1.6591099e+000
 -1.5114244e+000
 -1.3319649e+000
 -1.1320327e+000
 -9.2396119e-001
 -7.1993016e-001
 -5.3079394e-001
 -3.6507007e-001
 -2.2821669e-001
 -1.2229047e-001
 -4.6027933e-002
  4.6631485e-003
  3.5869266e-002
  5.4607100e-002
  6.7674069e-002
  8.0569866e-002
  9.6636281e-002
  1.1653382e-001
  1.3812855e-001
  1.5680735e-001
  1.6618175e-001
  1.5908704e-001
  1.2874265e-001
  6.9916056e-002
 -2.0069830e-002
 -1.4062706e-001
 -2.8759416e-001
 -4.5338030e-001
 -6.2755478e-001
 -7.9781602e-001
 -9.5122464e-001
 -1.0755499e+000
 -1.1605644e+000
 -1.1991263e+000
 -1.1879193e+000
 -1.1277595e+000
 -1.0234379e+000
 -8.8312502e-001
 -7.1741825e-001
 -5.3815715e-001
 -3.5715932e-001
 -1.8503485e-001
 -3.0223716e-002
  1.0163296e-001
  2.0792393e-001
  2.8889216e-001
  3.4709811e-001
  3.8661533e-001
  4.1208522e-001
  4.2777375e-001
  4.3676861e-001
  4.4043201e-001
  4.3818517e-001
  4.2765171e-001
  4.0513452e-001
  3.6635274e-001
  3.0732767e-001
  2.2528481e-001
  1.1943616e-001
 -8.4770838e-003
 -1.5396858e-001
 -3.0995981e-001
 -4.6729360e-001
 -6.1554999e-001
 -7.4406464e-001
 -8.4302189e-001
 -9.0448373e-001
 -9.2322428e-001
 -8.9726478e-001
 -8.2804380e-001
 -7.2020552e-001
 -5.8103889e-001
 -4.1964544e-001
 -2.4594763e-001
 -6.9668132e-002
  1.0058925e-001
  2.5804326e-001
  3.9814225e-001
  5.1863657e-001
  6.1932554e-001
  7.0153392e-001
  7.6740961e-001
  8.1915814e-001
  8.5833611e-001
  8.8531548e-001
  8.9900382e-001
  8.9686736e-001
  8.7525808e-001
  8.3000103e-001
  7.5715825e-001
  6.5385827e-001
  5.1906781e-001
  3.5418741e-001
  1.6337468e-001
 -4.6465866e-002
 -2.6604297e-001
 -4.8435808e-001
 -6.8963002e-001
 -8.7035675e-001
 -1.0163862e+000
 -1.1198658e+000
 -1.1759543e+000
 -1.1832097e+000
 -1.1436090e+000
 -1.0622016e+000
 -9.4644491e-001
 -8.0531170e-001
 -6.4828559e-001
 -4.8437274e-001
 -3.2125392e-001
 -1.6467891e-001
 -1.8170318e-002
  1.1693901e-001
  2.4115729e-001
  3.5623792e-001
  4.6443392e-001
  5.6771892e-001
  6.6709421e-001
  7.6208734e-001
  8.5051971e-001
  9.2858143e-001
  9.9120771e-001
  1.0327074e+000
  1.0475578e+000
  1.0312541e+000
  9.8109379e-001
  8.9678039e-001
  7.8075559e-001
  6.3820250e-001
  4.7670625e-001
  3.0560321e-001
  1.3509191e-001
 -2.4789021e-002
 -1.6519199e-001
 -2.7937359e-001
 -3.6337665e-001
 -4.1639614e-001
 -4.4078300e-001
 -4.4168492e-001
 -4.2636810e-001
 -4.0330337e-001
 -3.8112835e-001
 -3.6761182e-001
 -3.6874483e-001
 -3.8806589e-001
 -4.2629720e-001
 -4.8132972e-001
 -5.4855141e-001
 -6.2147102e-001
 -6.9255498e-001
 -7.5417083e-001
 -7.9952058e-001
 -8.2345166e-001
 -8.2305183e-001
 -7.9796339e-001
 -7.5038874e-001
 -6.8479774e-001
 -6.0738337e-001
 -5.2534089e-001
 -4.4606371e-001
 -3.7635532e-001
 -3.2174935e-001
 -2.8601204e-001
 -2.7087453e-001
 -2.7601151e-001
 -2.9925095e-001
 -3.3697187e-001
 -3.8462654e-001
 -4.3731211e-001
 -4.9031640e-001
 -5.3957151e-001
 -5.8196705e-001
 -6.1549748e-001
 -6.3924334e-001
 -6.5320930e-001
 -6.5806120e-001
 -6.5481512e-001
 -6.4453515e-001
 -6.2809076e-001
 -6.0601205e-001
 -5.7846297e-001
 -5.4533219e-001
 -5.0642148e-001
 -4.6169523e-001
 -4.1154434e-001
 -3.5701452e-001
 -2.9995387e-001
 -2.4304579e-001
 -1.8971027e-001
 -1.4387567e-001
 -1.0964289e-001
 -9.0880107e-002
 -9.0798025e-002
 -1.1155991e-001
 -1.5397827e-001
 -2.1734010e-001
 -2.9938689e-001
 -3.9645666e-001
 -5.0377478e-001
 -6.1586167e-001
 -7.2701108e-001
 -8.3178380e-001
 -9.2546039e-001
 -1.0044021e+000
 -1.0662814e+000
 -1.1101597e+000
 -1.1364112e+000
 -1.1465072e+000
 -1.1426978e+000
 -1.1276325e+000
 -1.1039757e+000
 -1.0740634e+000
 -1.0396469e+000
 -1.0017528e+000
 -9.6067205e-001
 -9.1607425e-001
 -8.6722420e-001
 -8.1326617e-001
 -7.5353034e-001
 -6.8781453e-001
 -6.1659740e-001
 -5.4114917e-001
 -4.6352006e-001
 -3.8640362e-001
 -3.1288959e-001
 -2.4613652e-001
 -1.8900624e-001
 -1.4370875e-001
 -1.1150613e-001
 -9.2518142e-002
 -8.5660118e-002
 -8.8728007e-002
 -9.8627000e-002
 -1.1172200e-001
 -1.2427209e-001
 -1.3289943e-001
 -1.3503676e-001
 -1.2929833e-001
 -1.1572611e-001
 -9.5876032e-002
 -7.2726538e-002
 -5.0411805e-002
 -3.3801965e-002
 -2.7971100e-002
 -3.7607673e-002
 -6.6430308e-002
 -1.1667323e-001
 -1.8869996e-001
 -2.8079172e-001
 -3.8913924e-001
 -5.0804591e-001
 -6.3032793e-001
 -7.4787597e-001
 -8.5232567e-001
 -9.3577183e-001
 -9.9145614e-001
 -1.0143601e+000
 -1.0016441e+000
 -9.5288954e-001
 -8.7012014e-001
 -7.5760224e-001
 -6.2144600e-001
 -4.6904974e-001
 -3.0844551e-001
 -1.4761322e-001
  6.1670522e-003
  1.4686066e-001
  2.7007001e-001
  3.7323833e-001
  4.5565304e-001
  5.1825833e-001
  5.6330783e-001
  5.9390495e-001
  6.1349028e-001
  6.2533911e-001
  6.3212951e-001
  6.3563055e-001
  6.3654456e-001
  6.3451683e-001
  6.2830529e-001
  6.1608179e-001
  5.9582056e-001
  5.6571816e-001
  5.2458577e-001
  4.7215819e-001
  4.0927507e-001
  3.3790684e-001
  2.6101808e-001
  1.8228308e-001
  1.0568842e-001
  3.5073096e-002
 -2.6333199e-002
 -7.6311805e-002
 -1.1394062e-001
 -1.3972131e-001
 -1.5552540e-001
 -1.6435966e-001
 -1.6997485e-001
 -1.7636299e-001
 -1.8720460e-001
 -2.0533587e-001
 -2.3230554e-001
 -2.6808248e-001
 -3.1095788e-001
 -3.5766243e-001
 -4.0369316e-001
 -4.4381722e-001
 -4.7269723e-001
 -4.8556546e-001
 -4.7886570e-001
 -4.5078295e-001
 -4.0159207e-001
 -3.3377669e-001
 -2.5189543e-001
 -1.6220251e-001
 -7.2058747e-002
  1.0805144e-002
  7.9092849e-002
  1.2672463e-001
  1.4950900e-001
  1.4562716e-001
  1.1587382e-001
  6.3625723e-002
 -5.4606946e-003
 -8.3990271e-002
 -1.6355047e-001
 -2.3553517e-001
 -2.9198289e-001
 -3.2634145e-001
 -3.3408114e-001
 -3.1309735e-001
 -2.6386841e-001
 -1.8936240e-001
