 -7.4273262e-001
 -1.8090785e+000
 -2.2537033e+000
 -2.2111950e+000
 -1.8384652e+000
 -1.2856265e+000
 -6.7827398e-001
 -1.0953936e-001
  3.6055814e-001
  7.0110221e-001
  9.0395186e-001
  9.7688969e-001
  9.3741758e-001
  8.0779919e-001
  6.1150152e-001
  3.7089360e-001
  1.0591367e-001
 -1.6661191e-001
 -4.3326360e-001
 -6.8411348e-001
 -9.1268170e-001
 -1.1157730e+000
 -1.2931619e+000
 -1.4470892e+000
 -1.5815608e+000
 -1.7014761e+000
 -1.8116670e+000
 -1.9159555e+000
 -2.0163636e+000
 -2.1125946e+000
 -2.2018768e+000
 -2.2792095e+000
 -2.3379895e+000
 -2.3709369e+000
 -2.3711893e+000
 -2.3334033e+000
 -2.2546988e+000
 -2.1353010e+000
 -1.9787802e+000
 -1.7918495e+000
 -1.5837465e+000
 -1.3652863e+000
 -1.1477252e+000
 -9.4159593e-001
 -7.5568131e-001
 -5.9626738e-001
 -4.6677069e-001
 -3.6777612e-001
 -2.9745674e-001
 -2.5228890e-001
 -2.2793230e-001
 -2.2012292e-001
 -2.2542964e-001
 -2.4175256e-001
 -2.6848762e-001
 -3.0634024e-001
 -3.5683117e-001
 -4.2159066e-001
 -5.0157346e-001
 -5.9634165e-001
 -7.0355236e-001
 -8.1875495e-001
 -9.3555168e-001
 -1.0461168e+000
 -1.1420098e+000
 -1.2151678e+000
 -1.2589333e+000
 -1.2689604e+000
 -1.2438618e+000
 -1.1854949e+000
 -1.0988365e+000
 -9.9146141e-001
 -8.7269381e-001
 -7.5255252e-001
 -6.4063718e-001
 -5.4511084e-001
 -4.7191543e-001
 -4.2431927e-001
 -4.0284241e-001
 -4.0554764e-001
 -4.2862950e-001
 -4.6719092e-001
 -5.1607281e-001
 -5.7060014e-001
 -6.2712831e-001
 -6.8331230e-001
 -7.3807190e-001
 -7.9127986e-001
 -8.4324828e-001
 -8.9412288e-001
 -9.4331011e-001
 -9.8905586e-001
 -1.0282672e+000
 -1.0566259e+000
 -1.0689916e+000
 -1.0600394e+000
 -1.0250350e+000
 -9.6062327e-001
 -8.6549822e-001
 -7.4083980e-001
 -5.9043508e-001
 -4.2045190e-001
 -2.3888690e-001
 -5.4761627e-002
  1.2281866e-001
  2.8560664e-001
  4.2701736e-001
  5.4267897e-001
  6.3065332e-001
  6.9130242e-001
  7.2683264e-001
  7.4059985e-001
  7.3629604e-001
  7.1715598e-001
  6.8531782e-001
  6.4144510e-001
  5.8467357e-001
  5.1289157e-001
  4.2330667e-001
  3.1320245e-001
  1.8075627e-001
  2.5776684e-002
 -1.4977005e-001
 -3.4154231e-001
 -5.4296371e-001
 -7.4571427e-001
 -9.4050761e-001
 -1.1180433e+000
 -1.2699944e+000
 -1.3898824e+000
 -1.4737100e+000
 -1.5202579e+000
 -1.5310047e+000
 -1.5096891e+000
 -1.4615878e+000
 -1.3926271e+000
 -1.3084727e+000
 -1.2137411e+000
 -1.1114567e+000
 -1.0028361e+000
 -8.8742607e-001
 -7.6356370e-001
 -6.2907162e-001
 -4.8206403e-001
 -3.2171891e-001
 -1.4887747e-001
  3.3639609e-002
  2.2106311e-001
  4.0705901e-001
  5.8441144e-001
  7.4589994e-001
  8.8523179e-001
  9.9787814e-001
  1.0816758e+000
  1.1370928e+000
  1.1671074e+000
  1.1767162e+000
  1.1721412e+000
  1.1598630e+000
  1.1456299e+000
  1.1336038e+000
  1.1257792e+000
  1.1217707e+000
  1.1190041e+000
  1.1132796e+000
  1.0996161e+000
  1.0732344e+000
  1.0305166e+000
  9.6977548e-001
  8.9170154e-001
  7.9940194e-001
  6.9801524e-001
  5.9395448e-001
  4.9389493e-001
  4.0366874e-001
  3.2724877e-001
  2.6599527e-001
  2.1830154e-001
  1.7971435e-001
  1.4353071e-001
  1.0179564e-001
  4.6559332e-002
 -2.8794432e-002
 -1.2835357e-001
 -2.5280774e-001
 -3.9904900e-001
 -5.6032045e-001
 -7.2690784e-001
 -8.8728568e-001
 -1.0295583e+000
 -1.1429883e+000
 -1.2193871e+000
 -1.2541621e+000
 -1.2468609e+000
 -1.2011311e+000
 -1.1240998e+000
 -1.0252658e+000
 -9.1507277e-001
 -8.0338036e-001
 -6.9806785e-001
 -6.0398382e-001
 -5.2240404e-001
 -4.5108045e-001
 -3.8487289e-001
 -3.1686386e-001
 -2.3978030e-001
 -1.4749675e-001
 -3.6379466e-002
  9.3746674e-002
  2.3916994e-001
  3.9248134e-001
  5.4336576e-001
  6.7988470e-001
  7.9006241e-001
  8.6353822e-001
  8.9303415e-001
  8.7541238e-001
  8.1215718e-001
  7.0920219e-001
  5.7612288e-001
  4.2481091e-001
  2.6782635e-001
  1.1667419e-001
 -1.9736430e-002
 -1.3621836e-001
 -2.3184895e-001
 -3.0984876e-001
 -3.7681775e-001
 -4.4144887e-001
 -5.1291970e-001
 -5.9921272e-001
 -7.0562668e-001
 -8.3371271e-001
 -9.8080433e-001
 -1.1402193e+000
 -1.3021074e+000
 -1.4548191e+000
 -1.5865870e+000
 -1.6872625e+000
 -1.7498411e+000
 -1.7715357e+000
 -1.7542280e+000
 -1.7042199e+000
 -1.6313125e+000
 -1.5473441e+000
 -1.4644010e+000
 -1.3929674e+000
 -1.3402926e+000
 -1.3092239e+000
 -1.2976869e+000
 -1.2988987e+000
 -1.3022954e+000
 -1.2950439e+000
 -1.2639289e+000
 -1.1973424e+000
 -1.0870928e+000
 -9.2977289e-001
 -7.2749148e-001
 -4.8786187e-001
 -2.2325064e-001
  5.0607808e-002
  3.1643503e-001
  5.5741565e-001
  7.5911055e-001
  9.1101709e-001
  1.0075724e+000
  1.0484791e+000
  1.0383311e+000
  9.8561851e-001
  9.0127364e-001
  7.9698359e-001
  6.8351710e-001
  5.6930494e-001
  4.5946578e-001
  3.5539843e-001
  2.5497345e-001
  1.5326830e-001
  4.3712827e-002
 -8.0543603e-002
 -2.2525660e-001
 -3.9390901e-001
 -5.8689918e-001
 -8.0120240e-001
 -1.0305384e+000
 -1.2660020e+000
 -1.4970479e+000
 -1.7126744e+000
 -1.9026312e+000
 -2.0584812e+000
 -2.1743798e+000
 -2.2474871e+000
 -2.2779856e+000
 -2.2687407e+000
 -2.2246892e+000
 -2.1520747e+000
 -2.0576624e+000
 -1.9480514e+000
 -1.8291764e+000
 -1.7060431e+000
 -1.5826973e+000
 -1.4623800e+000
 -1.3477893e+000
 -1.2413540e+000
 -1.1454257e+000
 -1.0623199e+000
 -9.9417178e-001
 -9.4261481e-001
 -9.0833482e-001
 -8.9058429e-001
 -8.8676184e-001
 -8.9216145e-001
 -8.9997652e-001
 -9.0160755e-001
 -8.8727509e-001
 -8.4688861e-001
 -7.7107667e-001
 -6.5225070e-001
 -4.8556085e-001
 -2.6960976e-001
 -6.8186104e-003
  2.9661470e-001
  6.3116966e-001
  9.8481648e-001
  1.3440852e+000
  1.6952516e+000
  2.0254868e+000
  2.3238238e+000
  2.5818260e+000
  2.7938884e+000
  2.9571582e+000
  3.0711208e+000
  3.1369440e+000
  3.1567104e+000
  3.1326775e+000
  3.0666973e+000
  2.9598951e+000
  2.8126615e+000
  2.6249542e+000
  2.3968531e+000
  2.1292668e+000
  1.8246573e+000
  1.4876454e+000
  1.1253724e+000
  7.4752884e-001
  3.6601371e-001
 -5.7582720e-003
 -3.5382568e-001
 -6.6480730e-001
 -9.2704076e-001
 -1.1315825e+000
 -1.2729360e+000
 -1.3494146e+000
 -1.3630958e+000
 -1.3193839e+000
 -1.2262533e+000
 -1.0932880e+000
 -9.3065943e-001
 -7.4818915e-001
 -5.5462250e-001
 -3.5720298e-001
 -1.6158389e-001
  2.7942114e-002
  2.0796857e-001
  3.7536927e-001
  5.2669664e-001
  6.5772015e-001
  7.6321742e-001
  8.3708964e-001
  8.7281785e-001
  8.6421855e-001
  8.0640264e-001
  6.9680107e-001
  5.3609960e-001
  3.2892706e-001
  8.4167283e-002
 -1.8518959e-001
 -4.6268132e-001
 -7.2945356e-001
 -9.6568518e-001
 -1.1522102e+000
 -1.2721590e+000
 -1.3124346e+000
 -1.2648620e+000
 -1.1268820e+000
 -9.0172448e-001
 -5.9805237e-001
 -2.2913433e-001
  1.8834355e-001
  6.3568022e-001
  1.0936121e+000
  1.5436569e+000
  1.9692167e+000
  2.3563476e+000
  2.6941578e+000
  2.9748431e+000
  3.1934223e+000
  3.3472634e+000
  3.4355142e+000
  3.4585500e+000
  3.4175344e+000
  3.3141602e+000
  3.1505974e+000
  2.9296378e+000
  2.6549866e+000
  2.3316263e+000
  1.9661653e+000
  1.5670831e+000
  1.1447997e+000
  7.1152375e-001
  2.8086536e-001
 -1.3276510e-001
 -5.1492043e-001
 -8.5196746e-001
 -1.1319385e+000
 -1.3452967e+000
 -1.4855412e+000
 -1.5495973e+000
 -1.5379657e+000
 -1.4546317e+000
 -1.3067611e+000
 -1.1042295e+000
 -8.5904240e-001
 -5.8470550e-001
 -2.9559657e-001
 -6.3789482e-003
  2.6852251e-001
  5.1537849e-001
  7.2155537e-001
  8.7587758e-001
  9.6897292e-001
  9.9361643e-001
  9.4507711e-001
  8.2145654e-001
  6.2399293e-001
  3.5729055e-001
  2.9426769e-002
 -3.4811135e-001
 -7.6070096e-001
 -1.1910908e+000
 -1.6201428e+000
 -2.0277802e+000
 -2.3940897e+000
 -2.7004990e+000
 -2.9309364e+000
 -3.0728723e+000
 -3.1181454e+000
 -3.0634949e+000
 -2.9107434e+000
 -2.6666110e+000
 -2.3421743e+000
 -1.9520226e+000
 -1.5131927e+000
 -1.0439847e+000
 -5.6277170e-001
 -8.6914061e-002
  3.6812848e-001
  7.8941729e-001
  1.1668535e+000
  1.4931963e+000
  1.7638173e+000
  1.9762585e+000
  2.1296794e+000
  2.2242893e+000
  2.2608552e+000
  2.2403600e+000
  2.1638578e+000
  2.0325442e+000
  1.8480198e+000
  1.6126976e+000
  1.3302779e+000
  1.0062024e+000
  6.4799304e-001
  2.6539856e-001
 -1.2971093e-001
 -5.2372567e-001
 -9.0194363e-001
 -1.2494359e+000
 -1.5520509e+000
 -1.7974560e+000
 -1.9761047e+000
 -2.0820209e+000
 -2.1133112e+000
 -2.0723413e+000
 -1.9655538e+000
 -1.8029430e+000
 -1.5972392e+000
 -1.3628905e+000
 -1.1149482e+000
 -8.6797079e-001
 -6.3505377e-001
 -4.2707502e-001
 -2.5221278e-001
 -1.1575898e-001
 -2.0212773e-002
  3.4394130e-002
  5.0013602e-002
  3.0025302e-002
 -2.1304140e-002
 -9.9272377e-002
 -1.9905113e-001
 -3.1583203e-001
 -4.4481719e-001
 -5.8109196e-001
 -7.1943804e-001
 -8.5415611e-001
 -9.7896547e-001
 -1.0870349e+000
 -1.1711761e+000
 -1.2242020e+000
 -1.2394216e+000
 -1.2112173e+000
 -1.1356293e+000
 -1.0108674e+000
 -8.3767062e-001
 -6.1945593e-001
 -3.6222205e-001
 -7.4206510e-002
  2.3467077e-001
  5.5351553e-001
  8.7123540e-001
  1.1772917e+000
  1.4623381e+000
  1.7186753e+000
  1.9404769e+000
  2.1237769e+000
  2.2662432e+000
  2.3667944e+000
  2.4251357e+000
  2.4413044e+000
  2.4153090e+000
  2.3469273e+000
  2.2357062e+000
  2.0811662e+000
  1.8831815e+000
  1.6424743e+000
  1.3611401e+000
  1.0431110e+000
  6.9446973e-001
  3.2354319e-001
 -5.9262290e-002
 -4.4189011e-001
 -8.1129258e-001
 -1.1542538e+000
 -1.4582857e+000
 -1.7124957e+000
 -1.9083261e+000
 -2.0400843e+000
 -2.1052087e+000
 -2.1042518e+000
 -2.0405968e+000
 -1.9199599e+000
 -1.7497513e+000
 -1.5383843e+000
 -1.2946197e+000
 -1.0270182e+000
 -7.4355350e-001
 -4.5140596e-001
 -1.5692698e-001
  1.3426273e-001
  4.1709776e-001
  6.8688042e-001
  9.3914285e-001
  1.1696062e+000
  1.3742621e+000
  1.5495745e+000
  1.6927738e+000
  1.8021944e+000
  1.8775918e+000
  1.9203775e+000
  1.9337146e+000
  1.9224392e+000
  1.8927979e+000
  1.8520182e+000
  1.8077574e+000
  1.7674919e+000
  1.7379221e+000
  1.7244627e+000
  1.7308797e+000
  1.7591095e+000
  1.8092722e+000
  1.8798585e+000
  1.9680488e+000
  2.0701020e+000
  2.1817462e+000
  2.2985094e+000
  2.4159402e+000
  2.5296947e+000
  2.6354930e+000
  2.7289752e+000
  2.8055101e+000
  2.8600208e+000
  2.8868958e+000
  2.8800408e+000
  2.8331070e+000
  2.7399000e+000
  2.5949445e+000
  2.3941465e+000
  2.1354736e+000
  1.8195601e+000
  1.4501459e+000
  1.0342719e+000
  5.8218077e-001
  1.0690985e-001
 -3.7640190e-001
 -8.5143148e-001
 -1.3017241e+000
 -1.7117723e+000
 -2.0680089e+000
 -2.3596147e+000
 -2.5790611e+000
 -2.7223466e+000
 -2.7889205e+000
 -2.7813289e+000
 -2.7046460e+000
 -2.5657803e+000
 -2.3727502e+000
 -2.1340204e+000
 -1.8579741e+000
 -1.5525662e+000
 -1.2251724e+000
 -8.8261713e-001
 -5.3133429e-001
 -1.7759595e-001
  1.7226214e-001
  5.1168636e-001
  8.3387450e-001
  1.1318968e+000
  1.3989694e+000
  1.6288525e+000
  1.8163220e+000
  1.9576493e+000
  2.0510153e+000
  2.0967959e+000
  2.0976653e+000
  2.0584928e+000
  1.9860315e+000
  1.8884253e+000
  1.7745861e+000
  1.6535047e+000
  1.5335687e+000
  1.4219583e+000
  1.3241758e+000
  1.2437490e+000
  1.1821253e+000
  1.1387488e+000
  1.1112941e+000
  1.0960145e+000
  1.0881541e+000
  1.0823735e+000
  1.0731441e+000
  1.0550802e+000
  1.0231899e+000
  9.7304348e-001
  9.0087166e-001
  8.0361270e-001
  6.7893555e-001
  5.2526241e-001
  3.4180952e-001
  1.2865569e-001
 -1.1316287e-001
 -3.8154325e-001
 -6.7321180e-001
 -9.8365023e-001
 -1.3070769e+000
 -1.6365042e+000
 -1.9638868e+000
 -2.2803629e+000
 -2.5765838e+000
 -2.8431118e+000
 -3.0708628e+000
 -3.2515614e+000
 -3.3781752e+000
 -3.4452960e+000
 -3.4494418e+000
 -3.3892578e+000
 -3.2656047e+000
 -3.0815306e+000
 -2.8421305e+000
 -2.5543055e+000
 -2.2264377e+000
 -1.8680031e+000
 -1.4891440e+000
 -1.1002275e+000
 -7.1141154e-001
 -3.3224354e-001
  2.8689407e-002
  3.6404068e-001
  6.6790163e-001
  9.3590830e-001
  1.1652551e+000
  1.3546194e+000
  1.5040085e+000
  1.6145444e+000
  1.6882098e+000
  1.7275788e+000
  1.7355580e+000
  1.7151620e+000
  1.6693403e+000
  1.6008691e+000
  1.5123088e+000
  1.4060226e+000
  1.2842406e+000
  1.1491499e+000
  1.0029853e+000
  8.4809893e-001
  6.8698660e-001
  5.2226102e-001
  3.5656684e-001
  1.9244596e-001
  3.2169703e-002
 -1.2243729e-001
 -2.7015300e-001
 -4.1046520e-001
 -5.4360598e-001
 -6.7049858e-001
 -7.9261252e-001
 -9.1173625e-001
 -1.0296885e+000
 -1.1479999e+000
 -1.2676014e+000
 -1.3885600e+000
 -1.5098941e+000
 -1.6294968e+000
 -1.7441800e+000
 -1.8498376e+000
 -1.9417151e+000
 -2.0147537e+000
 -2.0639756e+000
 -2.0848657e+000
 -2.0737103e+000
 -2.0278573e+000
 -1.9458746e+000
 -1.8275945e+000
 -1.6740472e+000
 -1.4873009e+000
 -1.2702345e+000
 -1.0262770e+000
 -7.5914976e-001
 -4.7264388e-001
 -1.7045844e-001
  1.4388519e-001
  4.6704958e-001
  7.9581684e-001
  1.1269724e+000
  1.4571627e+000
  1.7827573e+000
  2.0997423e+000
  2.4036703e+000
  2.6896833e+000
  2.9526126e+000
  3.1871535e+000
  3.3880994e+000
  3.5506132e+000
  3.6705087e+000
  3.7445147e+000
  3.7704915e+000
  3.7475823e+000
  3.6762807e+000
  3.5584116e+000
  3.3970279e+000
  3.1962342e+000
  2.9609594e+000
  2.6966985e+000
  2.4092506e+000
  2.1044777e+000
  1.7881023e+000
  1.4655603e+000
  1.1419129e+000
  8.2181842e-001
  5.0955314e-001
  2.0906574e-001
 -7.5953553e-002
 -3.4201073e-001
 -5.8577200e-001
 -8.0406922e-001
 -9.9395512e-001
 -1.1528086e+000
 -1.2784816e+000
 -1.3694700e+000
 -1.4250864e+000
 -1.4456068e+000
 -1.4323648e+000
 -1.3877698e+000
 -1.3152337e+000
 -1.2189998e+000
 -1.1038807e+000
 -9.7492488e-001
 -8.3704004e-001
 -6.9461305e-001
 -5.5116684e-001
 -4.0909518e-001
 -2.6950902e-001
 -1.3221677e-001
  4.1538868e-003
  1.4190165e-001
  2.8389011e-001
  4.3311797e-001
  5.9226933e-001
  7.6329554e-001
  9.4707712e-001
  1.1432047e+000
  1.3499034e+000
  1.5641074e+000
  1.7816717e+000
  1.9976931e+000
  2.2068957e+000
  2.4040334e+000
  2.5842573e+000
  2.7434064e+000
  2.8781880e+000
  2.9862368e+000
  3.0660541e+000
  3.1168506e+000
  3.1383263e+000
  3.1304334e+000
  3.0931645e+000
  3.0264067e+000
  2.9298886e+000
  2.8032310e+000
  2.6460956e+000
  2.4584095e+000
  2.2406270e+000
  1.9939894e+000
  1.7207348e+000
  1.4242247e+000
  1.1089585e+000
  7.8046903e-001
  4.4510691e-001
  1.0973699e-001
 -2.1861574e-001
 -5.3312863e-001
 -8.2750998e-001
 -1.0962583e+000
 -1.3348289e+000
 -1.5397004e+000
 -1.7083488e+000
 -1.8391507e+000
 -1.9312489e+000
 -1.9844128e+000
 -1.9989290e+000
 -1.9755424e+000
 -1.9154612e+000
 -1.8204197e+000
 -1.6927802e+000
 -1.5356466e+000
 -1.3529517e+000
 -1.1494871e+000
 -9.3084807e-001
 -7.0327957e-001
 -4.7342724e-001
 -2.4801182e-001
 -3.3461177e-002
  1.6445708e-001
  3.4095643e-001
  4.9246469e-001
  6.1673999e-001
  7.1285677e-001
  7.8106802e-001
  8.2256876e-001
  8.3920042e-001
  8.3314408e-001
  8.0665135e-001
  7.6185371e-001
  7.0067655e-001
  6.2486475e-001
  5.3610549e-001
  4.3621538e-001
  3.2734507e-001
  2.1214899e-001
  9.3871517e-002
 -2.3687123e-002
 -1.3634180e-001
 -2.3982342e-001
 -3.3017843e-001
 -4.0421529e-001
 -4.5993257e-001
 -4.9686014e-001
 -5.1625218e-001
 -5.2108818e-001
 -5.1586360e-001
 -5.0618159e-001
 -4.9818632e-001
 -4.9790334e-001
 -5.1056812e-001
 -5.4002840e-001
 -5.8829810e-001
 -6.5532095e-001
 -7.3897395e-001
 -8.3530771e-001
 -9.3898820e-001
 -1.0438767e+000
 -1.1436669e+000
 -1.2324913e+000
 -1.3054176e+000
 -1.3587722e+000
 -1.3902590e+000
 -1.3988726e+000
 -1.3846370e+000
 -1.3482300e+000
 -1.2905682e+000
 -1.2124344e+000
 -1.1142192e+000
 -9.9582992e-001
 -8.5678927e-001
 -6.9651475e-001
 -5.1473625e-001
 -3.1198419e-001
 -9.0064651e-002
  1.4756462e-001
  3.9559250e-001
  6.4687948e-001
  8.9272983e-001
  1.1233963e+000
  1.3287682e+000
  1.4991659e+000
  1.6261492e+000
  1.7032401e+000
  1.7264760e+000
  1.6947243e+000
  1.6097279e+000
  1.4758817e+000
  1.2997749e+000
  1.0895666e+000
  8.5427400e-001
  6.0306591e-001
  3.4464222e-001
  8.6765157e-002
 -1.6401924e-001
 -4.0246120e-001
 -6.2451007e-001
 -8.2708595e-001
 -1.0077816e+000
 -1.1645620e+000
 -1.2955221e+000
 -1.3987494e+000
 -1.4723143e+000
 -1.5143889e+000
 -1.5234667e+000
 -1.4986431e+000
 -1.4399005e+000
 -1.3483429e+000
 -1.2263331e+000
 -1.0774982e+000
 -9.0659436e-001
 -7.1923741e-001
 -5.2153279e-001
 -3.1964727e-001
 -1.1937630e-001
  7.4241460e-002
  2.5721846e-001
  4.2679206e-001
  5.8146637e-001
  7.2092918e-001
  8.4586702e-001
  9.5771312e-001
  1.0583680e+000
  1.1499311e+000
  1.2344753e+000
  1.3138828e+000
  1.3897511e+000
  1.4633609e+000
  1.5356911e+000
  1.6074574e+000
  1.6791535e+000
  1.7510738e+000
  1.8233072e+000
  1.8956992e+000
  1.9677908e+000
  2.0387480e+000
  2.1073006e+000
  2.1717117e+000
  2.2297906e+000
  2.2789597e+000
  2.3163727e+000
  2.3390768e+000
  2.3442003e+000
  2.3291463e+000
  2.2917703e+000
  2.2305228e+000
  2.1445479e+000
  2.0337304e+000
  1.8986990e+000
  1.7407942e+000
  1.5620172e+000
  1.3649736e+000
  1.1528238e+000
  9.2924520e-001
  6.9840456e-001
  4.6492958e-001
  2.3386601e-001
  1.0602232e-002
 -1.9925318e-001
 -3.9004977e-001
 -5.5632847e-001
 -6.9309783e-001
 -7.9613027e-001
 -8.6224708e-001
 -8.8955705e-001
 -8.7761495e-001
 -8.2747358e-001
 -7.4161559e-001
 -6.2376666e-001
 -4.7860876e-001
 -3.1142648e-001
 -1.2773039e-001
  6.7095163e-002
  2.6807535e-001
  4.7082551e-001
  6.7161174e-001
  8.6729382e-001
  1.0551722e+000
  1.2327778e+000
  1.3976543e+000
  1.5471840e+000
  1.6785026e+000
  1.7885341e+000
  1.8741561e+000
  1.9324801e+000
  1.9612131e+000
  1.9590443e+000
  1.9259936e+000
  1.8636574e+000
  1.7752982e+000
  1.6657439e+000
  1.5410895e+000
  1.4082239e+000
  1.2742299e+000
  1.1457290e+000
  1.0282530e+000
  9.2572538e-001
  8.4012133e-001
  7.7135415e-001
  7.1740471e-001
  6.7467668e-001
  6.3852926e-001
  6.0391427e-001
  5.6603000e-001
  5.2090281e-001
  4.6581929e-001
  3.9955461e-001
  3.2237386e-001
  2.3581746e-001
  1.4231422e-001
  4.4690618e-002
 -5.4339851e-002
 -1.5262254e-001
 -2.4886926e-001
 -3.4277758e-001
 -4.3494279e-001
 -5.2657751e-001
 -6.1908580e-001
 -7.1356295e-001
 -8.1030591e-001
 -9.0841926e-001
 -1.0055888e+000
 -1.0980705e+000
 -1.1809098e+000
 -1.2483739e+000
 -1.2945428e+000
 -1.3139865e+000
 -1.3024353e+000
 -1.2573546e+000
 -1.1783464e+000
 -1.0673214e+000
 -9.2842174e-001
 -7.6770298e-001
 -5.9261967e-001
 -4.1138256e-001
 -2.3226987e-001
 -6.2977908e-002
  8.9913499e-002
  2.2130558e-001
  3.2774686e-001
  4.0740269e-001
  4.5985718e-001
  4.8579873e-001
  4.8665259e-001
  4.6422629e-001
  4.2042487e-001
  3.5707633e-001
  2.7588452e-001
  1.7850283e-001
  6.6699965e-002
 -5.7427328e-002
 -1.9124727e-001
 -3.3144361e-001
 -4.7396523e-001
 -6.1409932e-001
 -7.4667202e-001
 -8.6635837e-001
 -9.6806576e-001
 -1.0473416e+000
 -1.1007516e+000
 -1.1261788e+000
 -1.1230027e+000
 -1.0921380e+000
 -1.0359280e+000
 -9.5791014e-001
 -8.6248743e-001
 -7.5454755e-001
 -6.3907926e-001
 -5.2082948e-001
 -4.0403627e-001
 -2.9225859e-001
 -1.8830748e-001
 -9.4267978e-002
 -1.1588584e-002
  5.8792578e-002
  1.1631762e-001
  1.6070362e-001
  1.9188252e-001
  2.0999478e-001
  2.1543320e-001
  2.0892154e-001
  1.9160534e-001
  1.6512784e-001
  1.3166608e-001
  9.3907575e-002
  5.4957638e-002
  1.8178695e-002
 -1.3025877e-002
 -3.5461362e-002
 -4.6396597e-002
 -4.3794048e-002
 -2.6487415e-002
  5.7144643e-003
  5.2009368e-002
  1.1067035e-001
  1.7919198e-001
  2.5449596e-001
  3.3317186e-001
  4.1172611e-001
  4.8681347e-001
  5.5542966e-001
  6.1505023e-001
  6.6370925e-001
  7.0001909e-001
  7.2313999e-001
  7.3271321e-001
  7.2877444e-001
  7.1166448e-001
  6.8195211e-001
  6.4038026e-001
  5.8784150e-001
  5.2538361e-001
  4.5424071e-001
  3.7588141e-001
  2.9206248e-001
  2.0487537e-001
  1.1677311e-001
  3.0566941e-002
 -5.0614798e-002
 -1.2340927e-001
 -1.8434224e-001
 -2.2998612e-001
 -2.5714323e-001
 -2.6304057e-001
 -2.4552038e-001
 -2.0320935e-001
 -1.3565037e-001
 -4.3382906e-002
  7.2037444e-002
  2.0808442e-001
  3.6136919e-001
  5.2780238e-001
  7.0279557e-001
  8.8148366e-001
  1.0589476e+000
  1.2304173e+000
  1.3914394e+000
  1.5379980e+000
  1.6665860e+000
  1.7742326e+000
  1.8584975e+000
  1.9174499e+000
  1.9496513e+000
  1.9541590e+000
  1.9305636e+000
  1.8790622e+000
  1.8005635e+000
  1.6968060e+000
  1.5704653e+000
  1.4252207e+000
  1.2657511e+000
  1.0976366e+000
  9.2715173e-001
  7.6095256e-001
  6.0567607e-001
  4.6748586e-001
  3.5161193e-001
  2.6193857e-001
  2.0069375e-001
  1.6828480e-001
  1.6330834e-001
  1.8274059e-001
  2.2228941e-001
  2.7686581e-001
  3.4111430e-001
  4.0993063e-001
  4.7889570e-001
  5.4456544e-001
  6.0457747e-001
  6.5756356e-001
  7.0288869e-001
  7.4026685e-001
  7.6932676e-001
  7.8921312e-001
  7.9830718e-001
  7.9413510e-001
  7.7350456e-001
  7.3287284e-001
  6.6890981e-001
  5.7918137e-001
  4.6285128e-001
  3.2128490e-001
  1.5844265e-001
 -1.9027696e-002
 -2.0205250e-001
 -3.7975162e-001
 -5.4036637e-001
 -6.7239756e-001
 -7.6581724e-001
 -8.1319777e-001
 -8.1060388e-001
 -7.5811809e-001
 -6.5991476e-001
 -5.2385727e-001
 -3.6065805e-001
 -1.8270313e-001
 -2.6921599e-003
  1.6772667e-001
  3.1914382e-001
  4.4523815e-001
  5.4317676e-001
  6.1351693e-001
  6.5963470e-001
  6.8677458e-001
  7.0087160e-001
  7.0733125e-001
  7.0995995e-001
  7.1021594e-001
  7.0690189e-001
  6.9635207e-001
  6.7308976e-001
  6.3085568e-001
  5.6384733e-001
  4.6797247e-001
  3.4191271e-001
  1.8781773e-001
  1.1503501e-002
 -1.7789854e-001
 -3.6881109e-001
 -5.4848873e-001
 -7.0452819e-001
 -8.2639580e-001
 -9.0674971e-001
 -9.4236062e-001
 -9.3449148e-001
 -8.8867494e-001
 -8.1391636e-001
 -7.2143563e-001
 -6.2313038e-001
 -5.2998544e-001
 -4.5066182e-001
 -3.9047146e-001
 -3.5088594e-001
 -3.2964561e-001
 -3.2144444e-001
 -3.1907744e-001
 -3.1486660e-001
 -3.0213856e-001
 -2.7651897e-001
 -2.3683713e-001
 -1.8549464e-001
 -1.2823516e-001
 -7.3345723e-002
 -3.0409035e-002
 -8.7973218e-003
 -1.6139843e-002
 -5.7002414e-002
 -1.3198642e-001
 -2.3739185e-001
 -3.6550343e-001
 -5.0546391e-001
 -6.4460905e-001
 -7.7006820e-001
 -8.7039389e-001
 -9.3697970e-001
 -9.6505840e-001
 -9.5413713e-001
 -9.0781283e-001
 -8.3300632e-001
 -7.3874211e-001
 -6.3466978e-001
 -5.2956104e-001
 -4.3001796e-001
 -3.3959323e-001
 -2.5845673e-001
 -1.8365612e-001
 -1.0992470e-001
 -3.0903270e-002
  5.9423329e-002
  1.6530868e-001
  2.8807844e-001
  4.2540930e-001
  5.7117908e-001
  7.1592626e-001
  8.4786316e-001
  9.5430168e-001
  1.0232867e+000
  1.0451995e+000
  1.0140976e+000
  9.2859485e-001
  7.9215665e-001
  6.1276794e-001
  4.0202702e-001
  1.7379924e-001
 -5.7372992e-002
 -2.7787597e-001
 -4.7642218e-001
 -6.4505218e-001
 -7.7961812e-001
 -8.7970735e-001
 -9.4805039e-001
 -9.8953353e-001
 -1.0099925e+000
 -1.0149900e+000
 -1.0087750e+000
 -9.9358461e-001
 -9.6938945e-001
 -9.3410751e-001
 -8.8423504e-001
 -8.1577526e-001
 -7.2529889e-001
 -6.1095161e-001
 -4.7323369e-001
 -3.1541604e-001
 -1.4351611e-001
  3.4171543e-002
  2.0792459e-001
  3.6769668e-001
  5.0431134e-001
  6.1056857e-001
  6.8210167e-001
  7.1786210e-001
  7.2016774e-001
  6.9431728e-001
  6.4783802e-001
  5.8948716e-001
  5.2815945e-001
  4.7186194e-001
  4.2689926e-001
  3.9737393e-001
  3.8505202e-001
  3.8958450e-001
  4.0901863e-001
  4.4049041e-001
  4.8096523e-001
  5.2789287e-001
  5.7966371e-001
  6.3579298e-001
  6.9680970e-001
  7.6388086e-001
  8.3824762e-001
  9.2058380e-001
  1.0104003e+000
  1.1056115e+000
  1.2023537e+000
  1.2951010e+000
  1.3770778e+000
  1.4409133e+000
  1.4794474e+000
  1.4865669e+000
  1.4579484e+000
  1.3915968e+000
  1.2880977e+000
  1.1505510e+000
  9.8419606e-001
  7.9579102e-001
  5.9284079e-001
  3.8279206e-001
  1.7231353e-001
 -3.3236464e-002
 -2.3008595e-001
 -4.1604270e-001
 -5.9022489e-001
 -7.5259075e-001
 -9.0335969e-001
 -1.0424325e+000
 -1.1689153e+000
 -1.2808335e+000
 -1.3750858e+000
 -1.4476516e+000
 -1.4940186e+000
 -1.5097647e+000
 -1.4912004e+000
 -1.4359703e+000
 -1.3435182e+000
 -1.2153437e+000
 -1.0550080e+000
 -8.6789156e-001
 -6.6073658e-001
 -4.4104674e-001
 -2.1642986e-001
  6.0219365e-003
  2.2023109e-001
  4.2145172e-001
  6.0637551e-001
  7.7303220e-001
  9.2052310e-001
  1.0486511e+000
  1.1575240e+000
  1.2472085e+000
  1.3174977e+000
  1.3678332e+000
  1.3973916e+000
  1.4053137e+000
  1.3910301e+000
  1.3546154e+000
  1.2971000e+000
  1.2206718e+000
  1.1287207e+000
  1.0257012e+000
  9.1682376e-001
  8.0760817e-001
  7.0336263e-001
  6.0865996e-001
  5.2688758e-001
  4.5993631e-001
  4.0807208e-001
  3.7000734e-001
  3.4315840e-001
  3.2404701e-001
  3.0878398e-001
  2.9356125e-001
  2.7508028e-001
  2.5085674e-001
  2.1936347e-001
  1.8000079e-001
  1.3291233e-001
  7.8689350e-002
  1.8024481e-002
 -4.8616700e-002
 -1.2124185e-001
 -2.0044586e-001
 -2.8736557e-001
 -3.8347541e-001
 -4.9025187e-001
 -6.0875761e-001
 -7.3921168e-001
 -8.8061720e-001
 -1.0305115e+000
 -1.1848879e+000
 -1.3383135e+000
 -1.4842406e+000
 -1.6154801e+000
 -1.7247839e+000
 -1.8054649e+000
 -1.8519822e+000
 -1.8604191e+000
 -1.8288010e+000
 -1.7572196e+000
 -1.6477582e+000
 -1.5042372e+000
 -1.3318229e+000
 -1.1365573e+000
 -9.2487342e-001
 -7.0315635e-001
 -4.7740119e-001
 -2.5299648e-001
 -3.4642794e-002
  1.7360770e-001
  3.6822338e-001
  5.4602243e-001
  7.0400946e-001
  8.3926604e-001
  9.4892992e-001
  1.0302807e+000
  1.0809289e+000
  1.0990851e+000
  1.0838700e+000
  1.0356124e+000
  9.5608300e-001
  8.4861365e-001
  7.1806617e-001
  5.7063413e-001
  4.1348297e-001
  2.5425665e-001
  1.0049927e-001
 -4.0946002e-002
 -1.6449200e-001
 -2.6625058e-001
 -3.4430889e-001
 -3.9880313e-001
 -4.3177817e-001
 -4.4684726e-001
 -4.4869147e-001
 -4.4245832e-001
 -4.3313283e-001
 -4.2495781e-001
 -4.2097484e-001
 -4.2274236e-001
 -4.3026485e-001
 -4.4214000e-001
 -4.5590227e-001
 -4.6851506e-001
 -4.7694348e-001
 -4.7872781e-001
 -4.7247661e-001
 -4.5820723e-001
 -4.3748121e-001
 -4.1330830e-001
 -3.8982389e-001
 -3.7177562e-001
 -3.6388246e-001
 -3.7014858e-001
 -3.9322393e-001
 -4.3390016e-001
 -4.9081564e-001
 -5.6041805e-001
 -6.3720056e-001
 -7.1419185e-001
 -7.8364645e-001
 -8.3785400e-001
 -8.6996887e-001
 -8.7475658e-001
 -8.4916277e-001
 -7.9263244e-001
 -7.0713900e-001
 -5.9692065e-001
 -4.6796019e-001
 -3.2727856e-001
 -1.8213676e-001
 -3.9252827e-002
  9.5862631e-002
  2.1936646e-001
  3.2928219e-001
  4.2541985e-001
  5.0903826e-001
  5.8230882e-001
  6.4766835e-001
  7.0716493e-001
  7.6190051e-001
  8.1166000e-001
  8.5478761e-001
  8.8833397e-001
  9.0845592e-001
  9.1101178e-001
  8.9226391e-001
  8.4958218e-001
  7.8203987e-001
  6.9080727e-001
  5.7927643e-001
  4.5288920e-001
  3.1868356e-001
  1.8461455e-001
  5.8739361e-002
 -5.1623776e-002
 -1.4064893e-001
 -2.0456683e-001
 -2.4196642e-001
 -2.5379801e-001
 -2.4308556e-001
 -2.1439739e-001
 -1.7315833e-001
 -1.2490711e-001
 -7.4608173e-002
 -2.6114925e-002
  1.8144585e-002
  5.7225268e-002
  9.1473116e-002
  1.2213043e-001
  1.5081616e-001
  1.7897785e-001
  2.0741412e-001
  2.3595338e-001
  2.6334671e-001
  2.8739641e-001
  3.0530094e-001
  3.1415998e-001
  3.1155486e-001
  2.9610501e-001
  2.6790248e-001
  2.2874415e-001
  1.8211161e-001
  1.3288830e-001
  8.6844607e-002
  4.9959134e-002
  2.7671407e-002
  2.4173786e-002
  4.1846489e-002
  8.0919592e-002
  1.3941288e-001
  2.1336360e-001
  2.9730977e-001
  3.8495911e-001
  4.6994739e-001
  5.4657756e-001
  6.1043625e-001
  6.5880410e-001
  6.9080941e-001
  7.0731402e-001
  7.1056129e-001
  7.0365110e-001
  6.8993111e-001
  6.7240337e-001
  6.5323948e-001
  6.3347717e-001
  6.1293941e-001
  5.9038040e-001
  5.6382548e-001
  5.3104120e-001
  4.9005211e-001
  4.3961502e-001
  3.7956983e-001
  3.1100846e-001
  2.3623374e-001
  1.5851554e-001
  8.1684417e-002
  9.6294017e-003
 -5.4218787e-002
 -1.0733621e-001
 -1.4841525e-001
 -1.7748796e-001
 -1.9584683e-001
 -2.0577940e-001
 -2.1016289e-001
 -2.1198668e-001
 -2.1388068e-001
 -2.1772478e-001
 -2.2439962e-001
 -2.3371433e-001
 -2.4451689e-001
 -2.5496234e-001
 -2.6288857e-001
 -2.6623254e-001
 -2.6341448e-001
 -2.5362460e-001
 -2.3696458e-001
 -2.1442163e-001
 -1.8768207e-001
 -1.5881857e-001
 -1.2990696e-001
 -1.0264020e-001
 -7.8007636e-002
 -5.6096713e-002
 -3.6053843e-002
 -1.6214554e-002
  5.6150370e-003
  3.1768540e-002
  6.4282507e-002
  1.0448173e-001
  1.5265264e-001
  2.0785722e-001
  2.6791787e-001
  3.2957737e-001
  3.8881131e-001
  4.4124788e-001
  4.8263449e-001
  5.0928579e-001
  5.1845214e-001
  5.0856202e-001
  4.7931274e-001
  4.3160732e-001
  3.6735870e-001
  2.8920061e-001
  2.0015563e-001
  1.0331306e-001
  1.5630979e-003
 -1.0258023e-001
 -2.0705248e-001
 -3.1021348e-001
 -4.1074475e-001
 -5.0750358e-001
 -5.9937250e-001
 -6.8514067e-001
 -7.6344465e-001
 -8.3278256e-001
 -8.9159949e-001
 -9.3842806e-001
 -9.7205640e-001
 -9.9169089e-001
 -9.9708207e-001
 -9.8858908e-001
 -9.6716995e-001
 -9.3429877e-001
 -8.9182403e-001
 -8.4179312e-001
 -7.8627265e-001
 -7.2719421e-001
 -6.6624836e-001
 -6.0483908e-001
 -5.4409781e-001
 -4.8494358e-001
 -4.2816612e-001
 -3.7450407e-001
 -3.2469172e-001
 -2.7945488e-001
 -2.3944833e-001
 -2.0514120e-001
 -1.7667076e-001
 -1.5369511e-001
 -1.3528053e-001
 -1.1985711e-001
 -1.0526750e-001
 -8.8918824e-002
 -6.8030024e-002
 -3.9948605e-002
 -2.4957764e-003
  4.5709902e-002
  1.0500111e-001
  1.7452545e-001
  2.5225143e-001
  3.3512264e-001
  4.1934302e-001
  5.0075456e-001
  5.7525316e-001
  6.3918133e-001
  6.8963930e-001
  7.2466937e-001
  7.4328926e-001
  7.4537621e-001
  7.3142970e-001
  7.0226261e-001
  6.5868443e-001
  6.0124275e-001
  5.3008033e-001
  4.4494485e-001
  3.4536098e-001
  2.3094331e-001
  1.0179997e-001
 -4.1045005e-002
 -1.9529270e-001
 -3.5715225e-001
 -5.2132695e-001
 -6.8123530e-001
 -8.2946219e-001
 -9.5839710e-001
 -1.0609822e+000
 -1.1314698e+000
 -1.1660807e+000
 -1.1634621e+000
 -1.1248697e+000
 -1.0540350e+000
 -9.5672670e-001
 -8.4005793e-001
 -7.1163354e-001
 -5.7865664e-001
 -4.4712272e-001
 -3.2121904e-001
 -2.0301726e-001
 -9.2503937e-002
  1.2058408e-002
  1.1349832e-001
  2.1493289e-001
  3.1892624e-001
  4.2674777e-001
  5.3785605e-001
  6.4970030e-001
  7.5788316e-001
  8.5667169e-001
  9.3978790e-001
  1.0013635e+000
  1.0369143e+000
  1.0441824e+000
  1.0237085e+000
  9.7903619e-001
  9.1649973e-001
  8.4461095e-001
  7.7311811e-001
  7.1186065e-001
  6.6957463e-001
  6.5281298e-001
  6.6512882e-001
  7.0663349e-001
  7.7398695e-001
  8.6081685e-001
  9.5850213e-001
  1.0572066e+000
  1.1470160e+000
  1.2190215e+000
  1.2662069e+000
  1.2840301e+000
  1.2706414e+000
  1.2267359e+000
  1.1550945e+000
  1.0599118e+000
  9.4603735e-001
  8.1826270e-001
  6.8077106e-001
  5.3683228e-001
  3.8877856e-001
  2.3824409e-001
  8.6603892e-002
 -6.4489380e-002
 -2.1259046e-001
 -3.5408556e-001
 -4.8405021e-001
 -5.9639558e-001
 -6.8430870e-001
 -7.4093974e-001
 -7.6024432e-001
 -7.3785744e-001
 -6.7186356e-001
 -5.6333653e-001
 -4.1655309e-001
 -2.3882899e-001
 -3.9980954e-002
  1.6852704e-001
  3.7464847e-001
  5.6689340e-001
  7.3539441e-001
  8.7276210e-001
  9.7462365e-001
  1.0397841e+000
  1.0700046e+000
  1.0694455e+000
  1.0438696e+000
  9.9973045e-001
  9.4328324e-001
  8.7984546e-001
  8.1330649e-001
  7.4594241e-001
  6.7854216e-001
  6.1080142e-001
  5.4189930e-001
  4.7114571e-001
  3.9857885e-001
  3.2540237e-001
  2.5418006e-001
  1.8874621e-001
  1.3383629e-001
  9.4488374e-002
  7.5302736e-002
  7.9671105e-002
  1.0909334e-001
  1.6268844e-001
  2.3697994e-001
  3.2599727e-001
  4.2169126e-001
  5.1461863e-001
  5.9481488e-001
  6.5275102e-001
  6.8026079e-001
  6.7133148e-001
  6.2267206e-001
  5.3400294e-001
  4.0804801e-001
  2.5024582e-001
  6.8228459e-002
 -1.2886068e-001
 -3.3112715e-001
 -5.2868063e-001
 -7.1231216e-001
 -8.7403869e-001
 -1.0074830e+000
 -1.1080800e+000
 -1.1731218e+000
 -1.2016684e+000
 -1.1943619e+000
 -1.1531815e+000
 -1.0811773e+000
 -9.8220862e-001
 -8.6070856e-001
 -7.2148121e-001
 -5.6953546e-001
 -4.0995047e-001
 -2.4776693e-001
 -8.7897820e-002
  6.4946376e-002
  2.0632133e-001
  3.3210343e-001
  4.3853725e-001
  5.2227909e-001
  5.8044127e-001
  6.1064374e-001
  6.1108011e-001
  5.8060371e-001
  5.1883570e-001
  4.2629133e-001
  3.0451274e-001
  1.5618941e-001
 -1.4758980e-002
 -2.0316523e-001
 -4.0268919e-001
 -6.0600373e-001
 -8.0509957e-001
 -9.9170111e-001
 -1.1577677e+000
 -1.2960391e+000
 -1.4005708e+000
 -1.4671999e+000
 -1.4938840e+000
 -1.4808651e+000
 -1.4306324e+000
 -1.3476787e+000
 -1.2380730e+000
 -1.1088973e+000
 -9.6761345e-001
 -8.2143694e-001
 -6.7679425e-001
 -5.3892809e-001
 -4.1169320e-001
 -2.9755722e-001
 -1.9778945e-001
 -1.1279168e-001
 -4.2503195e-002
  1.3199504e-002
  5.4186066e-002
  7.9902375e-002
  8.9385513e-002
  8.1469188e-002
  5.5150502e-002
  1.0057690e-002
 -5.3064022e-002
 -1.3194099e-001
 -2.2252161e-001
 -3.1895633e-001
 -4.1384298e-001
 -4.9873393e-001
 -5.6486049e-001
 -6.0399397e-001
 -6.0933708e-001
 -5.7632865e-001
 -5.0325087e-001
 -3.9155121e-001
 -2.4582702e-001
 -7.3466131e-002
  1.1601738e-001
  3.1187122e-001
  5.0310556e-001
  6.7948066e-001
  8.3235957e-001
  9.5532463e-001
  1.0444920e+000
  1.0985027e+000
  1.1182149e+000
  1.1061643e+000
  1.0658901e+000
  1.0012393e+000
  9.1576048e-001
  8.1227816e-001
  6.9270783e-001
  5.5812853e-001
  4.0908848e-001
  2.4608028e-001
  7.0094903e-002
 -1.1684907e-001
 -3.1130052e-001
 -5.0817536e-001
 -7.0080860e-001
 -8.8126788e-001
 -1.0408969e+000
 -1.1710224e+000
 -1.2637329e+000
 -1.3126276e+000
 -1.3134383e+000
 -1.2644451e+000
 -1.1666381e+000
 -1.0236112e+000
 -8.4121298e-001
 -6.2700764e-001
 -3.8962361e-001
 -1.3807486e-001
  1.1886336e-001
  3.7315835e-001
  6.1786172e-001
  8.4727581e-001
  1.0569597e+000
  1.2436118e+000
  1.4048816e+000
  1.5391654e+000
  1.6454354e+000
  1.7231385e+000
  1.7721774e+000
  1.7929690e+000
  1.7865543e+000
  1.7547232e+000
  1.7001089e+000
  1.6262175e+000
  1.5373631e+000
  1.4385000e+000
  1.3349617e+000
  1.2321330e+000
  1.1350951e+000
  1.0482881e+000
  9.7523414e-001
  9.1835343e-001
  8.7889051e-001
  8.5695008e-001
  8.5162444e-001
  8.6118133e-001
  8.8327388e-001
  9.1513534e-001
  9.5372895e-001
  9.9583728e-001
  1.0380918e+000
  1.0769605e+000
  1.1087226e+000
  1.1294683e+000
  1.1351574e+000
  1.1217618e+000
  1.0855030e+000
  1.0231717e+000
  9.3250054e-001
  8.1254136e-001
  6.6399058e-001
  4.8940421e-001
  2.9325449e-001
  8.1797770e-002
 -1.3725182e-001
 -3.5522063e-001
 -5.6309788e-001
 -7.5221420e-001
 -9.1489781e-001
 -1.0450306e+000
 -1.1384387e+000
 -1.1930742e+000
 -1.2089747e+000
 -1.1880158e+000
 -1.1335044e+000
 -1.0496775e+000
 -9.4118539e-001
 -8.1263600e-001
 -6.6826185e-001
 -5.1175142e-001
 -3.4625449e-001
 -1.7454229e-001
  7.2420122e-004
  1.7668278e-001
  3.4998813e-001
  5.1662723e-001
  6.7188343e-001
  8.1047514e-001
  9.2686488e-001
  1.0157045e+000
  1.0723575e+000
  1.0934235e+000
  1.0771860e+000
  1.0239132e+000
  9.3596176e-001
  8.1765962e-001
  6.7497777e-001
  5.1502916e-001
  3.4545786e-001
  1.7379636e-001
  6.8709855e-003
 -1.4967336e-001
 -2.9167769e-001
 -4.1657779e-001
 -5.2332180e-001
 -6.1212781e-001
 -6.8413401e-001
 -7.4100530e-001
 -7.8456133e-001
 -8.1648120e-001
 -8.3812247e-001
 -8.5046873e-001
 -8.5419675e-001
 -8.4983295e-001
 -8.3795499e-001
 -8.1938879e-001
 -7.9535478e-001
 -7.6752909e-001
 -7.3800327e-001
 -7.0914559e-001
 -6.8338619e-001
 -6.6296208e-001
 -6.4966516e-001
 -6.4463522e-001
 -6.4823152e-001
 -6.6000161e-001
 -6.7874900e-001
 -7.0268398e-001
 -7.2962835e-001
 -7.5723761e-001
 -7.8320360e-001
 -8.0540814e-001
 -8.2201029e-001
 -8.3146637e-001
 -8.3249661e-001
 -8.2402524e-001
 -8.0512667e-001
 -7.7500909e-001
 -7.3305867e-001
 -6.7895235e-001
 -6.1282996e-001
 -5.3549827e-001
 -4.4862637e-001
 -3.5488474e-001
 -2.5798268e-001
 -1.6257022e-001
 -7.3989996e-002
  2.1109721e-003
  6.0274214e-002
  9.5770301e-002
  1.0511527e-001
  8.6487866e-002
  3.9981083e-002
 -3.2358595e-002
 -1.2672167e-001
 -2.3793970e-001
 -3.6005378e-001
 -4.8697104e-001
 -6.1311676e-001
 -7.3398701e-001
 -8.4651937e-001
 -9.4922521e-001
 -1.0420630e+000
 -1.1260720e+000
 -1.2028259e+000
 -1.2737928e+000
 -1.3397112e+000
 -1.4000860e+000
 -1.4528986e+000
 -1.4945890e+000
 -1.5203305e+000
 -1.5245692e+000
 -1.5017584e+000
 -1.4471838e+000
 -1.3577587e+000
 -1.2326675e+000
 -1.0737522e+000
 -8.8557633e-001
 -6.7514094e-001
 -4.5128152e-001
 -2.2381921e-001
 -2.5767120e-003
  2.0361059e-001
  3.8775672e-001
  5.4534709e-001
  6.7464159e-001
  7.7662645e-001
  8.5463216e-001
  9.1368190e-001
  9.5967104e-001
  9.9849884e-001
  1.0352754e+000
  1.0737105e+000
  1.1157590e+000
  1.1615545e+000
  1.2096201e+000
  1.2572996e+000
  1.3013249e+000
  1.3384187e+000
  1.3658285e+000
  1.3817123e+000
  1.3853189e+000
  1.3769491e+000
  1.3577201e+000
  1.3291897e+000
  1.2929192e+000
  1.2500627e+000
  1.2010620e+000
  1.1455053e+000
  1.0821776e+000
  1.0092948e+000
  9.2487885e-001
  8.2720742e-001
  7.1525613e-001
  5.8905329e-001
  4.4988156e-001
  3.0028787e-001
  1.4389620e-001
 -1.4947415e-002
 -1.7163892e-001
 -3.2181128e-001
 -4.6177654e-001
 -5.8884029e-001
 -7.0143566e-001
 -7.9905592e-001
 -8.8200047e-001
 -9.5098233e-001
 -1.0066710e+000
 -1.0492580e+000
 -1.0781287e+000
 -1.0917110e+000
 -1.0875370e+000
 -1.0625224e+000
 -1.0134265e+000
 -9.3742555e-001
 -8.3270774e-001
 -6.9899172e-001
 -5.3787921e-001
 -3.5297533e-001
 -1.4974586e-001
  6.4878689e-002
  2.8310220e-001
  4.9698261e-001
  6.9916956e-001
  8.8355414e-001
  1.0457378e+000
  1.1832558e+000
  1.2955294e+000
  1.3835637e+000
  1.4494473e+000
  1.4957422e+000
  1.5248678e+000
  1.5385823e+000
  1.5376480e+000
  1.5217358e+000
  1.4895818e+000
  1.4393694e+000
  1.3692688e+000
  1.2780418e+000
  1.1656044e+000
  1.0334488e+000
  8.8484562e-001
  7.2478219e-001
  5.5963594e-001
  3.9662228e-001
  2.4309362e-001
  1.0578896e-001
 -9.8584373e-003
 -1.0025731e-001
 -1.6396523e-001
 -2.0172847e-001
 -2.1625862e-001
 -2.1178914e-001
 -1.9348666e-001
 -1.6681084e-001
 -1.3691910e-001
 -1.0820026e-001
 -8.3994168e-002
 -6.6520062e-002
 -5.6998752e-002
 -5.5920304e-002
 -6.3385295e-002
 -7.9437654e-002
 -1.0431240e-001
 -1.3854107e-001
 -1.8288782e-001
 -2.3812448e-001
 -3.0468702e-001
 -3.8228280e-001
 -4.6953246e-001
 -5.6372947e-001
 -6.6078442e-001
 -7.5539202e-001
 -8.4142126e-001
 -9.1249026e-001
 -9.6265270e-001
 -9.8709954e-001
 -9.8277135e-001
 -9.4878559e-001
 -8.8660854e-001
 -7.9993864e-001
 -6.9431243e-001
 -5.7648725e-001
 -4.5369066e-001
 -3.3284793e-001
 -2.1990313e-001
 -1.1933447e-001
 -3.3933347e-002
  3.5126928e-002
  8.7954322e-002
  1.2540038e-001
  1.4842329e-001
  1.5747198e-001
  1.5201007e-001
  1.3027760e-001
  8.9350309e-002
  2.5507037e-002
 -6.5136288e-002
 -1.8581530e-001
 -3.3825207e-001
 -5.2187565e-001
 -7.3326221e-001
 -9.6590120e-001
 -1.2103502e+000
 -1.4547851e+000
 -1.6858945e+000
 -1.8900161e+000
 -2.0543750e+000
 -2.1682673e+000
 -2.2240365e+000
 -2.2177216e+000
 -2.1492969e+000
 -2.0224853e+000
 -1.8441820e+000
 -1.6235819e+000
 -1.3711392e+000
 -1.0975103e+000
 -8.1262174e-001
 -5.2498406e-001
 -2.4132694e-001
  3.3422400e-002
  2.9584937e-001
  5.4353211e-001
  7.7440671e-001
  9.8614783e-001
  1.1756885e+000
  1.3389764e+000
  1.4710223e+000
  1.5662456e+000
  1.6190702e+000
  1.6246825e+000
  1.5798308e+000
  1.4835399e+000
  1.3376191e+000
  1.1468775e+000
  9.1899552e-001
  6.6405842e-001
  3.9380168e-001
  1.2066195e-001
 -1.4324720e-001
 -3.8710628e-001
 -6.0219011e-001
 -7.8240650e-001
 -9.2452288e-001
 -1.0280754e+000
 -1.0949998e+000
 -1.1290590e+000
 -1.1351661e+000
 -1.1187080e+000
 -1.0849630e+000
 -1.0386862e+000
 -9.8389678e-001
 -9.2386775e-001
 -8.6128197e-001
 -7.9849140e-001
 -7.3780208e-001
 -6.8170753e-001
 -6.3300649e-001
 -5.9476631e-001
 -5.7012429e-001
 -5.6195190e-001
 -5.7243414e-001
 -6.0263531e-001
 -6.5212770e-001
 -7.1875332e-001
 -7.9856907e-001
 -8.8599839e-001
 -9.7418088e-001
 -1.0554810e+000
 -1.1220933e+000
 -1.1666684e+000
 -1.1828809e+000
 -1.1658743e+000
 -1.1125353e+000
 -1.0215798e+000
 -8.9346199e-001
 -7.3014146e-001
 -5.3476614e-001
 -3.1133253e-001
 -6.4384877e-002
  2.0120056e-001
  4.8032124e-001
  7.6764470e-001
  1.0575211e+000
  1.3438567e+000
  1.6200054e+000
  1.8787320e+000
  2.1122946e+000
  2.3126699e+000
  2.4719211e+000
  2.5826812e+000
  2.6386996e+000
  2.6353850e+000
  2.5702726e+000
  2.4433462e+000
  2.2571668e+000
  2.0167826e+000
  1.7294253e+000
  1.4040274e+000
  1.0506197e+000
  6.7968410e-001
  3.0154049e-001
 -7.4161267e-002
 -4.3879229e-001
 -7.8491269e-001
 -1.1062614e+000
 -1.3976008e+000
 -1.6544713e+000
 -1.8729257e+000
 -2.0493101e+000
 -2.1801528e+000
 -2.2621967e+000
 -2.2925854e+000
 -2.2691840e+000
 -2.1909859e+000
 -2.0585412e+000
 -1.8743286e+000
 -1.6429995e+000
 -1.3714361e+000
 -1.0685899e+000
 -7.4509745e-001
 -4.1270267e-001
 -8.3541269e-002
  2.3063546e-001
  5.1921254e-001
  7.7335680e-001
  9.8648881e-001
  1.1545384e+000
  1.2759706e+000
  1.3515982e+000
  1.3842260e+000
  1.3781863e+000
  1.3388385e+000
  1.2720980e+000
  1.1840491e+000
  1.0806745e+000
  9.6770840e-001
  8.5059704e-001
  7.3452816e-001
  6.2448168e-001
  5.2524955e-001
  4.4138249e-001
  3.7703758e-001
  3.3572412e-001
  3.1996925e-001
  3.3094733e-001
  3.6813244e-001
  4.2903940e-001
  5.0911399e-001
  6.0181714e-001
  6.9892439e-001
  7.9103219e-001
  8.6823296e-001
  9.2089502e-001
  9.4046518e-001
  9.2020489e-001
  8.5577591e-001
  7.4560832e-001
  5.9101009e-001
  3.9600957e-001
  1.6695544e-001
 -8.8071042e-002
 -3.5995535e-001
 -6.3927242e-001
 -9.1694640e-001
 -1.1847738e+000
 -1.4357598e+000
 -1.6642458e+000
 -1.8658406e+000
 -2.0371912e+000
 -2.1756586e+000
 -2.2789673e+000
 -2.3449067e+000
 -2.3711452e+000
 -2.3552002e+000
 -2.2945822e+000
 -2.1870976e+000
 -2.0312724e+000
 -1.8268349e+000
 -1.5751845e+000
 -1.2797708e+000
 -9.4631837e-001
 -5.8284840e-001
 -1.9947601e-001
  1.9201174e-001
  5.7876372e-001
  9.4760250e-001
  1.2858205e+000
  1.5819571e+000
  1.8264818e+000
  2.0123224e+000
  2.1351943e+000
  2.1937126e+000
  2.1892891e+000
  2.1258433e+000
  2.0093671e+000
  1.8473991e+000
  1.6484631e+000
  1.4215241e+000
  1.1755050e+000
  9.1889279e-001
  6.5944990e-001
  4.0403044e-001
  1.5849079e-001
 -7.2325344e-002
 -2.8455031e-001
 -4.7522716e-001
 -6.4223481e-001
 -7.8421707e-001
 -9.0052244e-001
 -9.9115548e-001
 -1.0567358e+000
 -1.0984588e+000
 -1.1180502e+000
 -1.1177113e+000
 -1.1000495e+000
 -1.0679958e+000
 -1.0247128e+000
 -9.7349483e-001
 -9.1766723e-001
 -8.6048709e-001
 -8.0504742e-001
 -7.5418471e-001
 -7.1038829e-001
 -6.7570931e-001
 -6.5166835e-001
 -6.3916292e-001
 -6.3837986e-001
 -6.4872120e-001
 -6.6875601e-001
 -6.9621235e-001
 -7.2802377e-001
 -7.6044141e-001
 -7.8921755e-001
 -8.0985833e-001
 -8.1793375e-001
 -8.0942381e-001
 -7.8107144e-001
 -7.3070735e-001
 -6.5751088e-001
 -5.6217402e-001
 -4.4694373e-001
 -3.1552985e-001
 -1.7288010e-001
 -2.4839570e-002
  1.2227422e-001
  2.6213833e-001
  3.8888520e-001
  4.9750907e-001
  5.8417571e-001
  6.4640514e-001
  6.8311268e-001
  6.9451171e-001
  6.8189884e-001
  6.4735701e-001
  5.9342169e-001
  5.2275886e-001
  4.3789962e-001
  3.4106671e-001
  2.3411280e-001
  1.1857246e-001
 -4.1881634e-003
 -1.3275656e-001
 -2.6543691e-001
 -4.0003893e-001
 -5.3373762e-001
 -6.6303903e-001
 -7.8387178e-001
 -8.9180487e-001
 -9.8237250e-001
 -1.0514687e+000
 -1.0957620e+000
 -1.1130740e+000
 -1.1026675e+000
 -1.0654008e+000
 -1.0037183e+000
 -9.2147226e-001
 -8.2359050e-001
 -7.1562527e-001
 -6.0323769e-001
 -4.9167903e-001
 -3.8533256e-001
 -2.8737224e-001
 -1.9957912e-001
 -1.2233615e-001
 -5.4798238e-002
  4.7884383e-003
  5.8663482e-002
  1.0908455e-001
  1.5787901e-001
  2.0607561e-001
  2.5366549e-001
  2.9952348e-001
  3.4149878e-001
  3.7666138e-001
  4.0166953e-001
  4.1320820e-001
  4.0843982e-001
  3.8540778e-001
  3.4334068e-001
  2.8281939e-001
  2.0578749e-001
  1.1540640e-001
  1.5776436e-002
 -8.8439181e-002
 -1.9243911e-001
 -2.9170565e-001
 -3.8237434e-001
 -4.6151184e-001
 -5.2727573e-001
 -5.7894682e-001
 -6.1684054e-001
 -6.4211847e-001
 -6.5653179e-001
 -6.6213360e-001
 -6.6099748e-001
 -6.5497498e-001
 -6.4551598e-001
 -6.3356523e-001
 -6.1953691e-001
 -6.0335892e-001
 -5.8457065e-001
 -5.6245332e-001
 -5.3617128e-001
 -5.0490434e-001
 -4.6795623e-001
 -4.2483010e-001
 -3.7526864e-001
 -3.1926173e-001
 -2.5702897e-001
 -1.8898665e-001
 -1.1570892e-001
 -3.7891673e-002
  4.3674833e-002
  1.2812155e-001
  2.1450422e-001
  3.0179688e-001
  3.8887876e-001
  4.7451827e-001
  5.5735799e-001
  6.3590358e-001
  7.0851931e-001
  7.7343228e-001
  8.2874758e-001
  8.7247672e-001
  9.0258218e-001
  9.1704055e-001
  9.1392655e-001
  8.9151822e-001
  8.4842106e-001
  7.8370564e-001
  6.9704909e-001
  5.8886756e-001
  4.6042405e-001
  3.1389537e-001
  1.5238329e-001
 -2.0140803e-002
 -1.9896237e-001
 -3.7881795e-001
 -5.5414522e-001
 -7.1936937e-001
 -8.6920016e-001
 -9.9891151e-001
 -1.1045764e+000
 -1.1832347e+000
 -1.2329808e+000
 -1.2529664e+000
 -1.2433290e+000
 -1.2050622e+000
 -1.1398557e+000
 -1.0499326e+000
 -9.3791303e-001
 -8.0672198e-001
 -6.5955336e-001
 -4.9988535e-001
 -3.3153092e-001
 -1.5869606e-001
  1.3988020e-002
  1.8149262e-001
  3.3850653e-001
  4.7965303e-001
  5.9980638e-001
  6.9448595e-001
  7.6028797e-001
  7.9530099e-001
  7.9944420e-001
  7.7466991e-001
  7.2498283e-001
  6.5624884e-001
  5.7579203e-001
  4.9180729e-001
  4.1264316e-001
  3.4603070e-001
  2.9834633e-001
  2.7399674e-001
  2.7500204e-001
  3.0082988e-001
  3.4850189e-001
  4.1295816e-001
  4.8763141e-001
  5.6515425e-001
  6.3810591e-001
  6.9970060e-001
  7.4433050e-001
  7.6789962e-001
  7.6791786e-001
  7.4336272e-001
  6.9435217e-001
  6.2170245e-001
  5.2646200e-001
  4.0951595e-001
  2.7134300e-001
  1.1197970e-001
 -6.8789508e-002
 -2.7103895e-001
 -4.9416676e-001
 -7.3630986e-001
 -9.9381712e-001
 -1.2608880e+000
 -1.5294661e+000
 -1.7894430e+000
 -2.0291834e+000
 -2.2363351e+000
 -2.3988390e+000
 -2.5060247e+000
 -2.5496522e+000
 -2.5247672e+000
 -2.4302529e+000
 -2.2690033e+000
 -2.0476912e+000
 -1.7761592e+000
 -1.4665127e+000
 -1.1320358e+000
 -7.8607065e-001
 -4.4100482e-001
 -1.0748940e-001
  2.0602583e-001
  4.9340592e-001
  7.5061315e-001
  9.7522986e-001
  1.1658323e+000
  1.3213465e+000
  1.4405166e+000
  1.5215916e+000
  1.5622982e+000
  1.5601127e+000
  1.5127892e+000
  1.4190552e+000
  1.2793449e+000
  1.0964320e+000
  8.7582724e-001
  6.2584021e-001
  3.5725379e-001
  8.2618513e-002
 -1.8476347e-001
 -4.3204282e-001
 -6.4805823e-001
 -8.2443253e-001
 -9.5637330e-001
 -1.0430597e+000
 -1.0875539e+000
 -1.0962447e+000
 -1.0778958e+000
 -1.0424343e+000
 -9.9964766e-001
 -9.5797629e-001
 -9.2357024e-001
 -8.9974011e-001
 -8.8687091e-001
 -8.8279663e-001
 -8.8356232e-001
 -8.8444036e-001
 -8.8102915e-001
 -8.7024954e-001
 -8.5107188e-001
 -8.2484973e-001
 -7.9519994e-001
 -7.6744234e-001
 -7.4768493e-001
 -7.4169968e-001
 -7.5377146e-001
 -7.8571137e-001
 -8.3620427e-001
 -9.0061157e-001
 -9.7128197e-001
 -1.0383445e+000
 -1.0908825e+000
 -1.1183274e+000
 -1.1118711e+000
 -1.0656924e+000
 -9.7781441e-001
 -8.5046327e-001
 -6.8987151e-001
 -5.0555047e-001
 -3.0913510e-001
 -1.1296783e-001
  7.1373779e-002
  2.3439326e-001
  3.6964788e-001
  4.7424328e-001
  5.4878894e-001
  5.9683556e-001
  6.2389412e-001
  6.3619919e-001
  6.3941678e-001
  6.3750380e-001
  6.3190063e-001
  6.2118541e-001
  6.0124597e-001
  5.6594375e-001
  5.0816796e-001
  4.2111641e-001
  2.9960474e-001
  1.4120007e-001
 -5.2998227e-002
 -2.7805483e-001
 -5.2542415e-001
 -7.8367838e-001
 -1.0396359e+000
 -1.2797300e+000
 -1.4914228e+000
 -1.6644681e+000
 -1.7918475e+000
 -1.8702623e+000
 -1.9001261e+000
 -1.8850828e+000
 -1.8311414e+000
 -1.7455753e+000
 -1.6357640e+000
 -1.5081555e+000
 -1.3675044e+000
 -1.2164903e+000
 -1.0557590e+000
 -8.8435833e-001
 -7.0047811e-001
 -5.0235963e-001
 -2.8921178e-001
 -6.1976470e-002
  1.7618852e-001
  4.1979251e-001
  6.6128452e-001
  8.9167610e-001
  1.1014204e+000
  1.2814133e+000
  1.4239671e+000
  1.5236115e+000
  1.5776091e+000
  1.5861173e+000
  1.5519861e+000
  1.4802380e+000
  1.3773218e+000
  1.2502664e+000
  1.1058679e+000
  9.5003333e-001
  7.8737183e-001
  6.2107812e-001
  4.5310222e-001
  2.8454942e-001
  1.1621680e-001
 -5.0849301e-002
 -2.1489063e-001
 -3.7316638e-001
 -5.2193494e-001
 -6.5670221e-001
 -7.7270143e-001
 -8.6552618e-001
 -9.3180818e-001
 -9.6982006e-001
 -9.7989202e-001
 -9.6455901e-001
 -9.2839806e-001
 -8.7756517e-001
 -8.1909082e-001
 -7.6003392e-001
 -7.0661895e-001
 -6.6348639e-001
 -6.3317053e-001
 -6.1588448e-001
 -6.0964454e-001
 -6.1071290e-001
 -6.1428732e-001
 -6.1532715e-001
 -6.0938320e-001
 -5.9329843e-001
 -5.6566675e-001
 -5.2697641e-001
 -4.7941534e-001
 -4.2637088e-001
 -3.7170710e-001
 -3.1894044e-001
 -2.7045324e-001
 -2.2688189e-001
 -1.8679072e-001
 -1.4670026e-001
 -1.0148300e-001
 -4.5082383e-002
  2.8541964e-002
  1.2437776e-001
  2.4538616e-001
  3.9173937e-001
  5.6039197e-001
  7.4506233e-001
  9.3664284e-001
  1.1239969e+000
  1.2950445e+000
  1.4379981e+000
  1.5425859e+000
  1.6011042e+000
  1.6091628e+000
  1.5660302e+000
  1.4745422e+000
  1.3405988e+000
  1.1723280e+000
  9.7904126e-001
  7.7013066e-001
  5.5405935e-001
  3.3758135e-001
  1.2528739e-001
 -8.0475625e-002
 -2.7932057e-001
 -4.7223326e-001
 -6.6078785e-001
 -8.4629607e-001
 -1.0290287e+000
 -1.2076343e+000
 -1.3788480e+000
 -1.5375405e+000
 -1.6771031e+000
 -1.7901186e+000
 -1.8692235e+000
 -1.9080406e+000
 -1.9020498e+000
 -1.8492759e+000
 -1.7506960e+000
 -1.6103071e+000
 -1.4348455e+000
 -1.2331899e+000
 -1.0155279e+000
 -7.9239224e-001
 -5.7368836e-001
 -3.6783587e-001
 -1.8112527e-001
 -1.7363131e-002
  1.2216243e-001
  2.3840633e-001
  3.3403214e-001
  4.1270195e-001
  4.7829437e-001
  5.3416056e-001
  5.8251963e-001
  6.2407330e-001
  6.5788765e-001
  6.8155291e-001
  6.9159399e-001
  6.8407114e-001
  6.5528480e-001
  6.0248546e-001
  5.2448848e-001
  4.2210692e-001
  2.9833831e-001
  1.5827376e-001
  8.7328684e-003
 -1.4233640e-001
 -2.8662357e-001
 -4.1629613e-001
 -5.2481269e-001
 -6.0760930e-001
 -6.6257348e-001
 -6.9024548e-001
 -6.9371936e-001
 -6.7825228e-001
 -6.5062658e-001
 -6.1833975e-001
 -5.8871895e-001
 -5.6806708e-001
 -5.6094438e-001
 -5.6967341e-001
 -5.9412834e-001
 -6.3183444e-001
 -6.7836459e-001
 -7.2798223e-001
 -7.7444807e-001
 -8.1188614e-001
 -8.3559606e-001
 -8.4270422e-001
 -8.3256601e-001
 -8.0686325e-001
 -7.6938001e-001
 -7.2548295e-001
 -6.8137164e-001
 -6.4319675e-001
 -6.1616351e-001
 -6.0374206e-001
 -6.0709495e-001
 -6.2480509e-001
 -6.5294914e-001
 -6.8551607e-001
 -7.1512448e-001
 -7.3395149e-001
 -7.3475584e-001
 -7.1186334e-001
 -6.6198478e-001
 -5.8475689e-001
 -4.8293109e-001
 -3.6218017e-001
 -2.3054266e-001
 -9.7571948e-002
  2.6704073e-002
  1.3288193e-001
  2.1320170e-001
  2.6235880e-001
  2.7800845e-001
  2.6090402e-001
  2.1465875e-001
  1.4517003e-001
  5.9789262e-002
 -3.3647706e-002
 -1.2779812e-001
 -2.1666820e-001
 -2.9623704e-001
 -3.6477200e-001
 -4.2280270e-001
 -4.7276832e-001
 -5.1839693e-001
 -5.6391153e-001
 -6.1317864e-001
 -6.6892146e-001
 -7.3210766e-001
 -8.0159611e-001
 -8.7408961e-001
 -9.4439848e-001
 -1.0059774e+000
 -1.0516625e+000
 -1.0745099e+000
 -1.0686275e+000
 -1.0298933e+000
 -9.5647358e-001
 -8.4908177e-001
 -7.1095348e-001
 -5.4755186e-001
 -3.6604855e-001
 -1.7465241e-001
  1.8127591e-002
  2.0419634e-001
  3.7648321e-001
  5.2938851e-001
  6.5902969e-001
  7.6327997e-001
  8.4161829e-001
  8.9483163e-001
  9.2462550e-001
  9.3320390e-001
  9.2287744e-001
  8.9574785e-001
  8.5350105e-001
  7.9732278e-001
  7.2793201e-001
  6.4571181e-001
  5.5090580e-001
  4.4384292e-001
  3.2515289e-001
  1.9594018e-001
  5.7892880e-002
 -8.6686015e-002
 -2.3492598e-001
 -3.8350605e-001
 -5.2882467e-001
 -6.6720070e-001
 -7.9508233e-001
 -9.0924203e-001
 -1.0069394e+000
 -1.0860389e+000
 -1.1450758e+000
 -1.1832690e+000
 -1.2004844e+000
 -1.1971593e+000
 -1.1741968e+000
 -1.1328460e+000
 -1.0745810e+000
 -1.0009914e+000
 -9.1369709e-001
 -8.1429437e-001
 -7.0433870e-001
 -5.8536293e-001
 -4.5892619e-001
 -3.2668291e-001
 -1.9045774e-001
 -5.2309442e-002
  8.5433646e-002
  2.2018190e-001
  3.4914705e-001
  4.6946274e-001
  5.7835790e-001
  6.7336833e-001
  7.5256382e-001
  8.1476150e-001
  8.5969395e-001
  8.8810212e-001
  9.0173001e-001
  9.0320877e-001
  8.9583225e-001
  8.8324113e-001
  8.6904754e-001
  8.5644298e-001
  8.4783864e-001
  8.4458627e-001
  8.4681986e-001
  8.5344433e-001
  8.6227775e-001
  8.7033258e-001
  8.7420074e-001
  8.7049077e-001
  8.5625600e-001
  8.2935169e-001
  7.8866782e-001
  7.3420155e-001
  6.6695675e-001
  5.8868506e-001
  5.0150833e-001
  4.0748326e-001
  3.0818124e-001
  2.0435738e-001
  9.5772701e-002
 -1.8787882e-002
 -1.4128820e-001
 -2.7402317e-001
 -4.1906194e-001
 -5.7762864e-001
 -7.4951317e-001
 -9.3260660e-001
 -1.1226443e+000
 -1.3132147e+000
 -1.4960577e+000
 -1.6616353e+000
 -1.7999206e+000
 -1.9013160e+000
 -1.9575904e+000
 -1.9627209e+000
 -1.9135313e+000
 -1.8100458e+000
 -1.6555139e+000
 -1.4561025e+000
 -1.2202991e+000
 -9.5810503e-001
 -6.8012352e-001
 -3.9666261e-001
 -1.1696236e-001
  1.5136236e-001
  4.0260756e-001
  6.3297996e-001
  8.4033919e-001
  1.0237478e+000
  1.1829212e+000
  1.3176806e+000
  1.4275079e+000
  1.5112793e+000
  1.5672249e+000
  1.5931172e+000
  1.5866571e+000
  1.5459870e+000
  1.4702400e+000
  1.3600264e+000
  1.2177644e+000
  1.0477890e+000
  8.5620251e-001
  6.5047528e-001
  4.3884037e-001
  2.2956252e-001
  3.0180306e-002
 -1.5317285e-001
 -3.1627418e-001
 -4.5707405e-001
 -5.7568166e-001
 -6.7408147e-001
 -7.5562702e-001
 -8.2439164e-001
 -8.8447465e-001
 -9.3936676e-001
 -9.9146611e-001
 -1.0418114e+000
 -1.0900628e+000
 -1.1347218e+000
 -1.1735429e+000
 -1.2040630e+000
 -1.2241522e+000
 -1.2324938e+000
 -1.2289106e+000
 -1.2144816e+000
 -1.1914290e+000
 -1.1627941e+000
 -1.1319525e+000
 -1.1020488e+000
 -1.0754434e+000
 -1.0532607e+000
 -1.0351155e+000
 -1.0190645e+000
 -1.0017948e+000
 -9.7902507e-001
 -9.4606238e-001
 -8.9843218e-001
 -8.3249072e-001
 -7.4593072e-001
 -6.3810940e-001
 -5.1015578e-001
 -3.6484854e-001
 -2.0629056e-001
 -3.9436568e-002
  1.3044929e-001
  2.9832102e-001
  4.5978441e-001
  6.1137610e-001
  7.5065482e-001
  8.7610428e-001
  9.8687895e-001
  1.0824500e+000
  1.1622251e+000
  1.2252192e+000
  1.2698445e+000
  1.2938665e+000
  1.2945451e+000
  1.2689483e+000
  1.2143930e+000
  1.1289488e+000
  1.0119232e+000
  8.6424953e-001
  6.8870937e-001
  4.8994499e-001
  2.7424748e-001
  4.9138422e-002
 -1.7720634e-001
 -3.9661983e-001
 -6.0161006e-001
 -7.8594535e-001
 -9.4508680e-001
 -1.0764183e+000
 -1.1792529e+000
 -1.2546266e+000
 -1.3049172e+000
 -1.3333518e+000
 -1.3434740e+000
 -1.3386495e+000
 -1.3216722e+000
 -1.2945209e+000
 -1.2582866e+000
 -1.2132662e+000
 -1.1591936e+000
 -1.0955587e+000
 -1.0219546e+000
 -9.3839254e-001
 -8.4553197e-001
 -7.4478715e-001
 -6.3829567e-001
 -5.2875389e-001
 -4.1914630e-001
 -3.1241146e-001
 -2.1109573e-001
 -1.1704760e-001
 -3.1198201e-002
  4.6539219e-002
  1.1723538e-001
  1.8278003e-001
  2.4560699e-001
  3.0834421e-001
  3.7343276e-001
  4.4276163e-001
  5.1736159e-001
  5.9719350e-001
  6.8105388e-001
  7.6660692e-001
  8.5053795e-001
  9.2881101e-001
  9.9700327e-001
  1.0506832e+000
  1.0857966e+000
  1.0990255e+000
  1.0880899e+000
  1.0519662e+000
  9.9100620e-001
  9.0694842e-001
  8.0281978e-001
  6.8273777e-001
  5.5162801e-001
  4.1488027e-001
  2.7797055e-001
  1.4608078e-001
  2.3748160e-002
 -8.5425145e-002
 -1.7897597e-001
 -2.5567934e-001
 -3.1553435e-001
 -3.5963965e-001
 -3.8997358e-001
 -4.0910493e-001
 -4.1986843e-001
 -4.2504403e-001
 -4.2707815e-001
 -4.2788004e-001
 -4.2871560e-001
 -4.3020754e-001
 -4.3243488e-001
 -4.3510968e-001
 -4.3779688e-001
 -4.4013552e-001
 -4.4201920e-001
 -4.4369938e-001
 -4.4578772e-001
 -4.4915081e-001
 -4.5470992e-001
 -4.6317676e-001
 -4.7477096e-001
 -4.8897219e-001
 -5.0435973e-001
 -5.1858214e-001
 -5.2848243e-001
 -5.3038058e-001
 -5.2048970e-001
 -4.9541822e-001
 -4.5269206e-001
 -3.9122150e-001
 -3.1163916e-001
 -2.1644856e-001
 -1.0994609e-001
  2.0901047e-003
  1.1291771e-001
  2.1549637e-001
  3.0322021e-001
  3.7062126e-001
  4.1394894e-001
  4.3154477e-001
  4.2395851e-001
  3.9378753e-001
  3.4526065e-001
  2.8362483e-001
  2.1442278e-001
  1.4276653e-001
  7.2713250e-002
  6.8354577e-003
 -5.3951208e-002
 -1.1027852e-001
 -1.6395364e-001
 -2.1738502e-001
 -2.7289966e-001
 -3.3206387e-001
 -3.9512188e-001
 -4.6065085e-001
 -5.2549924e-001
 -5.8503274e-001
 -6.3366439e-001
 -6.6559972e-001
 -6.7569198e-001
 -6.6028080e-001
 -6.1788566e-001
 -5.4964185e-001
 -4.5940123e-001
 -3.5346676e-001
 -2.3998219e-001
 -1.2804920e-001
 -2.6685290e-002
  5.6238781e-002
  1.1493760e-001
  1.4639639e-001
  1.5070749e-001
  1.3101068e-001
  9.3044563e-002
  4.4370813e-002
 -6.6219573e-003
 -5.1797913e-002
 -8.4290186e-002
 -9.9317342e-002
 -9.4694080e-002
 -7.0975115e-002
 -3.1224277e-002
  1.9545876e-002
  7.5172923e-002
  1.2925939e-001
  1.7606801e-001
  2.1126928e-001
  2.3243874e-001
  2.3924233e-001
  2.3329612e-001
  2.1773641e-001
  1.9657861e-001
  1.7397289e-001
  1.5347706e-001
  1.3746114e-001
  1.2673436e-001
  1.2044860e-001
  1.1628805e-001
  1.1090996e-001
  1.0056278e-001
  8.1781805e-002
  5.2051587e-002
  1.0331220e-002
 -4.2639180e-002
 -1.0429791e-001
 -1.7049328e-001
 -2.3595238e-001
 -2.9491724e-001
 -3.4185463e-001
 -3.7213692e-001
 -3.8259790e-001
 -3.7188834e-001
 -3.4058736e-001
 -2.9106316e-001
 -2.2711307e-001
 -1.5344421e-001
 -7.5076552e-002
  3.2422942e-003
  7.7527847e-002
  1.4489100e-001
  2.0367565e-001
  2.5339789e-001
  2.9451420e-001
  3.2807192e-001
  3.5531121e-001
  3.7729197e-001
  3.9461145e-001
  4.0725963e-001
  4.1463419e-001
  4.1570818e-001
  4.0931676e-001
  3.9450891e-001
  3.7089816e-001
  3.3894635e-001
  3.0012454e-001
  2.5691456e-001
  2.1264053e-001
  1.7114613e-001
  1.3635881e-001
  1.1180017e-001
  1.0011159e-001
  1.0266287e-001
  1.1930111e-001
  1.4827735e-001
  1.8636423e-001
  2.2915137e-001
  2.7148169e-001
  3.0797306e-001
  3.3356028e-001
  3.4399096e-001
  3.3621762e-001
  3.0864418e-001
  2.6120542e-001
  1.9528126e-001
  1.1346815e-001
  1.9246830e-002
 -8.3404074e-002
 -1.9039678e-001
 -2.9787802e-001
 -4.0249139e-001
 -5.0153690e-001
 -5.9302307e-001
 -6.7562242e-001
 -7.4855360e-001
 -8.1142143e-001
 -8.6404789e-001
 -9.0632449e-001
 -9.3810868e-001
 -9.5917696e-001
 -9.6923615e-001
 -9.6798419e-001
 -9.5520398e-001
 -9.3086960e-001
 -8.9524396e-001
 -8.4894973e-001
 -7.9300162e-001
 -7.2879504e-001
 -6.5805380e-001
 -5.8274576e-001
 -5.0497942e-001
 -4.2689621e-001
 -3.5057192e-001
 -2.7793773e-001
 -2.1072626e-001
 -1.5044311e-001
 -9.8359818e-002
 -5.5520452e-002
 -2.2753286e-002
 -6.7904738e-004
  1.0290025e-002
  9.9625944e-003
 -1.6097155e-003
 -2.4106131e-002
 -5.6914524e-002
 -9.9122234e-002
 -1.4952800e-001
 -2.0668037e-001
 -2.6894402e-001
 -3.3459034e-001
 -4.0190448e-001
 -4.6929702e-001
 -5.3540635e-001
 -5.9917774e-001
 -6.5990723e-001
 -7.1724225e-001
 -7.7113640e-001
 -8.2176214e-001
 -8.6939103e-001
 -9.1425656e-001
 -9.5641780e-001
 -9.9564362e-001
 -1.0313356e+000
 -1.0625039e+000
 -1.0878056e+000
 -1.1056445e+000
 -1.1143287e+000
 -1.1122678e+000
 -1.0981916e+000
 -1.0713643e+000
 -1.0317656e+000
 -9.8021697e-001
 -9.1842986e-001
 -8.4896392e-001
 -7.7509201e-001
 -7.0057857e-001
 -6.2938862e-001
 -5.6535393e-001
 -5.1182881e-001
 -4.7137123e-001
 -4.4548414e-001
 -4.3444653e-001
 -4.3725527e-001
 -4.5168727e-001
 -4.7447822e-001
 -5.0160138e-001
 -5.2861833e-001
 -5.5106510e-001
 -5.6483318e-001
 -5.6650549e-001
 -5.5361314e-001
 -5.2478865e-001
 -4.7980445e-001
 -4.1949948e-001
 -3.4561093e-001
 -2.6053901e-001
 -1.6708025e-001
 -6.8166675e-002
  3.3354859e-002
  1.3487733e-001
  2.3410824e-001
  3.2906441e-001
  4.1800048e-001
  4.9929635e-001
  5.7133534e-001
  6.3240721e-001
  6.8066509e-001
  7.1415672e-001
  7.3093644e-001
  7.2924948e-001
  7.0776574e-001
  6.6582885e-001
  6.0368030e-001
  5.2261864e-001
  4.2506105e-001
  3.1448698e-001
  1.9526080e-001
  7.2348536e-002
 -4.9039538e-002
 -1.6383614e-001
 -2.6748374e-001
 -3.5623245e-001
 -4.2733016e-001
 -4.7908234e-001
 -5.1077889e-001
 -5.2250692e-001
 -5.1488698e-001
 -4.8878319e-001
 -4.4504254e-001
 -3.8431459e-001
 -3.0698896e-001
 -2.1326796e-001
 -1.0336714e-001
  2.2187977e-002
  1.6222120e-001
  3.1458583e-001
  4.7593309e-001
  6.4162717e-001
  8.0584607e-001
  9.6187977e-001
  1.1026063e+000
  1.2210957e+000
  1.3112678e+000
  1.3685146e+000
  1.3901987e+000
  1.3759496e+000
  1.3277072e+000
  1.2494954e+000
  1.1469493e+000
  1.0266539e+000
  8.9538664e-001
  7.5936958e-001
  6.2364024e-001
  4.9163482e-001
  3.6504674e-001
  2.4398241e-001
  1.2738975e-001
  1.3690823e-002
 -9.8484916e-002
 -2.0959057e-001
 -3.1860017e-001
 -4.2270235e-001
 -5.1732045e-001
 -5.9648146e-001
 -6.5350190e-001
 -6.8190648e-001
 -6.7645414e-001
 -6.3412153e-001
 -5.5489140e-001
 -4.4221346e-001
 -3.0304627e-001
 -1.4744449e-001
  1.2280627e-002
  1.6273791e-001
  2.9083012e-001
  3.8515272e-001
  4.3723736e-001
  4.4247715e-001
  4.0061134e-001
  3.1570597e-001
  1.9563455e-001
  5.1130987e-002
 -1.0545583e-001
 -2.6153731e-001
 -4.0560750e-001
 -5.2834123e-001
 -6.2333374e-001
 -6.8740233e-001
 -7.2043722e-001
 -7.2485488e-001
 -7.0476492e-001
 -6.6499998e-001
 -6.1017397e-001
 -5.4392261e-001
 -4.6844581e-001
 -3.8441770e-001
