 -5.3677644e-001
 -1.2618970e+000
 -1.5579408e+000
 -1.5658851e+000
 -1.4146303e+000
 -1.2070652e+000
 -1.0123599e+000
 -8.6873998e-001
 -7.8803374e-001
 -7.6478686e-001
 -7.8330111e-001
 -8.2552738e-001
 -8.7524723e-001
 -9.2187876e-001
 -9.6080398e-001
 -9.9364055e-001
 -1.0261193e+000
 -1.0667152e+000
 -1.1239703e+000
 -1.2051978e+000
 -1.3145592e+000
 -1.4527456e+000
 -1.6162646e+000
 -1.7982057e+000
 -1.9885407e+000
 -2.1755884e+000
 -2.3468094e+000
 -2.4904167e+000
 -2.5961132e+000
 -2.6563670e+000
 -2.6666927e+000
 -2.6263090e+000
 -2.5377995e+000
 -2.4071151e+000
 -2.2426849e+000
 -2.0549407e+000
 -1.8551286e+000
 -1.6546642e+000
 -1.4639750e+000
 -1.2920151e+000
 -1.1454329e+000
 -1.0284863e+000
 -9.4269739e-001
 -8.8724601e-001
 -8.5909480e-001
 -8.5375763e-001
 -8.6571568e-001
 -8.8932840e-001
 -9.1927173e-001
 -9.5131731e-001
 -9.8253702e-001
 -1.0117383e+000
 -1.0392865e+000
 -1.0671269e+000
 -1.0982347e+000
 -1.1363133e+000
 -1.1850302e+000
 -1.2476071e+000
 -1.3260856e+000
 -1.4210577e+000
 -1.5311970e+000
 -1.6533245e+000
 -1.7823373e+000
 -1.9116755e+000
 -2.0336323e+000
 -2.1401255e+000
 -2.2232282e+000
 -2.2760331e+000
 -2.2931562e+000
 -2.2714358e+000
 -2.2101659e+000
 -2.1114262e+000
 -1.9798951e+000
 -1.8227311e+000
 -1.6489640e+000
 -1.4690014e+000
 -1.2937425e+000
 -1.1339161e+000
 -9.9915992e-001
 -8.9744630e-001
 -8.3438127e-001
 -8.1294687e-001
 -8.3319748e-001
 -8.9243413e-001
 -9.8534217e-001
 -1.1045675e+000
 -1.2411947e+000
 -1.3855618e+000
 -1.5278722e+000
 -1.6590195e+000
 -1.7710948e+000
 -1.8579977e+000
 -1.9156521e+000
 -1.9422670e+000
 -1.9381852e+000
 -1.9057842e+000
 -1.8490117e+000
 -1.7730352e+000
 -1.6836192e+000
 -1.5867092e+000
 -1.4878448e+000
 -1.3918659e+000
 -1.3025258e+000
 -1.2224426e+000
 -1.1529859e+000
 -1.0944947e+000
 -1.0464029e+000
 -1.0076390e+000
 -9.7686797e-001
 -9.5292245e-001
 -9.3500064e-001
 -9.2297766e-001
 -9.1742707e-001
 -9.1971348e-001
 -9.3178335e-001
 -9.5603343e-001
 -9.9491435e-001
 -1.0506630e+000
 -1.1248425e+000
 -1.2180856e+000
 -1.3297270e+000
 -1.4577074e+000
 -1.5984258e+000
 -1.7468995e+000
 -1.8968887e+000
 -2.0413139e+000
 -2.1726073e+000
 -2.2832960e+000
 -2.3664486e+000
 -2.4162702e+000
 -2.4284754e+000
 -2.4007259e+000
 -2.3327805e+000
 -2.2266556e+000
 -2.0864728e+000
 -1.9183100e+000
 -1.7297636e+000
 -1.5295563e+000
 -1.3269200e+000
 -1.1311004e+000
 -9.5072249e-001
 -7.9335821e-001
 -6.6503484e-001
 -5.7000723e-001
 -5.1051768e-001
 -4.8684104e-001
 -4.9732219e-001
 -5.3867715e-001
 -6.0624817e-001
 -6.9446550e-001
 -7.9720004e-001
 -9.0825177e-001
 -1.0216640e+000
 -1.1321125e+000
 -1.2350748e+000
 -1.3270427e+000
 -1.4055027e+000
 -1.4689627e+000
 -1.5167703e+000
 -1.5490087e+000
 -1.5662312e+000
 -1.5693210e+000
 -1.5592391e+000
 -1.5369388e+000
 -1.5032038e+000
 -1.4586748e+000
 -1.4038088e+000
 -1.3390191e+000
 -1.2647307e+000
 -1.1815835e+000
 -1.0905154e+000
 -9.9295017e-001
 -8.9082617e-001
 -7.8669373e-001
 -6.8362807e-001
 -5.8519536e-001
 -4.9523419e-001
 -4.1770009e-001
 -3.5635318e-001
 -3.1454387e-001
 -2.9488576e-001
 -2.9907199e-001
 -3.2762622e-001
 -3.7983726e-001
 -4.5366239e-001
 -5.4583428e-001
 -6.5194556e-001
 -7.6672816e-001
 -8.8429087e-001
 -9.9851851e-001
 -1.1033854e+000
 -1.1933780e+000
 -1.2637822e+000
 -1.3110289e+000
 -1.3328607e+000
 -1.3285201e+000
 -1.2987362e+000
 -1.2457199e+000
 -1.1729637e+000
 -1.0850671e+000
 -9.8739462e-001
 -8.8579880e-001
 -7.8622104e-001
 -6.9440261e-001
 -6.1552123e-001
 -5.5397823e-001
 -5.1314580e-001
 -4.9528696e-001
 -5.0145086e-001
 -5.3154208e-001
 -5.8435646e-001
 -6.5777105e-001
 -7.4887548e-001
 -8.5422554e-001
 -9.7000618e-001
 -1.0922838e+000
 -1.2171401e+000
 -1.3408714e+000
 -1.4600548e+000
 -1.5716693e+000
 -1.6730856e+000
 -1.7621189e+000
 -1.8369606e+000
 -1.8961908e+000
 -1.9386901e+000
 -1.9636490e+000
 -1.9704966e+000
 -1.9589380e+000
 -1.9289196e+000
 -1.8807049e+000
 -1.8148741e+000
 -1.7324246e+000
 -1.6347807e+000
 -1.5238846e+000
 -1.4021803e+000
 -1.2726609e+000
 -1.1387933e+000
 -1.0044921e+000
 -8.7396815e-001
 -7.5162596e-001
 -6.4184443e-001
 -5.4882131e-001
 -4.7632107e-001
 -4.2751131e-001
 -4.0473047e-001
 -4.0937133e-001
 -4.4172267e-001
 -5.0094921e-001
 -5.8504685e-001
 -6.9094430e-001
 -8.1458382e-001
 -9.5114176e-001
 -1.0952135e+000
 -1.2411157e+000
 -1.3831254e+000
 -1.5158037e+000
 -1.6342242e+000
 -1.7342511e+000
 -1.8126926e+000
 -1.8674774e+000
 -1.8976884e+000
 -1.9036080e+000
 -1.8866175e+000
 -1.8491157e+000
 -1.7943059e+000
 -1.7260210e+000
 -1.6484460e+000
 -1.5659082e+000
 -1.4825969e+000
 -1.4023814e+000
 -1.3285858e+000
 -1.2638849e+000
 -1.2101732e+000
 -1.1685637e+000
 -1.1393608e+000
 -1.1221574e+000
 -1.1158927e+000
 -1.1190149e+000
 -1.1295845e+000
 -1.1454589e+000
 -1.1643950e+000
 -1.1842103e+000
 -1.2028470e+000
 -1.2184814e+000
 -1.2295306e+000
 -1.2347043e+000
 -1.2329610e+000
 -1.2235185e+000
 -1.2057840e+000
 -1.1793546e+000
 -1.1439541e+000
 -1.0994536e+000
 -1.0458405e+000
 -9.8327856e-001
 -9.1211629e-001
 -8.3298036e-001
 -7.4680770e-001
 -6.5494672e-001
 -5.5917908e-001
 -4.6179098e-001
 -3.6554445e-001
 -2.7367997e-001
 -1.8980741e-001
 -1.1782152e-001
 -6.1707244e-002
 -2.5378616e-002
 -1.2424238e-002
 -2.5909191e-002
 -6.8114109e-002
 -1.4036241e-001
 -2.4281922e-001
 -3.7441023e-001
 -5.3273912e-001
 -7.1414447e-001
 -9.1376680e-001
 -1.1257555e+000
 -1.3434764e+000
 -1.5598380e+000
 -1.7675895e+000
 -1.9596999e+000
 -2.1296667e+000
 -2.2718630e+000
 -2.3817719e+000
 -2.4562219e+000
 -2.4934808e+000
 -2.4933298e+000
 -2.4569899e+000
 -2.3870300e+000
 -2.2871444e+000
 -2.1619376e+000
 -2.0166117e+000
 -1.8567010e+000
 -1.6877507e+000
 -1.5150841e+000
 -1.3435492e+000
 -1.1773814e+000
 -1.0200658e+000
 -8.7432343e-001
 -7.4209634e-001
 -6.2464377e-001
 -5.2261496e-001
 -4.3620469e-001
 -3.6525429e-001
 -3.0940403e-001
 -2.6816174e-001
 -2.4099856e-001
 -2.2734650e-001
 -2.2661633e-001
 -2.3812207e-001
 -2.6103922e-001
 -2.9429066e-001
 -3.3649289e-001
 -3.8586018e-001
 -4.4019821e-001
 -4.9688178e-001
 -5.5294087e-001
 -6.0514110e-001
 -6.5017143e-001
 -6.8481462e-001
 -7.0620182e-001
 -7.1201819e-001
 -7.0075320e-001
 -6.7186078e-001
 -6.2592343e-001
 -5.6468831e-001
 -4.9107701e-001
 -4.0905117e-001
 -3.2344779e-001
 -2.3968097e-001
 -1.6343547e-001
 -1.0026678e-001
 -5.5243414e-002
 -3.2547029e-002
 -3.5172280e-002
 -6.4638636e-002
 -1.2084732e-001
 -2.0198956e-001
 -3.0462514e-001
 -4.2381557e-001
 -5.5341607e-001
 -6.8639597e-001
 -8.1527029e-001
 -9.3251243e-001
 -1.0310215e+000
 -1.1045039e+000
 -1.1478488e+000
 -1.1573675e+000
 -1.1309825e+000
 -1.0682618e+000
 -9.7039275e-001
 -8.4001121e-001
 -6.8100557e-001
 -4.9820026e-001
 -2.9707325e-001
 -8.3396874e-002
  1.3705310e-001
  3.5878831e-001
  5.7679037e-001
  7.8666526e-001
  9.8465076e-001
  1.1676273e+000
  1.3330116e+000
  1.4786661e+000
  1.6027599e+000
  1.7036538e+000
  1.7797772e+000
  1.8295771e+000
  1.8514867e+000
  1.8440034e+000
  1.8057696e+000
  1.7357843e+000
  1.6335698e+000
  1.4994474e+000
  1.3347455e+000
  1.1420107e+000
  9.2513016e-001
  6.8936891e-001
  4.4122811e-001
  1.8827428e-001
 -6.1240819e-002
 -2.9874462e-001
 -5.1575916e-001
 -7.0439733e-001
 -8.5780737e-001
 -9.7064482e-001
 -1.0395333e+000
 -1.0633086e+000
 -1.0432435e+000
 -9.8294711e-001
 -8.8816648e-001
 -7.6637772e-001
 -6.2626459e-001
 -4.7712206e-001
 -3.2831342e-001
 -1.8864325e-001
 -6.5848316e-002
  3.3878822e-002
  1.0625620e-001
  1.4909504e-001
  1.6233602e-001
  1.4791179e-001
  1.0944300e-001
  5.1897322e-002
 -1.9009253e-002
 -9.7196244e-002
 -1.7671153e-001
 -2.5206824e-001
 -3.1846005e-001
 -3.7199583e-001
 -4.0985720e-001
 -4.3034739e-001
 -4.3297494e-001
 -4.1829490e-001
 -3.8770660e-001
 -3.4320452e-001
 -2.8698559e-001
 -2.2122128e-001
 -1.4798822e-001
 -6.9126027e-002
  1.3824744e-002
  9.9615765e-002
  1.8731572e-001
  2.7618157e-001
  3.6534245e-001
  4.5370615e-001
  5.3956979e-001
  6.2066147e-001
  6.9414946e-001
  7.5670406e-001
  8.0503886e-001
  8.3596277e-001
  8.4636423e-001
  8.3343374e-001
  7.9451497e-001
  7.2752585e-001
  6.3139321e-001
  5.0644550e-001
  3.5472749e-001
  1.8016308e-001
 -1.1544700e-002
 -2.1309488e-001
 -4.1577552e-001
 -6.1003427e-001
 -7.8584982e-001
 -9.3350429e-001
 -1.0444197e+000
 -1.1117810e+000
 -1.1312319e+000
 -1.1010755e+000
 -1.0224292e+000
 -8.9895115e-001
 -7.3666869e-001
 -5.4346979e-001
 -3.2809042e-001
 -9.9717858e-002
  1.3288460e-001
  3.6170190e-001
  5.7909476e-001
  7.7824743e-001
  9.5318372e-001
  1.0992326e+000
  1.2133474e+000
  1.2943084e+000
  1.3427252e+000
  1.3608434e+000
  1.3522280e+000
  1.3212803e+000
  1.2727997e+000
  1.2113718e+000
  1.1411845e+000
  1.0655881e+000
  9.8659246e-001
  9.0490080e-001
  8.1982783e-001
  7.2980832e-001
  6.3291478e-001
  5.2755437e-001
  4.1294773e-001
  2.8962085e-001
  1.5985359e-001
  2.7643270e-002
 -1.0125271e-001
 -2.1988070e-001
 -3.2083271e-001
 -3.9699387e-001
 -4.4257769e-001
 -4.5370055e-001
 -4.2888679e-001
 -3.6928862e-001
 -2.7872572e-001
 -1.6348928e-001
 -3.2031868e-002
  1.0559395e-001
  2.3848748e-001
  3.5566819e-001
  4.4687324e-001
  5.0330241e-001
  5.1834739e-001
  4.8808098e-001
  4.1162698e-001
  2.9131431e-001
  1.3224529e-001
 -5.7769184e-002
 -2.6917539e-001
 -4.9099072e-001
 -7.1122770e-001
 -9.1774436e-001
 -1.0981570e+000
 -1.2411483e+000
 -1.3373779e+000
 -1.3805179e+000
 -1.3684935e+000
 -1.3035176e+000
 -1.1923513e+000
 -1.0453397e+000
 -8.7519399e-001
 -6.9573579e-001
 -5.2000266e-001
 -3.5934302e-001
 -2.2266299e-001
 -1.1601585e-001
 -4.2709531e-002
 -3.3098082e-003
  3.9925512e-003
 -1.6910994e-002
 -6.0853186e-002
 -1.2191209e-001
 -1.9381577e-001
 -2.7055114e-001
 -3.4700472e-001
 -4.1936679e-001
 -4.8563825e-001
 -5.4565909e-001
 -6.0071002e-001
 -6.5316489e-001
 -7.0613231e-001
 -7.6287016e-001
 -8.2610507e-001
 -8.9745139e-001
 -9.7684656e-001
 -1.0622037e+000
 -1.1494757e+000
 -1.2328139e+000
 -1.3042744e+000
 -1.3545308e+000
 -1.3738111e+000
 -1.3528112e+000
 -1.2839034e+000
 -1.1617463e+000
 -9.8423773e-001
 -7.5249212e-001
 -4.7133682e-001
 -1.4895054e-001
  2.0467975e-001
  5.7813098e-001
  9.5898199e-001
  1.3342878e+000
  1.6907896e+000
  2.0155745e+000
  2.2969033e+000
  2.5249197e+000
  2.6920061e+000
  2.7932167e+000
  2.8270374e+000
  2.7953195e+000
  2.7030598e+000
  2.5579657e+000
  2.3695402e+000
  2.1485471e+000
  1.9062825e+000
  1.6540930e+000
  1.4028018e+000
  1.1622447e+000
  9.4126658e-001
  7.4737857e-001
  5.8618321e-001
  4.6134453e-001
  3.7445411e-001
  3.2527380e-001
  3.1225262e-001
  3.3291959e-001
  3.8385400e-001
  4.6107251e-001
  5.6044366e-001
  6.7785756e-001
  8.0953785e-001
  9.5192578e-001
  1.1015278e+000
  1.2546419e+000
  1.4072663e+000
  1.5549390e+000
  1.6924220e+000
  1.8139241e+000
  1.9130286e+000
  1.9832437e+000
  2.0188084e+000
  2.0152439e+000
  1.9700765e+000
  1.8831755e+000
  1.7568262e+000
  1.5958066e+000
  1.4072755e+000
  1.2004668e+000
  9.8666431e-001
  7.7855129e-001
  5.8920618e-001
  4.3144638e-001
  3.1649173e-001
  2.5355798e-001
  2.4920778e-001
  3.0699756e-001
  4.2800029e-001
  6.1028896e-001
  8.4922146e-001
  1.1371455e+000
  1.4627298e+000
  1.8114905e+000
  2.1658530e+000
  2.5064214e+000
  2.8135690e+000
  3.0687281e+000
  3.2561313e+000
  3.3636234e+000
  3.3830405e+000
  3.3106398e+000
  3.1463513e+000
  2.8938497e+000
  2.5605464e+000
  2.1569345e+000
  1.6969521e+000
  1.1966292e+000
  6.7292261e-001
  1.4249823e-001
 -3.8015015e-001
 -8.8291338e-001
 -1.3570575e+000
 -1.7965581e+000
 -2.1969179e+000
 -2.5545593e+000
 -2.8652455e+000
 -3.1239548e+000
 -3.3253952e+000
 -3.4640813e+000
 -3.5351879e+000
 -3.5346922e+000
 -3.4594421e+000
 -3.3075889e+000
 -3.0784681e+000
 -2.7733720e+000
 -2.3957738e+000
 -1.9518733e+000
 -1.4516573e+000
 -9.0848027e-001
 -3.3953132e-001
  2.3544138e-001
  7.9604679e-001
  1.3224225e+000
  1.7976177e+000
  2.2081619e+000
  2.5442988e+000
  2.8003336e+000
  2.9737251e+000
  3.0654727e+000
  3.0799855e+000
  3.0249979e+000
  2.9122144e+000
  2.7562420e+000
  2.5742192e+000
  2.3842117e+000
  2.2030472e+000
  2.0452143e+000
  1.9210254e+000
  1.8364659e+000
  1.7933476e+000
  1.7896970e+000
  1.8209695e+000
  1.8805655e+000
  1.9604035e+000
  2.0515851e+000
  2.1444782e+000
  2.2295912e+000
  2.2979310e+000
  2.3418709e+000
  2.3555457e+000
  2.3353811e+000
  2.2802539e+000
  2.1913741e+000
  2.0722752e+000
  1.9281205e+000
  1.7650975e+000
  1.5896186e+000
  1.4073769e+000
  1.2228347e+000
  1.0389973e+000
  8.5737574e-001
  6.7834933e-001
  5.0164488e-001
  3.2677403e-001
  1.5354073e-001
 -1.6741791e-002
 -1.8131599e-001
 -3.3459609e-001
 -4.6895053e-001
 -5.7519804e-001
 -6.4362832e-001
 -6.6535804e-001
 -6.3302112e-001
 -5.4111328e-001
 -3.8646923e-001
 -1.6787772e-001
  1.1373502e-001
  4.5436365e-001
  8.4738846e-001
  1.2827113e+000
  1.7479500e+000
  2.2289615e+000
  2.7110982e+000
  3.1801639e+000
  3.6230690e+000
  4.0284684e+000
  4.3866716e+000
  4.6898077e+000
  4.9313699e+000
  5.1055458e+000
  5.2073603e+000
  5.2308566e+000
  5.1704861e+000
  5.0202705e+000
  4.7757983e+000
  4.4357960e+000
  4.0031508e+000
  3.4866002e+000
  2.8998525e+000
  2.2611939e+000
  1.5913896e+000
  9.1143896e-001
  2.4046147e-001
 -4.0561095e-001
 -1.0153620e+000
 -1.5819686e+000
 -2.1034111e+000
 -2.5821161e+000
 -3.0241127e+000
 -3.4376276e+000
 -3.8316322e+000
 -4.2139226e+000
 -4.5898401e+000
 -4.9609379e+000
 -5.3245151e+000
 -5.6734044e+000
 -5.9964478e+000
 -6.2798408e+000
 -6.5080493e+000
 -6.6660965e+000
 -6.7404880e+000
 -6.7205382e+000
 -6.5992061e+000
 -6.3736094e+000
 -6.0456031e+000
 -5.6221433e+000
 -5.1153334e+000
 -4.5419071e+000
 -3.9224685e+000
 -3.2803259e+000
 -2.6401055e+000
 -2.0261405e+000
 -1.4608278e+000
 -9.6314425e-001
 -5.4727732e-001
 -2.2190918e-001
  1.0467668e-002
  1.5331382e-001
  2.1582898e-001
  2.1202515e-001
  1.5961746e-001
  7.8742985e-002
 -9.8750642e-003
 -8.6319640e-002
 -1.3351019e-001
 -1.3855485e-001
 -9.4194217e-002
  4.9054109e-004
  1.3997910e-001
  3.1271482e-001
  5.0239758e-001
  6.8976943e-001
  8.5446575e-001
  9.7780652e-001
  1.0441311e+000
  1.0430527e+000
  9.6961943e-001
  8.2480061e-001
  6.1466298e-001
  3.4926024e-001
  4.1554611e-002
 -2.9426232e-001
 -6.4349532e-001
 -9.9251519e-001
 -1.3289233e+000
 -1.6421098e+000
 -1.9230510e+000
 -2.1641730e+000
 -2.3591524e+000
 -2.5027996e+000
 -2.5910411e+000
 -2.6206516e+000
 -2.5894129e+000
 -2.4960554e+000
 -2.3404249e+000
 -2.1236156e+000
 -1.8479440e+000
 -1.5168921e+000
 -1.1347967e+000
 -7.0707198e-001
 -2.3947072e-001
  2.6144074e-001
  7.8948711e-001
  1.3382412e+000
  1.9024236e+000
  2.4777312e+000
  3.0617341e+000
  3.6543618e+000
  4.2576033e+000
  4.8752587e+000
  5.5114821e+000
  6.1696102e+000
  6.8503574e+000
  7.5509070e+000
  8.2636732e+000
  8.9762641e+000
  9.6714441e+000
  1.0327643e+001
  1.0920358e+001
  1.1423500e+001
  1.1811712e+001
  1.2062765e+001
  1.2159645e+001
  1.2092561e+001
  1.1859869e+001
  1.1468406e+001
  1.0932851e+001
  1.0275037e+001
  9.5218710e+000
  8.7037233e+000
  7.8517269e+000
  6.9954104e+000
  6.1603702e+000
  5.3667020e+000
  4.6278295e+000
  3.9506586e+000
  3.3356992e+000
  2.7782083e+000
  2.2695397e+000
  1.7983193e+000
  1.3527045e+000
  9.2177449e-001
  4.9776696e-001
  7.7673023e-002
 -3.3566412e-001
 -7.3315455e-001
 -1.0999781e+000
 -1.4170713e+000
 -1.6629603e+000
 -1.8161409e+000
 -1.8574527e+000
 -1.7721989e+000
 -1.5520523e+000
 -1.1966760e+000
 -7.1434900e-001
 -1.2217434e-001
  5.5499665e-001
  1.2858334e+000
  2.0351310e+000
  2.7658750e+000
  3.4423244e+000
  4.0330162e+000
  4.5129206e+000
  4.8657421e+000
  5.0843800e+000
  5.1705711e+000
  5.1337618e+000
  4.9896643e+000
  4.7579705e+000
  4.4610004e+000
  4.1210894e+000
  3.7586133e+000
  3.3901689e+000
  3.0268626e+000
  2.6741212e+000
  2.3315391e+000
  1.9943166e+000
  1.6544491e+000
  1.3029275e+000
  9.3168948e-001
  5.3533742e-001
  1.1276844e-001
 -3.3241998e-001
 -7.9210117e-001
 -1.2544958e+000
 -1.7058395e+000
 -2.1319711e+000
 -2.5201738e+000
 -2.8608089e+000
 -3.1486015e+000
 -3.3836444e+000
 -3.5716596e+000
 -3.7240902e+000
 -3.8570396e+000
 -3.9903375e+000
 -4.1456135e+000
 -4.3445894e+000
 -4.6069533e+000
 -4.9483986e+000
 -5.3788972e+000
 -5.9011156e+000
 -6.5092659e+000
 -7.1886445e+000
 -7.9157503e+000
 -8.6591964e+000
 -9.3815357e+000
 -1.0041316e+001
 -1.0596034e+001
 -1.1004696e+001
 -1.1230620e+001
 -1.1243849e+001
 -1.1022959e+001
 -1.0556657e+001
 -9.8448518e+000
 -8.8987971e+000
 -7.7410794e+000
 -6.4042174e+000
 -4.9286307e+000
 -3.3603313e+000
 -1.7480278e+000
 -1.4079900e-001
  1.4144899e+000
  2.8749928e+000
  4.2031187e+000
  5.3677323e+000
  6.3441369e+000
  7.1145929e+000
  7.6684928e+000
  8.0019179e+000
  8.1178495e+000
  8.0250268e+000
  7.7363829e+000
  7.2679683e+000
  6.6376667e+000
  5.8644083e+000
  4.9690224e+000
  3.9735790e+000
  2.9015605e+000
  1.7776698e+000
  6.2641463e-001
 -5.2728017e-001
 -1.6586980e+000
 -2.7424953e+000
 -3.7523782e+000
 -4.6611491e+000
 -5.4407948e+000
 -6.0638070e+000
 -6.5049364e+000
 -6.7431988e+000
 -6.7641231e+000
 -6.5615757e+000
 -6.1385970e+000
 -5.5082386e+000
 -4.6937279e+000
 -3.7275241e+000
 -2.6508963e+000
 -1.5111260e+000
 -3.5869758e-001
  7.5618395e-001
  1.7877424e+000
  2.6971285e+000
  3.4555525e+000
  4.0450586e+000
  4.4593164e+000
  4.7027657e+000
  4.7890993e+000
  4.7394627e+000
  4.5804025e+000
  4.3418016e+000
  4.0550010e+000
  3.7508828e+000
  3.4585602e+000
  3.2038788e+000
  3.0086392e+000
  2.8897909e+000
  2.8589227e+000
  2.9223804e+000
  3.0812070e+000
  3.3319669e+000
  3.6673558e+000
  4.0772504e+000
  4.5496392e+000
  5.0713075e+000
  5.6284892e+000
  6.2070299e+000
  6.7920588e+000
  7.3681872e+000
  7.9179708e+000
  8.4229676e+000
  8.8623478e+000
  9.2149425e+000
  9.4595725e+000
  9.5772037e+000
  9.5525742e+000
  9.3751373e+000
  9.0410675e+000
  8.5521737e+000
  7.9173439e+000
  7.1503523e+000
  6.2673866e+000
  5.2856050e+000
  4.2208996e+000
  3.0876165e+000
  1.9013472e+000
  6.7877080e-001
 -5.6050972e-001
 -1.7943303e+000
 -2.9986896e+000
 -4.1480414e+000
 -5.2155070e+000
 -6.1733396e+000
 -6.9931865e+000
 -7.6468736e+000
 -8.1080415e+000
 -8.3529917e+000
 -8.3629497e+000
 -8.1246623e+000
 -7.6320369e+000
 -6.8863824e+000
 -5.8977675e+000
 -4.6846662e+000
 -3.2745134e+000
 -1.7027929e+000
 -1.2178534e-002
  1.7487641e+000
  3.5272297e+000
  5.2677722e+000
  6.9145040e+000
  8.4130164e+000
  9.7123320e+000
  1.0766919e+001
  1.1539273e+001
  1.2001515e+001
  1.2137377e+001
  1.1942963e+001
  1.1427013e+001
  1.0610673e+001
  9.5271490e+000
  8.2201047e+000
  6.7424651e+000
  5.1536039e+000
  3.5167507e+000
  1.8955632e+000
  3.5105508e-001
 -1.0614813e+000
 -2.2950609e+000
 -3.3129931e+000
 -4.0902355e+000
 -4.6140495e+000
 -4.8834103e+000
 -4.9086669e+000
 -4.7097617e+000
 -4.3149324e+000
 -3.7595772e+000
 -3.0838123e+000
 -2.3316645e+000
 -1.5477675e+000
 -7.7581088e-001
 -5.5547772e-002
  5.7965685e-001
  1.1041482e+000
  1.5015837e+000
  1.7640579e+000
  1.8915101e+000
  1.8897568e+000
  1.7680058e+000
  1.5374788e+000
  1.2089175e+000
  7.9282749e-001
  2.9891148e-001
 -2.6247663e-001
 -8.7895296e-001
 -1.5348007e+000
 -2.2091856e+000
 -2.8763011e+000
 -3.5050016e+000
 -4.0604580e+000
 -4.5063375e+000
 -4.8072604e+000
 -4.9312735e+000
 -4.8523671e+000
 -4.5522217e+000
 -4.0221212e+000
 -3.2642865e+000
 -2.2925624e+000
 -1.1324356e+000
  1.7980419e-001
  1.5986882e+000
  3.0718170e+000
  4.5422344e+000
  5.9517838e+000
  7.2432480e+000
  8.3641151e+000
  9.2690777e+000
  9.9228766e+000
  1.0302872e+001
  1.0399718e+001
  1.0217919e+001
  9.7743488e+000
  9.0959005e+000
  8.2170196e+000
  7.1759234e+000
  6.0123003e+000
  4.7651349e+000
  3.4708806e+000
  2.1631668e+000
  8.7128713e-001
 -3.7909438e-001
 -1.5672473e+000
 -2.6764640e+000
 -3.6946315e+000
 -4.6137127e+000
 -5.4292482e+000
 -6.1395342e+000
 -6.7442601e+000
 -7.2434252e+000
 -7.6358482e+000
 -7.9185214e+000
 -8.0857334e+000
 -8.1296072e+000
 -8.0401055e+000
 -7.8071238e+000
 -7.4211239e+000
 -6.8758610e+000
 -6.1693242e+000
 -5.3049507e+000
 -4.2927696e+000
 -3.1498063e+000
 -1.9008134e+000
 -5.7850888e-001
  7.7689925e-001
  2.1188262e+000
  3.3964125e+000
  4.5573277e+000
  5.5509806e+000
  6.3318316e+000
  6.8625080e+000
  7.1175373e+000
  7.0848665e+000
  6.7683885e+000
  6.1872021e+000
  5.3743578e+000
  4.3745533e+000
  3.2402302e+000
  2.0290385e+000
  7.9935763e-001
 -3.9183751e-001
 -1.4920033e+000
 -2.4547694e+000
 -3.2411575e+000
 -3.8210378e+000
 -4.1745730e+000
 -4.2928055e+000
 -4.1785318e+000
 -3.8456804e+000
 -3.3182339e+000
 -2.6287257e+000
 -1.8156818e+000
 -9.2191459e-001
  8.2894502e-003
  9.3062743e-001
  1.8026233e+000
  2.5848085e+000
  3.2422129e+000
  3.7453467e+000
  4.0711781e+000
  4.2038003e+000
  4.1349283e+000
  3.8641290e+000
  3.3988999e+000
  2.7543774e+000
  1.9527614e+000
  1.0224778e+000
 -2.5826807e-003
 -1.0845582e+000
 -2.1823854e+000
 -3.2537799e+000
 -4.2568022e+000
 -5.1517377e+000
 -5.9028670e+000
 -6.4796905e+000
 -6.8580769e+000
 -7.0207328e+000
 -6.9576631e+000
 -6.6658615e+000
 -6.1496252e+000
 -5.4195836e+000
 -4.4930355e+000
 -3.3925295e+000
 -2.1455859e+000
 -7.8340233e-001
  6.6044528e-001
  2.1507072e+000
  3.6511296e+000
  5.1248547e+000
  6.5344958e+000
  7.8425629e+000
  9.0126902e+000
  1.0010204e+001
  1.0803815e+001
  1.1366344e+001
  1.1676206e+001
  1.1718302e+001
  1.1485224e+001
  1.0978147e+001
  1.0207586e+001
  9.1938794e+000
  7.9671264e+000
  6.5668331e+000
  5.0406561e+000
  3.4429133e+000
  1.8324896e+000
  2.7026354e-001
 -1.1836142e+000
 -2.4728406e+000
 -3.5480881e+000
 -4.3697595e+000
 -4.9102202e+000
 -5.1552505e+000
 -5.1053747e+000
 -4.7753747e+000
 -4.1937372e+000
 -3.4003458e+000
 -2.4437252e+000
 -1.3777587e+000
 -2.5847613e-001
  8.5916001e-001
  1.9242579e+000
  2.8922472e+000
  3.7269651e+000
  4.4015523e+000
  4.8987173e+000
  5.2105493e+000
  5.3373316e+000
  5.2867711e+000
  5.0725928e+000
  4.7135354e+000
  4.2321851e+000
  3.6539181e+000
  3.0059133e+000
  2.3160925e+000
  1.6124620e+000
  9.2210840e-001
  2.7079257e-001
 -3.1798843e-001
 -8.2315092e-001
 -1.2269717e+000
 -1.5151877e+000
 -1.6777116e+000
 -1.7091579e+000
 -1.6090373e+000
 -1.3821677e+000
 -1.0382172e+000
 -5.9127949e-001
 -5.9112343e-002
  5.3775958e-001
  1.1768375e+000
  1.8342387e+000
  2.4855072e+000
  3.1060399e+000
  3.6718744e+000
  4.1604826e+000
  4.5515133e+000
  4.8274609e+000
  4.9742746e+000
  4.9818698e+000
  4.8445323e+000
  4.5612993e+000
  4.1360996e+000
  3.5776920e+000
  2.8995238e+000
  2.1193016e+000
  1.2585419e+000
  3.4204084e-001
 -6.0301245e-001
 -1.5477326e+000
 -2.4628375e+000
 -3.3195320e+000
 -4.0910225e+000
 -4.7533661e+000
 -5.2868244e+000
 -5.6766064e+000
 -5.9135539e+000
 -5.9947554e+000
 -5.9231525e+000
 -5.7078216e+000
 -5.3625193e+000
 -4.9053019e+000
 -4.3565954e+000
 -3.7379349e+000
 -3.0704978e+000
 -2.3739924e+000
 -1.6660786e+000
 -9.6219432e-001
 -2.7586192e-001
  3.8101172e-001
  9.9740277e-001
  1.5625301e+000
  2.0653831e+000
  2.4944440e+000
  2.8379108e+000
  3.0841517e+000
  3.2225613e+000
  3.2448038e+000
  3.1457967e+000
  2.9252041e+000
  2.5879897e+000
  2.1450375e+000
  1.6130476e+000
  1.0138016e+000
  3.7346959e-001
 -2.7878537e-001
 -9.1201399e-001
 -1.4949946e+000
 -1.9978086e+000
 -2.3936590e+000
 -2.6604358e+000
 -2.7822683e+000
 -2.7506683e+000
 -2.5649828e+000
 -2.2329317e+000
 -1.7698187e+000
 -1.1983099e+000
 -5.4718745e-001
  1.4979542e-001
  8.5563605e-001
  1.5320219e+000
  2.1415411e+000
  2.6499765e+000
  3.0282691e+000
  3.2545125e+000
  3.3150844e+000
  3.2058115e+000
  2.9320707e+000
  2.5086948e+000
  1.9586872e+000
  1.3120559e+000
  6.0337226e-001
 -1.3005541e-001
 -8.5062704e-001
 -1.5224472e+000
 -2.1130277e+000
 -2.5951057e+000
 -2.9477481e+000
 -3.1575042e+000
 -3.2188221e+000
 -3.1341826e+000
 -2.9134244e+000
 -2.5728683e+000
 -2.1337005e+000
 -1.6204989e+000
 -1.0592013e+000
 -4.7563299e-001
  1.0619603e-001
  6.6508028e-001
  1.1836317e+000
  1.6485294e+000
  2.0505771e+000
  2.3843344e+000
  2.6474099e+000
  2.8398278e+000
  2.9632185e+000
  3.0202674e+000
  3.0140877e+000
  2.9479875e+000
  2.8251861e+000
  2.6489076e+000
  2.4225985e+000
  2.1502254e+000
  1.8366666e+000
  1.4880964e+000
  1.1118567e+000
  7.1688859e-001
  3.1337354e-001
 -8.7082269e-002
 -4.7163284e-001
 -8.2649281e-001
 -1.1374431e+000
 -1.3905906e+000
 -1.5735353e+000
 -1.6762486e+000
 -1.6921350e+000
 -1.6186523e+000
 -1.4577497e+000
 -1.2160066e+000
 -9.0442286e-001
 -5.3801107e-001
 -1.3486764e-001
  2.8462005e-001
  6.9915909e-001
  1.0874491e+000
  1.4295820e+000
  1.7078603e+000
  1.9080358e+000
  2.0197781e+000
  2.0372979e+000
  1.9595135e+000
  1.7897960e+000
  1.5358930e+000
  1.2092070e+000
  8.2451076e-001
  3.9913865e-001
 -4.7663630e-002
 -4.9538567e-001
 -9.2336160e-001
 -1.3115391e+000
 -1.6417713e+000
 -1.8990202e+000
 -2.0722456e+000
 -2.1553906e+000
 -2.1474788e+000
 -2.0524817e+000
 -1.8787334e+000
 -1.6380523e+000
 -1.3446941e+000
 -1.0145114e+000
 -6.6356911e-001
 -3.0767478e-001
  3.8998649e-002
  3.6454085e-001
  6.6008121e-001
  9.2027147e-001
  1.1431536e+000
  1.3299040e+000
  1.4839199e+000
  1.6099352e+000
  1.7128351e+000
  1.7966884e+000
  1.8638950e+000
  1.9147153e+000
  1.9470663e+000
  1.9569115e+000
  1.9386324e+000
  1.8861646e+000
  1.7937418e+000
  1.6569483e+000
  1.4734387e+000
  1.2437909e+000
  9.7184885e-001
  6.6508592e-001
  3.3443580e-001
 -6.5191151e-003
 -3.4212504e-001
 -6.5582139e-001
 -9.3099687e-001
 -1.1520723e+000
 -1.3054943e+000
 -1.3807492e+000
 -1.3712077e+000
 -1.2748691e+000
 -1.0946409e+000
 -8.3872004e-001
 -5.2007560e-001
 -1.5584242e-001
  2.3383204e-001
  6.2719691e-001
  1.0022834e+000
  1.3383370e+000
  1.6170118e+000
  1.8235035e+000
  1.9472505e+000
  1.9824147e+000
  1.9279649e+000
  1.7875171e+000
  1.5688051e+000
  1.2832120e+000
  9.4477839e-001
  5.6937656e-001
  1.7358595e-001
 -2.2631557e-001
 -6.1521838e-001
 -9.7985595e-001
 -1.3092213e+000
 -1.5946075e+000
 -1.8296022e+000
 -2.0098854e+000
 -2.1328867e+000
 -2.1976366e+000
 -2.2042905e+000
 -2.1537447e+000
 -2.0473134e+000
 -1.8865169e+000
 -1.6730386e+000
 -1.4091874e+000
 -1.0980629e+000
 -7.4394885e-001
 -3.5248922e-001
  6.8935167e-002
  5.1114577e-001
  9.6295136e-001
  1.4113195e+000
  1.8418012e+000
  2.2389550e+000
  2.5870012e+000
  2.8704779e+000
  3.0750352e+000
  3.1882078e+000
  3.2003715e+000
  3.1053952e+000
  2.9013969e+000
  2.5910748e+000
  2.1817909e+000
  1.6855118e+000
  1.1182746e+000
  4.9967910e-001
 -1.4774985e-001
 -7.9959068e-001
 -1.4304173e+000
 -2.0151590e+000
 -2.5305056e+000
 -2.9561685e+000
 -3.2760966e+000
 -3.4792545e+000
 -3.5601330e+000
 -3.5188906e+000
 -3.3611205e+000
 -3.0973981e+000
 -2.7425229e+000
 -2.3146578e+000
 -1.8341811e+000
 -1.3226608e+000
 -8.0177151e-001
 -2.9229312e-001
  1.8664711e-001
  6.1831714e-001
  9.8916821e-001
  1.2891509e+000
  1.5119004e+000
  1.6547178e+000
  1.7179594e+000
  1.7048481e+000
  1.6211617e+000
  1.4748855e+000
  1.2759600e+000
  1.0358601e+000
  7.6688325e-001
  4.8178498e-001
  1.9339675e-001
 -8.5718203e-002
 -3.4335831e-001
 -5.6805122e-001
 -7.4936024e-001
 -8.7823109e-001
 -9.4733872e-001
 -9.5134388e-001
 -8.8713709e-001
 -7.5395835e-001
 -5.5358841e-001
 -2.9033331e-001
  2.9079261e-002
  3.9560607e-001
  7.9815993e-001
  1.2238731e+000
  1.6582038e+000
  2.0854596e+000
  2.4891395e+000
  2.8526502e+000
  3.1601398e+000
  3.3972029e+000
  3.5516315e+000
  3.6139708e+000
  3.5778934e+000
  3.4405859e+000
  3.2027901e+000
  2.8689762e+000
  2.4473103e+000
  1.9494871e+000
  1.3904986e+000
  7.8804687e-001
  1.6200012e-001
 -4.6652092e-001
 -1.0760121e+000
 -1.6456089e+000
 -2.1559805e+000
 -2.5902405e+000
 -2.9344244e+000
 -3.1781303e+000
 -3.3148035e+000
 -3.3419578e+000
 -3.2612470e+000
 -3.0782371e+000
 -2.8019065e+000
 -2.4441311e+000
 -2.0188554e+000
 -1.5414376e+000
 -1.0281994e+000
 -4.9569496e-001
  3.9655675e-002
  5.6223641e-001
  1.0577515e+000
  1.5137128e+000
  1.9195125e+000
  2.2667098e+000
  2.5488728e+000
  2.7616525e+000
  2.9028365e+000
  2.9722049e+000
  2.9713824e+000
  2.9036080e+000
  2.7733590e+000
  2.5861819e+000
  2.3485283e+000
  2.0676398e+000
  1.7516843e+000
  1.4096374e+000
  1.0511093e+000
  6.8623744e-001
  3.2528734e-001
 -2.1505206e-002
 -3.4400411e-001
 -6.3255528e-001
 -8.7807921e-001
 -1.0727034e+000
 -1.2101713e+000
 -1.2865186e+000
 -1.3004793e+000
 -1.2539160e+000
 -1.1519174e+000
 -1.0027347e+000
 -8.1758546e-001
 -6.1002341e-001
 -3.9527755e-001
 -1.8924845e-001
 -7.4216257e-003
  1.3615331e-001
  2.2982880e-001
  2.6508457e-001
  2.3700226e-001
  1.4455058e-001
 -9.4946599e-003
 -2.1870045e-001
 -4.7354013e-001
 -7.6187053e-001
 -1.0698031e+000
 -1.3823471e+000
 -1.6843262e+000
 -1.9610558e+000
 -2.1989496e+000
 -2.3861624e+000
 -2.5129563e+000
 -2.5721485e+000
 -2.5594795e+000
 -2.4736912e+000
 -2.3165748e+000
 -2.0926851e+000
 -1.8088321e+000
 -1.4736586e+000
 -1.0968641e+000
 -6.8883724e-001
 -2.6022326e-001
  1.7838125e-001
  6.1644159e-001
  1.0437877e+000
  1.4507265e+000
  1.8282560e+000
  2.1684060e+000
  2.4642579e+000
  2.7100971e+000
  2.9013210e+000
  3.0342203e+000
  3.1059437e+000
  3.1145102e+000
  3.0588745e+000
  2.9391419e+000
  2.7567168e+000
  2.5143804e+000
  2.2164505e+000
  1.8688949e+000
  1.4793553e+000
  1.0572416e+000
  6.1348986e-001
  1.6032620e-001
 -2.8920644e-001
 -7.2187660e-001
 -1.1248039e+000
 -1.4861464e+000
 -1.7955618e+000
 -2.0446527e+000
 -2.2272948e+000
 -2.3398477e+000
 -2.3812906e+000
 -2.3532461e+000
 -2.2598159e+000
 -2.1075827e+000
 -1.9050646e+000
 -1.6625258e+000
 -1.3911675e+000
 -1.1025121e+000
 -8.0765225e-001
 -5.1652565e-001
 -2.3751565e-001
  2.2913251e-002
  2.6018087e-001
  4.7158761e-001
  6.5594178e-001
  8.1343020e-001
  9.4509853e-001
  1.0525979e+000
  1.1377330e+000
  1.2021307e+000
  1.2471110e+000
  1.2736729e+000
  1.2826520e+000
  1.2750877e+000
  1.2524593e+000
  1.2170252e+000
  1.1719486e+000
  1.1212826e+000
  1.0699127e+000
  1.0232301e+000
  9.8691418e-001
  9.6644012e-001
  9.6673215e-001
  9.9174767e-001
  1.0440204e+000
  1.1244682e+000
  1.2320008e+000
  1.3631958e+000
  1.5122949e+000
  1.6709406e+000
  1.8287496e+000
  1.9737719e+000
  2.0934258e+000
  2.1755926e+000
  2.2095019e+000
  2.1866502e+000
  2.1013916e+000
  1.9512423e+000
  1.7371060e+000
  1.4631619e+000
  1.1366747e+000
  7.6781084e-001
  3.6898542e-001
 -4.5531514e-002
 -4.6057992e-001
 -8.6089831e-001
 -1.2320425e+000
 -1.5612366e+000
 -1.8379016e+000
 -2.0541396e+000
 -2.2047756e+000
 -2.2872779e+000
 -2.3014528e+000
 -2.2490504e+000
 -2.1333559e+000
 -1.9588250e+000
 -1.7307649e+000
 -1.4550754e+000
 -1.1380674e+000
 -7.8650100e-001
 -4.0748064e-001
 -8.6693410e-003
  4.0183554e-001
  8.1543163e-001
  1.2231925e+000
  1.6159995e+000
  1.9847796e+000
  2.3206917e+000
  2.6154310e+000
  2.8614936e+000
  3.0525066e+000
  3.1835692e+000
  3.2515408e+000
  3.2552436e+000
  3.1956462e+000
  3.0759507e+000
  2.9014805e+000
  2.6797335e+000
  2.4199564e+000
  2.1328166e+000
  1.8298109e+000
  1.5226039e+000
  1.2224035e+000
  9.3939480e-001
  6.8225627e-001
  4.5803292e-001
  2.7169689e-001
  1.2622824e-001
  2.2384872e-002
 -4.1281673e-002
 -6.8293317e-002
 -6.4044008e-002
 -3.5390363e-002
  9.8521258e-003
  6.3465706e-002
  1.1736290e-001
  1.6412644e-001
  1.9736028e-001
  2.1210207e-001
  2.0491468e-001
  1.7411524e-001
  1.1971425e-001
  4.3426858e-002
 -5.1555334e-002
 -1.6073011e-001
 -2.7867896e-001
 -3.9935232e-001
 -5.1641132e-001
 -6.2355834e-001
 -7.1484093e-001
 -7.8492426e-001
 -8.2939410e-001
 -8.4490073e-001
 -8.2921201e-001
 -7.8127799e-001
 -7.0098696e-001
 -5.8921136e-001
 -4.4774294e-001
 -2.7925974e-001
 -8.7399809e-002
  1.2338508e-001
  3.4802084e-001
  5.8097333e-001
  8.1658601e-001
  1.0491970e+000
  1.2732175e+000
  1.4832628e+000
  1.6740484e+000
  1.8406133e+000
  1.9783784e+000
  2.0833717e+000
  2.1525201e+000
  2.1837474e+000
  2.1761437e+000
  2.1299701e+000
  2.0463544e+000
  1.9273543e+000
  1.7755949e+000
  1.5943964e+000
  1.3877706e+000
  1.1604282e+000
  9.1792573e-001
  6.6642267e-001
  4.1255132e-001
  1.6300217e-001
 -7.5783919e-002
 -2.9809708e-001
 -4.9907646e-001
 -6.7513474e-001
 -8.2394513e-001
 -9.4459520e-001
 -1.0375053e+000
 -1.1043733e+000
 -1.1478637e+000
 -1.1713449e+000
 -1.1785780e+000
 -1.1733078e+000
 -1.1590287e+000
 -1.1385653e+000
 -1.1138505e+000
 -1.0856903e+000
 -1.0536667e+000
 -1.0161977e+000
 -9.7080774e-001
 -9.1438738e-001
 -8.4375690e-001
 -7.5597566e-001
 -6.4885168e-001
 -5.2109184e-001
 -3.7259057e-001
 -2.0442206e-001
 -1.8862812e-002
  1.8075724e-001
  3.9013684e-001
  6.0424609e-001
  8.1758067e-001
  1.0244210e+000
  1.2191701e+000
  1.3965430e+000
  1.5518533e+000
  1.6810793e+000
  1.7810990e+000
  1.8496502e+000
  1.8853599e+000
  1.8876922e+000
  1.8568325e+000
  1.7936795e+000
  1.6999068e+000
  1.5779204e+000
  1.4310367e+000
  1.2633337e+000
  1.0795967e+000
  8.8511481e-001
  6.8540490e-001
  4.8604059e-001
  2.9241513e-001
  1.0962440e-001
 -5.7717638e-002
 -2.0554742e-001
 -3.3052874e-001
 -4.3010663e-001
 -5.0255980e-001
 -5.4708773e-001
 -5.6372283e-001
 -5.5344303e-001
 -5.1817826e-001
 -4.6082939e-001
 -3.8532964e-001
 -2.9649455e-001
 -1.9978449e-001
 -1.0102610e-001
 -6.0213476e-003
  7.9773068e-002
  1.5151709e-001
  2.0526512e-001
  2.3822404e-001
  2.4889469e-001
  2.3720090e-001
  2.0447415e-001
  1.5329314e-001
  8.7344920e-002
  1.1159702e-002
 -7.0060449e-002
 -1.5084763e-001
 -2.2557869e-001
 -2.8896701e-001
 -3.3613722e-001
 -3.6265237e-001
 -3.6469472e-001
 -3.3897346e-001
 -2.8302157e-001
 -1.9549022e-001
 -7.6382353e-002
  7.2714744e-002
  2.4859870e-001
  4.4653981e-001
  6.6044285e-001
  8.8315944e-001
  1.1067595e+000
  1.3230185e+000
  1.5237104e+000
  1.7009703e+000
  1.8476359e+000
  1.9573357e+000
  2.0248919e+000
  2.0464785e+000
  2.0199673e+000
  1.9451387e+000
  1.8238109e+000
  1.6598012e+000
  1.4587422e+000
  1.2278948e+000
  9.7567325e-001
  7.1127906e-001
  4.4410910e-001
  1.8317594e-001
 -6.3387106e-002
 -2.8867248e-001
 -4.8727006e-001
 -6.5526097e-001
 -7.9024394e-001
 -8.9124428e-001
 -9.5849931e-001
 -9.9327580e-001
 -9.9753091e-001
 -9.7351758e-001
 -9.2350166e-001
 -8.4949690e-001
 -7.5312024e-001
 -6.3575910e-001
 -4.9855974e-001
 -3.4262407e-001
 -1.6912233e-001
  2.0579619e-002
  2.2471026e-001
  4.4085823e-001
  6.6578225e-001
  8.9527168e-001
  1.1241337e+000
  1.3462114e+000
  1.5546301e+000
  1.7420795e+000
  1.9012445e+000
  2.0254032e+000
  2.1088714e+000
  2.1475254e+000
  2.1391096e+000
  2.0835063e+000
  1.9827827e+000
  1.8412954e+000
  1.6654481e+000
  1.4633757e+000
  1.2445110e+000
  1.0189463e+000
  7.9693414e-001
  5.8837823e-001
  4.0236665e-001
  2.4670804e-001
  1.2760698e-001
  4.9273071e-002
  1.3798081e-002
  2.1184356e-002
  6.9409727e-002
  1.5466237e-001
  2.7158763e-001
  4.1349375e-001
  5.7275982e-001
  7.4115949e-001
  9.1033021e-001
  1.0722718e+000
  1.2197084e+000
  1.3464428e+000
  1.4475380e+000
  1.5193565e+000
  1.5596006e+000
  1.5671834e+000
  1.5421554e+000
  1.4856395e+000
  1.3996529e+000
  1.2870286e+000
  1.1512024e+000
  9.9598824e-001
  8.2543052e-001
  6.4367423e-001
  4.5491520e-001
  2.6343003e-001
  7.3588175e-002
 -1.1014313e-001
 -2.8318670e-001
 -4.4087659e-001
 -5.7852474e-001
 -6.9146069e-001
 -7.7523208e-001
 -8.2577387e-001
 -8.3970516e-001
 -8.1463523e-001
 -7.4943981e-001
 -6.4455825e-001
 -5.0212784e-001
 -3.2605261e-001
 -1.2193164e-001
  1.0308498e-001
  3.4060817e-001
  5.8121425e-001
  8.1498121e-001
  1.0318546e+000
  1.2222672e+000
  1.3776913e+000
  1.4911210e+000
  1.5575515e+000
  1.5741313e+000
  1.5403755e+000
  1.4579415e+000
  1.3305579e+000
  1.1635356e+000
  9.6340105e-001
  7.3737061e-001
  4.9288435e-001
  2.3724567e-001
 -2.2705602e-002
 -2.8069608e-001
 -5.3113064e-001
 -7.6899470e-001
 -9.8977619e-001
 -1.1892850e+000
 -1.3636134e+000
 -1.5089768e+000
 -1.6218717e+000
 -1.6989968e+000
 -1.7374698e+000
 -1.7348753e+000
 -1.6894854e+000
 -1.6004390e+000
 -1.4680626e+000
 -1.2940782e+000
 -1.0819052e+000
 -8.3676277e-001
 -5.6563016e-001
 -2.7720525e-001
  1.8504797e-002
  3.1039239e-001
  5.8679251e-001
  8.3589910e-001
  1.0464878e+000
  1.2083876e+000
  1.3131893e+000
  1.3547092e+000
  1.3295290e+000
  1.2372383e+000
  1.0807090e+000
  8.6600954e-001
  6.0226907e-001
  3.0117945e-001
 -2.3585780e-002
 -3.5713318e-001
 -6.8412034e-001
 -9.8959145e-001
 -1.2597474e+000
 -1.4826381e+000
 -1.6488521e+000
 -1.7518758e+000
 -1.7884094e+000
 -1.7583291e+000
 -1.6645560e+000
 -1.5126758e+000
 -1.3106640e+000
 -1.0681279e+000
 -7.9599479e-001
 -5.0565675e-001
 -2.0840464e-001
  8.5224658e-002
  3.6592756e-001
  6.2590001e-001
  8.5900705e-001
  1.0607315e+000
  1.2278690e+000
  1.3583591e+000
  1.4509149e+000
  1.5048735e+000
  1.5201775e+000
  1.4972584e+000
  1.4371875e+000
  1.3415812e+000
  1.2127191e+000
  1.0534664e+000
  8.6753698e-001
  6.5937156e-001
  4.3439768e-001
  1.9884714e-001
 -4.0349451e-002
 -2.7574358e-001
 -4.9964239e-001
 -7.0427895e-001
 -8.8205214e-001
 -1.0257276e+000
 -1.1287901e+000
 -1.1857002e+000
 -1.1922646e+000
 -1.1459203e+000
 -1.0460196e+000
 -8.9402562e-001
 -6.9378726e-001
 -4.5147721e-001
 -1.7565868e-001
  1.2313689e-001
  4.3272908e-001
  7.4000493e-001
  1.0315324e+000
  1.2943654e+000
  1.5167556e+000
  1.6888093e+000
  1.8031120e+000
  1.8550376e+000
  1.8430237e+000
  1.7684763e+000
  1.6356391e+000
  1.4511541e+000
  1.2237065e+000
  9.6338028e-001
  6.8119272e-001
  3.8843952e-001
  9.6147464e-002
 -1.8541606e-001
 -4.4709112e-001
 -6.8108408e-001
 -8.8099478e-001
 -1.0418741e+000
 -1.1601885e+000
 -1.2337112e+000
 -1.2615331e+000
 -1.2438415e+000
 -1.1818455e+000
 -1.0775728e+000
 -9.3373931e-001
 -7.5366844e-001
 -5.4134678e-001
 -3.0141948e-001
 -3.9432257e-002
  2.3818728e-001
  5.2406389e-001
  8.0994929e-001
  1.0869511e+000
  1.3456759e+000
  1.5766116e+000
  1.7703683e+000
  1.9180900e+000
  2.0118190e+000
  2.0449571e+000
  2.0126885e+000
  1.9125232e+000
  1.7446103e+000
  1.5120943e+000
  1.2211677e+000
  8.8100849e-001
  5.0350728e-001
  1.0278219e-001
 -3.0536938e-001
 -7.0427868e-001
 -1.0770995e+000
 -1.4078252e+000
 -1.6819418e+000
 -1.8873618e+000
 -2.0149119e+000
 -2.0587700e+000
 -2.0167851e+000
 -1.8903887e+000
 -1.6846822e+000
 -1.4082952e+000
 -1.0730766e+000
 -6.9380144e-001
 -2.8742830e-001
  1.2779469e-001
  5.3328095e-001
  9.1128669e-001
  1.2457307e+000
  1.5231516e+000
  1.7331806e+000
  1.8689766e+000
  1.9273140e+000
  1.9085107e+000
  1.8162171e+000
  1.6569528e+000
  1.4397323e+000
  1.1754371e+000
  8.7636149e-001
  5.5567665e-001
  2.2693117e-001
 -9.6455380e-002
 -4.0167739e-001
 -6.7704106e-001
 -9.1235842e-001
 -1.0992377e+000
 -1.2313699e+000
 -1.3045634e+000
 -1.3169107e+000
 -1.2687814e+000
 -1.1628100e+000
 -1.0038309e+000
 -7.9864718e-001
 -5.5581699e-001
 -2.8523590e-001
  2.2207751e-003
  2.9516826e-001
  5.8224642e-001
  8.5249918e-001
  1.0958621e+000
  1.3034185e+000
  1.4675619e+000
  1.5822031e+000
  1.6427908e+000
  1.6465298e+000
  1.5924583e+000
  1.4816187e+000
  1.3171148e+000
  1.1041269e+000
  8.4986224e-001
  5.6333124e-001
  2.5511243e-001
 -6.3086539e-002
 -3.7895933e-001
 -6.8013044e-001
 -9.5479214e-001
 -1.1921968e+000
 -1.3831276e+000
 -1.5202764e+000
 -1.5985330e+000
 -1.6152001e+000
 -1.5700754e+000
 -1.4654771e+000
 -1.3060622e+000
 -1.0986653e+000
 -8.5196247e-001
 -5.7612301e-001
 -2.8237486e-001
  1.7472962e-002
  3.1156607e-001
  5.8850515e-001
  8.3790413e-001
  1.0507774e+000
  1.2199263e+000
  1.3401362e+000
  1.4083252e+000
  1.4235445e+000
  1.3869090e+000
  1.3014652e+000
  1.1718364e+000
  1.0040535e+000
  8.0511490e-001
  5.8281477e-001
  3.4550965e-001
  1.0186498e-001
 -1.3928212e-001
 -3.6928750e-001
 -5.7998000e-001
 -7.6402775e-001
 -9.1534311e-001
 -1.0292942e+000
 -1.1029749e+000
 -1.1351983e+000
 -1.1265004e+000
 -1.0789624e+000
 -9.9604483e-001
 -8.8233986e-001
 -7.4335384e-001
 -5.8526647e-001
 -4.1464697e-001
 -2.3827733e-001
 -6.2907829e-002
  1.0486472e-001
  2.5876654e-001
  3.9296237e-001
  5.0223812e-001
  5.8212389e-001
  6.2908913e-001
  6.4066961e-001
  6.1566944e-001
  5.5425087e-001
  4.5805021e-001
  3.3020417e-001
  1.7521839e-001
 -1.0910732e-003
 -1.9182641e-001
 -3.8920089e-001
 -5.8474960e-001
 -7.6969064e-001
 -9.3534897e-001
 -1.0736049e+000
 -1.1774254e+000
 -1.2412687e+000
 -1.2613847e+000
 -1.2360830e+000
 -1.1658049e+000
 -1.0531742e+000
 -9.0292934e-001
 -7.2168385e-001
 -5.1766470e-001
 -3.0023287e-001
 -7.9316970e-002
  1.3514863e-001
  3.3380404e-001
  5.0834403e-001
  6.5185669e-001
  7.5910445e-001
  8.2676809e-001
  8.5344903e-001
  8.3969449e-001
  7.8777042e-001
  7.0129905e-001
  5.8495652e-001
  4.4406179e-001
  2.8432113e-001
  1.1157539e-001
 -6.8363683e-002
 -2.4986513e-001
 -4.2755091e-001
 -5.9641786e-001
 -7.5186110e-001
 -8.8967712e-001
 -1.0061161e+000
 -1.0978176e+000
 -1.1619341e+000
 -1.1962275e+000
 -1.1992111e+000
 -1.1703455e+000
 -1.1101238e+000
 -1.0201427e+000
 -9.0309776e-001
 -7.6272323e-001
 -6.0368470e-001
 -4.3145758e-001
 -2.5212720e-001
 -7.2119296e-002
  1.0205516e-001
  2.6410873e-001
  4.0825824e-001
  5.2941849e-001
  6.2346162e-001
  6.8743441e-001
  7.1971438e-001
  7.2013827e-001
  6.9000518e-001
  6.3194141e-001
  5.4974771e-001
  4.4820780e-001
  3.3280603e-001
  2.0944625e-001
  8.4118740e-002
 -3.7460100e-002
 -1.5014195e-001
 -2.4954139e-001
 -3.3223832e-001
 -3.9581953e-001
 -4.3894978e-001
 -4.6136720e-001
 -4.6379227e-001
 -4.4784214e-001
 -4.1580030e-001
 -3.7042771e-001
 -3.1467277e-001
 -2.5147719e-001
 -1.8353765e-001
 -1.1319816e-001
 -4.2334907e-002
  2.7610952e-002
  9.5610576e-002
  1.6093506e-001
  2.2302289e-001
  2.8137127e-001
  3.3535432e-001
  3.8415590e-001
  4.2662659e-001
  4.6129170e-001
  4.8631653e-001
  4.9968266e-001
  4.9928360e-001
  4.8319881e-001
  4.4989120e-001
  3.9844376e-001
  3.2878538e-001
  2.4188118e-001
  1.3986573e-001
  2.6121601e-002
 -9.4776309e-002
 -2.1725923e-001
 -3.3500893e-001
 -4.4137142e-001
 -5.2972058e-001
 -5.9397204e-001
 -6.2893675e-001
 -6.3078689e-001
 -5.9729133e-001
 -5.2801482e-001
 -4.2438617e-001
 -2.8964405e-001
 -1.2870899e-001
  5.2020101e-002
  2.4498780e-001
  4.4185658e-001
  6.3395030e-001
  8.1276201e-001
  9.7038514e-001
  1.0999652e+000
  1.1959986e+000
  1.2545827e+000
  1.2735221e+000
  1.2523736e+000
  1.1923460e+000
  1.0961672e+000
  9.6782650e-001
  8.1234617e-001
  6.3544407e-001
  4.4325318e-001
  2.4202159e-001
  3.7800796e-002
 -1.6371791e-001
 -3.5736238e-001
 -5.3850992e-001
 -7.0305661e-001
 -8.4737820e-001
 -9.6832243e-001
 -1.0631579e+000
 -1.1296300e+000
 -1.1659489e+000
 -1.1708531e+000
 -1.1436628e+000
 -1.0843984e+000
 -9.9388097e-001
 -8.7387064e-001
 -7.2716334e-001
 -5.5758266e-001
 -3.7002374e-001
 -1.7032635e-001
  3.4806368e-002
  2.3798215e-001
  4.3138346e-001
  6.0708819e-001
  7.5749082e-001
  8.7572266e-001
  9.5610970e-001
  9.9457106e-001
  9.8894441e-001
  9.3924125e-001
  8.4770684e-001
  7.1876477e-001
  5.5878132e-001
  3.7569278e-001
  1.7855688e-001
 -2.3017989e-002
 -2.1939075e-001
 -4.0146912e-001
 -5.6115842e-001
 -6.9176931e-001
 -7.8830144e-001
 -8.4762815e-001
 -8.6856251e-001
 -8.5183434e-001
 -7.9994140e-001
 -7.1690894e-001
 -6.0799883e-001
 -4.7932383e-001
 -3.3751238e-001
 -1.8936412e-001
 -4.1554450e-002
  9.9639291e-002
  2.2852484e-001
  3.4021310e-001
  4.3066004e-001
  4.9677306e-001
  5.3633775e-001
  5.4799581e-001
  5.3115626e-001
  4.8588031e-001
  4.1285943e-001
  3.1337871e-001
  1.8937144e-001
  4.3480863e-002
 -1.2086705e-001
 -2.9943410e-001
 -4.8715124e-001
 -6.7820897e-001
 -8.6613942e-001
 -1.0440331e+000
 -1.2047382e+000
 -1.3411739e+000
 -1.4466480e+000
 -1.5152122e+000
 -1.5420237e+000
 -1.5236789e+000
 -1.4585086e+000
 -1.3468169e+000
 -1.1909893e+000
 -9.9552644e-001
 -7.6691020e-001
 -5.1330382e-001
 -2.4422250e-001
  3.0029462e-002
  2.9877867e-001
  5.5155224e-001
  7.7851765e-001
  9.7091723e-001
  1.1214652e+000
  1.2246426e+000
  1.2769876e+000
  1.2771664e+000
  1.2260855e+000
  1.1267862e+000
  9.8431694e-001
  8.0549448e-001
  5.9853288e-001
  3.7258317e-001
  1.3723676e-001
 -9.8036986e-002
 -3.2435930e-001
 -5.3386169e-001
 -7.2001322e-001
 -8.7780170e-001
 -1.0038723e+000
 -1.0964957e+000
 -1.1555153e+000
 -1.1821813e+000
 -1.1789513e+000
 -1.1491986e+000
 -1.0969591e+000
 -1.0265917e+000
 -9.4255043e-001
 -8.4921171e-001
 -7.5069717e-001
 -6.5083459e-001
 -5.5304292e-001
 -4.6029660e-001
 -3.7509058e-001
 -2.9943846e-001
 -2.3490035e-001
 -1.8266101e-001
 -1.4357205e-001
 -1.1819949e-001
 -1.0684651e-001
 -1.0951296e-001
 -1.2588481e-001
 -1.5530982e-001
 -1.9675484e-001
 -2.4876918e-001
 -3.0944704e-001
 -3.7637118e-001
 -4.4664328e-001
 -5.1689075e-001
 -5.8339753e-001
 -6.4224634e-001
 -6.8951646e-001
 -7.2155539e-001
 -7.3518110e-001
 -7.2790755e-001
 -6.9810005e-001
 -6.4512796e-001
 -5.6942660e-001
 -4.7258342e-001
 -3.5729172e-001
 -2.2723103e-001
 -8.6939604e-002
  5.8428216e-002
  2.0327723e-001
  3.4183474e-001
  4.6836198e-001
  5.7737907e-001
  6.6390305e-001
  7.2365518e-001
  7.5328526e-001
  7.5055453e-001
  7.1448740e-001
  6.4543533e-001
  5.4510890e-001
  4.1652113e-001
  2.6388574e-001
  9.2420639e-002
 -9.1862509e-002
 -2.8245259e-001
 -4.7261523e-001
 -6.5566683e-001
 -8.2527214e-001
 -9.7567477e-001
 -1.1019554e+000
 -1.2002070e+000
 -1.2677022e+000
 -1.3029154e+000
 -1.3055965e+000
 -1.2766549e+000
 -1.2181275e+000
 -1.1330325e+000
 -1.0252336e+000
 -8.9925012e-001
 -7.6003477e-001
 -6.1275197e-001
 -4.6251721e-001
 -3.1421987e-001
 -1.7228822e-001
 -4.0567673e-002
  7.7811359e-002
  1.8054350e-001
  2.6614586e-001
  3.3392685e-001
  3.8389681e-001
  4.1655388e-001
  4.3280749e-001
  4.3376890e-001
  4.2074364e-001
  3.9514335e-001
  3.5852394e-001
  3.1262001e-001
  2.5935540e-001
  2.0086129e-001
  1.3944254e-001
  7.7496192e-002
  1.7433513e-002
 -3.8390445e-002
 -8.7786041e-002
 -1.2881038e-001
 -1.5988826e-001
 -1.7989448e-001
 -1.8826369e-001
 -1.8500456e-001
 -1.7077611e-001
 -1.4683014e-001
 -1.1503731e-001
 -7.7795739e-002
 -3.7978525e-002
  1.2001392e-003
  3.6328725e-002
  6.3987414e-002
  8.0947085e-002
  8.4372750e-002
  7.2028396e-002
  4.2448144e-002
 -4.9165241e-003
 -6.9659386e-002
 -1.5036703e-001
 -2.4471690e-001
 -3.4953330e-001
 -4.6096538e-001
 -5.7464430e-001
 -6.8594419e-001
 -7.9021105e-001
 -8.8301316e-001
 -9.6040104e-001
 -1.0190490e+000
 -1.0564862e+000
 -1.0712089e+000
 -1.0628002e+000
 -1.0319705e+000
 -9.8050107e-001
 -9.1107953e-001
 -8.2709624e-001
 -7.3239085e-001
 -6.3097854e-001
 -5.2679013e-001
 -4.2343944e-001
 -3.2399668e-001
 -2.3088245e-001
 -1.4579583e-001
 -6.9750034e-002
 -3.1781501e-003
  5.3942334e-002
  1.0189169e-001
  1.4107496e-001
  1.7183887e-001
  1.9439240e-001
  2.0872543e-001
  2.1460719e-001
  2.1161517e-001
  1.9919983e-001
  1.7680155e-001
  1.4395196e-001
  1.0039292e-001
  4.6182589e-002
 -1.8222740e-002
 -9.1908449e-002
 -1.7341313e-001
 -2.6076577e-001
 -3.5148821e-001
 -4.4274182e-001
 -5.3147075e-001
 -6.1460106e-001
 -6.8924514e-001
 -7.5287831e-001
 -8.0350327e-001
 -8.3974280e-001
 -8.6094315e-001
 -8.6714742e-001
 -8.5913309e-001
 -8.3827382e-001
 -8.0646337e-001
 -7.6592190e-001
 -7.1903596e-001
 -6.6819506e-001
 -6.1562299e-001
 -5.6331435e-001
 -5.1293296e-001
 -4.6586073e-001
 -4.2318281e-001
 -3.8579747e-001
 -3.5444801e-001
 -3.2982531e-001
 -3.1258569e-001
 -3.0338452e-001
 -3.0285088e-001
 -3.1152198e-001
 -3.2976362e-001
 -3.5763476e-001
 -3.9478146e-001
 -4.4030055e-001
 -4.9269620e-001
 -5.4980638e-001
 -6.0886511e-001
 -6.6654498e-001
 -7.1911572e-001
 -7.6261344e-001
 -7.9313253e-001
 -8.0706413e-001
 -8.0142780e-001
 -7.7411637e-001
 -7.2408851e-001
 -6.5155538e-001
 -5.5803839e-001
 -4.4642307e-001
 -3.2089947e-001
 -1.8683297e-001
 -5.0494935e-002
  8.1239223e-002
  2.0131006e-001
  3.0286350e-001
  3.7969386e-001
  4.2660699e-001
  4.3980374e-001
  4.1711240e-001
  3.5816566e-001
  2.6444099e-001
  1.3916496e-001
 -1.2836404e-002
 -1.8546105e-001
 -3.7161918e-001
 -5.6361548e-001
 -7.5353566e-001
 -9.3358349e-001
 -1.0965023e+000
 -1.2358965e+000
 -1.3465764e+000
 -1.4248138e+000
 -1.4684903e+000
 -1.4771988e+000
 -1.4521447e+000
 -1.3960200e+000
 -1.3127185e+000
 -1.2070067e+000
 -1.0841853e+000
 -9.4973704e-001
 -8.0905775e-001
 -6.6721041e-001
 -5.2877713e-001
 -3.9779169e-001
 -2.7769622e-001
 -1.7138443e-001
 -8.1225907e-002
 -9.0889875e-003
  4.3602865e-002
  7.5860079e-002
  8.7082168e-002
  7.7050080e-002
  4.5931781e-002
 -5.6821525e-003
 -7.6720355e-002
 -1.6555295e-001
 -2.6992296e-001
 -3.8689137e-001
 -5.1281710e-001
 -6.4339953e-001
 -7.7376043e-001
 -8.9858201e-001
 -1.0123157e+000
 -1.1094228e+000
 -1.1846897e+000
 -1.2335104e+000
 -1.2522448e+000
 -1.2384476e+000
 -1.1911570e+000
 -1.1110699e+000
 -1.0006222e+000
 -8.6402169e-001
 -7.0704116e-001
 -5.3679478e-001
 -3.6128690e-001
 -1.8894305e-001
 -2.8080031e-002
  1.1364686e-001
  2.2966780e-001
  3.1486795e-001
  3.6582051e-001
  3.8086651e-001
  3.6014784e-001
  3.0546936e-001
  2.2015319e-001
  1.0876936e-001
 -2.3141174e-002
 -1.6936656e-001
 -3.2337709e-001
 -4.7861558e-001
 -6.2883838e-001
 -7.6840009e-001
 -8.9249164e-001
 -9.9728679e-001
 -1.0800320e+000
 -1.1390097e+000
 -1.1735021e+000
 -1.1836485e+000
 -1.1703439e+000
 -1.1350631e+000
 -1.0797408e+000
 -1.0066598e+000
 -9.1835259e-001
 -8.1753195e-001
 -7.0703714e-001
 -5.8979062e-001
 -4.6878397e-001
 -3.4710194e-001
 -2.2791076e-001
 -1.1447119e-001
 -1.0088326e-002
  8.1933809e-002
  1.5840115e-001
  2.1633791e-001
  2.5314350e-001
  2.6675124e-001
  2.5579120e-001
  2.1974564e-001
  1.5906395e-001
  7.5238130e-002
 -2.9181166e-002
 -1.5061148e-001
 -2.8455692e-001
 -4.2572032e-001
 -5.6826197e-001
 -7.0603172e-001
 -8.3291352e-001
 -9.4313681e-001
 -1.0316048e+000
 -1.0942009e+000
 -1.1279974e+000
 -1.1314438e+000
 -1.1044045e+000
 -1.0481444e+000
 -9.6521675e-001
 -8.5927136e-001
 -7.3484601e-001
 -5.9713483e-001
 -4.5172827e-001
 -3.0439182e-001
 -1.6080242e-001
 -2.6326631e-002
  9.4199025e-002
  1.9660570e-001
  2.7752829e-001
  3.3450873e-001
  3.6601468e-001
  3.7150004e-001
  3.5132263e-001
  3.0663946e-001
  2.3929663e-001
  1.5166327e-001
  4.6537927e-002
 -7.2878083e-002
 -2.0306342e-001
 -3.4022231e-001
 -4.8035891e-001
 -6.1938431e-001
 -7.5318962e-001
 -8.7771399e-001
 -9.8904148e-001
 -1.0834812e+000
 -1.1576941e+000
 -1.2088471e+000
 -1.2347442e+000
 -1.2339715e+000
 -1.2059996e+000
 -1.1512599e+000
 -1.0711891e+000
 -9.6823077e-001
 -8.4580057e-001
 -7.0817140e-001
 -5.6035736e-001
 -4.0788676e-001
 -2.5661706e-001
 -1.1246262e-001
  1.8849881e-002
  1.3200491e-001
  2.2238603e-001
  2.8625757e-001
  3.2102465e-001
  3.2542989e-001
  2.9967742e-001
  2.4550381e-001
  1.6610315e-001
  6.5956767e-002
 -4.9415814e-002
 -1.7379109e-001
 -3.0058788e-001
 -4.2323586e-001
 -5.3553204e-001
 -6.3194883e-001
 -7.0792293e-001
 -7.6004618e-001
 -7.8623552e-001
 -7.8574415e-001
 -7.5918497e-001
 -7.0843147e-001
 -6.3647760e-001
 -5.4729233e-001
 -4.4554309e-001
 -3.3633824e-001
 -2.2490015e-001
 -1.1626378e-001
 -1.5007118e-002
  7.4932400e-002
  1.5040217e-001
  2.0909793e-001
  2.4955972e-001
  2.7113793e-001
  2.7387605e-001
  2.5837841e-001
  2.2566012e-001
  1.7699936e-001
  1.1382011e-001
  3.7675413e-002
 -4.9812773e-002
 -1.4691438e-001
 -2.5177660e-001
 -3.6243960e-001
 -4.7675631e-001
 -5.9235356e-001
 -7.0656800e-001
 -8.1635214e-001
 -9.1833145e-001
 -1.0088152e+000
 -1.0839918e+000
 -1.1401805e+000
 -1.1740754e+000
 -1.1830860e+000
 -1.1655310e+000
 -1.1208305e+000
 -1.0495969e+000
 -9.5367219e-001
 -8.3609913e-001
 -7.0100624e-001
 -5.5346247e-001
 -3.9923581e-001
 -2.4454457e-001
 -9.5774962e-002
  4.0840681e-002
  1.5951266e-001
  2.5521504e-001
  3.2398580e-001
  3.6314334e-001
  3.7147879e-001
  3.4929667e-001
  2.9838743e-001
  2.2188657e-001
  1.2407396e-001
  1.0097028e-002
 -1.1431236e-001
 -2.4317478e-001
 -3.7058452e-001
 -4.9100507e-001
 -5.9958415e-001
 -6.9232930e-001
 -7.6625253e-001
 -8.1941833e-001
 -8.5090025e-001
 -8.6073534e-001
 -8.4982897e-001
 -8.1984723e-001
 -7.7310087e-001
 -7.1240655e-001
 -6.4094491e-001
 -5.6212200e-001
 -4.7944844e-001
 -3.9642647e-001
 -3.1644006e-001
 -2.4268680e-001
 -1.7806584e-001
 -1.2515230e-001
 -8.6131637e-002
 -6.2784457e-002
 -5.6460443e-002
 -6.8040862e-002
 -9.7885916e-002
 -1.4577628e-001
 -2.1084223e-001
 -2.9151001e-001
 -3.8549549e-001
 -4.8978561e-001
 -6.0070969e-001
 -7.1398804e-001
 -8.2486664e-001
 -9.2826308e-001
 -1.0189644e+000
 -1.0918724e+000
 -1.1422516e+000
 -1.1660253e+000
 -1.1600399e+000
 -1.1223264e+000
 -1.0522838e+000
 -9.5082380e-001
 -8.2037205e-001
 -6.6483880e-001
 -4.8947355e-001
 -3.0064373e-001
 -1.0555111e-001
  8.8136927e-002
  2.7269739e-001
  4.4077030e-001
  5.8574276e-001
  7.0210473e-001
  7.8571990e-001
  8.3401440e-001
  8.4612004e-001
  8.2284251e-001
  7.6656970e-001
  6.8105416e-001
  5.7110811e-001
  4.4230149e-001
  3.0061312e-001
  1.5213562e-001
  2.7919321e-003
 -1.4189378e-001
 -2.7699627e-001
 -3.9831980e-001
 -5.0249329e-001
 -5.8699805e-001
 -6.5015288e-001
 -6.9106306e-001
 -7.0957562e-001
 -7.0619032e-001
 -6.8198644e-001
 -6.3854501e-001
 -5.7783333e-001
 -5.0217445e-001
 -4.1418155e-001
 -3.1675307e-001
 -2.1308773e-001
 -1.0665140e-001
 -1.1432966e-003
  9.9594192e-002
  1.9169892e-001
  2.7142569e-001
  3.3532885e-001
  3.8041402e-001
  4.0433502e-001
  4.0552024e-001
  3.8331338e-001
  3.3803404e-001
  2.7102907e-001
  1.8464569e-001
  8.2189851e-002
 -3.2194718e-002
 -1.5365688e-001
 -2.7685155e-001
 -3.9616371e-001
 -5.0596496e-001
 -6.0092622e-001
 -6.7625008e-001
 -7.2793897e-001
 -7.5295943e-001
 -7.4938564e-001
 -7.1647515e-001
 -6.5472913e-001
 -5.6587338e-001
 -4.5279177e-001
 -3.1942414e-001
 -1.7058053e-001
 -1.1768999e-002
  1.5100306e-001
  3.1145986e-001
  4.6329612e-001
  6.0043224e-001
  7.1729637e-001
  8.0904884e-001
  8.7181045e-001
  9.0281155e-001
  9.0051132e-001
  8.6464777e-001
  7.9625384e-001
  6.9759901e-001
  5.7211643e-001
  4.2424535e-001
  2.5925403e-001
  8.3018762e-002
 -9.8228593e-002
 -2.7813774e-001
 -4.5049415e-001
 -6.0942839e-001
 -7.4964579e-001
 -8.6657688e-001
 -9.5654911e-001
 -1.0168712e+000
 -1.0458922e+000
 -1.0430285e+000
 -1.0087666e+000
 -9.4464192e-001
 -8.5316883e-001
 -7.3778041e-001
 -6.0267980e-001
 -4.5274055e-001
 -2.9335338e-001
 -1.3027480e-001
  3.0578043e-002
  1.8331762e-001
  3.2232942e-001
  4.4247986e-001
  5.3931066e-001
  6.0923625e-001
  6.4970940e-001
  6.5936571e-001
  6.3810865e-001
  5.8716213e-001
  5.0901829e-001
  4.0737430e-001
  2.8698023e-001
  1.5344909e-001
  1.3037370e-002
 -1.2765646e-001
 -2.6196769e-001
 -3.8351399e-001
 -4.8652243e-001
 -5.6612639e-001
 -6.1862530e-001
 -6.4165283e-001
 -6.3426252e-001
 -5.9694319e-001
 -5.3153662e-001
 -4.4111569e-001
 -3.2979772e-001
 -2.0252123e-001
 -6.4801100e-002
  7.7538207e-002
  2.1865245e-001
  3.5292321e-001
  4.7519355e-001
  5.8095090e-001
  6.6646016e-001
  7.2886462e-001
  7.6625067e-001
  7.7765912e-001
  7.6309608e-001
  7.2346764e-001
  6.6049272e-001
  5.7660366e-001
  4.7479251e-001
  3.5850930e-001
  2.3155605e-001
  9.7983817e-002
 -3.8000320e-002
 -1.7213858e-001
 -3.0025840e-001
 -4.1838548e-001
 -5.2282573e-001
 -6.1030049e-001
 -6.7799515e-001
 -7.2369746e-001
 -7.4592665e-001
 -7.4402204e-001
 -7.1822144e-001
 -6.6966682e-001
 -6.0035804e-001
 -5.1307833e-001
 -4.1127906e-001
 -2.9893813e-001
 -1.8042156e-001
 -6.0293254e-002
  5.6853449e-002
  1.6659707e-001
  2.6488042e-001
  3.4817221e-001
  4.1362782e-001
  4.5917427e-001
  4.8359214e-001
  4.8651833e-001
  4.6843688e-001
  4.3062327e-001
  3.7504954e-001
  3.0429539e-001
  2.2144587e-001
  1.2997510e-001
  3.3654889e-002
 -6.3585578e-002
 -1.5779456e-001
 -2.4514175e-001
 -3.2208118e-001
 -3.8547711e-001
 -4.3271115e-001
 -4.6178515e-001
 -4.7137641e-001
 -4.6091307e-001
 -4.3059342e-001
 -3.8141139e-001
 -3.1515251e-001
 -2.3434227e-001
 -1.4216841e-001
 -4.2350890e-002
  6.1019952e-002
  1.6366273e-001
  2.6131476e-001
  3.4991339e-001
  4.2580311e-001
  4.8587831e-001
  5.2772111e-001
  5.4967949e-001
  5.5094228e-001
  5.3154317e-001
  4.9233977e-001
  4.3496006e-001
  3.6167772e-001
  2.7532687e-001
  1.7916600e-001
  7.6766153e-002
 -2.8117510e-002
 -1.3167659e-001
 -2.3018140e-001
 -3.2012317e-001
 -3.9832014e-001
 -4.6204568e-001
 -5.0912466e-001
 -5.3801476e-001
 -5.4787229e-001
 -5.3856566e-001
 -5.1066307e-001
 -4.6538946e-001
 -4.0453369e-001
 -3.3037953e-001
 -2.4557886e-001
 -1.5307193e-001
 -5.5995787e-002
  4.2410627e-002
  1.3888780e-001
  2.3026339e-001
  3.1356980e-001
  3.8614940e-001
  4.4575367e-001
  4.9062852e-001
  5.1958071e-001
  5.3203014e-001
  5.2803669e-001
  5.0831260e-001
  4.7418543e-001
  4.2756427e-001
  3.7086558e-001
  3.0692696e-001
  2.3889646e-001
  1.7009494e-001
  1.0388158e-001
  4.3480905e-002
 -8.1598392e-003
 -4.8543189e-002
 -7.5740410e-002
 -8.8520678e-002
 -8.6408568e-002
 -6.9729147e-002
 -3.9593864e-002
  2.1562601e-003
  5.3065292e-002
  1.1019907e-001
  1.7033975e-001
  2.3015275e-001
  2.8639897e-001
  3.3608684e-001
  3.7661004e-001
  4.0586123e-001
  4.2228505e-001
  4.2494067e-001
  4.1350220e-001
  3.8825708e-001
  3.5005278e-001
  3.0022943e-001
  2.4053260e-001
  1.7299091e-001
  9.9836090e-002
  2.3361172e-002
 -5.4189594e-002
 -1.3072237e-001
 -2.0439805e-001
 -2.7365897e-001
 -3.3721799e-001
 -3.9402983e-001
 -4.4321022e-001
 -4.8399478e-001
 -5.1568564e-001
 -5.3763287e-001
 -5.4921437e-001
 -5.4985213e-001
 -5.3906818e-001
 -5.1652456e-001
 -4.8211657e-001
 -4.3602161e-001
 -3.7875451e-001
 -3.1121333e-001
 -2.3469996e-001
 -1.5094439e-001
 -6.2077678e-002
  2.9385868e-002
  1.2064280e-001
  2.0867539e-001
  2.9039233e-001
  3.6276009e-001
  4.2296305e-001
  4.6856163e-001
  4.9766789e-001
  5.0906839e-001
  5.0236912e-001
  4.7803428e-001
  4.3737531e-001
  3.8250146e-001
  3.1615427e-001
  2.4158608e-001
  1.6237987e-001
  8.2269285e-002
  4.9597910e-003
 -6.6078050e-002
 -1.2780351e-001
 -1.7777687e-001
 -2.1430498e-001
 -2.3651662e-001
 -2.4439212e-001
 -2.3872379e-001
 -2.2101002e-001
 -1.9332440e-001
 -1.5814020e-001
 -1.1815457e-001
 -7.6104334e-002
 -3.4605662e-002
  4.0227385e-003
  3.7850410e-002
  6.5428978e-002
  8.5790677e-002
  9.8447204e-002
  1.0331497e-001
  1.0064636e-001
  9.0928715e-002
  7.4799724e-002
  5.2968389e-002
  2.6162311e-002
 -4.8957987e-003
 -3.9506256e-002
 -7.6957091e-002
 -1.1648059e-001
 -1.5718978e-001
 -1.9802674e-001
 -2.3771355e-001
 -2.7474900e-001
 -3.0740931e-001
 -3.3380749e-001
 -3.5196733e-001
 -3.5991704e-001
 -3.5583372e-001
 -3.3818276e-001
 -3.0589085e-001
 -2.5848659e-001
 -1.9623385e-001
 -1.2020756e-001
 -3.2327952e-002
  6.4692589e-002
  1.6743569e-001
  2.7195946e-001
  3.7399059e-001
  4.6916283e-001
  5.5327129e-001
  6.2251260e-001
  6.7373028e-001
  7.0461000e-001
  7.1383100e-001
  7.0117091e-001
  6.6750333e-001
  6.1473261e-001
  5.4563700e-001
  4.6366359e-001
  3.7267385e-001
  2.7667643e-001
  1.7956335e-001
  8.4864517e-002
 -4.4445292e-003
 -8.6062948e-002
 -1.5843643e-001
 -2.2075616e-001
 -2.7290585e-001
 -3.1533722e-001
 -3.4892944e-001
 -3.7481113e-001
 -3.9419878e-001
 -4.0822052e-001
 -4.1780894e-001
 -4.2357178e-001
 -4.2578147e-001
 -4.2439931e-001
 -4.1915185e-001
 -4.0963606e-001
 -3.9544040e-001
 -3.7626543e-001
 -3.5203499e-001
 -3.2300014e-001
 -2.8978969e-001
 -2.5342597e-001
 -2.1529219e-001
 -1.7704974e-001
 -1.4052328e-001
 -1.0756952e-001
 -7.9917155e-002
 -5.9023201e-002
 -4.5917688e-002
 -4.1114665e-002
 -4.4522623e-002
 -5.5401074e-002
 -7.2397158e-002
 -9.3579830e-002
 -1.1660614e-001
 -1.3890073e-001
 -1.5788817e-001
 -1.7122462e-001
 -1.7700859e-001
 -1.7393620e-001
 -1.6141811e-001
 -1.3962858e-001
 -1.0949336e-001
 -7.2605536e-002
 -3.1097465e-002
  1.2550348e-002
  5.5709927e-002
  9.5792567e-002
  1.3046073e-001
  1.5778087e-001
  1.7636867e-001
  1.8550653e-001
  1.8516132e-001
  1.7595572e-001
  1.5905632e-001
  1.3602145e-001
  1.0861036e-001
  7.8601571e-002
  4.7591932e-002
  1.6870280e-002
 -1.2722193e-002
 -4.0813704e-002
 -6.7535114e-002
 -9.3468533e-002
 -1.1954855e-001
 -1.4693920e-001
 -1.7683609e-001
 -2.1026882e-001
 -2.4789755e-001
 -2.8981927e-001
 -3.3545901e-001
 -3.8352114e-001
 -4.3202936e-001
 -4.7844303e-001
 -5.1983616e-001
 -5.5312942e-001
 -5.7534749e-001
 -5.8388832e-001
 -5.7677688e-001
 -5.5284694e-001
 -5.1190827e-001
 -4.5480880e-001
 -3.8344843e-001
 -3.0070446e-001
 -2.1026904e-001
 -1.1642902e-001
 -2.3775232e-002
  6.3132045e-002
  1.4007564e-001
  2.0349900e-001
  2.5073620e-001
  2.8016391e-001
  2.9128316e-001
  2.8470383e-001
  2.6205800e-001
  2.2584292e-001
  1.7919411e-001
  1.2563272e-001
  6.8771184e-002
  1.2055680e-002
 -4.1499249e-002
 -8.9502118e-002
 -1.3033453e-001
 -1.6319804e-001
 -1.8810725e-001
 -2.0578881e-001
 -2.1753259e-001
 -2.2499718e-001
 -2.2998662e-001
 -2.3422575e-001
 -2.3915438e-001
 -2.4577700e-001
 -2.5455720e-001
 -2.6538700e-001
 -2.7763012e-001
 -2.9019398e-001
 -3.0171205e-001
 -3.1072164e-001
 -3.1590649e-001
 -3.1630949e-001
 -3.1152089e-001
 -3.0180833e-001
 -2.8815447e-001
 -2.7224674e-001
 -2.5633446e-001
 -2.4305039e-001
 -2.3514369e-001
 -2.3516951e-001
 -2.4521466e-001
 -2.6662147e-001
 -2.9981051e-001
 -3.4419269e-001
 -3.9814505e-001
 -4.5909558e-001
 -5.2366970e-001
 -5.8788517e-001
 -6.4744053e-001
 -6.9801186e-001
 -7.3559714e-001
 -7.5683108e-001
 -7.5927272e-001
 -7.4159685e-001
 -7.0373056e-001
 -6.4687472e-001
 -5.7343668e-001
 -4.8686626e-001
 -3.9142826e-001
 -2.9186343e-001
 -1.9308539e-001
 -9.9812479e-002
 -1.6300138e-002
  5.3922748e-002
  1.0822137e-001
  1.4497909e-001
  1.6362228e-001
  1.6458327e-001
  1.4919386e-001
  1.1949786e-001
  7.8064006e-002
  2.7763881e-002
 -2.8432663e-002
 -8.7645864e-002
 -1.4724412e-001
 -2.0497863e-001
 -2.5905227e-001
 -3.0816255e-001
 -3.5146378e-001
 -3.8851711e-001
 -4.1916944e-001
 -4.4344505e-001
 -4.6141978e-001
 -4.7309717e-001
 -4.7835527e-001
 -4.7687829e-001
 -4.6820953e-001
 -4.5182083e-001
 -4.2724170e-001
 -3.9419260e-001
 -3.5273079e-001
 -3.0334176e-001
 -2.4704192e-001
 -1.8540651e-001
 -1.2058248e-001
 -5.5207612e-002
  7.6852054e-003
  6.4842798e-002
  1.1298235e-001
  1.4899609e-001
  1.7018994e-001
  1.7449126e-001
  1.6065142e-001
  1.2840796e-001
  7.8561643e-002
  1.3009234e-002
 -6.5352725e-002
 -1.5275758e-001
 -2.4481522e-001
 -3.3678746e-001
 -4.2389941e-001
 -5.0166273e-001
 -5.6615063e-001
 -6.1424293e-001
 -6.4378236e-001
 -6.5368761e-001
 -6.4395848e-001
 -6.1563192e-001
 -5.7064640e-001
 -5.1166807e-001
 -4.4188465e-001
 -3.6477098e-001
 -2.8388697e-001
 -2.0266317e-001
 -1.2426313e-001
 -5.1451110e-002
  1.3458168e-002
  6.8636467e-002
  1.1271178e-001
  1.4476372e-001
  1.6424233e-001
  1.7093359e-001
  1.6487905e-001
  1.4630755e-001
  1.1561083e-001
  7.3306428e-002
  2.0080485e-002
 -4.3162908e-002
 -1.1523387e-001
 -1.9457707e-001
 -2.7923860e-001
 -3.6685088e-001
 -4.5467017e-001
 -5.3965572e-001
 -6.1858687e-001
 -6.8819422e-001
 -7.4534054e-001
 -7.8718774e-001
 -8.1139905e-001
 -8.1630718e-001
 -8.0107793e-001
 -7.6579707e-001
 -7.1153928e-001
 -6.4036342e-001
 -5.5525462e-001
 -4.5998973e-001
 -3.5896207e-001
 -2.5693598e-001
 -1.5879656e-001
 -6.9296584e-002
  7.2120526e-003
  6.6991102e-002
  1.0713135e-001
  1.2571746e-001
  1.2192055e-001
  9.6051829e-002
  4.9496518e-002
 -1.5360413e-002
 -9.5337400e-002
 -1.8664060e-001
 -2.8512310e-001
 -3.8655026e-001
 -4.8681736e-001
 -5.8215630e-001
 -6.6926233e-001
 -7.4534756e-001
 -8.0818563e-001
 -8.5608397e-001
 -8.8787022e-001
 -9.0286302e-001
 -9.0082089e-001
 -8.8191974e-001
 -8.4669179e-001
 -7.9598869e-001
 -7.3094751e-001
 -6.5295061e-001
 -5.6363835e-001
 -4.6490392e-001
 -3.5893272e-001
 -2.4821733e-001
 -1.3557448e-001
 -2.4129094e-002
  8.2734370e-002
  1.8146849e-001
  2.6848334e-001
  3.4033538e-001
  3.9388754e-001
  4.2652802e-001
  4.3632636e-001
  4.2218582e-001
  3.8395569e-001
  3.2248907e-001
  2.3967009e-001
  1.3839062e-001
  2.2460801e-002
 -1.0353497e-001
 -2.3443977e-001
 -3.6477783e-001
 -4.8902575e-001
 -6.0189520e-001
 -6.9860763e-001
 -7.7515125e-001
 -8.2849240e-001
 -8.5672034e-001
 -8.5915260e-001
 -8.3632037e-001
 -7.8995355e-001
 -7.2285385e-001
 -6.3875989e-001
 -5.4214736e-001
 -4.3799744e-001
 -3.3154555e-001
 -2.2800969e-001
 -1.3231945e-001
 -4.8879938e-002
  1.8643206e-002
  6.7464855e-002
  9.5769321e-002
  1.0274496e-001
  8.8527207e-002
  5.4147588e-002
  1.4062468e-003
 -6.7241117e-002
 -1.4880594e-001
 -2.3993019e-001
 -3.3698932e-001
 -4.3628107e-001
 -5.3414115e-001
 -6.2711417e-001
 -7.1206832e-001
 -7.8630600e-001
 -8.4761226e-001
 -8.9429661e-001
 -9.2517887e-001
 -9.3958178e-001
 -9.3729210e-001
 -9.1853220e-001
 -8.8392535e-001
 -8.3446929e-001
 -7.7150842e-001
 -6.9671557e-001
 -6.1208729e-001
 -5.1992175e-001
 -4.2281576e-001
 -3.2362327e-001
 -2.2540787e-001
 -1.3137199e-001
 -4.4771533e-002
  3.1182569e-002
  9.3450097e-002
  1.3927135e-001
  1.6632662e-001
  1.7283542e-001
  1.5767252e-001
  1.2044115e-001
  6.1531304e-002
 -1.7854859e-002
 -1.1568044e-001
 -2.2912343e-001
 -3.5462309e-001
 -4.8801526e-001
 -6.2466798e-001
 -7.5968635e-001
 -8.8810581e-001
 -1.0051247e+000
 -1.1063172e+000
 -1.1878387e+000
 -1.2466122e+000
 -1.2804582e+000
 -1.2881981e+000
 -1.2696871e+000
 -1.2258065e+000
 -1.1584024e+000
 -1.0701927e+000
 -9.6463447e-001
 -8.4576141e-001
 -7.1801557e-001
 -5.8604362e-001
 -4.5452535e-001
 -3.2799409e-001
 -2.1068384e-001
 -1.0637773e-001
 -1.8292056e-002
  5.1043742e-002
  9.9852699e-002
  1.2716585e-001
  1.3283117e-001
  1.1752069e-001
  8.2679781e-002
  3.0482632e-002
 -3.6272143e-002
 -1.1426223e-001
 -1.9978208e-001
 -2.8888377e-001
 -3.7753076e-001
 -4.6174915e-001
 -5.3777841e-001
 -6.0218973e-001
 -6.5202285e-001
 -6.8488238e-001
 -6.9904272e-001
 -6.9352275e-001
 -6.6813605e-001
 -6.2350644e-001
 -5.6105428e-001
 -4.8294173e-001
 -3.9199763e-001
 -2.9161134e-001
 -1.8560831e-001
 -7.8108553e-002
  2.6629082e-002
  1.2436907e-001
  2.1105964e-001
  2.8299777e-001
  3.3696738e-001
  3.7037262e-001
  3.8133023e-001
  3.6876900e-001
  3.3246254e-001
  2.7305639e-001
  1.9203927e-001
  9.1719942e-002
 -2.4864391e-002
 -1.5400532e-001
 -2.9146622e-001
 -4.3262443e-001
 -5.7263534e-001
 -7.0662279e-001
 -8.2983691e-001
 -9.3782663e-001
 -1.0265828e+000
 -1.0926832e+000
 -1.1334196e+000
 -1.1469066e+000
 -1.1321814e+000
 -1.0892697e+000
 -1.0192339e+000
 -9.2418111e-001
 -8.0723126e-001
 -6.7243908e-001
 -5.2466994e-001
 -3.6941229e-001
 -2.1257947e-001
 -6.0238463e-002
  8.1625629e-002
  2.0739050e-001
  3.1201989e-001
  3.9129938e-001
  4.4200959e-001
  4.6208757e-001
  4.5070967e-001
  4.0835045e-001
  3.3674651e-001
  2.3884148e-001
  1.1863053e-001
 -1.9013084e-002
 -1.6858063e-001
 -3.2417310e-001
 -4.7977582e-001
 -6.2951523e-001
 -7.6790506e-001
 -8.9006346e-001
 -9.9188343e-001
 -1.0701767e+000
 -1.1227434e+000
 -1.1484226e+000
 -1.1470689e+000
 -1.1195049e+000
 -1.0674402e+000
 -9.9335409e-001
 -9.0039935e-001
 -7.9225819e-001
 -6.7305234e-001
 -5.4721159e-001
 -4.1938337e-001
 -2.9431364e-001
 -1.7673728e-001
 -7.1235815e-002
  1.7897788e-002
  8.6833969e-002
  1.3235486e-001
  1.5202416e-001
  1.4432707e-001
  1.0877385e-001
  4.5999200e-002
 -4.2197234e-002
 -1.5284179e-001
 -2.8181931e-001
 -4.2399395e-001
 -5.7339076e-001
 -7.2345566e-001
 -8.6730942e-001
 -9.9811138e-001
 -1.1093820e+000
 -1.1953722e+000
 -1.2514369e+000
 -1.2743080e+000
 -1.2622504e+000
 -1.2151732e+000
 -1.1346426e+000
 -1.0237982e+000
 -8.8722221e-001
 -7.3069843e-001
 -5.6080876e-001
 -3.8462092e-001
 -2.0931722e-001
 -4.1869504e-002
  1.1121376e-001
  2.4418334e-001
  3.5225109e-001
  4.3178429e-001
  4.8046797e-001
  4.9729865e-001
  4.8273471e-001
  4.3850100e-001
  3.6734051e-001
  2.7279102e-001
  1.5876179e-001
  2.9401287e-002
 -1.1102216e-001
 -2.5818761e-001
 -4.0770910e-001
 -5.5523639e-001
 -6.9636241e-001
 -8.2678292e-001
 -9.4242111e-001
 -1.0395645e+000
 -1.1151325e+000
 -1.1667225e+000
 -1.1927081e+000
 -1.1922473e+000
 -1.1651829e+000
 -1.1121043e+000
 -1.0342648e+000
 -9.3366703e-001
 -8.1320206e-001
 -6.7663587e-001
 -5.2866695e-001
 -3.7477302e-001
 -2.2093636e-001
 -7.3419092e-002
  6.1607423e-002
  1.7829399e-001
  2.7140786e-001
  3.3655811e-001
  3.7036927e-001
  3.7068273e-001
  3.3669392e-001
  2.6905106e-001
  1.6998367e-001
  4.3221675e-002
 -1.0612139e-001
 -2.7179531e-001
 -4.4677221e-001
 -6.2358136e-001
 -7.9471772e-001
 -9.5299588e-001
 -1.0918654e+000
 -1.2057381e+000
 -1.2901830e+000
 -1.3421662e+000
 -1.3601816e+000
 -1.3443209e+000
 -1.2962911e+000
 -1.2192777e+000
 -1.1177381e+000
 -9.9711649e-001
 -8.6346313e-001
 -7.2311472e-001
 -5.8231052e-001
 -4.4693230e-001
 -3.2224562e-001
 -2.1273571e-001
 -1.2201581e-001
 -5.2757961e-002
 -6.6888043e-003
  1.5389071e-002
  1.3575956e-002
 -1.1222751e-002
 -5.7385079e-002
 -1.2269746e-001
 -2.0450732e-001
 -2.9982316e-001
 -4.0540765e-001
 -5.1784749e-001
 -6.3356094e-001
 -7.4886337e-001
 -8.5999918e-001
 -9.6322501e-001
 -1.0548804e+000
 -1.1314938e+000
 -1.1899000e+000
 -1.2273669e+000
 -1.2417161e+000
 -1.2314675e+000
 -1.1959130e+000
 -1.1352514e+000
 -1.0506642e+000
 -9.4437500e-001
 -8.1968355e-001
 -6.8089660e-001
 -5.3318526e-001
 -3.8238767e-001
 -2.3472297e-001
 -9.6496399e-002
  2.6185796e-002
  1.2774429e-001
  2.0345686e-001
  2.4972491e-001
  2.6432329e-001
  2.4652455e-001
  1.9714995e-001
  1.1851245e-001
  1.4316297e-002
 -1.1056882e-001
 -2.5037639e-001
 -3.9877643e-001
 -5.4922098e-001
 -6.9530583e-001
 -8.3104492e-001
 -9.5118293e-001
 -1.0513935e+000
 -1.1284686e+000
 -1.1804123e+000
 -1.2064627e+000
 -1.2070264e+000
 -1.1835387e+000
 -1.1383075e+000
 -1.0742743e+000
 -9.9479294e-001
 -9.0340258e-001
 -8.0356034e-001
 -6.9852276e-001
 -5.9122491e-001
 -4.8427759e-001
 -3.8003420e-001
 -2.8064635e-001
 -1.8814429e-001
 -1.0449681e-001
 -3.1614048e-002
  2.8624938e-002
  7.4417687e-002
  1.0406433e-001
  1.1609728e-001
  1.0936211e-001
  8.3163804e-002
  3.7388137e-002
 -2.7399583e-002
 -1.0983847e-001
 -2.0770314e-001
 -3.1786951e-001
 -4.3634380e-001
 -5.5837080e-001
 -6.7862906e-001
 -7.9148684e-001
 -8.9132428e-001
 -9.7288495e-001
 -1.0316149e+000
 -1.0640233e+000
 -1.0679199e+000
 -1.0426782e+000
 -9.8933222e-001
 -9.1063206e-001
 -8.1095941e-001
 -6.9612135e-001
 -5.7301041e-001
 -4.4919390e-001
 -3.3237249e-001
 -2.2990170e-001
 -1.4827306e-001
 -9.2704691e-002
 -6.6843558e-002
 -7.2524590e-002
 -1.0971501e-001
 -1.7650307e-001
 -2.6926460e-001
 -3.8289850e-001
 -5.1115732e-001
 -6.4709430e-001
 -7.8344033e-001
 -9.1314232e-001
 -1.0297936e+000
 -1.1280547e+000
 -1.2040545e+000
 -1.2555290e+000
 -1.2818584e+000
 -1.2839327e+000
 -1.2637894e+000
 -1.2243413e+000
 -1.1689513e+000
 -1.1011472e+000
 -1.0243407e+000
 -9.4161216e-001
 -8.5557674e-001
 -7.6829631e-001
 -6.8124134e-001
 -5.9536306e-001
 -5.1118494e-001
 -4.2898931e-001
 -3.4905744e-001
 -2.7186869e-001
 -1.9825844e-001
 -1.2954544e-001
 -6.7500660e-002
 -1.4344278e-002
  2.7364838e-002
  5.4902221e-002
  6.5553348e-002
  5.6924245e-002
  2.7220902e-002
 -2.4436145e-002
 -9.7712304e-002
 -1.9092173e-001
 -3.0091256e-001
 -4.2320480e-001
 -5.5218871e-001
 -6.8148652e-001
 -8.0444785e-001
 -9.1458386e-001
 -1.0061050e+000
 -1.0742948e+000
 -1.1157928e+000
 -1.1288483e+000
 -1.1133178e+000
 -1.0707581e+000
 -1.0042709e+000
 -9.1838044e-001
 -8.1877415e-001
 -7.1194938e-001
 -6.0479685e-001
 -5.0412110e-001
 -4.1611559e-001
 -3.4593322e-001
 -2.9729547e-001
 -2.7226566e-001
 -2.7115740e-001
 -2.9257638e-001
 -3.3360160e-001
 -3.9006442e-001
 -4.5694599e-001
 -5.2878491e-001
 -6.0015497e-001
 -6.6605826e-001
 -7.2228471e-001
 -7.6567398e-001
 -7.9424733e-001
 -8.0728445e-001
 -8.0522786e-001
 -7.8957822e-001
 -7.6263518e-001
 -7.2726250e-001
 -6.8656090e-001
 -6.4361247e-001
 -6.0115203e-001
 -5.6138890e-001
 -5.2581783e-001
 -4.9518748e-001
 -4.6951690e-001
 -4.4821731e-001
 -4.3023792e-001
 -4.1428343e-001
 -3.9906083e-001
 -3.8347929e-001
 -3.6693777e-001
 -3.4938075e-001
 -3.3145233e-001
 -3.1438209e-001
 -2.9990757e-001
 -2.9006962e-001
 -2.8692953e-001
 -2.9240552e-001
 -3.0793362e-001
 -3.3445102e-001
 -3.7219069e-001
 -4.2080087e-001
 -4.7934353e-001
 -5.4646750e-001
 -6.2049895e-001
 -6.9958285e-001
 -7.8177680e-001
 -8.6511285e-001
 -9.4768930e-001
 -1.0276506e+000
 -1.1032285e+000
 -1.1726762e+000
 -1.2342823e+000
 -1.2863193e+000
 -1.3271004e+000
 -1.3549796e+000
 -1.3684596e+000
 -1.3662485e+000
 -1.3473566e+000
 -1.3112193e+000
 -1.2577364e+000
 -1.1874371e+000
 -1.1014866e+000
 -1.0018327e+000
 -8.9117584e-001
 -7.7301215e-001
 -6.5150106e-001
 -5.3134357e-001
 -4.1756361e-001
 -3.1523838e-001
 -2.2918474e-001
 -1.6362399e-001
 -1.2186725e-001
 -1.0603355e-001
 -1.1687343e-001
 -1.5365108e-001
 -2.1412556e-001
 -2.9466922e-001
 -3.9041922e-001
 -4.9562137e-001
 -6.0397379e-001
 -7.0908646e-001
 -8.0491182e-001
 -8.8616261e-001
 -9.4865075e-001
 -9.8953203e-001
 -1.0074415e+000
 -1.0025049e+000
 -9.7625086e-001
 -9.3141127e-001
 -8.7165370e-001
 -8.0126369e-001
 -7.2479121e-001
 -6.4674285e-001
 -5.7124639e-001
 -5.0185856e-001
 -4.4137641e-001
 -3.9180364e-001
 -3.5433028e-001
 -3.2943318e-001
 -3.1697811e-001
 -3.1638749e-001
 -3.2677808e-001
 -3.4712039e-001
 -3.7634161e-001
 -4.1340942e-001
 -4.5739695e-001
 -5.0746309e-001
 -5.6281822e-001
 -6.2263294e-001
 -6.8592482e-001
 -7.5146577e-001
 -8.1770553e-001
 -8.8274211e-001
 -9.4432571e-001
 -9.9993457e-001
 -1.0468400e+000
 -1.0822945e+000
 -1.1036609e+000
 -1.1086635e+000
 -1.0955742e+000
 -1.0634354e+000
 -1.0122027e+000
 -9.4284659e-001
 -8.5737333e-001
 -7.5875962e-001
 -6.5082591e-001
 -5.3802707e-001
 -4.2518169e-001
 -3.1719810e-001
 -2.1875553e-001
 -1.3405729e-001
 -6.6590365e-002
 -1.8973843e-002
  7.1645010e-003
  1.1210113e-002
 -6.4287055e-003
 -4.4428256e-002
 -1.0063991e-001
 -1.7229098e-001
 -2.5614206e-001
 -3.4871549e-001
 -4.4646735e-001
 -5.4597301e-001
 -6.4406643e-001
 -7.3793768e-001
 -8.2519081e-001
 -9.0385086e-001
 -9.7234898e-001
 -1.0294769e+000
 -1.0743396e+000
 -1.1063076e+000
 -1.1249696e+000
 -1.1301247e+000
 -1.1217566e+000
 -1.1000828e+000
 -1.0655743e+000
 -1.0190356e+000
 -9.6164171e-001
 -8.9500198e-001
 -8.2115137e-001
 -7.4255510e-001
 -6.6203644e-001
 -5.8270171e-001
 -5.0779012e-001
 -4.4053313e-001
 -3.8395470e-001
 -3.4070396e-001
 -3.1288204e-001
 -3.0189637e-001
 -3.0835846e-001
 -3.3200968e-001
 -3.7169588e-001
 -4.2540775e-001
 -4.9034624e-001
 -5.6308629e-001
 -6.3974598e-001
 -7.1623493e-001
 -7.8847778e-001
 -8.5267832e-001
 -9.0550569e-001
 -9.4430487e-001
 -9.6720234e-001
 -9.7321120e-001
 -9.6223346e-001
 -9.3504141e-001
 -8.9317073e-001
 -8.3879904e-001
 -7.7456683e-001
 -7.0340461e-001
 -6.2834684e-001
 -5.5236912e-001
 -4.7823128e-001
 -4.0837736e-001
 -3.4483972e-001
 -2.8922442e-001
 -2.4269674e-001
 -2.0603855e-001
 -1.7967888e-001
 -1.6378361e-001
 -1.5830255e-001
 -1.6304432e-001
 -1.7769799e-001
 -2.0186410e-001
 -2.3502054e-001
 -2.7651123e-001
 -3.2548064e-001
 -3.8084530e-001
 -4.4123780e-001
 -5.0499259e-001
 -5.7014802e-001
 -6.3447274e-001
 -6.9552432e-001
 -7.5073460e-001
 -7.9750752e-001
 -8.3336053e-001
 -8.5606271e-001
 -8.6380434e-001
 -8.5531827e-001
 -8.3003243e-001
 -7.8812663e-001
 -7.3061928e-001
 -6.5934484e-001
 -5.7693883e-001
 -4.8670649e-001
 -3.9250126e-001
 -2.9850610e-001
 -2.0903714e-001
 -1.2829038e-001
 -6.0128233e-002
 -7.8391963e-003
  2.6026629e-002
  3.9805805e-002
  3.2787943e-002
  5.2512084e-003
 -4.1587297e-002
 -1.0565166e-001
 -1.8415335e-001
 -2.7376418e-001
 -3.7081179e-001
 -4.7147351e-001
 -5.7197154e-001
 -6.6872755e-001
 -7.5851865e-001
 -8.3856870e-001
 -9.0664478e-001
 -9.6107365e-001
 -1.0007778e+000
 -1.0252338e+000
 -1.0344613e+000
 -1.0289453e+000
 -1.0096002e+000
 -9.7767445e-001
 -9.3470921e-001
 -8.8245731e-001
 -8.2284830e-001
 -7.5791667e-001
 -6.8977558e-001
 -6.2055723e-001
 -5.5238587e-001
 -4.8733267e-001
 -4.2737755e-001
 -3.7435477e-001
 -3.2990255e-001
 -2.9539679e-001
 -2.7190150e-001
 -2.6009687e-001
 -2.6025163e-001
 -2.7218072e-001
 -2.9525417e-001
 -3.2839506e-001
 -3.7013803e-001
 -4.1864675e-001
 -4.7182425e-001
 -5.2735781e-001
 -5.8286700e-001
 -6.3598672e-001
 -6.8451350e-001
 -7.2651146e-001
 -7.6040908e-001
 -7.8504348e-001
 -7.9970084e-001
 -8.0407654e-001
 -7.9827587e-001
 -7.8274941e-001
 -7.5827129e-001
 -7.2587962e-001
 -6.8684463e-001
 -6.4260480e-001
 -5.9473453e-001
 -5.4488471e-001
 -4.9475460e-001
 -4.4604567e-001
 -4.0043666e-001
 -3.5952914e-001
 -3.2482357e-001
 -2.9766247e-001
 -2.7920464e-001
 -2.7036375e-001
 -2.7178159e-001
 -2.8376378e-001
 -3.0625892e-001
 -3.3881567e-001
 -3.8057697e-001
 -4.3026172e-001
 -4.8619292e-001
 -5.4629867e-001
 -6.0819220e-001
 -6.6921712e-001
 -7.2657976e-001
 -7.7744458e-001
 -8.1909742e-001
 -8.4905721e-001
 -8.6523590e-001
 -8.6603490e-001
 -8.5046352e-001
 -8.1818793e-001
 -7.6958477e-001
 -7.0570524e-001
 -6.2825955e-001
 -5.3951233e-001
 -4.4220702e-001
 -3.3943422e-001
 -2.3451477e-001
 -1.3084309e-001
 -3.1760697e-002
  5.9596536e-002
  1.4040026e-001
  2.0824633e-001
  2.6120630e-001
  2.9789715e-001
  3.1747472e-001
  3.1964871e-001
  3.0462961e-001
  2.7310258e-001
  2.2615147e-001
  1.6522082e-001
  9.2039433e-002
  8.5855004e-003
 -8.2977786e-002
 -1.8032393e-001
 -2.8101625e-001
 -3.8252864e-001
 -4.8229725e-001
 -5.7775086e-001
 -6.6637948e-001
 -7.4576310e-001
 -8.1366994e-001
 -8.6810733e-001
 -9.0744307e-001
 -9.3047169e-001
 -9.3653204e-001
 -9.2555211e-001
 -8.9812740e-001
 -8.5551386e-001
 -7.9963722e-001
 -7.3301430e-001
 -6.5868178e-001
 -5.8004285e-001
 -5.0072815e-001
 -4.2439809e-001
 -3.5456838e-001
 -2.9441622e-001
 -2.4662181e-001
 -2.1319223e-001
 -1.9537230e-001
 -1.9355351e-001
 -2.0728822e-001
 -2.3529889e-001
 -2.7559525e-001
 -3.2557773e-001
 -3.8222398e-001
 -4.4225231e-001
 -5.0232796e-001
 -5.5921770e-001
 -6.0997449e-001
 -6.5202333e-001
 -6.8329924e-001
 -7.0226816e-001
 -7.0799950e-001
 -7.0015637e-001
 -6.7899627e-001
 -6.4530211e-001
 -6.0032771e-001
 -5.4568912e-001
 -4.8328822e-001
 -4.1520750e-001
 -3.4364311e-001
 -2.7081729e-001
 -1.9893759e-001
 -1.3014865e-001
 -6.6516483e-002
 -9.9896189e-003
  3.7598785e-002
  7.4591792e-002
  9.9499728e-002
  1.1106642e-001
  1.0827020e-001
  9.0397021e-002
  5.7060782e-002
  8.2940473e-003
 -5.5421916e-002
 -1.3307524e-001
 -2.2310880e-001
 -3.2337727e-001
 -4.3118174e-001
 -5.4327882e-001
 -6.5599012e-001
 -7.6529602e-001
 -8.6701738e-001
 -9.5698346e-001
 -1.0312564e+000
 -1.0863098e+000
 -1.1192505e+000
 -1.1279646e+000
 -1.1112845e+000
 -1.0690615e+000
 -1.0022341e+000
 -9.1278816e-001
 -8.0371009e-001
 -6.7882319e-001
 -5.4264196e-001
 -4.0012979e-001
 -2.5649417e-001
 -1.1691436e-001
  1.3671570e-002
  1.3080471e-001
  2.3067687e-001
  3.1029543e-001
  3.6756979e-001
  4.0140580e-001
  4.1168072e-001
  3.9924041e-001
  3.6577137e-001
  3.1370111e-001
  2.4600802e-001
  1.6608326e-001
  7.7531631e-002
 -1.5969956e-002
 -1.1083924e-001
 -2.0368150e-001
 -2.9140908e-001
 -3.7127258e-001
 -4.4093900e-001
 -4.9849759e-001
 -5.4250740e-001
 -5.7199601e-001
 -5.8649028e-001
 -5.8598949e-001
 -5.7099229e-001
 -5.4245882e-001
 -5.0183379e-001
 -4.5100247e-001
 -3.9229698e-001
 -3.2841680e-001
 -2.6240103e-001
 -1.9750897e-001
 -1.3714661e-001
 -8.4706532e-002
 -4.3453988e-002
 -1.6331084e-002
 -5.8290773e-003
 -1.3798822e-002
 -4.1347871e-002
 -8.8706854e-002
 -1.5519036e-001
 -2.3915187e-001
 -3.3803876e-001
 -4.4843428e-001
 -5.6621833e-001
 -6.8670564e-001
 -8.0489005e-001
 -9.1566279e-001
 -1.0140896e+000
 -1.0956348e+000
 -1.1564139e+000
 -1.1933548e+000
 -1.2043813e+000
 -1.1884702e+000
 -1.1457415e+000
 -1.0774015e+000
 -9.8573198e-001
 -8.7394702e-001
 -7.4608637e-001
 -6.0681694e-001
 -4.6125482e-001
 -3.1471531e-001
 -1.7251282e-001
 -3.9700814e-002
  7.9098999e-002
  1.7989489e-001
  2.5943322e-001
  3.1532092e-001
  3.4605767e-001
  3.5109014e-001
  3.3076905e-001
  2.8633805e-001
  2.1983077e-001
  1.3401040e-001
  3.2225364e-002
 -8.1675530e-002
 -2.0350787e-001
 -3.2886167e-001
 -4.5326818e-001
 -5.7231401e-001
 -6.8180388e-001
 -7.7784444e-001
 -8.5700490e-001
 -9.1637807e-001
 -9.5373390e-001
 -9.6756624e-001
 -9.5721610e-001
 -9.2288723e-001
 -8.6571001e-001
 -7.8768845e-001
 -6.9168546e-001
 -5.8128917e-001
 -4.6071821e-001
 -3.3462059e-001
 -2.0791538e-001
 -8.5559929e-002
  2.7639864e-002
  1.2726354e-001
  2.0944883e-001
  2.7110441e-001
  3.1001247e-001
  3.2497430e-001
  3.1581070e-001
  2.8338664e-001
  2.2951208e-001
  1.5687005e-001
  6.8841845e-002
 -3.0609991e-002
 -1.3716031e-001
 -2.4625684e-001
 -3.5334870e-001
 -4.5401165e-001
 -5.4415536e-001
 -6.2011772e-001
 -6.7882568e-001
 -7.1785684e-001
 -7.3554185e-001
 -7.3097045e-001
 -7.0404021e-001
 -6.5541067e-001
 -5.8651193e-001
 -4.9946404e-001
 -3.9705629e-001
 -2.8263588e-001
 -1.6005907e-001
 -3.3556152e-002
  9.2348760e-002
  2.1301146e-001
  3.2377533e-001
  4.2018878e-001
  4.9812382e-001
  5.5400785e-001
  5.8493110e-001
  5.8884607e-001
  5.6463759e-001
  5.1226211e-001
  4.3275405e-001
  3.2827778e-001
  2.0204582e-001
  5.8269601e-002
 -9.8023532e-002
 -2.6112859e-001
 -4.2493816e-001
 -5.8315792e-001
 -7.2963057e-001
 -8.5858997e-001
 -9.6496824e-001
 -1.0446109e+000
 -1.0945054e+000
 -1.1128822e+000
 -1.0993274e+000
 -1.0547456e+000
 -9.8135109e-001
 -8.8250006e-001
 -7.6257765e-001
 -6.2674592e-001
 -4.8075912e-001
 -3.3067453e-001
 -1.8264185e-001
 -4.2604212e-002
  8.3883170e-002
  1.9191970e-001
  2.7736905e-001
  3.3704301e-001
  3.6872507e-001
  3.7126372e-001
  3.4452011e-001
  2.8938788e-001
  2.0768890e-001
  1.0214245e-001
 -2.3771196e-002
 -1.6586256e-001
 -3.1939732e-001
 -4.7916082e-001
 -6.3965217e-001
 -7.9518645e-001
 -9.4011769e-001
 -1.0689699e+000
 -1.1766793e+000
 -1.2587362e+000
 -1.3114260e+000
 -1.3319553e+000
 -1.3186610e+000
 -1.2710740e+000
 -1.1900597e+000
 -1.0777890e+000
 -9.3777651e-001
 -7.7472935e-001
 -5.9446362e-001
 -4.0362596e-001
 -2.0949171e-001
 -1.9606716e-002
  1.5849779e-001
  3.1769962e-001
  4.5158619e-001
  5.5482552e-001
  6.2339339e-001
  6.5483844e-001
  6.4836114e-001
  6.0489484e-001
  5.2700176e-001
  4.1876738e-001
  2.8552541e-001
  1.3362315e-001
 -2.9973135e-002
 -1.9797773e-001
 -3.6322003e-001
 -5.1891462e-001
 -6.5904869e-001
 -7.7855407e-001
 -8.7357377e-001
 -9.4150374e-001
 -9.8109852e-001
 -9.9237209e-001
 -9.7655538e-001
 -9.3586523e-001
 -8.7337682e-001
 -7.9272098e-001
 -6.9794965e-001
 -5.9327405e-001
 -4.8297569e-001
 -3.7122583e-001
 -2.6206012e-001
 -1.5925093e-001
 -6.6335156e-002
  1.3483236e-002
  7.7282453e-002
  1.2251991e-001
  1.4699596e-001
  1.4898064e-001
  1.2721703e-001
  8.1072627e-002
  1.0576062e-002
 -8.3412464e-002
 -1.9917647e-001
 -3.3399850e-001
 -4.8421457e-001
 -6.4516687e-001
 -8.1138598e-001
 -9.7669567e-001
 -1.1345282e+000
 -1.2781603e+000
 -1.4011232e+000
 -1.4974761e+000
 -1.5622381e+000
 -1.5916235e+000
 -1.5834026e+000
 -1.5370122e+000
 -1.4537532e+000
 -1.3367103e+000
 -1.1907300e+000
 -1.0221289e+000
 -8.3846193e-001
 -6.4804188e-001
 -4.5957896e-001
 -2.8161026e-001
 -1.2213332e-001
  1.1904472e-002
  1.1485737e-001
  1.8272503e-001
  2.1320734e-001
  2.0583587e-001
  1.6180926e-001
  8.3922553e-002
 -2.3774539e-002
 -1.5619037e-001
 -3.0761966e-001
 -4.7199125e-001
 -6.4327840e-001
 -8.1567951e-001
 -9.8393061e-001
 -1.1433585e+000
 -1.2900613e+000
 -1.4208282e+000
 -1.5332096e+000
 -1.6253392e+000
 -1.6959529e+000
 -1.7441861e+000
 -1.7696105e+000
 -1.7720619e+000
 -1.7517443e+000
 -1.7091295e+000
 -1.6451295e+000
 -1.5610660e+000
 -1.4588642e+000
 -1.3410074e+000
 -1.2106906e+000
 -1.0716895e+000
 -9.2841930e-001
 -7.8569335e-001
 -6.4866393e-001
 -5.2246391e-001
 -4.1205226e-001
 -3.2179264e-001
 -2.5527421e-001
 -2.1490403e-001
 -2.0180563e-001
 -2.1551764e-001
 -2.5406599e-001
 -3.1385824e-001
 -3.8997747e-001
 -4.7628632e-001
 -5.6592287e-001
 -6.5155621e-001
 -7.2599745e-001
 -7.8250867e-001
 -8.1539859e-001
 -8.2024956e-001
 -7.9436529e-001
 -7.3679695e-001
 -6.4855720e-001
 -5.3238944e-001
 -3.9273996e-001
 -2.3528782e-001
 -6.6744207e-002
  1.0576028e-001
  2.7492853e-001
  4.3391661e-001
  5.7651356e-001
  6.9763203e-001
  7.9332754e-001
  8.6110115e-001
  8.9972445e-001
  9.0936805e-001
  8.9125368e-001
  8.4766861e-001
  7.8151307e-001
  6.9627336e-001
  5.9555714e-001
  4.8311234e-001
  3.6242897e-001
  2.3687769e-001
  1.0941329e-001
 -1.7161912e-002
 -1.4041205e-001
 -2.5792871e-001
 -3.6752219e-001
 -4.6686564e-001
 -5.5374017e-001
 -6.2573298e-001
 -6.8059044e-001
 -7.1601350e-001
 -7.3012514e-001
 -7.2132275e-001
 -6.8882062e-001
 -6.3247795e-001
 -5.5334055e-001
 -4.5336968e-001
 -3.3589411e-001
 -2.0516548e-001
 -6.6658165e-002
  7.3603550e-002
  2.0889322e-001
  3.3266293e-001
  4.3845718e-001
  5.2090804e-001
  5.7558316e-001
  5.9994986e-001
  5.9301166e-001
  5.5614905e-001
  4.9242262e-001
  4.0725847e-001
  3.0735244e-001
  2.0123522e-001
  9.7781599e-002
  6.8004186e-003
 -6.2802692e-002
 -1.0216105e-001
 -1.0461327e-001
 -6.4199174e-002
  2.1646596e-002
  1.5497371e-001
  3.3301985e-001
  5.5534138e-001
