 -5.5967728e-001
 -1.4801552e+000
 -2.0161144e+000
 -2.2370950e+000
 -2.2375579e+000
 -2.1130595e+000
 -1.9442578e+000
 -1.7885563e+000
 -1.6781767e+000
 -1.6229275e+000
 -1.6158127e+000
 -1.6397797e+000
 -1.6742434e+000
 -1.7004332e+000
 -1.7050316e+000
 -1.6819471e+000
 -1.6323662e+000
 -1.5634412e+000
 -1.4860904e+000
 -1.4124265e+000
 -1.3532918e+000
 -1.3162900e+000
 -1.3045776e+000
 -1.3165322e+000
 -1.3462738e+000
 -1.3848870e+000
 -1.4221029e+000
 -1.4481417e+000
 -1.4554155e+000
 -1.4398222e+000
 -1.4014381e+000
 -1.3445129e+000
 -1.2767797e+000
 -1.2081986e+000
 -1.1493342e+000
 -1.1096218e+000
 -1.0957931e+000
 -1.1107037e+000
 -1.1527481e+000
 -1.2159543e+000
 -1.2907554e+000
 -1.3653267e+000
 -1.4273003e+000
 -1.4656051e+000
 -1.4721644e+000
 -1.4431994e+000
 -1.3799427e+000
 -1.2886500e+000
 -1.1798971e+000
 -1.0672531e+000
 -9.6550973e-001
 -8.8870970e-001
 -8.4824890e-001
 -8.5131614e-001
 -8.9988859e-001
 -9.9042360e-001
 -1.1142907e+000
 -1.2588852e+000
 -1.4092697e+000
 -1.5501191e+000
 -1.6677032e+000
 -1.7516382e+000
 -1.7961716e+000
 -1.8008350e+000
 -1.7703827e+000
 -1.7140378e+000
 -1.6441597e+000
 -1.5745244e+000
 -1.5184589e+000
 -1.4870864e+000
 -1.4879171e+000
 -1.5239676e+000
 -1.5935137e+000
 -1.6904920e+000
 -1.8054742e+000
 -1.9270623e+000
 -2.0434970e+000
 -2.1442492e+000
 -2.2213723e+000
 -2.2704358e+000
 -2.2909223e+000
 -2.2860519e+000
 -2.2620794e+000
 -2.2271831e+000
 -2.1901200e+000
 -2.1588471e+000
 -2.1393128e+000
 -2.1345849e+000
 -2.1444348e+000
 -2.1654252e+000
 -2.1914738e+000
 -2.2148010e+000
 -2.2271146e+000
 -2.2208543e+000
 -2.1903175e+000
 -2.1325065e+000
 -2.0475859e+000
 -1.9388934e+000
 -1.8125160e+000
 -1.6765031e+000
 -1.5398377e+000
 -1.4113159e+000
 -1.2984940e+000
 -1.2068434e+000
 -1.1392224e+000
 -1.0957188e+000
 -1.0738669e+000
 -1.0691859e+000
 -1.0759441e+000
 -1.0880271e+000
 -1.0997789e+000
 -1.1066980e+000
 -1.1058984e+000
 -1.0962879e+000
 -1.0784611e+000
 -1.0543479e+000
 -1.0266957e+000
 -9.9848243e-001
 -9.7236388e-001
 -9.5024537e-001
 -9.3304267e-001
 -9.2066045e-001
 -9.1217818e-001
 -9.0619693e-001
 -9.0127408e-001
 -8.9635861e-001
 -8.9114147e-001
 -8.8625117e-001
 -8.8325307e-001
 -8.8444568e-001
 -8.9248377e-001
 -9.0988968e-001
 -9.3853562e-001
 -9.7918798e-001
 -1.0311973e+000
 -1.0923960e+000
 -1.1592353e+000
 -1.2271525e+000
 -1.2911240e+000
 -1.3463282e+000
 -1.3888189e+000
 -1.4161093e+000
 -1.4275715e+000
 -1.4245857e+000
 -1.4104055e+000
 -1.3897498e+000
 -1.3681710e+000
 -1.3512852e+000
 -1.3439695e+000
 -1.3496441e+000
 -1.3697395e+000
 -1.4034321e+000
 -1.4476883e+000
 -1.4976175e+000
 -1.5470879e+000
 -1.5895254e+000
 -1.6187835e+000
 -1.6299685e+000
 -1.6201052e+000
 -1.5885521e+000
 -1.5371119e+000
 -1.4698215e+000
 -1.3924547e+000
 -1.3118059e+000
 -1.2348554e+000
 -1.1679288e+000
 -1.1159645e+000
 -1.0819830e+000
 -1.0668237e+000
 -1.0691751e+000
 -1.0858833e+000
 -1.1124851e+000
 -1.1438838e+000
 -1.1750659e+000
 -1.2017596e+000
 -1.2209441e+000
 -1.2311460e+000
 -1.2324922e+000
 -1.2265251e+000
 -1.2158199e+000
 -1.2034727e+000
 -1.1925406e+000
 -1.1855244e+000
 -1.1839667e+000
 -1.1882251e+000
 -1.1974448e+000
 -1.2097281e+000
 -1.2224657e+000
 -1.2327714e+000
 -1.2379493e+000
 -1.2359193e+000
 -1.2255342e+000
 -1.2067454e+000
 -1.1805936e+000
 -1.1490333e+000
 -1.1146234e+000
 -1.0801366e+000
 -1.0481515e+000
 -1.0206911e+000
 -9.9896277e-001
 -9.8323588e-001
 -9.7287039e-001
 -9.6648540e-001
 -9.6223381e-001
 -9.5813373e-001
 -9.5239924e-001
 -9.4371548e-001
 -9.3141387e-001
 -9.1552153e-001
 -8.9668111e-001
 -8.7595977e-001
 -8.5458529e-001
 -8.3365949e-001
 -8.1390345e-001
 -7.9548328e-001
 -7.7795172e-001
 -7.6032052e-001
 -7.4125604e-001
 -7.1936812e-001
 -6.9354490e-001
 -6.6327606e-001
 -6.2890621e-001
 -5.9176901e-001
 -5.5416958e-001
 -5.1920620e-001
 -4.9044758e-001
 -4.7150563e-001
 -4.6556259e-001
 -4.7492071e-001
 -5.0064298e-001
 -5.4234253e-001
 -5.9815850e-001
 -6.6493044e-001
 -7.3855439e-001
 -8.1447710e-001
 -8.8826362e-001
 -9.5616118e-001
 -1.0155810e+000
 -1.0654296e+000
 -1.1062408e+000
 -1.1400872e+000
 -1.1702801e+000
 -1.2008955e+000
 -1.2361909e+000
 -1.2799888e+000
 -1.3351122e+000
 -1.4029472e+000
 -1.4831918e+000
 -1.5738244e+000
 -1.6712956e+000
 -1.7709159e+000
 -1.8673869e+000
 -1.9554058e+000
 -2.0302608e+000
 -2.0883445e+000
 -2.1275181e+000
 -2.1472863e+000
 -2.1487674e+000
 -2.1344698e+000
 -2.1079145e+000
 -2.0731587e+000
 -2.0342884e+000
 -1.9949469e+000
 -1.9579585e+000
 -1.9250896e+000
 -1.8969661e+000
 -1.8731455e+000
 -1.8523194e+000
 -1.8326037e+000
 -1.8118689e+000
 -1.7880565e+000
 -1.7594397e+000
 -1.7247938e+000
 -1.6834642e+000
 -1.6353355e+000
 -1.5807205e+000
 -1.5202025e+000
 -1.4544676e+000
 -1.3841627e+000
 -1.3098095e+000
 -1.2317880e+000
 -1.1503921e+000
 -1.0659430e+000
 -9.7893338e-001
 -8.9016983e-001
 -8.0087867e-001
 -7.1274590e-001
 -6.2787315e-001
 -5.4864578e-001
 -4.7752548e-001
 -4.1679399e-001
 -3.6828506e-001
 -3.3314681e-001
 -3.1167418e-001
 -3.0324282e-001
 -3.0636119e-001
 -3.1884037e-001
 -3.3806272e-001
 -3.6131466e-001
 -3.8613756e-001
 -4.1064643e-001
 -4.3376912e-001
 -4.5536909e-001
 -4.7623133e-001
 -4.9791048e-001
 -5.2246097e-001
 -5.5208647e-001
 -5.8875900e-001
 -6.3386324e-001
 -6.8791887e-001
 -7.5042328e-001
 -8.1983982e-001
 -8.9373585e-001
 -9.6905308e-001
 -1.0424730e+000
 -1.1108262e+000
 -1.1714869e+000
 -1.2226971e+000
 -1.2637717e+000
 -1.2951570e+000
 -1.3183310e+000
 -1.3355618e+000
 -1.3495559e+000
 -1.3630483e+000
 -1.3783918e+000
 -1.3972038e+000
 -1.4201211e+000
 -1.4466974e+000
 -1.4754566e+000
 -1.5040939e+000
 -1.5297961e+000
 -1.5496340e+000
 -1.5609723e+000
 -1.5618374e+000
 -1.5511945e+000
 -1.5290941e+000
 -1.4966704e+000
 -1.4559935e+000
 -1.4097985e+000
 -1.3611310e+000
 -1.3129592e+000
 -1.2678066e+000
 -1.2274552e+000
 -1.1927567e+000
 -1.1635744e+000
 -1.1388588e+000
 -1.1168412e+000
 -1.0953141e+000
 -1.0719567e+000
 -1.0446587e+000
 -1.0117996e+000
 -9.7244735e-001
 -9.2645626e-001
 -8.7445628e-001
 -8.1774477e-001
 -7.5810279e-001
 -6.9756771e-001
 -6.3819764e-001
 -5.8186061e-001
 -5.3007475e-001
 -4.8391489e-001
 -4.4398880e-001
 -4.1047445e-001
 -3.8320050e-001
 -3.6174664e-001
 -3.4553964e-001
 -3.3392496e-001
 -3.2620107e-001
 -3.2161360e-001
 -3.1931657e-001
 -3.1831648e-001
 -3.1742046e-001
 -3.1521099e-001
 -3.1006594e-001
 -3.0023514e-001
 -2.8397445e-001
 -2.5972601e-001
 -2.2632321e-001
 -1.8319071e-001
 -1.3050624e-001
 -6.9293208e-002
 -1.4199221e-003
  7.0506668e-002
  1.4335028e-001
  2.1373965e-001
  2.7841605e-001
  3.3459206e-001
  3.8027492e-001
  4.1451022e-001
  4.3750951e-001
  4.5063994e-001
  4.5627147e-001
  4.5749612e-001
  4.5775161e-001
  4.6039481e-001
  4.6827883e-001
  4.8338740e-001
  5.0657393e-001
  5.3743892e-001
  5.7436181e-001
  6.1468263e-001
  6.5500991e-001
  6.9161417e-001
  7.2085620e-001
  7.3959527e-001
  7.4552610e-001
  7.3740411e-001
  7.1513408e-001
  6.7971645e-001
  6.3306444e-001
  5.7772175e-001
  5.1652303e-001
  4.5224482e-001
  3.8729365e-001
  3.2347060e-001
  2.6183867e-001
  2.0270357e-001
  1.4570170e-001
  8.9974529e-002
  3.4396931e-002
 -2.2178001e-002
 -8.0695528e-002
 -1.4172886e-001
 -2.0538311e-001
 -2.7128191e-001
 -3.3863106e-001
 -4.0634188e-001
 -4.7318805e-001
 -5.3796587e-001
 -5.9962932e-001
 -6.5737720e-001
 -7.1067937e-001
 -7.5924070e-001
 -8.0291291e-001
 -8.4157407e-001
 -8.7500120e-001
 -9.0276312e-001
 -9.2415693e-001
 -9.3820412e-001
 -9.4371173e-001
 -9.3939235e-001
 -9.2402588e-001
 -8.9663823e-001
 -8.5666749e-001
 -8.0408957e-001
 -7.3948038e-001
 -6.6400145e-001
 -5.7930777e-001
 -4.8738914e-001
 -3.9036736e-001
 -2.9027936e-001
 -1.8887919e-001
 -8.7489687e-002
  1.3072720e-002
  1.1248793e-001
  2.1083815e-001
  3.0844500e-001
  4.0566453e-001
  5.0267456e-001
  5.9929113e-001
  6.9484738e-001
  7.8815930e-001
  8.7758951e-001
  9.6120460e-001
  1.0370064e+000
  1.1032039e+000
  1.1584854e+000
  1.2022455e+000
  1.2347291e+000
  1.2570622e+000
  1.2711558e+000
  1.2794878e+000
  1.2847843e+000
  1.2896403e+000
  1.2961284e+000
  1.3054483e+000
  1.3176700e+000
  1.3316080e+000
  1.3448536e+000
  1.3539660e+000
  1.3548074e+000
  1.3429846e+000
  1.3143453e+000
  1.2654700e+000
  1.1940998e+000
  1.0994466e+000
  9.8234770e-001
  8.4524692e-001
  6.9200354e-001
  5.2755422e-001
  3.5746921e-001
  1.8745712e-001
  2.2877251e-002
 -1.3168433e-001
 -2.7272855e-001
 -3.9801628e-001
 -5.0658872e-001
 -5.9864340e-001
 -6.7529197e-001
 -7.3823938e-001
 -7.8943236e-001
 -8.3072567e-001
 -8.6360954e-001
 -8.8903063e-001
 -9.0732398e-001
 -9.1825750e-001
 -9.2117463e-001
 -9.1520855e-001
 -8.9953278e-001
 -8.7361011e-001
 -8.3740456e-001
 -7.9152753e-001
 -7.3730044e-001
 -6.7672768e-001
 -6.1238619e-001
 -5.4724769e-001
 -4.8445688e-001
 -4.2709240e-001
 -3.7793627e-001
 -3.3927426e-001
 -3.1274286e-001
 -2.9923135e-001
 -2.9884015e-001
 -3.1089057e-001
 -3.3397728e-001
 -3.6605299e-001
 -4.0453563e-001
 -4.4643051e-001
 -4.8846271e-001
 -5.2721815e-001
 -5.5929331e-001
 -5.8145391e-001
 -5.9080139e-001
 -5.8494266e-001
 -5.6215492e-001
 -5.2153309e-001
 -4.6310447e-001
 -3.8789414e-001
 -2.9792637e-001
 -1.9615145e-001
 -8.6294434e-002
  2.7368777e-002
  1.4029356e-001
  2.4798350e-001
  3.4631248e-001
  4.3181924e-001
  5.0194296e-001
  5.5517357e-001
  5.9110024e-001
  6.1035321e-001
  6.1444752e-001
  6.0554976e-001
  5.8619896e-001
  5.5901878e-001
  5.2645925e-001
  4.9060154e-001
  4.5305048e-001
  4.1492592e-001
  3.7694970e-001
  3.3961005e-001
  3.0337298e-001
  2.6890241e-001
  2.3724822e-001
  2.0996499e-001
  1.8913345e-001
  1.7727062e-001
  1.7713055e-001
  1.9141470e-001
  2.2242499e-001
  2.7170327e-001
  3.3970506e-001
  4.2555358e-001
  5.2691146e-001
  6.3999384e-001
  7.5972935e-001
  8.8005710e-001
  9.9433109e-001
  1.0957900e+000
  1.1780432e+000
  1.2355218e+000
  1.2638499e+000
  1.2601023e+000
  1.2229292e+000
  1.1525457e+000
  1.0506017e+000
  9.1995952e-001
  7.6441545e-001
  5.8840561e-001
  3.9673231e-001
  1.9433919e-001
 -1.3848815e-002
 -2.2301810e-001
 -4.2850257e-001
 -6.2578446e-001
 -8.1048726e-001
 -9.7838830e-001
 -1.1254746e+000
 -1.2480548e+000
 -1.3429299e+000
 -1.4076073e+000
 -1.4405379e+000
 -1.4413373e+000
 -1.4109593e+000
 -1.3517810e+000
 -1.2675766e+000
 -1.1633617e+000
 -1.0451123e+000
 -9.1937479e-001
 -7.9280109e-001
 -6.7165464e-001
 -5.6133722e-001
 -4.6598716e-001
 -3.8819153e-001
 -3.2884178e-001
 -2.8714534e-001
 -2.6078694e-001
 -2.4621561e-001
 -2.3901953e-001
 -2.3434143e-001
 -2.2728568e-001
 -2.1327239e-001
 -1.8830437e-001
 -1.4912799e-001
 -9.3285618e-002
 -1.9073797e-002
  7.4565027e-002
  1.8818138e-001
  3.2194985e-001
  4.7575860e-001
  6.4923333e-001
  8.4168632e-001
  1.0519971e+000
  1.2784464e+000
  1.5185391e+000
  1.7688546e+000
  2.0249695e+000
  2.2814852e+000
  2.5321832e+000
  2.7703134e+000
  2.9890011e+000
  3.1817379e+000
  3.3429099e+000
  3.4683028e+000
  3.5555243e+000
  3.6042887e+000
  3.6165205e+000
  3.5962558e+000
  3.5493397e+000
  3.4829443e+000
  3.4049513e+000
  3.3232613e+000
  3.2450986e+000
  3.1763851e+000
  3.1212469e+000
  3.0817027e+000
  3.0575644e+000
  3.0465550e+000
  3.0446265e+000
  3.0464385e+000
  3.0459429e+000
  3.0370096e+000
  3.0140278e+000
  2.9724209e+000
  2.9090279e+000
  2.8223177e+000
  2.7124256e+000
  2.5810182e+000
  2.4310113e+000
  2.2661802e+000
  2.0907090e+000
  1.9087293e+000
  1.7238976e+000
  1.5390498e+000
  1.3559657e+000
  1.1752596e+000
  9.9640152e-001
  8.1786068e-001
  6.3735274e-001
  4.5216288e-001
  2.5951318e-001
  5.6939848e-002
 -1.5735314e-001
 -3.8419441e-001
 -6.2322474e-001
 -8.7277451e-001
 -1.1298502e+000
 -1.3902327e+000
 -1.6486825e+000
 -1.8992371e+000
 -2.1355801e+000
 -2.3514538e+000
 -2.5410828e+000
 -2.6995726e+000
 -2.8232491e+000
 -2.9099072e+000
 -2.9589428e+000
 -2.9713534e+000
 -2.9496034e+000
 -2.8973645e+000
 -2.8191528e+000
 -2.7198986e+000
 -2.6044901e+000
 -2.4773402e+000
 -2.3420199e+000
 -2.2009997e+000
 -2.0555253e+000
 -1.9056404e+000
 -1.7503505e+000
 -1.5879057e+000
 -1.4161624e+000
 -1.2329772e+000
 -1.0365780e+000
 -8.2586362e-001
 -6.0058946e-001
 -3.6141683e-001
 -1.0981943e-001
  1.5213526e-001
  4.2209353e-001
  6.9776004e-001
  9.7721956e-001
  1.2591760e+000
  1.5430588e+000
  1.8289628e+000
  2.1174145e+000
  2.4089806e+000
  2.7037638e+000
  3.0008524e+000
  3.2978030e+000
  3.5902416e+000
  3.8716591e+000
  4.1334589e+000
  4.3652883e+000
  4.5556466e+000
  4.6927324e+000
  4.7654557e+000
  4.7645157e+000
  4.6834295e+000
  4.5193994e+000
  4.2739127e+000
  3.9530006e+000
  3.5671144e+000
  3.1306218e+000
  2.6609654e+000
  2.1775691e+000
  1.7006000e+000
  1.2497137e+000
  8.4290797e-001
  4.9559500e-001
  2.1997406e-001
  2.4746018e-002
 -8.4830673e-002
 -1.0658676e-001
 -4.0871384e-002
  1.1013150e-001
  3.4308421e-001
  6.5406430e-001
  1.0389321e+000
  1.4934398e+000
  2.0130671e+000
  2.5926086e+000
  3.2255806e+000
  3.9035432e+000
  4.6154524e+000
  5.3471588e+000
  6.0811560e+000
  6.7966530e+000
  7.4700096e+000
  8.0755254e+000
  8.5865355e+000
  8.9767222e+000
  9.2215293e+000
  9.2995515e+000
  9.1937728e+000
  8.8925464e+000
  8.3902396e+000
  7.6875029e+000
  6.7911674e+000
  5.7138102e+000
  4.4730632e+000
  3.0907568e+000
  1.5920018e+000
  4.2997717e-003
 -1.6432416e+000
 -3.3205461e+000
 -4.9970475e+000
 -6.6420325e+000
 -8.2248976e+000
 -9.7153912e+000
 -1.1083913e+001
 -1.2301942e+001
 -1.3342636e+001
 -1.4181622e+001
 -1.4797962e+001
 -1.5175229e+001
 -1.5302614e+001
 -1.5175953e+001
 -1.4798538e+001
 -1.4181621e+001
 -1.3344484e+001
 -1.2314038e+001
 -1.1123914e+001
 -9.8130796e+000
 -8.4240566e+000
 -7.0008632e+000
 -5.5868220e+000
 -4.2224069e+000
 -2.9432940e+000
 -1.7787669e+000
 -7.5059526e-001
  1.2753753e-001
  8.5003357e-001
  1.4188324e+000
  1.8423917e+000
  2.1343108e+000
  2.3117385e+000
  2.3937184e+000
  2.3996192e+000
  2.3477813e+000
  2.2544760e+000
  2.1332370e+000
  1.9945792e+000
  1.8460774e+000
  1.6927397e+000
  1.5375873e+000
  1.3823315e+000
  1.2280421e+000
  1.0757101e+000
  9.2663043e-001
  7.8256219e-001
  6.4565851e-001
  5.1819253e-001
  4.0213834e-001
  2.9868759e-001
  2.0779491e-001
  1.2784510e-001
  5.5522003e-002
 -1.4064896e-002
 -8.6972768e-002
 -1.6975056e-001
 -2.6854880e-001
 -3.8809972e-001
 -5.3067843e-001
 -6.9516974e-001
 -8.7636432e-001
 -1.0645929e+000
 -1.2457779e+000
 -1.4019417e+000
 -1.5121647e+000
 -1.5539335e+000
 -1.5047796e+000
 -1.3440657e+000
 -1.0547578e+000
 -6.2501230e-001
 -4.9420339e-002
  6.7022033e-001
  1.5246899e+000
  2.4977170e+000
  3.5669048e+000
  4.7051231e+000
  5.8822300e+000
  7.0669499e+000
  8.2287191e+000
  9.3393187e+000
  1.0374137e+001
  1.1312954e+001
  1.2140195e+001
  1.2844667e+001
  1.3418861e+001
  1.3857946e+001
  1.4158631e+001
  1.4318082e+001
  1.4333077e+001
  1.4199544e+001
  1.3912589e+001
  1.3467031e+001
  1.2858424e+001
  1.2084433e+001
  1.1146400e+001
  1.0050894e+001
  8.8110177e+000
  7.4472488e+000
  5.9876631e+000
  4.4674216e+000
  2.9275011e+000
  1.4127325e+000
 -3.0708513e-002
 -1.3581397e+000
 -2.5292763e+000
 -3.5109176e+000
 -4.2791495e+000
 -4.8208373e+000
 -5.1342583e+000
 -5.2288092e+000
 -5.1238224e+000
 -4.8466180e+000
 -4.4299966e+000
 -3.9094345e+000
 -3.3202681e+000
 -2.6951437e+000
 -2.0619746e+000
 -1.4425764e+000
 -8.5207250e-001
 -2.9906573e-001
  2.1351327e-001
  6.8704473e-001
  1.1255615e+000
  1.5340312e+000
  1.9168096e+000
  2.2764576e+000
  2.6130561e+000
  2.9240789e+000
  3.2048009e+000
  3.4491502e+000
  3.6508499e+000
  3.8046611e+000
  3.9075279e+000
  3.9594446e+000
  3.9639049e+000
  3.9278540e+000
  3.8611366e+000
  3.7754998e+000
  3.6832767e+000
  3.5959161e+000
  3.5225504e+000
  3.4687851e+000
  3.4358722e+000
  3.4203753e+000
  3.4143780e+000
  3.4062169e+000
  3.3816561e+000
  3.3253697e+000
  3.2225600e+000
  3.0605295e+000
  2.8300300e+000
  2.5262465e+000
  2.1493153e+000
  1.7043382e+000
  1.2009082e+000
  6.5222105e-001
  7.3887188e-002
 -5.1741323e-001
 -1.1052804e+000
 -1.6748097e+000
 -2.2135544e+000
 -2.7121601e+000
 -3.1646343e+000
 -3.5682617e+000
 -3.9232131e+000
 -4.2319233e+000
 -4.4983334e+000
 -4.7270920e+000
 -4.9228066e+000
 -5.0894129e+000
 -5.2297112e+000
 -5.3450901e+000
 -5.4354357e+000
 -5.4992065e+000
 -5.5336399e+000
 -5.5350555e+000
 -5.4992182e+000
 -5.4217338e+000
 -5.2984555e+000
 -5.1258890e+000
 -4.9015874e+000
 -4.6245311e+000
 -4.2954806e+000
 -3.9172870e+000
 -3.4951354e+000
 -3.0366896e+000
 -2.5521027e+000
 -2.0538588e+000
 -1.5564226e+000
 -1.0756840e+000
 -6.2821215e-001
 -2.3035217e-001
  1.0277431e-001
  3.5828380e-001
  5.2646740e-001
  6.0155217e-001
  5.8220005e-001
  4.7167843e-001
  2.7766765e-001
  1.1709498e-002
 -3.1165874e-001
 -6.7600253e-001
 -1.0642092e+000
 -1.4596995e+000
 -1.8475028e+000
 -2.2150809e+000
 -2.5528167e+000
 -2.8541266e+000
 -3.1152007e+000
 -3.3344265e+000
 -3.5115923e+000
 -3.6469965e+000
 -3.7406020e+000
 -3.7913698e+000
 -3.7968822e+000
 -3.7533250e+000
 -3.6558474e+000
 -3.4992653e+000
 -3.2790198e+000
 -2.9922624e+000
 -2.6389130e+000
 -2.2225319e+000
 -1.7508635e+000
 -1.2359434e+000
 -6.9371514e-001
 -1.4315978e-001
  3.9499348e-001
  8.9985456e-001
  1.3520939e+000
  1.7356127e+000
  2.0389777e+000
  2.2564585e+000
  2.3885505e+000
  2.4419222e+000
  2.4287944e+000
  2.3658189e+000
  2.2725852e+000
  2.1699202e+000
  2.0781665e+000
  2.0156228e+000
  1.9973026e+000
  2.0341262e+000
  2.1326016e+000
  2.2949918e+000
  2.5199047e+000
  2.8031948e+000
  3.1390313e+000
  3.5209763e+000
  3.9429230e+000
  4.3997714e+000
  4.8877592e+000
  5.4044192e+000
  5.9481835e+000
  6.5177060e+000
  7.1110102e+000
  7.7245904e+000
  8.3525993e+000
  8.9862414e+000
  9.6134626e+000
  1.0218988e+001
  1.0784717e+001
  1.1290435e+001
  1.1714781e+001
  1.2036362e+001
  1.2234915e+001
  1.2292406e+001
  1.2193974e+001
  1.1928658e+001
  1.1489883e+001
  1.0875677e+001
  1.0088678e+001
  9.1359581e+000
  8.0287313e+000
  6.7820079e+000
  5.4142386e+000
  3.9469868e+000
  2.4046394e+000
  8.1414535e-001
 -7.9524621e-001
 -2.3922885e+000
 -3.9441247e+000
 -5.4168002e+000
 -6.7759250e+000
 -7.9874939e+000
 -9.0188496e+000
 -9.8397538e+000
 -1.0423513e+001
 -1.0748092e+001
 -1.0797153e+001
 -1.0560948e+001
 -1.0037020e+001
 -9.2306644e+000
 -8.1551409e+000
 -6.8316309e+000
 -5.2889444e+000
 -3.5630033e+000
 -1.6961201e+000
  2.6390809e-001
  2.2648755e+000
  4.2514078e+000
  6.1663639e+000
  7.9523998e+000
  9.5536898e+000
  1.0917785e+001
  1.1997572e+001
  1.2753273e+001
  1.3154388e+001
  1.3181485e+001
  1.2827683e+001
  1.2099721e+001
  1.1018451e+001
  9.6186814e+000
  7.9482725e+000
  6.0664918e+000
  4.0416509e+000
  1.9481384e+000
 -1.3699751e-001
 -2.1377080e+000
 -3.9826080e+000
 -5.6084003e+000
 -6.9628264e+000
 -8.0069457e+000
 -8.7165987e+000
 -9.0829761e+000
 -9.1122902e+000
 -8.8246157e+000
 -8.2520313e+000
 -7.4362419e+000
 -6.4258857e+000
 -5.2737430e+000
 -4.0340410e+000
 -2.7600201e+000
 -1.5018783e+000
 -3.0515553e-001
  7.9043082e-001
  1.7517371e+000
  2.5526009e+000
  3.1739935e+000
  3.6040063e+000
  3.8377475e+000
  3.8771969e+000
  3.7310362e+000
  3.4144384e+000
  2.9487711e+000
  2.3611518e+000
  1.6837902e+000
  9.5306180e-001
  2.0828360e-001
 -5.0980194e-001
 -1.1607884e+000
 -1.7065245e+000
 -2.1130683e+000
 -2.3525338e+000
 -2.4046773e+000
 -2.2580863e+000
 -1.9108573e+000
 -1.3706947e+000
 -6.5441431e-001
  2.1311119e-001
  1.2004741e+000
  2.2715875e+000
  3.3877142e+000
  4.5094984e+000
  5.5988371e+000
  6.6204555e+000
  7.5430910e+000
  8.3402378e+000
  8.9904572e+000
  9.4773047e+000
  9.7889640e+000
  9.9177021e+000
  9.8592666e+000
  9.6123413e+000
  9.1781496e+000
  8.5602652e+000
  7.7646502e+000
  6.7998976e+000
  5.6776270e+000
  4.4129479e+000
  3.0248998e+000
  1.5367694e+000
 -2.3797904e-002
 -1.6249567e+000
 -3.2311253e+000
 -4.8037597e+000
 -6.3024100e+000
 -7.6860115e+000
 -8.9143385e+000
 -9.9495434e+000
 -1.0757700e+001
 -1.1310274e+001
 -1.1585453e+001
 -1.1569289e+001
 -1.1256590e+001
 -1.0651558e+001
 -9.7681120e+000
 -8.6298996e+000
 -7.2699597e+000
 -5.7300255e+000
 -4.0594519e+000
 -2.3137620e+000
 -5.5282438e-001
  1.1613072e+000
  2.7668334e+000
  4.2048388e+000
  5.4219931e+000
  6.3731802e+000
  7.0238916e+000
  7.3522193e+000
  7.3502871e+000
  7.0249913e+000
  6.3979554e+000
  5.5046612e+000
  4.3927775e+000
  3.1197701e+000
  1.7499354e+000
  3.5104823e-001
 -1.0091549e+000
 -2.2664244e+000
 -3.3631537e+000
 -4.2510484e+000
 -4.8931625e+000
 -5.2652115e+000
 -5.3561355e+000
 -5.1679493e+000
 -4.7149645e+000
 -4.0225097e+000
 -3.1252933e+000
 -2.0655557e+000
 -8.9114334e-001
  3.4639531e-001
  1.5936232e+000
  2.7969120e+000
  3.9040284e+000
  4.8656377e+000
  5.6367641e+000
  6.1782389e+000
  6.4581493e+000
  6.4532695e+000
  6.1504199e+000
  5.5476635e+000
  4.6552254e+000
  3.4960034e+000
  2.1055437e+000
  5.3137930e-001
 -1.1683310e+000
 -2.9268691e+000
 -4.6716695e+000
 -6.3275537e+000
 -7.8203019e+000
 -9.0803359e+000
 -1.0046262e+001
 -1.0668022e+001
 -1.0909435e+001
 -1.0749939e+001
 -1.0185446e+001
 -9.2282562e+000
 -7.9060936e+000
 -6.2603686e+000
 -4.3438516e+000
 -2.2179617e+000
  5.0107816e-002
  2.3902177e+000
  4.7318921e+000
  7.0065856e+000
  9.1495436e+000
  1.1101252e+001
  1.2808520e+001
  1.4225290e+001
  1.5313257e+001
  1.6042426e+001
  1.6391660e+001
  1.6349278e+001
  1.5913686e+001
  1.5094009e+001
  1.3910599e+001
  1.2395334e+001
  1.0591539e+001
  8.5534320e+000
  6.3449840e+000
  4.0381571e+000
  1.7105281e+000
 -5.5762352e-001
 -2.6866229e+000
 -4.6009159e+000
 -6.2325684e+000
 -7.5245163e+000
 -8.4333382e+000
 -8.9313620e+000
 -9.0079591e+000
 -8.6699501e+000
 -7.9411086e+000
 -6.8608189e+000
 -5.4819989e+000
 -3.8684461e+000
 -2.0917873e+000
 -2.2822365e-001
  1.6447479e+000
  3.4514781e+000
  5.1210471e+000
  6.5897935e+000
  7.8034359e+000
  8.7187596e+000
  9.3048645e+000
  9.5439815e+000
  9.4318686e+000
  8.9777942e+000
  8.2041121e+000
  7.1454243e+000
  5.8473304e+000
  4.3647649e+000
  2.7599413e+000
  1.0999411e+000
 -5.4598600e-001
 -2.1093125e+000
 -3.5251907e+000
 -4.7353288e+000
 -5.6906266e+000
 -6.3534118e+000
 -6.6991346e+000
 -6.7174065e+000
 -6.4123135e+000
 -5.8019816e+000
 -4.9174282e+000
 -3.8007815e+000
 -2.5029975e+000
 -1.0812325e+000
  4.0395245e-001
  1.8913793e+000
  3.3218703e+000
  4.6405633e+000
  5.7988284e+000
  6.7557334e+000
  7.4790453e+000
  7.9457922e+000
  8.1424370e+000
  8.0647310e+000
  7.7173194e+000
  7.1131672e+000
  6.2728563e+000
  5.2237923e+000
  3.9993336e+000
  2.6378457e+000
  1.1816669e+000
 -3.2402443e-001
 -1.8324542e+000
 -3.2966006e+000
 -4.6706294e+000
 -5.9113738e+000
 -6.9798042e+000
 -7.8424162e+000
 -8.4724605e+000
 -8.8509400e+000
 -8.9673090e+000
 -8.8198304e+000
 -8.4155655e+000
 -7.7700040e+000
 -6.9063595e+000
 -5.8545862e+000
 -4.6501795e+000
 -3.3328389e+000
 -1.9450647e+000
 -5.3075603e-001
  8.6613759e-001
  2.2028764e+000
  3.4390838e+000
  4.5377898e+000
  5.4663714e+000
  6.1974008e+000
  6.7094092e+000
  6.9875654e+000
  7.0242571e+000
  6.8195470e+000
  6.3814657e+000
  5.7260911e+000
  4.8773673e+000
  3.8666160e+000
  2.7317101e+000
  1.5159004e+000
  2.6630956e-001
 -9.6786050e-001
 -2.1373369e+000
 -3.1949022e+000
 -4.0975254e+000
 -4.8083754e+000
 -5.2985947e+000
 -5.5487259e+000
 -5.5496988e+000
 -5.3033189e+000
 -4.8222247e+000
 -4.1293169e+000
 -3.2566941e+000
 -2.2441551e+000
 -1.1373511e+000
  1.4312640e-002
  1.1599218e+000
  2.2493356e+000
  3.2354040e+000
  4.0760247e+000
  4.7359550e+000
  5.1883075e+000
  5.4156734e+000
  5.4108272e+000
  5.1769870e+000
  4.7276153e+000
  4.0857645e+000
  3.2829867e+000
  2.3578489e+000
  1.3541109e+000
  3.1864564e-001
 -7.0080398e-001
 -1.6579214e+000
 -2.5100484e+000
 -3.2202331e+000
 -3.7589796e+000
 -4.1056008e+000
 -4.2490967e+000
 -4.1885107e+000
 -3.9327485e+000
 -3.4998809e+000
 -2.9159831e+000
 -2.2135950e+000
 -1.4299067e+000
 -6.0478781e-001
  2.2121783e-001
  1.0088177e+000
  1.7217174e+000
  2.3281106e+000
  2.8018625e+000
  3.1233601e+000
  3.2800306e+000
  3.2665470e+000
  3.0847549e+000
  2.7433610e+000
  2.2574250e+000
  1.6476912e+000
  9.3978854e-001
  1.6331973e-001
 -6.4914942e-001
 -1.4631913e+000
 -2.2437010e+000
 -2.9561495e+000
 -3.5678841e+000
 -4.0494394e+000
 -4.3758105e+000
 -4.5276292e+000
 -4.4921733e+000
 -4.2641408e+000
 -3.8461241e+000
 -3.2487330e+000
 -2.4903352e+000
 -1.5964087e+000
 -5.9852667e-001
  4.6697397e-001
  1.5605689e+000
  2.6412735e+000
  3.6684199e+000
  4.6033794e+000
  5.4111362e+000
  6.0616311e+000
  6.5308210e+000
  6.8014207e+000
  6.8633221e+000
  6.7137090e+000
  6.3569033e+000
  5.8039896e+000
  5.0722700e+000
  4.1845961e+000
  3.1686185e+000
  2.0559788e+000
  8.8145719e-001
 -3.1792390e-001
 -1.5038489e+000
 -2.6377216e+000
 -3.6817479e+000
 -4.6000893e+000
 -5.3600689e+000
 -5.9333977e+000
 -6.2973730e+000
 -6.4359806e+000
 -6.3408304e+000
 -6.0118458e+000
 -5.4576372e+000
 -4.6955017e+000
 -3.7510147e+000
 -2.6572028e+000
 -1.4533222e+000
 -1.8329100e-001
  1.1061429e+000
  2.3674011e+000
  3.5541273e+000
  4.6231764e+000
  5.5364287e+000
  6.2623325e+000
  6.7770987e+000
  7.0654971e+000
  7.1212334e+000
  6.9469123e+000
  6.5536165e+000
  5.9601533e+000
  5.1920300e+000
  4.2802315e+000
  3.2598685e+000
  2.1687659e+000
  1.0460473e+000
 -6.9234338e-002
 -1.1393848e+000
 -2.1292467e+000
 -3.0072507e+000
 -3.7463241e+000
 -4.3246493e+000
 -4.7262599e+000
 -4.9414663e+000
 -4.9670996e+000
 -4.8065628e+000
 -4.4696807e+000
 -3.9723428e+000
 -3.3359392e+000
 -2.5865986e+000
 -1.7542470e+000
 -8.7151372e-001
  2.7474430e-002
  9.0836594e-001
  1.7378707e+000
  2.4850041e+000
  3.1222338e+000
  3.6264793e+000
  3.9799210e+000
  4.1705865e+000
  4.1926934e+000
  4.0467416e+000
  3.7393610e+000
  3.2829293e+000
  2.6949903e+000
  1.9975022e+000
  1.2159577e+000
  3.7841508e-001
 -4.8551987e-001
 -1.3457235e+000
 -2.1725607e+000
 -2.9378406e+000
 -3.6156947e+000
 -4.1833609e+000
 -4.6218552e+000
 -4.9165218e+000
 -5.0574504e+000
 -5.0397563e+000
 -4.8637162e+000
 -4.5347583e+000
 -4.0633035e+000
 -3.4644597e+000
 -2.7575711e+000
 -1.9656292e+000
 -1.1145563e+000
 -2.3237637e-001
  6.5170656e-001
  1.5082968e+000
  2.3088317e+000
  3.0266078e+000
  3.6377695e+000
  4.1222204e+000
  4.4644178e+000
  4.6540100e+000
  4.6862860e+000
  4.5624069e+000
  4.2894041e+000
  3.8799329e+000
  3.3517883e+000
  2.7271963e+000
  2.0319078e+000
  1.2941359e+000
  5.4338023e-001
 -1.9080568e-001
 -8.8004755e-001
 -1.4983259e+000
 -2.0230387e+000
 -2.4359031e+000
 -2.7236529e+000
 -2.8785060e+000
 -2.8983800e+000
 -2.7868549e+000
 -2.5528883e+000
 -2.2103049e+000
 -1.7770895e+000
 -1.2745221e+000
 -7.2619924e-001
 -1.5698945e-001
  4.0803030e-001
  9.4460995e-001
  1.4302916e+000
  1.8452678e+000
  2.1731024e+000
  2.4012918e+000
  2.5216527e+000
  2.5305280e+000
  2.4288130e+000
  2.2218105e+000
  1.9189261e+000
  1.5332242e+000
  1.0808668e+000
  5.8045888e-001
  5.2327807e-002
 -4.8223821e-001
 -1.0017656e+000
 -1.4853616e+000
 -1.9134482e+000
 -2.2684444e+000
 -2.5353785e+000
 -2.7024157e+000
 -2.7612867e+000
 -2.7076063e+000
 -2.5410725e+000
 -2.2655364e+000
 -1.8889372e+000
 -1.4230979e+000
 -8.8338068e-001
 -2.8820390e-001
  3.4157114e-001
  9.8337016e-001
  1.6137325e+000
  2.2092075e+000
  2.7472864e+000
  3.2073314e+000
  3.5714571e+000
  3.8253208e+000
  3.9587771e+000
  3.9663582e+000
  3.8475472e+000
  3.6068261e+000
  3.2534871e+000
  2.8012159e+000
  2.2674662e+000
  1.6726599e+000
  1.0392563e+000
  3.9074440e-001
 -2.4938527e-001
 -8.5863464e-001
 -1.4164049e+000
 -1.9047732e+000
 -2.3091082e+000
 -2.6185023e+000
 -2.8260178e+000
 -2.9287488e+000
 -2.9277177e+000
 -2.8276272e+000
 -2.6364967e+000
 -2.3652099e+000
 -2.0270020e+000
 -1.6369058e+000
 -1.2111789e+000
 -7.6672014e-001
 -3.2048856e-001
  1.1107164e-001
  5.1259156e-001
  8.7031582e-001
  1.1726065e+000
  1.4103961e+000
  1.5775699e+000
  1.6712517e+000
  1.6919709e+000
  1.6436858e+000
  1.5336459e+000
  1.3720836e+000
  1.1717371e+000
  9.4721793e-001
  7.1425109e-001
  4.8882649e-001
  2.8631201e-001
  1.2058277e-001
  3.2241128e-003
 -5.7138186e-002
 -5.5334625e-002
  1.0057654e-002
  1.3664916e-001
  3.1839847e-001
  5.4598357e-001
  8.0735407e-001
  1.0884223e+000
  1.3738434e+000
  1.6478318e+000
  1.8949620e+000
  2.1009086e+000
  2.2530881e+000
  2.3411766e+000
  2.3574899e+000
  2.2972210e+000
  2.1585445e+000
  1.9425980e+000
  1.6533619e+000
  1.2974539e+000
  8.8386019e-001
  4.2361605e-001
 -7.0548716e-002
 -5.8459253e-001
 -1.1035663e+000
 -1.6120358e+000
 -2.0945183e+000
 -2.5359294e+000
 -2.9220340e+000
 -3.2398911e+000
 -3.4782819e+000
 -3.6281051e+000
 -3.6827247e+000
 -3.6382543e+000
 -3.4937626e+000
 -3.2513882e+000
 -2.9163566e+000
 -2.4968942e+000
 -2.0040402e+000
 -1.4513616e+000
 -8.5457936e-001
 -2.3111640e-001
  4.0041967e-001
  1.0208049e+000
  1.6108041e+000
  2.1517973e+000
  2.6264110e+000
  3.0191382e+000
  3.3169251e+000
  3.5097072e+000
  3.5908671e+000
  3.5575937e+000
  3.4111148e+000
  3.1567819e+000
  2.8039884e+000
  2.3659071e+000
  1.8590456e+000
  1.3026252e+000
  7.1780395e-001
  1.2677546e-001
 -4.4821378e-001
 -9.8587555e-001
 -1.4668622e+000
 -1.8746607e+000
 -2.1963428e+000
 -2.4231234e+000
 -2.5506921e+000
 -2.5792981e+000
 -2.5135869e+000
 -2.3622027e+000
 -2.1371898e+000
 -1.8532379e+000
 -1.5268245e+000
 -1.1753146e+000
 -8.1607461e-001
 -4.6565244e-001
 -1.3906715e-001
  1.5076267e-001
  3.9343513e-001
  5.8132311e-001
  7.0968325e-001
  7.7663384e-001
  7.8302544e-001
  7.3222949e-001
  6.2986906e-001
  4.8351137e-001
  3.0233612e-001
  9.6786946e-002
 -1.2179165e-001
 -3.4153391e-001
 -5.5045177e-001
 -7.3685500e-001
 -8.8978990e-001
 -9.9948846e-001
 -1.0578126e+000
 -1.0586717e+000
 -9.9838611e-001
 -8.7596624e-001
 -6.9327833e-001
 -4.5507070e-001
 -1.6884323e-001
  1.5544668e-001
  5.0583560e-001
  8.6894291e-001
  1.2306641e+000
  1.5769248e+000
  1.8944440e+000
  2.1714532e+000
  2.3983184e+000
  2.5680209e+000
  2.6764620e+000
  2.7225728e+000
  2.7082255e+000
  2.6379602e+000
  2.5185543e+000
  2.3584765e+000
  2.1672727e+000
  1.9549368e+000
  1.7313148e+000
  1.5055873e+000
  1.2858623e+000
  1.0788983e+000
  8.8996447e-001
  7.2282817e-001
  5.7985119e-001
  4.6216471e-001
  3.6988953e-001
  3.0236646e-001
  2.5836611e-001
  2.3625358e-001
  2.3409387e-001
  2.4969445e-001
  2.8059251e-001
  3.2400381e-001
  3.7675690e-001
  4.3523999e-001
  4.9538715e-001
  5.5272634e-001
  6.0250398e-001
  6.3989096e-001
  6.6026333e-001
  6.5954013e-001
  6.3455065e-001
  5.8339680e-001
  5.0577245e-001
  4.0320235e-001
  2.7916814e-001
  1.3909726e-001
 -9.7977029e-003
 -1.5882875e-001
 -2.9827669e-001
 -4.1794297e-001
 -5.0777157e-001
 -5.5849635e-001
 -5.6226633e-001
 -5.1320248e-001
 -4.0784532e-001
 -2.4546110e-001
 -2.8186510e-002
  2.3899595e-001
  5.4844621e-001
  8.9020141e-001
  1.2524302e+000
  1.6219736e+000
  1.9849349e+000
  2.3272835e+000
  2.6354388e+000
  2.8968064e+000
  3.1002472e+000
  3.2364656e+000
  3.2983114e+000
  3.2809953e+000
  3.1822225e+000
  3.0022509e+000
  2.7438808e+000
  2.4123808e+000
  2.0153554e+000
  1.5625542e+000
  1.0656231e+000
  5.3779742e-001
 -6.4645538e-003
 -5.5190353e-001
 -1.0829309e+000
 -1.5841385e+000
 -2.0408304e+000
 -2.4395538e+000
 -2.7686060e+000
 -3.0184885e+000
 -3.1822826e+000
 -3.2559232e+000
 -3.2383523e+000
 -3.1315410e+000
 -2.9403778e+000
 -2.6724307e+000
 -2.3375967e+000
 -1.9476617e+000
 -1.5157980e+000
 -1.0560292e+000
 -5.8269054e-001
 -1.0991444e-001
  3.4884025e-001
  7.8119664e-001
  1.1761979e+000
  1.5245715e+000
  1.8189229e+000
  2.0538629e+000
  2.2260787e+000
  2.3343558e+000
  2.3795555e+000
  2.3645546e+000
  2.2941448e+000
  2.1748913e+000
  2.0149454e+000
  1.8238067e+000
  1.6120312e+000
  1.3908850e+000
  1.1719482e+000
  9.6667643e-001
  7.8593677e-001
  6.3953735e-001
  5.3577396e-001
  4.8101978e-001
  4.7938378e-001
  5.3246051e-001
  6.3918960e-001
  7.9583666e-001
  9.9609974e-001
  1.2313375e+000
  1.4909075e+000
  1.7625979e+000
  2.0331278e+000
  2.2886934e+000
  2.5155322e+000
  2.7004815e+000
  2.8315075e+000
  2.8981885e+000
  2.8921362e+000
  2.8073457e+000
  2.6404671e+000
  2.3909938e+000
  2.0613654e+000
  1.6569837e+000
  1.1861385e+000
  6.5984354e-001
  9.1579960e-002
 -5.0305189e-001
 -1.1067706e+000
 -1.7011366e+000
 -2.2671494e+000
 -2.7859050e+000
 -3.2392931e+000
 -3.6107073e+000
 -3.8857390e+000
 -4.0528217e+000
 -4.1037908e+000
 -4.0343277e+000
 -3.8442572e+000
 -3.5376783e+000
 -3.1229122e+000
 -2.6122646e+000
 -2.0216083e+000
 -1.3698033e+000
 -6.7797955e-001
  3.1280417e-002
  7.3482180e-001
  1.4098153e+000
  2.0346297e+000
  2.5896382e+000
  3.0579225e+000
  3.4258450e+000
  3.6834698e+000
  3.8248199e+000
  3.8479697e+000
  3.7549779e+000
  3.5516759e+000
  3.2473302e+000
  2.8542035e+000
  2.3870387e+000
  1.8624930e+000
  1.2985441e+000
  7.1389226e-001
  1.2737416e-001
 -4.4259676e-001
 -9.7855354e-001
 -1.4644557e+000
 -1.8861212e+000
 -2.2316075e+000
 -2.4915383e+000
 -2.6593717e+000
 -2.7316052e+000
 -2.7079091e+000
 -2.5911798e+000
 -2.3875034e+000
 -2.1060180e+000
 -1.7586682e+000
 -1.3598443e+000
 -9.2590892e-001
 -4.7461407e-001
 -2.4425563e-002
  4.0622480e-001
  7.9972860e-001
  1.1400950e+000
  1.4137087e+000
  1.6100069e+000
  1.7220348e+000
  1.7468389e+000
  1.6856710e+000
  1.5439800e+000
  1.3311876e+000
  1.0602532e+000
  7.4705006e-001
  4.0958585e-001
  6.7111306e-002
 -2.6083107e-001
 -5.5536477e-001
 -7.9918971e-001
 -9.7739664e-001
 -1.0781449e+000
 -1.0931732e+000
 -1.0181254e+000
 -8.5268521e-001
 -6.0052533e-001
 -2.6908636e-001
  1.3079243e-001
  5.8536312e-001
  1.0785511e+000
  1.5926005e+000
  2.1087566e+000
  2.6079624e+000
  3.0715489e+000
  3.4819025e+000
  3.8230945e+000
  4.0814588e+000
  4.2461026e+000
  4.3093356e+000
  4.2670008e+000
  4.1186905e+000
  3.8678302e+000
  3.5216179e+000
  3.0908097e+000
  2.5893476e+000
  2.0338391e+000
  1.4429007e+000
  8.3639545e-001
  2.3459618e-001
 -3.4268033e-001
 -8.7692244e-001
 -1.3517074e+000
 -1.7533747e+000
 -2.0715505e+000
 -2.2994940e+000
 -2.4342514e+000
 -2.4766122e+000
 -2.4308823e+000
 -2.3044944e+000
 -2.1074921e+000
 -1.8519248e+000
 -1.5511983e+000
 -1.2194214e+000
 -8.7078632e-001
 -5.1901181e-001
 -1.7687122e-001
  1.4418444e-001
  4.3430529e-001
  6.8542859e-001
  8.9138269e-001
  1.0479224e+000
  1.1527104e+000
  1.2052571e+000
  1.2068288e+000
  1.1603315e+000
  1.0701715e+000
  9.4209338e-001
  7.8299361e-001
  6.0070776e-001
  4.0377006e-001
  2.0114733e-001
  1.9520750e-003
 -1.8485755e-001
 -3.5077982e-001
 -4.8806124e-001
 -5.8996480e-001
 -6.5100259e-001
 -6.6712256e-001
 -6.3584268e-001
 -5.5632907e-001
 -4.2941837e-001
 -2.5758766e-001
 -4.4877258e-002
  2.0322747e-001
  4.7994930e-001
  7.7740267e-001
  1.0868047e+000
  1.3987123e+000
  1.7032861e+000
  1.9905807e+000
  2.2508616e+000
  2.4749443e+000
  2.6545498e+000
  2.7826643e+000
  2.8538871e+000
  2.8647461e+000
  2.8139579e+000
  2.7026090e+000
  2.5342350e+000
  2.3147813e+000
  2.0524335e+000
  1.7573175e+000
  1.4410759e+000
  1.1163410e+000
  7.9613281e-001
  4.9321710e-001
  2.1946541e-001
 -1.4742078e-002
 -2.0103082e-001
 -3.3343008e-001
 -4.0863010e-001
 -4.2608473e-001
 -3.8795720e-001
 -2.9891896e-001
 -1.6582124e-001
  2.7327775e-003
  1.9688229e-001
  4.0603501e-001
  6.1939169e-001
  8.2643949e-001
  1.0173907e+000
  1.1835502e+000
  1.3176034e+000
  1.4138205e+000
  1.4681824e+000
  1.4784338e+000
  1.4440723e+000
  1.3662840e+000
  1.2478328e+000
  1.0929110e+000
  9.0695507e-001
  6.9643169e-001
  4.6859501e-001
  2.3121958e-001
 -7.6869339e-003
 -2.4018438e-001
 -4.5870442e-001
 -6.5634643e-001
 -8.2715051e-001
 -9.6633266e-001
 -1.0704671e+000
 -1.1376032e+000
 -1.1673080e+000
 -1.1606301e+000
 -1.1199872e+000
 -1.0489838e+000
 -9.5217339e-001
 -8.3478267e-001
 -7.0241774e-001
 -5.6077462e-001
 -4.1537430e-001
 -2.7134006e-001
 -1.3323006e-001
 -4.9323808e-003
  1.1037616e-001
  2.1021250e-001
  2.9272130e-001
  3.5657442e-001
  4.0085256e-001
  4.2492609e-001
  4.2835076e-001
  4.1079142e-001
  3.7198274e-001
  3.1173129e-001
  2.2995828e-001
  1.2677780e-001
  2.6012008e-003
 -1.4174445e-001
 -3.0489769e-001
 -4.8485795e-001
 -6.7890789e-001
 -8.8357386e-001
 -1.0946326e+000
 -1.3071685e+000
 -1.5156814e+000
 -1.7142424e+000
 -1.8966892e+000
 -2.0568515e+000
 -2.1887940e+000
 -2.2870619e+000
 -2.3469160e+000
 -2.3645427e+000
 -2.3372263e+000
 -2.2634755e+000
 -2.1430956e+000
 -1.9772043e+000
 -1.7681915e+000
 -1.5196271e+000
 -1.2361242e+000
 -9.2316840e-001
 -5.8692274e-001
 -2.3402323e-001
  1.2862537e-001
  4.9404180e-001
  8.5534060e-001
  1.2058788e+000
  1.5393746e+000
  1.8499982e+000
  2.1324382e+000
  2.3819486e+000
  2.5943827e+000
  2.7662199e+000
  2.8945922e+000
  2.9773131e+000
  3.0129126e+000
  3.0006771e+000
  2.9406919e+000
  2.8338816e+000
  2.6820441e+000
  2.4878689e+000
  2.2549369e+000
  1.9876946e+000
  1.6913996e+000
  1.3720367e+000
  1.0362050e+000
  6.9097884e-001
  3.4374778e-001
  2.0400517e-003
 -3.2666312e-001
 -6.3511684e-001
 -9.1649965e-001
 -1.1645937e+000
 -1.3739536e+000
 -1.5400611e+000
 -1.6594621e+000
 -1.7298834e+000
 -1.7503259e+000
 -1.7211303e+000
 -1.6440112e+000
 -1.5220553e+000
 -1.3596779e+000
 -1.1625347e+000
 -9.3738589e-001
 -6.9191233e-001
 -4.3448538e-001
 -1.7389678e-001
  8.0943088e-002
  3.2132655e-001
  5.3907523e-001
  7.2685598e-001
  8.7847016e-001
  9.8910084e-001
  1.0555052e+000
  1.0761419e+000
  1.0512285e+000
  9.8272640e-001
  8.7425583e-001
  7.3094854e-001
  5.5924529e-001
  3.6665006e-001
  1.6145207e-001
 -4.7573251e-002
 -2.5147407e-001
 -4.4143400e-001
 -6.0907866e-001
 -7.4677071e-001
 -8.4788778e-001
 -9.0707778e-001
 -9.2048520e-001
 -8.8594123e-001
 -8.0310896e-001
 -6.7357429e-001
 -5.0087249e-001
 -2.9044153e-001
 -4.9494685e-002
  2.1319127e-001
  4.8757183e-001
  7.6270825e-001
  1.0272069e+000
  1.2697069e+000
  1.4793920e+000
  1.6465024e+000
  1.7628158e+000
  1.8220704e+000
  1.8203047e+000
  1.7560915e+000
  1.6306532e+000
  1.4478493e+000
  1.2140364e+000
  9.3781134e-001
  6.2964857e-001
  3.0145594e-001
 -3.3929965e-002
 -3.6328163e-001
 -6.7352670e-001
 -9.5227825e-001
 -1.1883283e+000
 -1.3720871e+000
 -1.4959548e+000
 -1.5546154e+000
 -1.5452460e+000
 -1.4676375e+000
 -1.3242233e+000
 -1.1200176e+000
 -8.6246019e-001
 -5.6117330e-001
 -2.2763242e-001
  1.2524176e-001
  4.8356062e-001
  8.3300056e-001
  1.1593742e+000
  1.4492179e+000
  1.6903719e+000
  1.8725237e+000
  1.9876892e+000
  2.0306027e+000
  1.9989936e+000
  1.8937295e+000
  1.7188150e+000
  1.4812417e+000
  1.1906942e+000
  8.5912527e-001
  5.0022150e-001
  1.2878681e-001
 -2.3992406e-001
 -5.9088757e-001
 -9.0997429e-001
 -1.1845600e+000
 -1.4040570e+000
 -1.5603411e+000
 -1.6480595e+000
 -1.6648078e+000
 -1.6111735e+000
 -1.4906490e+000
 -1.3094234e+000
 -1.0760646e+000
 -8.0111048e-001
 -4.9658797e-001
 -1.7548128e-001
  1.4882689e-001
  4.6311884e-001
  7.5488639e-001
  1.0128346e+000
  1.2273235e+000
  1.3907306e+000
  1.4977170e+000
  1.5453896e+000
  1.5333489e+000
  1.4636261e+000
  1.3405116e+000
  1.1702871e+000
  9.6087814e-001
  7.2144599e-001
  4.6194419e-001
  1.9266376e-001
 -7.6208029e-002
 -3.3499319e-001
 -5.7487436e-001
 -7.8817865e-001
 -9.6858668e-001
 -1.1112651e+000
 -1.2129271e+000
 -1.2718283e+000
 -1.2877119e+000
 -1.2617126e+000
 -1.1962357e+000
 -1.0948192e+000
 -9.6198793e-001
 -8.0310441e-001
 -6.2421596e-001
 -4.3189651e-001
 -2.3307848e-001
 -3.4870050e-002
  1.5564616e-001
  3.3163416e-001
  4.8674331e-001
  6.1535800e-001
  7.1284748e-001
  7.7580132e-001
  8.0223329e-001
  7.9173580e-001
  7.4556802e-001
  6.6666399e-001
  5.5955185e-001
  4.3018169e-001
  2.8566648e-001
  1.3394776e-001
 -1.6596017e-002
 -1.5757521e-001
 -2.8102276e-001
 -3.7980860e-001
 -4.4800904e-001
 -4.8120886e-001
 -4.7671898e-001
 -4.3369954e-001
 -3.5318474e-001
 -2.3801317e-001
 -9.2673185e-002
  7.6922372e-002
  2.6371460e-001
  4.5981152e-001
  6.5681746e-001
  8.4616280e-001
  1.0194208e+000
  1.1686023e+000
  1.2864222e+000
  1.3665344e+000
  1.4037360e+000
  1.3941395e+000
  1.3353149e+000
  1.2264002e+000
  1.0681792e+000
  8.6312198e-001
  6.1538214e-001
  3.3074429e-001
  1.6514465e-002
 -3.1865223e-001
 -6.6499009e-001
 -1.0119267e+000
 -1.3484474e+000
 -1.6635086e+000
 -1.9464850e+000
 -2.1876290e+000
 -2.3785186e+000
 -2.5124656e+000
 -2.5848604e+000
 -2.5934269e+000
 -2.5383684e+000
 -2.4223920e+000
 -2.2506044e+000
 -2.0302828e+000
 -1.7705309e+000
 -1.4818411e+000
 -1.1755870e+000
 -8.6347663e-001
 -5.5700092e-001
 -2.6690768e-001
 -2.7325440e-003
  2.2758849e-001
  4.1800621e-001
  5.6453413e-001
  6.6530994e-001
  7.2054757e-001
  7.3239091e-001
  7.0468627e-001
  6.4269363e-001
  5.5275853e-001
  4.4196587e-001
  3.1779519e-001
  1.8779337e-001
  5.9276880e-002
 -6.0928360e-002
 -1.6670579e-001
 -2.5282489e-001
 -3.1507739e-001
 -3.5037604e-001
 -3.5681894e-001
 -3.3372211e-001
 -2.8162173e-001
 -2.0224620e-001
 -9.8457103e-002
  2.5842472e-002
  1.6583353e-001
  3.1594130e-001
  4.7002838e-001
  6.2161755e-001
  7.6413778e-001
  8.9118475e-001
  9.9678476e-001
  1.0756495e+000
  1.1234090e+000
  1.1368089e+000
  1.1138636e+000
  1.0539541e+000
  9.5786789e-001
  8.2777732e-001
  6.6716056e-001
  4.8066890e-001
  2.7394909e-001
  5.3430383e-002
 -1.7391322e-001
 -4.0081479e-001
 -6.1997037e-001
 -8.2429014e-001
 -1.0071374e+000
 -1.1625490e+000
 -1.2854330e+000
 -1.3717377e+000
 -1.4185904e+000
 -1.4244003e+000
 -1.3889236e+000
 -1.3132851e+000
 -1.1999564e+000
 -1.0526855e+000
 -8.7637853e-001
 -6.7693581e-001
 -4.6104461e-001
 -2.3593668e-001
 -9.1196235e-003
  2.1190568e-001
  4.1992811e-001
  6.0829551e-001
  7.7115614e-001
  9.0366067e-001
  1.0021152e+000
  1.0640801e+000
  1.0884126e+000
  1.0752565e+000
  1.0259835e+000
  9.4309742e-001
  8.3010801e-001
  6.9138791e-001
  5.3201980e-001
  3.5764162e-001
  1.7429386e-001
 -1.1729900e-002
 -1.9403090e-001
 -3.6625495e-001
 -5.2224838e-001
 -6.5622405e-001
 -7.6293919e-001
 -8.3788412e-001
 -8.7747688e-001
 -8.7925499e-001
 -8.4205217e-001
 -7.6614473e-001
 -6.5335193e-001
 -5.0707467e-001
 -3.3225994e-001
 -1.3528247e-001
  7.6258892e-002
  2.9382582e-001
  5.0829527e-001
  7.1036675e-001
  8.9099937e-001
  1.0418527e+000
  1.1557038e+000
  1.2268151e+000
  1.2512280e+000
  1.2269677e+000
  1.1541443e+000
  1.0349490e+000
  8.7354698e-001
  6.7587752e-001
  4.4937547e-001
  2.0263406e-001
 -5.4970915e-002
 -3.1367433e-001
 -5.6371272e-001
 -7.9569610e-001
 -1.0009469e+000
 -1.1717961e+000
 -1.3018303e+000
 -1.3860861e+000
 -1.4211913e+000
 -1.4054530e+000
 -1.3388956e+000
 -1.2232482e+000
 -1.0618857e+000
 -8.5972387e-001
 -6.2307020e-001
 -3.5943267e-001
 -7.7289069e-002
  2.1417933e-001
  5.0538415e-001
  7.8664914e-001
  1.0485429e+000
  1.2822144e+000
  1.4797187e+000
  1.6343196e+000
  1.7407574e+000
  1.7954664e+000
  1.7967343e+000
  1.7447910e+000
  1.6418227e+000
  1.4919058e+000
  1.3008627e+000
  1.0760398e+000
  8.2601863e-001
  5.6026698e-001
  2.8874665e-001
  2.1492636e-002
 -2.3181674e-001
 -4.6227905e-001
 -6.6215582e-001
 -8.2520967e-001
 -9.4697279e-001
 -1.0249318e+000
 -1.0586184e+000
 -1.0496003e+000
 -1.0013720e+000
 -9.1915255e-001
 -8.0960018e-001
 -6.8046262e-001
 -5.4018217e-001
 -3.9747936e-001
 -2.6093881e-001
 -1.3861988e-001
 -3.7711751e-002
  3.5751417e-002
  7.7105380e-002
  8.3196186e-002
  5.2447316e-002
 -1.5140395e-002
 -1.1804643e-001
 -2.5333416e-001
 -4.1678819e-001
 -6.0307458e-001
 -8.0591552e-001
 -1.0182730e+000
 -1.2325399e+000
 -1.4407390e+000
 -1.6347339e+000
 -1.8064548e+000
 -1.9481419e+000
 -2.0526077e+000
 -2.1135138e+000
 -2.1256541e+000
 -2.0852336e+000
 -1.9901237e+000
 -1.8400769e+000
 -1.6368799e+000
 -1.3844249e+000
 -1.0886865e+000
 -7.5759059e-001
 -4.0077576e-001
 -2.9250703e-002
  3.4503809e-001
  7.0970713e-001
  1.0524780e+000
  1.3617293e+000
  1.6270263e+000
  1.8395968e+000
  1.9927243e+000
  2.0820396e+000
  2.1056931e+000
  2.0644033e+000
  1.9613826e+000
  1.8021481e+000
  1.5942338e+000
  1.3468219e+000
  1.0703155e+000
  7.7587543e-001
  4.7494251e-001
  1.7876714e-001
 -1.0203699e-001
 -3.5789859e-001
 -5.8064122e-001
 -7.6377185e-001
 -9.0269723e-001
 -9.9486174e-001
 -1.0398025e+000
 -1.0391196e+000
 -9.9636229e-001
 -9.1683431e-001
 -8.0732524e-001
 -6.7577886e-001
 -5.3091228e-001
 -3.8180350e-001
 -2.3746728e-001
 -1.0644070e-001
  3.6005191e-003
  8.6175184e-002
  1.3626302e-001
  1.5049233e-001
  1.2724227e-001
  6.6659180e-002
 -2.9408559e-002
 -1.5754726e-001
 -3.1297330e-001
 -4.8977180e-001
 -6.8116305e-001
 -8.7978197e-001
 -1.0779586e+000
 -1.2679901e+000
 -1.4423984e+000
 -1.5941700e+000
 -1.7169772e+000
 -1.8053805e+000
 -1.8550103e+000
 -1.8627287e+000
 -1.8267647e+000
 -1.7468181e+000
 -1.6241250e+000
 -1.4614724e+000
 -1.2631576e+000
 -1.0348812e+000
 -7.8357328e-001
 -5.1715166e-001
 -2.4422103e-001
  2.6275986e-002
  2.8543689e-001
  5.2478501e-001
  7.3663855e-001
  9.1443920e-001
  1.0530187e+000
  1.1487870e+000
  1.1998313e+000
  1.2059236e+000
  1.1684421e+000
  1.0902163e+000
  9.7531625e-001
  8.2880303e-001
  6.5646419e-001
  4.6455303e-001
  2.5954794e-001
  4.7942849e-002
 -1.6392613e-001
 -3.7001885e-001
 -5.6469950e-001
 -7.4282428e-001
 -8.9981850e-001
 -1.0317524e+000
 -1.1354224e+000
 -1.2084394e+000
 -1.2493226e+000
 -1.2575904e+000
 -1.2338370e+000
 -1.1797814e+000
 -1.0982739e+000
 -9.9324789e-001
 -8.6960870e-001
 -7.3305628e-001
 -5.8984535e-001
 -4.4649349e-001
 -3.0945320e-001
 -1.8476926e-001
 -7.7744644e-002
  7.3607091e-003
  6.7576538e-002
  1.0139621e-001
  1.0886572e-001
  9.1582075e-002
  5.2601937e-002
 -3.7319607e-003
 -7.2034208e-002
 -1.4617359e-001
 -2.1960500e-001
 -2.8571755e-001
 -3.3818068e-001
 -3.7127217e-001
 -3.8017408e-001
 -3.6122564e-001
 -3.1212409e-001
 -2.3206708e-001
 -1.2183163e-001
  1.6213488e-002
  1.7816394e-001
  3.5870466e-001
  5.5130142e-001
  7.4845475e-001
  9.4200839e-001
  1.1235011e+000
  1.2845469e+000
  1.4172262e+000
  1.5144661e+000
  1.5703896e+000
  1.5806114e+000
  1.5424630e+000
  1.4551302e+000
  1.3196975e+000
  1.1390934e+000
  9.1794506e-001
  6.6235194e-001
  3.7959635e-001
  7.7812210e-002
 -2.3436529e-001
 -5.4814678e-001
 -8.5491314e-001
 -1.1465023e+000
 -1.4154488e+000
 -1.6551737e+000
 -1.8601248e+000
 -2.0258759e+000
 -2.1491918e+000
 -2.2280690e+000
 -2.2617588e+000
 -2.2507782e+000
 -2.1969085e+000
 -2.1031764e+000
 -1.9738121e+000
 -1.8141722e+000
 -1.6306186e+000
 -1.4303443e+000
 -1.2211420e+000
 -1.0111165e+000
 -8.0834962e-001
 -6.2053249e-001
 -4.5458733e-001
 -3.1630360e-001
 -2.1001725e-001
 -1.3835955e-001
 -1.0209854e-001
 -1.0008951e-001
 -1.2934205e-001
 -1.8520172e-001
 -2.6163426e-001
 -3.5159196e-001
 -4.4743479e-001
 -5.4137523e-001
 -6.2591476e-001
 -6.9424251e-001
 -7.4057140e-001
 -7.6039445e-001
 -7.5065182e-001
 -7.0980772e-001
 -6.3784352e-001
 -5.3617931e-001
 -4.0753958e-001
 -2.5578015e-001
 -8.5692214e-002
  9.7203186e-002
  2.8686089e-001
  4.7691251e-001
  6.6086099e-001
  8.3227051e-001
  9.8495405e-001
  1.1131613e+000
  1.2117671e+000
  1.2764580e+000
  1.3039111e+000
  1.2919561e+000
  1.2397075e+000
  1.1476573e+000
  1.0177119e+000
  8.5316778e-001
  6.5861698e-001
  4.3978459e-001
  2.0330242e-001
 -4.3569219e-002
 -2.9325558e-001
 -5.3819794e-001
 -7.7117928e-001
 -9.8562470e-001
 -1.1758585e+000
 -1.3373042e+000
 -1.4666183e+000
 -1.5617553e+000
 -1.6219659e+000
 -1.6477360e+000
 -1.6406759e+000
 -1.6033738e+000
 -1.5392244e+000
 -1.4522461e+000
 -1.3468961e+000
 -1.2278912e+000
 -1.1000383e+000
 -9.6807915e-001
 -8.3654898e-001
 -7.0965052e-001
 -5.9114313e-001
 -4.8424860e-001
 -3.9157519e-001
 -3.1506271e-001
 -2.5595161e-001
 -2.1477898e-001
 -1.9140320e-001
 -1.8505746e-001
 -1.9442987e-001
 -2.1776544e-001
 -2.5298311e-001
 -2.9779872e-001
 -3.4984450e-001
 -4.0677556e-001
 -4.6635547e-001
 -5.2651558e-001
 -5.8538612e-001
 -6.4130079e-001
 -6.9278002e-001
 -7.3850133e-001
 -7.7726642e-001
 -8.0797566e-001
 -8.2961885e-001
 -8.4128895e-001
 -8.4222171e-001
 -8.3185954e-001
 -8.0993383e-001
 -7.7655613e-001
 -7.3230548e-001
 -6.7829855e-001
 -6.1622931e-001
 -5.4836753e-001
 -4.7750920e-001
 -4.0687661e-001
 -3.3997168e-001
 -2.8039073e-001
 -2.3161403e-001
 -1.9678604e-001
 -1.7850421e-001
 -1.7863360e-001
 -1.9816269e-001
 -2.3711208e-001
 -2.9450329e-001
 -3.6838962e-001
 -4.5594616e-001
 -5.5361130e-001
 -6.5726871e-001
 -7.6245670e-001
 -8.6459046e-001
 -9.5918362e-001
 -1.0420566e+000
 -1.1095218e+000
 -1.1585374e+000
 -1.1868260e+000
 -1.1929545e+000
 -1.1763754e+000
 -1.1374304e+000
 -1.0773186e+000
 -9.9803242e-001
 -9.0226407e-001
 -7.9328667e-001
 -6.7481437e-001
 -5.5084607e-001
 -4.2549855e-001
 -3.0283533e-001
 -1.8669839e-001
 -8.0550519e-002
  1.2664157e-002
  9.0634059e-002
  1.5176237e-001
  1.9521304e-001
  2.2091824e-001
  2.2954743e-001
  2.2244061e-001
  2.0151077e-001
  1.6912241e-001
  1.2795412e-001
  8.0853749e-002
  3.0694568e-002
 -1.9760441e-002
 -6.7980170e-002
 -1.1176874e-001
 -1.4934816e-001
 -1.7941945e-001
 -2.0120235e-001
 -2.1445462e-001
 -2.1947209e-001
 -2.1707029e-001
 -2.0854862e-001
 -1.9563706e-001
 -1.8042588e-001
 -1.6527855e-001
 -1.5272917e-001
 -1.4536630e-001
 -1.4570707e-001
 -1.5606643e-001
 -1.7842836e-001
 -2.1432630e-001
 -2.6474105e-001
 -3.3002354e-001
 -4.0984885e-001
 -5.0320579e-001
 -6.0842365e-001
 -7.2323476e-001
 -8.4486856e-001
 -9.7017040e-001
 -1.0957362e+000
 -1.2180533e+000
 -1.3336387e+000
 -1.4391649e+000
 -1.5315694e+000
 -1.6081415e+000
 -1.6665887e+000
 -1.7050810e+000
 -1.7222800e+000
 -1.7173552e+000
 -1.6899936e+000
 -1.6404057e+000
 -1.5693308e+000
 -1.4780403e+000
 -1.3683376e+000
 -1.2425497e+000
 -1.1035030e+000
 -9.5448015e-001
 -7.9914901e-001
 -6.4146342e-001
 -4.8553338e-001
 -3.3546897e-001
 -1.9520476e-001
 -6.8315175e-002
  4.2166128e-002
  1.3390869e-001
  2.0541534e-001
  2.5610780e-001
  2.8635870e-001
  2.9746527e-001
  2.9156502e-001
  2.7149857e-001
  2.4062952e-001
  2.0263466e-001
  1.6128012e-001
  1.2019977e-001
  8.2691156e-002
  5.1541995e-002
  2.8896945e-002
  1.6170340e-002
  1.4006485e-002
  2.2285346e-002
  4.0168424e-002
  6.6177499e-002
  9.8297949e-002
  1.3409832e-001
  1.7085866e-001
  2.0570150e-001
  2.3572093e-001
  2.5810660e-001
  2.7026076e-001
  2.6990678e-001
  2.5518780e-001
  2.2475364e-001
  1.7783340e-001
  1.1429034e-001
  3.4655243e-002
 -5.9865704e-002
 -1.6741192e-001
 -2.8552040e-001
 -4.1120894e-001
 -5.4108852e-001
 -6.7150039e-001
 -7.9867083e-001
 -9.1887487e-001
 -1.0285989e+000
 -1.1246917e+000
 -1.2044951e+000
 -1.2659444e+000
 -1.3076357e+000
 -1.3288550e+000
 -1.3295709e+000
 -1.3103930e+000
 -1.2725039e+000
 -1.2175688e+000
 -1.1476341e+000
 -1.0650216e+000
 -9.7222545e-001
 -8.7181853e-001
 -7.6637185e-001
 -6.5838887e-001
 -5.5025502e-001
 -4.4420111e-001
 -3.4227803e-001
 -2.4633981e-001
 -1.5803194e-001
 -7.8782351e-002
 -9.7927939e-003
  4.7970461e-002
  9.3787251e-002
  1.2719521e-001
  1.4800177e-001
  1.5629542e-001
  1.5245467e-001
  1.3715339e-001
  1.1136072e-001
  7.6333891e-002
  3.3602185e-002
 -1.5059866e-002
 -6.7671619e-002
 -1.2209926e-001
 -1.7612327e-001
 -2.2752023e-001
 -2.7415752e-001
 -3.1409772e-001
 -3.4570798e-001
 -3.6776773e-001
 -3.7956673e-001
 -3.8098467e-001
 -3.7254321e-001
 -3.5542241e-001
 -3.3143520e-001
 -3.0295648e-001
 -2.7280689e-001
 -2.4409551e-001
 -2.2002973e-001
 -2.0370425e-001
 -1.9788411e-001
 -2.0479825e-001
 -2.2596014e-001
 -2.6203074e-001
 -3.1273585e-001
 -3.7684587e-001
 -4.5222072e-001
 -5.3591735e-001
 -6.2435201e-001
 -7.1350499e-001
 -7.9915231e-001
 -8.7710729e-001
 -9.4345457e-001
 -9.9476099e-001
 -1.0282504e+000
 -1.0419334e+000
 -1.0346870e+000
 -1.0062836e+000
 -9.5737339e-001
 -8.8942401e-001
 -8.0462812e-001
 -7.0578562e-001
 -5.9616974e-001
 -4.7938458e-001
 -3.5921998e-001
 -2.3950865e-001
 -1.2398855e-001
 -1.6173359e-002
  8.0767089e-002
  1.6411407e-001
  2.3169208e-001
  2.8194239e-001
  3.1397408e-001
  3.2758862e-001
  3.2327438e-001
  3.0216890e-001
  2.6598864e-001
  2.1692830e-001
  1.5753460e-001
  9.0561877e-002
  1.8819140e-002
 -5.4980698e-002
 -1.2835834e-001
 -1.9918224e-001
 -2.6575146e-001
 -3.2684195e-001
 -3.8171500e-001
 -4.3008988e-001
 -4.7208619e-001
 -5.0814409e-001
 -5.3893224e-001
 -5.6525334e-001
 -5.8795667e-001
 -6.0786484e-001
 -6.2571940e-001
 -6.4214692e-001
 -6.5764431e-001
 -6.7257986e-001
 -6.8720463e-001
 -7.0166881e-001
 -7.1603772e-001
 -7.3030362e-001
 -7.4439162e-001
 -7.5815968e-001
 -7.7139487e-001
 -7.8380934e-001
 -7.9503963e-001
 -8.0465304e-001
 -8.1216291e-001
 -8.1705324e-001
 -8.1881053e-001
 -8.1695907e-001
 -8.1109406e-001
 -8.0090677e-001
 -7.8619634e-001
 -7.6686431e-001
 -7.4289100e-001
 -7.1429557e-001
 -6.8108506e-001
 -6.4320047e-001
 -6.0046977e-001
 -5.5257794e-001
 -4.9906330e-001
 -4.3934627e-001
 -3.7279299e-001
 -2.9881099e-001
 -2.1696917e-001
 -1.2712981e-001
 -2.9576938e-002
  7.4876160e-002
  1.8481667e-001
  2.9821296e-001
  4.1245483e-001
  5.2445582e-001
  6.3081250e-001
  7.2800928e-001
  8.1265079e-001
  8.8170021e-001
  9.3270010e-001
  9.6395331e-001
  9.7464548e-001
  9.6489624e-001
  9.3573414e-001
  8.8899810e-001
  8.2717619e-001
  7.5319908e-001
  6.7020953e-001
  5.8133170e-001
  4.8946247e-001
  3.9710389e-001
  3.0625005e-001
  2.1833472e-001
  1.3423903e-001
  5.4351369e-002
 -2.1333269e-002
 -9.3090957e-002
 -1.6134082e-001
 -2.2652736e-001
 -2.8902594e-001
 -3.4907934e-001
 -4.0676810e-001
 -4.6201215e-001
 -5.1459671e-001
 -5.6421283e-001
 -6.1050192e-001
 -6.5309430e-001
 -6.9163441e-001
 -7.2578899e-001
 -7.5523834e-001
 -7.7965497e-001
 -7.9867668e-001
 -8.1188278e-001
 -8.1878227e-001
 -8.1882085e-001
 -8.1141084e-001
 -7.9598385e-001
 -7.7206217e-001
 -7.3934066e-001
 -6.9776849e-001
 -6.4761876e-001
 -5.8953452e-001
 -5.2454218e-001
 -4.5402702e-001
 -3.7967024e-001
 -3.0335213e-001
 -2.2703034e-001
 -1.5260618e-001
 -8.1793321e-002
 -1.6003590e-002
  4.3737317e-002
  9.6835203e-002
  1.4312934e-001
  1.8285204e-001
  2.1655181e-001
  2.4499065e-001
  2.6902840e-001
  2.8950867e-001
  3.0715956e-001
  3.2252010e-001
  3.3589937e-001
  3.4737048e-001
  3.5679713e-001
  3.6388599e-001
  3.6825531e-001
  3.6950856e-001
  3.6730212e-001
  3.6139764e-001
  3.5169282e-001
  3.3822786e-001
  3.2116921e-001
  3.0077525e-001
  2.7735164e-001
  2.5120503e-001
  2.2260416e-001
  1.9175545e-001
  1.5879798e-001
  1.2381923e-001
  8.6889616e-002
  4.8110585e-002
  7.6688558e-003
 -3.4111954e-002
 -7.6730876e-002
 -1.1948758e-001
 -1.6148366e-001
 -2.0164891e-001
 -2.3879121e-001
 -2.7166529e-001
 -2.9905337e-001
 -3.1984940e-001
 -3.3313791e-001
 -3.3825981e-001
 -3.3485873e-001
 -3.2290435e-001
 -3.0269177e-001
 -2.7481838e-001
 -2.4014250e-001
 -1.9972890e-001
 -1.5478751e-001
 -1.0661136e-001
 -5.6518720e-002
 -5.8031985e-003
  4.4306029e-002
  9.2673566e-002
  1.3827754e-001
  1.8022159e-001
  2.1774134e-001
  2.5020743e-001
  2.7712680e-001
  2.9814309e-001
  3.1303628e-001
  3.2172122e-001
  3.2424402e-001
  3.2077564e-001
  3.1160192e-001
  2.9711012e-001
  2.7777238e-001
  2.5412725e-001
  2.2676065e-001
  1.9628784e-001
  1.6333741e-001
  1.2853804e-001
  9.2507910e-002
  5.5845816e-002
  1.9122576e-002
 -1.7128957e-002
 -5.2426854e-002
 -8.6356867e-002
 -1.1859283e-001
 -1.4891922e-001
 -1.7725302e-001
 -2.0366112e-001
 -2.2836863e-001
 -2.5175387e-001
 -2.7432660e-001
 -2.9668773e-001
 -3.1947114e-001
 -3.4327082e-001
 -3.6855943e-001
 -3.9560613e-001
 -4.2440345e-001
 -4.5461291e-001
 -4.8553809e-001
 -5.1613174e-001
 -5.4503985e-001
 -5.7068183e-001
 -5.9136116e-001
 -6.0539728e-001
 -6.1126603e-001
 -6.0773435e-001
 -5.9397481e-001
 -5.6964694e-001
 -5.3493606e-001
 -4.9054430e-001
 -4.3763422e-001
 -3.7773057e-001
 -3.1259071e-001
 -2.4405763e-001
 -1.7391165e-001
 -1.0373677e-001
 -3.4815794e-002
  3.1935173e-002
  9.5987349e-002
  1.5717459e-001
  2.1562859e-001
  2.7168371e-001
  3.2576434e-001
  3.7826932e-001
  4.2946785e-001
  4.7941880e-001
  5.2792240e-001
  5.7450842e-001
  6.1846055e-001
  6.5887218e-001
  6.9472520e-001
  7.2498137e-001
  7.4867496e-001
  7.6499613e-001
  7.7335678e-001
  7.7343315e-001
  7.6518328e-001
  7.4884033e-001
  7.2488578e-001
  6.9400800e-001
  6.5705276e-001
  6.1497173e-001
  5.6877383e-001
  5.1948253e-001
  4.6810019e-001
  4.1557887e-001
  3.6279566e-001
  3.1053023e-001
  2.5944266e-001
  2.1005068e-001
  1.6270684e-001
  1.1757815e-001
  7.4631719e-002
  3.3631153e-002
 -5.8519679e-003
 -4.4407943e-002
 -8.2738670e-002
 -1.2158835e-001
 -1.6165929e-001
 -2.0351961e-001
 -2.4751219e-001
 -2.9367499e-001
 -3.4168308e-001
 -3.9082117e-001
 -4.3999252e-001
 -4.8776644e-001
 -5.3246212e-001
 -5.7226252e-001
 -6.0534781e-001
 -6.3003586e-001
 -6.4491571e-001
 -6.4896075e-001
 -6.4161050e-001
 -6.2281332e-001
 -5.9302693e-001
 -5.5317828e-001
 -5.0458867e-001
 -4.4887368e-001
 -3.8782952e-001
 -3.2331809e-001
 -2.5716213e-001
 -1.9105919e-001
 -1.2652002e-001
 -6.4833104e-002
 -7.0530645e-003
  4.5992085e-002
  9.3682010e-002
  1.3558122e-001
  1.7141930e-001
  2.0107923e-001
  2.2459606e-001
  2.4216498e-001
  2.5415503e-001
  2.6112249e-001
  2.6381671e-001
  2.6317183e-001
  2.6027894e-001
  2.5633621e-001
  2.5257792e-001
  2.5018677e-001
  2.5019723e-001
  2.5339988e-001
  2.6025792e-001
  2.7084646e-001
  2.8482318e-001
  3.0143596e-001
  3.1956879e-001
  3.3782295e-001
  3.5462633e-001
  3.6836049e-001
  3.7749290e-001
  3.8070142e-001
  3.7697913e-001
  3.6570984e-001
  3.4670857e-001
  3.2022482e-001
  2.8691092e-001
  2.4776105e-001
  2.0402928e-001
  1.5713613e-001
  1.0857350e-001
  5.9816531e-002
  1.2248815e-002
 -3.2894902e-002
 -7.4567354e-002
 -1.1192973e-001
 -1.4435777e-001
 -1.7143664e-001
 -1.9294832e-001
 -2.0885442e-001
 -2.1927648e-001
 -2.2447415e-001
 -2.2482097e-001
 -2.2077664e-001
 -2.1285482e-001
 -2.0158632e-001
 -1.8747869e-001
 -1.7097509e-001
 -1.5241668e-001
 -1.3201371e-001
 -1.0983135e-001
 -8.5794950e-002
 -5.9718195e-002
 -3.1354644e-002
 -4.6996240e-004
  3.3071401e-002
  6.9214462e-002
  1.0762846e-001
  1.4764063e-001
  1.8820071e-001
  2.2788537e-001
  2.6494788e-001
  2.9741298e-001
  3.2321155e-001
  3.4034394e-001
  3.4705667e-001
  3.4201423e-001
  3.2444702e-001
  2.9425803e-001
  2.5207483e-001
  1.9923873e-001
  1.3773009e-001
  7.0035631e-002
 -1.0296464e-003
 -7.2528319e-002
 -1.4161335e-001
 -2.0572642e-001
 -2.6276224e-001
 -3.1118365e-001
 -3.5007811e-001
 -3.7915343e-001
 -3.9867747e-001
 -4.0937273e-001
 -4.1228166e-001
 -4.0862068e-001
 -3.9964114e-001
 -3.8651306e-001
 -3.7024329e-001
 -3.5163419e-001
 -3.3128274e-001
 -3.0961444e-001
 -2.8694166e-001
 -2.6353321e-001
 -2.3968124e-001
 -2.1575258e-001
 -1.9221507e-001
 -1.6963351e-001
 -1.4863523e-001
 -1.2984988e-001
 -1.1383238e-001
 -1.0098058e-001
 -9.1459939e-002
 -8.5146996e-002
 -8.1600550e-002
 -8.0065894e-002
 -7.9513004e-002
 -7.8705202e-002
 -7.6291045e-002
 -7.0909540e-002
 -6.1297600e-002
 -4.6388971e-002
 -2.5395568e-002
  2.1350922e-003
  3.6289359e-002
  7.6783462e-002
  1.2298284e-001
  1.7393949e-001
  2.2844122e-001
  2.8506660e-001
  3.4224102e-001
  3.9829038e-001
  4.5149174e-001
  5.0012130e-001
  5.4250200e-001
  5.7705298e-001
  6.0234284e-001
  6.1714732e-001
  6.2050998e-001
  6.1180242e-001
  5.9077872e-001
  5.5761748e-001
  5.1294461e-001
  4.5783091e-001
  3.9376046e-001
  3.2256880e-001
  2.4635322e-001
  1.6736111e-001
  8.7865155e-002
  1.0036347e-002
 -6.4173562e-002
 -1.3312934e-001
 -1.9558055e-001
 -2.5069555e-001
 -2.9805993e-001
 -3.3764242e-001
 -3.6973498e-001
 -3.9487666e-001
 -4.1377217e-001
 -4.2721585e-001
 -4.3603006e-001
 -4.4102383e-001
 -4.4297386e-001
 -4.4262577e-001
 -4.4070998e-001
 -4.3796375e-001
 -4.3514989e-001
 -4.3306300e-001
 -4.3251613e-001
 -4.3430417e-001
 -4.3914466e-001
 -4.4760071e-001
 -4.5999521e-001
 -4.7632780e-001
 -4.9620761e-001
 -5.1881396e-001
 -5.4289473e-001
 -5.6680814e-001
 -5.8860836e-001
 -6.0617023e-001
 -6.1734279e-001
 -6.2011779e-001
 -6.1279653e-001
 -5.9413818e-001
 -5.6347427e-001
 -5.2077760e-001
 -4.6667861e-001
 -4.0242807e-001
 -3.2981049e-001
 -2.5101794e-001
 -1.6849747e-001
 -8.4787771e-002
 -2.3604088e-003
  7.6520069e-002
  1.4990647e-001
  2.1624288e-001
  2.7439995e-001
  3.2367369e-001
  3.6375335e-001
  3.9466666e-001
  4.1671148e-001
  4.3038309e-001
  4.3630467e-001
  4.3516659e-001
  4.2767767e-001
  4.1452927e-001
  3.9637106e-001
  3.7379628e-001
  3.4733397e-001
  3.1744580e-001
  2.8452635e-001
  2.4890635e-001
  2.1085964e-001
  1.7061507e-001
  1.2837436e-001
  8.4336429e-002
  3.8727138e-002
 -8.1678631e-003
 -5.5971417e-002
 -1.0418945e-001
 -1.5219758e-001
 -1.9924499e-001
 -2.4447911e-001
 -2.8699225e-001
 -3.2588810e-001
 -3.6036274e-001
 -3.8979145e-001
 -4.1381073e-001
 -4.3238371e-001
 -4.4583804e-001
 -4.5486729e-001
 -4.6049131e-001
 -4.6397517e-001
 -4.6671228e-001
 -4.7008221e-001
 -4.7529765e-001
 -4.8325793e-001
 -4.9442674e-001
 -5.0874975e-001
 -5.2562426e-001
 -5.4392710e-001
 -5.6210036e-001
 -5.7828767e-001
 -5.9050750e-001
 -5.9684525e-001
 -5.9564343e-001
 -5.8566914e-001
 -5.6624067e-001
 -5.3729977e-001
 -4.9942278e-001
 -4.5377078e-001
 -4.0198624e-001
 -3.4604973e-001
 -2.8811427e-001
 -2.3033695e-001
 -1.7472675e-001
 -1.2302429e-001
 -7.6624375e-002
 -3.6545879e-002
 -3.4471045e-003
  2.2321333e-002
  4.0638469e-002
  5.1524859e-002
  5.5059709e-002
  5.1316778e-002
  4.0328788e-002
  2.2085080e-002
 -3.4382791e-003
 -3.6221905e-002
 -7.6130135e-002
 -1.2283431e-001
 -1.7574549e-001
 -2.3396832e-001
 -2.9628483e-001
 -3.6117250e-001
 -4.2685627e-001
 -4.9138949e-001
 -5.5275517e-001
 -6.0897645e-001
 -6.5822446e-001
 -6.9891278e-001
 -7.2977009e-001
 -7.4988582e-001
 -7.5872769e-001
 -7.5613356e-001
 -7.4228284e-001
 -7.1765470e-001
 -6.8298070e-001
 -6.3919858e-001
 -5.8741210e-001
 -5.2885927e-001
 -4.6488857e-001
 -3.9694045e-001
 -3.2652972e-001
 -2.5522421e-001
 -1.8461551e-001
 -1.1627943e-001
 -5.1726225e-002
  7.6569391e-003
  6.0666013e-002
  1.0633614e-001
  1.4398646e-001
  1.7324716e-001
  1.9406420e-001
  2.0667994e-001
  2.1159145e-001
  2.0949127e-001
  2.0119855e-001
  1.8758977e-001
  1.6953848e-001
  1.4787225e-001
  1.2335209e-001
  9.6675823e-002
  6.8502738e-002
  3.9492748e-002
  1.0350120e-002
 -1.8139645e-002
 -4.5091149e-002
 -6.9527815e-002
 -9.0423330e-002
 -1.0677608e-001
 -1.1771118e-001
 -1.2259959e-001
 -1.2117923e-001
 -1.1366120e-001
 -1.0080371e-001
 -8.3939009e-002
 -6.4943213e-002
 -4.6145397e-002
 -3.0179697e-002
 -1.9791541e-002
 -1.7615510e-002
 -2.5946747e-002
 -4.6529766e-002
 -8.0387466e-002
 -1.2770935e-001
 -1.8781170e-001
 -2.5917452e-001
 -3.3955163e-001
 -4.2614207e-001
 -5.1580438e-001
 -6.0529092e-001
 -6.9147789e-001
 -7.7156801e-001
 -8.4324712e-001
 -9.0478205e-001
 -9.5505478e-001
 -9.9353566e-001
 -1.0202055e+000
 -1.0354416e+000
 -1.0398866e+000
 -1.0343180e+000
 -1.0195365e+000
 -9.9628509e-001
 -9.6520635e-001
 -9.2683966e-001
 -8.8165275e-001
 -8.3009872e-001
 -7.7268558e-001
 -7.1004468e-001
 -6.4298537e-001
 -5.7252573e-001
 -4.9989365e-001
 -4.2649668e-001
 -3.5386422e-001
 -2.8356876e-001
 -2.1713598e-001
 -1.5595405e-001
 -1.0119239e-001
 -5.3737680e-002
 -1.4152555e-002
  1.7341125e-002
  4.0855626e-002
  5.6811006e-002
  6.5894383e-002
  6.9010577e-002
  6.7229299e-002
  6.1732688e-002
  5.3765197e-002
  4.4586003e-002
  3.5422731e-002
  2.7424654e-002
  2.1613751e-002
  1.8833104e-002
  1.9693906e-002
  2.4524326e-002
  3.3325409e-002
  4.5740409e-002
  6.1044249e-002
  7.8158892e-002
  9.5698280e-002
  1.1204335e-001
  1.2544397e-001
  1.3414065e-001
  1.3649589e-001
  1.3112245e-001
  1.1699548e-001
  9.3536085e-002
  6.0657186e-002
  1.8766001e-002
 -3.1276865e-002
 -8.8236849e-002
 -1.5061359e-001
 -2.1676456e-001
 -2.8502904e-001
 -3.5383766e-001
 -4.2179493e-001
 -4.8772637e-001
 -5.5068694e-001
 -6.0993340e-001
 -6.6486835e-001
 -7.1496816e-001
 -7.5970907e-001
 -7.9850637e-001
 -8.3067906e-001
 -8.5544899e-001
 -8.7197768e-001
 -8.7943820e-001
 -8.7711371e-001
 -8.6450963e-001
 -8.4146346e-001
 -8.0823581e-001
 -7.6556785e-001
 -7.1469435e-001
 -6.5730718e-001
 -5.9547021e-001
 -5.3149335e-001
 -4.6777850e-001
 -4.0665399e-001
 -3.5021588e-001
 -3.0019298e-001
 -2.5784975e-001
 -2.2393607e-001
 -1.9868669e-001
 -1.8186717e-001
 -1.7285715e-001
 -1.7075808e-001
 -1.7451015e-001
 -1.8300316e-001
 -1.9516859e-001
 -2.1004389e-001
 -2.2680497e-001
 -2.4476837e-001
 -2.6336927e-001
 -2.8212475e-001
 -3.0059380e-001
 -3.1834504e-001
 -3.3494081e-001
 -3.4994311e-001
 -3.6294171e-001
 -3.7360055e-001
 -3.8171457e-001
 -3.8726609e-001
 -3.9046961e-001
 -3.9179437e-001
 -3.9195740e-001
 -3.9188370e-001
 -3.9263524e-001
 -3.9531540e-001
 -4.0095941e-001
 -4.1042403e-001
 -4.2429025e-001
 -4.4279153e-001
 -4.6577686e-001
 -4.9271340e-001
 -5.2272805e-001
 -5.5468222e-001
 -5.8726971e-001
 -6.1912488e-001
 -6.4892726e-001
 -6.7549001e-001
 -6.9782261e-001
 -7.1516261e-001
 -7.2697614e-001
 -7.3293187e-001
 -7.3285721e-001
 -7.2668785e-001
 -7.1442239e-001
 -6.9609246e-001
 -6.7175523e-001
 -6.4151109e-001
 -6.0554398e-001
 -5.6417723e-001
 -5.1793410e-001
 -4.6759017e-001
 -4.1420493e-001
 -3.5912195e-001
 -3.0393132e-001
 -2.5039333e-001
 -2.0032804e-001
 -1.5548136e-001
 -1.1738202e-001
 -8.7206775e-002
 -6.5670744e-002
 -5.2958016e-002
 -4.8702790e-002
 -5.2025575e-002
 -6.1622128e-002
 -7.5896218e-002
 -9.3121782e-002
 -1.1161634e-001
 -1.2990613e-001
 -1.4686464e-001
 -1.6180949e-001
 -1.7454808e-001
 -1.8536874e-001
 -1.9498066e-001
 -2.0441181e-001
 -2.1487871e-001
 -2.2764416e-001
 -2.4387949e-001
 -2.6454611e-001
 -2.9030735e-001
 -3.2147686e-001
 -3.5800488e-001
 -3.9949858e-001
 -4.4526908e-001
 -4.9439546e-001
 -5.4579551e-001
 -5.9829384e-001
 -6.5068064e-001
 -7.0175728e-001
 -7.5036831e-001
 -7.9542241e-001
 -8.3590669e-001
 -8.7089933e-001
 -8.9958525e-001
 -9.2127732e-001
 -9.3544352e-001
 -9.4173744e-001
 -9.4002737e-001
 -9.3041767e-001
 -9.1325590e-001
 -8.8912039e-001
 -8.5878543e-001
 -8.2316451e-001
 -7.8323607e-001
 -7.3995942e-001
 -6.9419129e-001
 -6.4661471e-001
 -5.9769098e-001
 -5.4764340e-001
 -4.9647728e-001
 -4.4403570e-001
 -3.9008505e-001
 -3.3441974e-001
 -2.7697141e-001
 -2.1790675e-001
 -1.5769809e-001
 -9.7154320e-002
 -3.7404334e-002
  2.0168439e-002
  7.4034745e-002
  1.2265952e-001
  1.6465608e-001
  1.9893440e-001
  2.2482329e-001
  2.4214884e-001
  2.5125647e-001
  2.5297140e-001
  2.4849999e-001
  2.3928261e-001
  2.2681546e-001
  2.1246311e-001
  1.9728563e-001
  1.8190238e-001
  1.6641048e-001
  1.5036907e-001
  1.3285200e-001
  1.1256308e-001
  8.7999951e-002
  5.7646423e-002
  2.0169851e-002
 -2.5400457e-002
 -7.9534902e-002
 -1.4212102e-001
 -2.1244497e-001
 -2.8923703e-001
 -3.7077314e-001
 -4.5501767e-001
 -5.3978817e-001
 -6.2292118e-001
 -7.0241932e-001
 -7.7656362e-001
 -8.4398117e-001
 -9.0366471e-001
 -9.5494828e-001
 -9.9744860e-001
 -1.0309867e+000
 -1.0555056e+000
 -1.0709998e+000
 -1.0774695e+000
 -1.0749057e+000
 -1.0633098e+000
 -1.0427426e+000
 -1.0133931e+000
 -9.7565367e-001
 -9.3018810e-001
 -8.7797745e-001
 -8.2033322e-001
 -7.5887145e-001
 -6.9544692e-001
 -6.3205250e-001
 -5.7069354e-001
 -5.1325118e-001
 -4.6134961e-001
 -4.1624246e-001
 -3.7873071e-001
 -3.4912067e-001
 -3.2722550e-001
 -3.1240850e-001
 -3.0366179e-001
 -2.9971025e-001
 -2.9912850e-001
 -3.0045862e-001
 -3.0231745e-001
 -3.0348503e-001
 -3.0296921e-001
 -3.0004506e-001
 -2.9427110e-001
 -2.8548655e-001
 -2.7379512e-001
 -2.5954096e-001
 -2.4328104e-001
 -2.2575656e-001
 -2.0786376e-001
 -1.9062275e-001
 -1.7514149e-001
 -1.6257210e-001
 -1.5405719e-001
 -1.5066600e-001
 -1.5332237e-001
 -1.6272926e-001
 -1.7929708e-001
 -2.0308425e-001
 -2.3375894e-001
 -2.7058968e-001
 -3.1246982e-001
 -3.5797732e-001
 -4.0546664e-001
 -4.5318554e-001
 -4.9940516e-001
 -5.4255000e-001
 -5.8131299e-001
 -6.1474232e-001
 -6.4228965e-001
 -6.6381391e-001
 -6.7954036e-001
 -6.8998052e-001
 -6.9582342e-001
 -6.9781285e-001
 -6.9662689e-001
 -6.9277589e-001
 -6.8653274e-001
 -6.7790456e-001
 -6.6664976e-001
 -6.5233786e-001
 -6.3444386e-001
 -6.1246422e-001
 -5.8603843e-001
 -5.5505968e-001
 -5.1975940e-001
 -4.8075406e-001
 -4.3904760e-001
 -3.9598872e-001
 -3.5318787e-001
 -3.1240377e-001
 -2.7541272e-001
 -2.4387546e-001
 -2.1921592e-001
 -2.0252378e-001
 -1.9448916e-001
 -1.9537307e-001
 -2.0501291e-001
 -2.2285784e-001
 -2.4802661e-001
 -2.7937848e-001
 -3.1558851e-001
 -3.5521974e-001
 -3.9678774e-001
 -4.3881539e-001
 -4.7987927e-001
 -5.1865034e-001
 -5.5393309e-001
 -5.8470666e-001
 -6.1016974e-001
 -6.2978893e-001
 -6.4334686e-001
 -6.5098405e-001
 -6.5322655e-001
 -6.5099070e-001
 -6.4555758e-001
 -6.3851238e-001
 -6.3164778e-001
 -6.2683552e-001
 -6.2587510e-001
 -6.3033299e-001
 -6.4138875e-001
 -6.5970520e-001
 -6.8533882e-001
 -7.1770270e-001
 -7.5558921e-001
 -7.9725252e-001
 -8.4054433e-001
 -8.8308943e-001
 -9.2248262e-001
 -9.5648598e-001
 -9.8320485e-001
 -1.0012239e+000
 -1.0096892e+000
 -1.0083298e+000
 -9.9741816e-001
 -9.7767952e-001
 -9.5016233e-001
 -9.1609016e-001
 -8.7671449e-001
 -8.3318773e-001
 -7.8647199e-001
 -7.3729300e-001
 -6.8614200e-001
 -6.3332101e-001
 -5.7902093e-001
 -5.2341722e-001
 -4.6676601e-001
 -4.0948383e-001
 -3.5219751e-001
 -2.9575551e-001
 -2.4119836e-001
 -1.8969242e-001
 -1.4243669e-001
 -1.0055670e-001
 -6.5001360e-002
 -3.6458038e-002
 -1.5298277e-002
 -1.5617582e-003
  5.0197609e-003
  4.9629049e-003
 -1.0527927e-003
 -1.2282844e-002
 -2.8013173e-002
 -4.7638562e-002
 -7.0712797e-002
 -9.6963833e-002
 -1.2627300e-001
 -1.5862306e-001
 -1.9402485e-001
 -2.3243577e-001
 -2.7368445e-001
 -3.1741515e-001
 -3.6306208e-001
 -4.0985933e-001
 -4.5688603e-001
 -5.0314136e-001
 -5.4763859e-001
 -5.8950482e-001
 -6.2807173e-001
 -6.6294406e-001
 -6.9403572e-001
 -7.2156843e-001
 -7.4603306e-001
 -7.6811965e-001
 -7.8862604e-001
 -8.0835845e-001
 -8.2803750e-001
 -8.4822211e-001
 -8.6926015e-001
 -8.9127026e-001
 -9.1415378e-001
 -9.3763122e-001
 -9.6129373e-001
 -9.8465810e-001
 -1.0072141e+000
 -1.0284554e+000
 -1.0478878e+000
 -1.0650170e+000
 -1.0793174e+000
 -1.0901947e+000
 -1.0969517e+000
 -1.0987715e+000
 -1.0947280e+000
 -1.0838318e+000
 -1.0651112e+000
 -1.0377246e+000
 -1.0010915e+000
 -9.5502610e-001
 -8.9985296e-001
 -8.3648599e-001
 -7.6645289e-001
 -6.9185427e-001
 -6.1525399e-001
 -5.3950652e-001
 -4.6753574e-001
 -4.0208767e-001
 -3.4548401e-001
 -2.9940571e-001
 -2.6473315e-001
 -2.4146417e-001
 -2.2872241e-001
 -2.2485775e-001
 -2.2762955e-001
 -2.3445325e-001
 -2.4268257e-001
 -2.4989543e-001
 -2.5415052e-001
 -2.5418554e-001
 -2.4953473e-001
 -2.4055356e-001
 -2.2834953e-001
 -2.1462962e-001
 -2.0148417e-001
 -1.9113466e-001
 -1.8567585e-001
 -1.8684247e-001
 -1.9582630e-001
 -2.1316247e-001
 -2.3869396e-001
 -2.7161385e-001
 -3.1057503e-001
 -3.5384975e-001
 -3.9951649e-001
 -4.4565018e-001
 -4.9049319e-001
 -5.3258922e-001
 -5.7086844e-001
 -6.0467967e-001
 -6.3377258e-001
 -6.5823902e-001
 -6.7842666e-001
 -6.9484013e-001
 -7.0804407e-001
 -7.1858016e-001
 -7.2690617e-001
 -7.3336040e-001
 -7.3815052e-001
 -7.4136237e-001
 -7.4298213e-001
 -7.4292473e-001
 -7.4106269e-001
 -7.3725127e-001
 -7.3134893e-001
 -7.2323431e-001
 -7.1282292e-001
 -7.0008730e-001
 -6.8508358e-001
 -6.6798533e-001
 -6.4912274e-001
 -6.2902186e-001
 -6.0843575e-001
 -5.8835822e-001
 -5.7001020e-001
 -5.5479157e-001
 -5.4419473e-001
 -5.3968192e-001
 -5.4253433e-001
 -5.5368740e-001
 -5.7357104e-001
 -6.0197655e-001
 -6.3797162e-001
 -6.7988157e-001
 -7.2534850e-001
 -7.7147147e-001
 -8.1502080e-001
 -8.5270936e-001
 -8.8149511e-001
 -8.9888323e-001
 -9.0319363e-001
 -8.9376176e-001
 -8.7104645e-001
 -8.3662875e-001
 -7.9309739e-001
 -7.4383024e-001
 -6.9269335e-001
 -6.4368941e-001
 -6.0059395e-001
 -5.6661915e-001
 -5.4414200e-001
 -5.3452568e-001
 -5.3805156e-001
 -5.5396540e-001
 -5.8062766e-001
 -6.1574508e-001
 -6.5665140e-001
 -7.0060021e-001
 -7.4503274e-001
 -7.8778858e-001
 -8.2723617e-001
 -8.6231241e-001
 -8.9247345e-001
 -9.1757196e-001
 -9.3768572e-001
 -9.5292944e-001
 -9.6328287e-001
 -9.6846547e-001
 -9.6788015e-001
 -9.6063780e-001
 -9.4566180e-001
 -9.2185886e-001
 -8.8833229e-001
 -8.4460582e-001
 -7.9082377e-001
 -7.2789465e-001
 -6.5755220e-001
 -5.8231790e-001
 -5.0536162e-001
 -4.3027062e-001
 -3.6074901e-001
 -3.0027989e-001
 -2.5178755e-001
 -2.1733870e-001
 -1.9791758e-001
 -1.9330221e-001
 -2.0205774e-001
 -2.2164998e-001
 -2.4866916e-001
 -2.7914205e-001
 -3.0890130e-001
 -3.3397589e-001
 -3.5096439e-001
 -3.5735611e-001
 -3.5177080e-001
 -3.3409665e-001
 -3.0551659e-001
 -2.6842342e-001
 -2.2623425e-001
 -1.8312263e-001
 -1.4369290e-001
 -1.1262409e-001
 -9.4311677e-002
 -9.2533657e-002
 -1.1016416e-001
 -1.4895299e-001
 -2.0938427e-001
 -2.9062163e-001
 -3.9054194e-001
 -5.0585430e-001
 -6.3229613e-001
 -7.6489407e-001
 -8.9827322e-001
 -1.0269954e+000
 -1.1459045e+000
 -1.2504555e+000
 -1.3370036e+000
 -1.4030328e+000
 -1.4473029e+000
 -1.4699043e+000
 -1.4722120e+000
 -1.4567404e+000
 -1.4269107e+000
 -1.3867459e+000
 -1.3405231e+000
 -1.2924109e+000
 -1.2461259e+000
 -1.2046417e+000
 -1.1699758e+000
 -1.1430758e+000
 -1.1238140e+000
 -1.1110892e+000
 -1.1030211e+000
 -1.0972160e+000
 -1.0910703e+000
 -1.0820787e+000
 -1.0681112e+000
 -1.0476287e+000
 -1.0198156e+000
 -9.8461654e-001
 -9.4267951e-001
 -8.9521654e-001
 -8.4380511e-001
 -7.9015963e-001
 -7.3590517e-001
 -6.8238456e-001
 -6.3052383e-001
 -5.8077245e-001
 -5.3312347e-001
 -4.8720727e-001
 -4.4244217e-001
 -3.9821714e-001
 -3.5407755e-001
 -3.0988521e-001
 -2.6592747e-001
 -2.2295838e-001
 -1.8216475e-001
 -1.4506099e-001
 -1.1332722e-001
 -8.8613194e-002
 -7.2335826e-002
 -6.5498752e-002
 -6.8559545e-002
 -8.1363171e-002
 -1.0315100e-001
 -1.3264393e-001
 -1.6818789e-001
 -2.0794125e-001
 -2.5007810e-001
 -2.9297962e-001
 -3.3538756e-001
 -3.7649994e-001
 -4.1599729e-001
 -4.5399796e-001
 -4.9095089e-001
 -5.2748289e-001
 -5.6422379e-001
 -6.0163496e-001
 -6.3986625e-001
 -6.7866147e-001
 -7.1732539e-001
 -7.5475668e-001
 -7.8954156e-001
 -8.2009527e-001
 -8.4483205e-001
 -8.6234158e-001
 -8.7154936e-001
 -8.7184222e-001
 -8.6314521e-001
 -8.4594344e-001
 -8.2124969e-001
 -7.9052538e-001
 -7.5556741e-001
 -7.1837626e-001
 -6.8102069e-001
 -6.4551249e-001
 -6.1370087e-001
 -5.8719120e-001
 -5.6728811e-001
 -5.5495922e-001
 -5.5081334e-001
 -5.5508660e-001
 -5.6763158e-001
 -5.8790740e-001
 -6.1497248e-001
 -6.4748550e-001
 -6.8372254e-001
 -7.2161967e-001
 -7.5884874e-001
 -7.9293113e-001
 -8.2138858e-001
 -8.4192404e-001
 -8.5261889e-001
 -8.5212744e-001
 -8.3984603e-001
 -8.1603351e-001
 -7.8186289e-001
 -7.3938960e-001
 -6.9143081e-001
 -6.4136041e-001
 -5.9283527e-001
 -5.4947761e-001
 -5.1454557e-001
 -4.9062729e-001
 -4.7939287e-001
 -4.8143323e-001
 -4.9620545e-001
 -5.2209264e-001
 -5.5657238e-001
 -5.9647568e-001
 -6.3830709e-001
 -6.7858965e-001
 -7.1419572e-001
 -7.4262680e-001
 -7.6221227e-001
 -7.7220750e-001
 -7.7278448e-001
 -7.6492128e-001
 -7.5020905e-001
 -7.3060439e-001
 -7.0816063e-001
 -6.8477212e-001
 -6.6196258e-001
 -6.4074055e-001
 -6.2153541e-001
 -6.0421561e-001
 -5.8818011e-001
 -5.7250488e-001
 -5.5612034e-001
 -5.3799330e-001
 -5.1728851e-001
 -4.9349010e-001
 -4.6647023e-001
 -4.3650126e-001
 -4.0421589e-001
 -3.7052694e-001
 -3.3652299e-001
 -3.0335768e-001
 -2.7214927e-001
 -2.4390290e-001
 -2.1946242e-001
 -1.9949237e-001
 -1.8448466e-001
 -1.7478027e-001
 -1.7059436e-001
 -1.7203330e-001
 -1.7909551e-001
 -1.9165245e-001
 -2.0941189e-001
 -2.3187105e-001
 -2.5827171e-001
 -2.8757119e-001
 -3.1844290e-001
 -3.4931672e-001
 -3.7846408e-001
 -4.0412521e-001
 -4.2466879e-001
 -4.3876740e-001
 -4.4556736e-001
 -4.4482983e-001
 -4.3702165e-001
 -4.2333910e-001
 -4.0565545e-001
 -3.8639280e-001
 -3.6832827e-001
 -3.5435382e-001
 -3.4721542e-001
 -3.4926081e-001
 -3.6222432e-001
 -3.8707307e-001
 -4.2393106e-001
 -4.7208777e-001
 -5.3008732e-001
 -5.9588398e-001
 -6.6704224e-001
 -7.4095461e-001
 -8.1504997e-001
 -8.8696793e-001
 -9.5468159e-001
 -1.0165596e+000
 -1.0713681e+000
 -1.1182233e+000
 -1.1565104e+000
 -1.1857925e+000
 -1.2057282e+000
 -1.2160197e+000
 -1.2164011e+000
 -1.2066711e+000
 -1.1867649e+000
 -1.1568513e+000
 -1.1174343e+000
 -1.0694364e+000
 -1.0142437e+000
 -9.5369260e-001
 -8.8999313e-001
 -8.2558696e-001
 -7.6295385e-001
 -7.0438648e-001
 -6.5176153e-001
 -6.0633719e-001
 -5.6860607e-001
 -5.3822620e-001
 -5.1404401e-001
 -4.9421087e-001
 -4.7638304e-001
 -4.5798321e-001
 -4.3649341e-001
 -4.0974466e-001
 -3.7616840e-001
 -3.3497995e-001
 -2.8627237e-001
 -2.3101134e-001
 -1.7093350e-001
 -1.0836364e-001
 -4.5975204e-002
  1.3474737e-002
  6.7403184e-002
  1.1362148e-001
  1.5049457e-001
  1.7702520e-001
  1.9286023e-001
  1.9822666e-001
  1.9381405e-001
  1.8062609e-001
  1.5982593e-001
  1.3259823e-001
  1.0004579e-001
  6.3130622e-002
  2.2660976e-002
 -2.0682775e-002
 -6.6296931e-002
 -1.1359521e-001
 -1.6195900e-001
 -2.1071172e-001
 -2.5912598e-001
 -3.0646479e-001
 -3.5205033e-001
 -3.9534685e-001
 -4.3604025e-001
 -4.7409525e-001
 -5.0977402e-001
 -5.4360542e-001
 -5.7630219e-001
 -6.0863292e-001
 -6.4126423e-001
 -6.7459575e-001
 -7.0861422e-001
 -7.4279270e-001
 -7.7605656e-001
 -8.0682944e-001
 -8.3316159e-001
 -8.5293080e-001
 -8.6409458e-001
 -8.6496333e-001
 -8.5445879e-001
 -8.3232190e-001
 -7.9923878e-001
 -7.5686284e-001
 -7.0772391e-001
 -6.5502965e-001
 -6.0237878e-001
 -5.5341791e-001
 -5.1148132e-001
 -4.7925663e-001
 -4.5851585e-001
 -4.4994414e-001
 -4.5308574e-001
 -4.6641245e-001
 -4.8750442e-001
 -5.1331950e-001
 -5.4051714e-001
 -5.6579733e-001
 -5.8621467e-001
 -5.9943311e-001
 -6.0389593e-001
 -5.9889835e-001
 -5.8456312e-001
 -5.6173235e-001
 -5.3179846e-001
 -4.9650314e-001
 -4.5773452e-001
 -4.1734947e-001
 -3.7704082e-001
 -3.3825990e-001
 -3.0219400e-001
 -2.6978935e-001
 -2.4180257e-001
 -2.1886017e-001
 -2.0150627e-001
 -1.9022228e-001
 -1.8541019e-001
 -1.8733932e-001
 -1.9606559e-001
 -2.1133956e-001
 -2.3252397e-001
 -2.5854218e-001
 -2.8787556e-001
 -3.1862107e-001
 -3.4861070e-001
 -3.7558439e-001
 -3.9739787e-001
 -4.1223996e-001
 -4.1882992e-001
 -4.1656616e-001
 -4.0560308e-001
 -3.8684166e-001
 -3.6183123e-001
 -3.3259249e-001
 -3.0138326e-001
 -2.7043719e-001
 -2.4171034e-001
 -2.1666975e-001
 -1.9615285e-001
 -1.8031661e-001
 -1.6868242e-001
 -1.6026919e-001
 -1.5379406e-001
 -1.4791044e-001
 -1.4144766e-001
 -1.3361637e-001
 -1.2414908e-001
 -1.1335516e-001
 -1.0208249e-001
 -9.1592226e-002
 -8.3366343e-002
 -7.8877894e-002
 -7.9359558e-002
 -8.5606453e-002
 -9.7843876e-002
 -1.1568072e-001
 -1.3815614e-001
 -1.6387265e-001
 -1.9119540e-001
 -2.1848714e-001
 -2.4434253e-001
 -2.6778555e-001
 -2.8839913e-001
 -3.0636664e-001
 -3.2241823e-001
 -3.3769015e-001
 -3.5351847e-001
 -3.7119958e-001
 -3.9175483e-001
 -4.1573725e-001
 -4.4311158e-001
 -4.7322834e-001
 -5.0489815e-001
 -5.3655703e-001
 -5.6649915e-001
 -5.9314235e-001
 -6.1528621e-001
 -6.3232222e-001
 -6.4436218e-001
 -6.5226235e-001
 -6.5753593e-001
 -6.6216287e-001
 -6.6832131e-001
 -6.7807694e-001
 -6.9307322e-001
 -7.1426620e-001
 -7.4174152e-001
 -7.7464050e-001
 -8.1120649e-001
 -8.4894660e-001
 -8.8488748e-001
 -9.1589151e-001
 -9.3899154e-001
 -9.5170092e-001
 -9.5225968e-001
 -9.3978795e-001
 -9.1433107e-001
 -8.7679684e-001
 -8.2879992e-001
 -7.7244088e-001
 -7.1005466e-001
 -6.4396558e-001
 -5.7628191e-001
 -5.0875493e-001
 -4.4271470e-001
 -3.7908189e-001
 -3.1844199e-001
 -2.6115869e-001
 -2.0749771e-001
 -1.5773255e-001
 -1.1220837e-001
 -7.1349812e-002
 -3.5610291e-002
 -5.3728893e-003
  1.9176415e-002
  3.8175182e-002
  5.2180437e-002
  6.2207221e-002
  6.9691311e-002
  7.6369983e-002
  8.4088973e-002
  9.4557675e-002
  1.0908585e-001
  1.2834151e-001
  1.5217021e-001
  1.7950984e-001
  2.0842325e-001
  2.3625514e-001
  2.5990121e-001
  2.7616069e-001
  2.8212896e-001
  2.7557895e-001
  2.5527869e-001
  2.2119867e-001
  1.7457606e-001
  1.1782130e-001
  5.4273696e-002
 -1.2166361e-002
 -7.7483581e-002
 -1.3801550e-001
 -1.9088106e-001
 -2.3431370e-001
 -2.6785471e-001
 -2.9238134e-001
 -3.0996580e-001
 -3.2358424e-001
 -3.3671472e-001
 -3.5287737e-001
 -3.7517748e-001
 -4.0591040e-001
 -4.4627793e-001
 -4.9624931e-001
 -5.5457985e-001
 -6.1897811e-001
 -6.8639285e-001
 -7.5337578e-001
 -8.1646774e-001
 -8.7255550e-001
 -9.1915355e-001
 -9.5457873e-001
 -9.7800345e-001
 -9.8939232e-001
 -9.8934438e-001
 -9.7887644e-001
 -9.5918977e-001
 -9.3146246e-001
 -8.9670212e-001
 -8.5568145e-001
 -8.0896224e-001
 -7.5699719e-001
 -7.0028365e-001
 -6.3953359e-001
 -5.7582021e-001
 -5.1066473e-001
 -4.4603680e-001
 -3.8425653e-001
 -3.2780365e-001
 -2.7905626e-001
 -2.3999577e-001
 -2.1192296e-001
 -1.9523201e-001
 -1.8928259e-001
 -1.9239798e-001
 -2.0199890e-001
 -2.1486287e-001
 -2.2747949e-001
 -2.3645670e-001
 -2.3892361e-001
 -2.3287464e-001
 -2.1740628e-001
 -1.9281255e-001
 -1.6052473e-001
 -1.2290324e-001
 -8.2910917e-002
 -4.3714118e-002
 -8.2685510e-003
  2.1051205e-002
  4.2726268e-002
  5.6234492e-002
  6.2040642e-002
  6.1441286e-002
  5.6292003e-002
  4.8662339e-002
  4.0474668e-002
  3.3185209e-002
  2.7558380e-002
  2.3570573e-002
  2.0458543e-002
  1.6904148e-002
  1.1324840e-002
  2.2215313e-003
 -1.1474812e-002
 -3.0117588e-002
 -5.3171312e-002
 -7.9185207e-002
 -1.0592547e-001
 -1.3065286e-001
 -1.5050841e-001
 -1.6295166e-001
 -1.6618490e-001
 -1.5949673e-001
 -1.4346772e-001
 -1.1999975e-001
 -9.2155675e-002
 -6.3824015e-002
 -3.9249472e-002
 -2.2491477e-002
 -1.6885109e-002
 -2.4580550e-002
 -4.6227829e-002
 -8.0854327e-002
 -1.2595603e-001
 -1.7779361e-001
 -2.3185555e-001
 -2.8342655e-001
 -3.2818453e-001
 -3.6274531e-001
 -3.8508114e-001
 -3.9475752e-001
 -3.9295797e-001
 -3.8229673e-001
 -3.6644846e-001
 -3.4964949e-001
 -3.3614166e-001
 -3.2963636e-001
 -3.3287113e-001
 -3.4731603e-001
 -3.7306330e-001
 -4.0890648e-001
 -4.5258714e-001
 -5.0116394e-001
 -5.5144253e-001
 -6.0039900e-001
 -6.4553387e-001
 -6.8510787e-001
 -7.1823237e-001
 -7.4481230e-001
 -7.6536388e-001
 -7.8075019e-001
 -7.9188944e-001
 -7.9949437e-001
 -8.0389315e-001
 -8.0496683e-001
 -8.0221553e-001
 -7.9494133e-001
 -7.8251284e-001
 -7.6465949e-001
 -7.4173495e-001
 -7.1489178e-001
 -6.8612130e-001
 -6.5813440e-001
 -6.3408516e-001
 -6.1716733e-001
 -6.1013767e-001
 -6.1483751e-001
 -6.3178971e-001
 -6.5994250e-001
 -6.9661401e-001
 -7.3766386e-001
 -7.7788550e-001
 -8.1157904e-001
 -8.3323498e-001
 -8.3823888e-001
 -8.2349901e-001
 -7.8790563e-001
 -7.3255029e-001
 -6.6066522e-001
 -5.7728097e-001
 -4.8864046e-001
 -4.0144306e-001
 -3.2201822e-001
 -2.5554043e-001
 -2.0539361e-001
 -1.7277413e-001
 -1.5658906e-001
 -1.5366581e-001
 -1.5924538e-001
 -1.6769128e-001
 -1.7331559e-001
 -1.7120647e-001
 -1.5794137e-001
 -1.3208615e-001
 -9.4411356e-002
 -4.7797345e-002
  3.1554380e-003
  5.2752369e-002
  9.4974745e-002
  1.2428221e-001
  1.3633230e-001
  1.2851559e-001
  1.0023351e-001
  5.2884887e-002
 -1.0428722e-002
 -8.5427169e-002
 -1.6731997e-001
 -2.5151298e-001
 -3.3424387e-001
 -4.1304987e-001
 -4.8699874e-001
 -5.5665247e-001
 -6.2377587e-001
 -6.9084291e-001
 -7.6042596e-001
 -8.3457176e-001
 -9.1426991e-001
 -9.9910535e-001
 -1.0871563e+000
 -1.1751599e+000
 -1.2589244e+000
 -1.3339252e+000
 -1.3959921e+000
 -1.4419771e+000
 -1.4702932e+000
 -1.4812334e+000
 -1.4770099e+000
 -1.4614995e+000
 -1.4397254e+000
 -1.4171492e+000
 -1.3988767e+000
 -1.3889011e+000
 -1.3894993e+000
 -1.4008784e+000
 -1.4211332e+000
 -1.4465241e+000
 -1.4720387e+000
 -1.4921536e+000
 -1.5016783e+000
 -1.4965499e+000
 -1.4744524e+000
 -1.4351570e+000
 -1.3805274e+000
 -1.3141803e+000
 -1.2408531e+000
 -1.1655747e+000
 -1.0927734e+000
 -1.0254703e+000
 -9.6469544e-001
 -9.0923754e-001
 -8.5578459e-001
 -7.9945319e-001
 -7.3464092e-001
 -6.5607988e-001
 -5.5993032e-001
 -4.4473720e-001
 -3.1208379e-001
 -1.6681371e-001
 -1.6752232e-002
  1.2806911e-001
  2.5660399e-001
  3.5824996e-001
  4.2437565e-001
  4.4969536e-001
  4.3327912e-001
  3.7902714e-001
  2.9550564e-001
  1.9512763e-001
  9.2754915e-002
  3.8840845e-003
 -5.7353951e-002
 -8.0114399e-002
 -5.8411555e-002
  7.8861894e-003
  1.1279917e-001
  2.4478141e-001
  3.8802435e-001
  5.2437044e-001
  6.3560017e-001
  7.0579803e-001
  7.2348433e-001
  6.8322341e-001
  5.8648286e-001
  4.4161461e-001
  2.6294449e-001
  6.9076548e-002
 -1.1937430e-001
 -2.8232846e-001
 -4.0273276e-001
 -4.6866732e-001
 -4.7478808e-001
 -4.2291312e-001
 -3.2167543e-001
 -1.8529116e-001
 -3.1612035e-002
  1.2027219e-001
  2.5255424e-001
  3.5101021e-001
  4.0676923e-001
  4.1731482e-001
  3.8658804e-001
  3.2418741e-001
  2.4378641e-001
  1.6099783e-001
  9.0990341e-002
  4.6196510e-002
  3.4436774e-002
  5.7724558e-002
  1.1192056e-001
  1.8728394e-001
  2.6984123e-001
  3.4337824e-001
  3.9177224e-001
  4.0133390e-001
  3.6282711e-001
  2.7288036e-001
  1.3458918e-001
 -4.2776850e-002
 -2.4492335e-001
 -4.5437729e-001
 -6.5277325e-001
 -8.2326236e-001
 -9.5270989e-001
 -1.0333788e+000
 -1.0638694e+000
 -1.0491896e+000
 -9.9995437e-001
