 -9.9484116e-001
 -2.7147359e+000
 -3.7866113e+000
 -4.2820263e+000
 -4.3259019e+000
 -4.0585574e+000
 -3.6089419e+000
 -3.0792253e+000
 -2.5391962e+000
 -2.0279820e+000
 -1.5603260e+000
 -1.1348580e+000
 -7.4229935e-001
 -3.7218481e-001
 -1.7348661e-002
  3.2399762e-001
  6.4831288e-001
  9.4832138e-001
  1.2154401e+000
  1.4423270e+000
  1.6249537e+000
  1.7637968e+000
  1.8639675e+000
  1.9343205e+000
  1.9857739e+000
  2.0291971e+000
  2.0732864e+000
  2.1228219e+000
  2.1776242e+000
  2.2323892e+000
  2.2774278e+000
  2.3001802e+000
  2.2872474e+000
  2.2266006e+000
  2.1096085e+000
  1.9325554e+000
  1.6974177e+000
  1.4117847e+000
  1.0879566e+000
  7.4137724e-001
  3.8866676e-001
  4.5569613e-002
 -2.7485890e-001
 -5.6355738e-001
 -8.1607473e-001
 -1.0324375e+000
 -1.2163313e+000
 -1.3737696e+000
 -1.5114988e+000
 -1.6354229e+000
 -1.7493139e+000
 -1.8540162e+000
 -1.9472589e+000
 -2.0240846e+000
 -2.0777947e+000
 -2.1012269e+000
 -2.0881314e+000
 -2.0344000e+000
 -1.9389365e+000
 -1.8040247e+000
 -1.6351404e+000
 -1.4402489e+000
 -1.2287184e+000
 -1.0100395e+000
 -7.9256859e-001
 -5.8250183e-001
 -3.8324197e-001
 -1.9524631e-001
 -1.6361203e-002
  1.5743485e-001
  3.3102365e-001
  5.0905862e-001
  6.9498473e-001
  8.9032988e-001
  1.0943770e+000
  1.3042550e+000
  1.5154120e+000
  1.7223689e+000
  1.9196049e+000
  2.1024096e+000
  2.2675497e+000
  2.4136333e+000
  2.5411176e+000
  2.6519684e+000
  2.7490447e+000
  2.8353271e+000
  2.9131366e+000
  2.9834855e+000
  3.0456776e+000
  3.0972258e+000
  3.1340964e+000
  3.1512313e+000
  3.1432502e+000
  3.1052040e+000
  3.0332457e+000
  2.9251031e+000
  2.7802756e+000
  2.5999326e+000
  2.3865454e+000
  2.1433350e+000
  1.8736549e+000
  1.5804374e+000
  1.2658240e+000
  9.3106657e-001
  5.7673489e-001
  2.0321095e-001
 -1.8860558e-001
 -5.9649981e-001
 -1.0161947e+000
 -1.4407981e+000
 -1.8605634e+000
 -2.2630398e+000
 -2.6336315e+000
 -2.9565219e+000
 -3.2158656e+000
 -3.3971084e+000
 -3.4882716e+000
 -3.4810454e+000
 -3.3715552e+000
 -3.1607141e+000
 -2.8541272e+000
 -2.4615739e+000
 -1.9961480e+000
 -1.4731738e+000
 -9.0903901e-001
 -3.2008560e-001
  2.7832050e-001
  8.7245386e-001
  1.4505875e+000
  2.0030503e+000
  2.5220339e+000
  3.0012297e+000
  3.4353955e+000
  3.8199517e+000
  4.1506909e+000
  4.4236590e+000
  4.6352309e+000
  4.7823652e+000
  4.8629922e+000
  4.8764611e+000
  4.8239620e+000
  4.7088375e+000
  4.5367102e+000
  4.3153794e+000
  4.0544669e+000
  3.7648310e+000
  3.4577963e+000
  3.1442781e+000
  2.8338964e+000
  2.5341838e+000
  2.2499857e+000
  1.9831359e+000
  1.7324599e+000
  1.4941280e+000
  1.2623336e+000
  1.0302386e+000
  7.9108629e-001
  5.3935839e-001
  2.7183737e-001
 -1.1565126e-002
 -3.0733409e-001
 -6.0831891e-001
 -9.0418333e-001
 -1.1823213e+000
 -1.4291633e+000
 -1.6317420e+000
 -1.7793422e+000
 -1.8650358e+000
 -1.8868968e+000
 -1.8487207e+000
 -1.7601144e+000
 -1.6358976e+000
 -1.4948355e+000
 -1.3578095e+000
 -1.2456109e+000
 -1.1766003e+000
 -1.1645067e+000
 -1.2166376e+000
 -1.3327324e+000
 -1.5046209e+000
 -1.7167533e+000
 -1.9475623e+000
 -2.1715112e+000
 -2.3615956e+000
 -2.4920039e+000
 -2.5406225e+000
 -2.4910923e+000
 -2.3341828e+000
 -2.0683428e+000
 -1.6994003e+000
 -1.2394959e+000
 -7.0543989e-001
 -1.1675168e-001
  5.0632080e-001
  1.1445183e+000
  1.7807914e+000
  2.4008834e+000
  2.9932385e+000
  3.5483180e+000
  4.0575031e+000
  4.5118384e+000
  4.9008975e+000
  5.2120402e+000
  5.4302701e+000
  5.5388043e+000
  5.5203557e+000
  5.3590019e+000
  5.0424164e+000
  4.5641594e+000
  3.9256976e+000
  3.1378395e+000
  2.2213366e+000
  1.2065011e+000
  1.3181644e-001
 -9.5835835e-001
 -2.0167710e+000
 -2.9966437e+000
 -3.8550785e+000
 -4.5561558e+000
 -5.0734250e+000
 -5.3915693e+000
 -5.5071255e+000
 -5.4282556e+000
 -5.1736587e+000
 -4.7707983e+000
 -4.2536592e+000
 -3.6602674e+000
 -3.0301845e+000
 -2.4021481e+000
 -1.8119767e+000
 -1.2908014e+000
 -8.6364478e-001
 -5.4833911e-001
 -3.5476904e-001
 -2.8443519e-001
 -3.3035627e-001
 -4.7735071e-001
 -7.0275285e-001
 -9.7761613e-001
 -1.2684296e+000
 -1.5393257e+000
 -1.7546910e+000
 -1.8820170e+000
 -1.8947603e+000
 -1.7749310e+000
 -1.5151129e+000
 -1.1196421e+000
 -6.0473512e-001
  2.5344411e-003
  6.6638611e-001
  1.3454412e+000
  1.9964954e+000
  2.5785615e+000
  3.0567354e+000
  3.4054456e+000
  3.6107087e+000
  3.6711280e+000
  3.5975278e+000
  3.4112828e+000
  3.1415649e+000
  2.8218620e+000
  2.4862056e+000
  2.1655683e+000
  1.8848513e+000
  1.6607872e+000
  1.5009481e+000
  1.4038920e+000
  1.3603308e+000
  1.3550759e+000
  1.3694359e+000
  1.3837131e+000
  1.3794695e+000
  1.3413066e+000
  1.2580088e+000
  1.1230142e+000
  9.3429057e-001
  6.9377243e-001
  4.0656463e-001
  8.0115630e-002
 -2.7647297e-001
 -6.5290393e-001
 -1.0378950e+000
 -1.4192081e+000
 -1.7836205e+000
 -2.1169893e+000
 -2.4045454e+000
 -2.6315072e+000
 -2.7840279e+000
 -2.8504024e+000
 -2.8223826e+000
 -2.6963906e+000
 -2.4744022e+000
 -2.1642989e+000
 -1.7795512e+000
 -1.3381995e+000
 -8.6121214e-001
 -3.7041384e-001
  1.1373678e-001
  5.7419816e-001
  9.9891089e-001
  1.3816265e+000
  1.7218586e+000
  2.0239544e+000
  2.2954294e+000
  2.5448359e+000
  2.7795236e+000
  3.0036754e+000
  3.2169718e+000
  3.4141346e+000
  3.5854608e+000
  3.7182889e+000
  3.7991758e+000
  3.8164320e+000
  3.7625865e+000
  3.6363446e+000
  3.4436725e+000
  3.1977711e+000
  2.9178793e+000
  2.6270383e+000
  2.3491248e+000
  2.1055932e+000
  1.9124275e+000
  1.7777904e+000
  1.7007549e+000
  1.6713463e+000
  1.6719198e+000
  1.6796865e+000
  1.6700233e+000
  1.6200707e+000
  1.5120770e+000
  1.3359842e+000
  1.0908701e+000
  7.8504056e-001
  4.3478002e-001
  6.1979928e-002
 -3.0896229e-001
 -6.5446974e-001
 -9.5480887e-001
 -1.1963392e+000
 -1.3726579e+000
 -1.4844980e+000
 -1.5384508e+000
 -1.5447798e+000
 -1.5147467e+000
 -1.4579438e+000
 -1.3801236e+000
 -1.2819215e+000
 -1.1587109e+000
 -1.0016261e+000
 -7.9958344e-001
 -5.4195049e-001
 -2.2139360e-001
  1.6360638e-001
  6.0703402e-001
  1.0947530e+000
  1.6052076e+000
  2.1113526e+000
  2.5835513e+000
  2.9930135e+000
  3.3152563e+000
  3.5330591e+000
  3.6384620e+000
  3.6335061e+000
  3.5296139e+000
  3.3457220e+000
  3.1054717e+000
  2.8339061e+000
  2.5541914e+000
  2.2848624e+000
  2.0379947e+000
  1.8185461e+000
  1.6249083e+000
  1.4505141e+000
  1.2861702e+000
  1.1226762e+000
  9.5325289e-001
  7.7534766e-001
  5.9150177e-001
  4.0913105e-001
  2.3926379e-001
  9.4459773e-002
 -1.3723762e-002
 -7.7274759e-002
 -9.3829203e-002
 -6.7956475e-002
 -1.1381960e-002
  5.7926750e-002
  1.1770167e-001
  1.4407306e-001
  1.1463621e-001
  1.1442905e-002
 -1.7650995e-001
 -4.5164116e-001
 -8.0721012e-001
 -1.2278605e+000
 -1.6911763e+000
 -2.1700051e+000
 -2.6352115e+000
 -3.0584844e+000
 -3.4148449e+000
 -3.6845732e+000
 -3.8543827e+000
 -3.9177935e+000
 -3.8747763e+000
 -3.7308320e+000
 -3.4957291e+000
 -3.1821329e+000
 -2.8043330e+000
 -2.3772158e+000
 -1.9155520e+000
 -1.4335916e+000
 -9.4489775e-001
 -4.6231116e-001
  2.0684638e-003
  4.3697610e-001
  8.3219941e-001
  1.1789168e+000
  1.4701020e+000
  1.7009052e+000
  1.8689128e+000
  1.9741965e+000
  2.0191071e+000
  2.0078126e+000
  1.9456444e+000
  1.8383535e+000
  1.6914116e+000
  1.5094853e+000
  1.2961885e+000
  1.0541588e+000
  7.8544310e-001
  4.9210698e-001
  1.7693010e-001
 -1.5597694e-001
 -5.0079501e-001
 -8.4997908e-001
 -1.1946551e+000
 -1.5254013e+000
 -1.8332998e+000
 -2.1110765e+000
 -2.3541098e+000
 -2.5610914e+000
 -2.7341703e+000
 -2.8784926e+000
 -3.0011591e+000
 -3.1097343e+000
 -3.2105401e+000
 -3.3070289e+000
 -3.3985464e+000
 -3.4797522e+000
 -3.5408741e+000
 -3.5688399e+000
 -3.5491801e+000
 -3.4684497e+000
 -3.3168082e+000
 -3.0903354e+000
 -2.7926722e+000
 -2.4356512e+000
 -2.0387229e+000
 -1.6271619e+000
 -1.2292311e+000
 -8.7265993e-001
 -5.8092128e-001
 -3.6985142e-001
 -2.4513663e-001
 -2.0108413e-001
 -2.2092175e-001
 -2.7865312e-001
 -3.4226516e-001
 -3.7787892e-001
 -3.5428411e-001
 -2.4722782e-001
 -4.2850014e-002
  2.6022876e-001
  6.5047439e-001
  1.1047335e+000
  1.5910803e+000
  2.0728207e+000
  2.5130931e+000
  2.8794263e+000
  3.1476261e+000
  3.3044701e+000
  3.3488668e+000
  3.2913632e+000
  3.1521249e+000
  2.9577254e+000
  2.7372429e+000
  2.5182433e+000
  2.3232225e+000
  2.1669874e+000
  2.0552993e+000
  1.9848999e+000
  1.9448311e+000
  1.9187726e+000
  1.8879854e+000
  1.8343837e+000
  1.7432670e+000
  1.6053276e+000
  1.4176879e+000
  1.1838880e+000
  9.1291766e-001
  6.1753374e-001
  3.1219925e-001
  1.1021461e-002
 -2.7396398e-001
 -5.3389934e-001
 -7.6346347e-001
 -9.6048730e-001
 -1.1249665e+000
 -1.2577167e+000
 -1.3589741e+000
 -1.4272477e+000
 -1.4586759e+000
 -1.4470420e+000
 -1.3844790e+000
 -1.2627661e+000
 -1.0750024e+000
 -8.1736939e-001
 -4.9066642e-001
 -1.0132573e-001
  3.3830662e-001
  8.1052865e-001
  1.2936506e+000
  1.7640164e+000
  2.1984147e+000
  2.5765492e+000
  2.8832214e+000
  3.1099142e+000
  3.2555486e+000
  3.3263010e+000
  3.3345053e+000
  3.2967893e+000
  3.2317058e+000
  3.1571863e+000
  3.0881646e+000
  3.0346924e+000
  3.0007922e+000
  2.9841889e+000
  2.9769345e+000
  2.9668199e+000
  2.9393602e+000
  2.8800673e+000
  2.7766909e+000
  2.6211235e+000
  2.4107158e+000
  2.1488362e+000
  1.8446154e+000
  1.5119243e+000
  1.1677347e+000
  8.3009052e-001
  5.1595925e-001
  2.3924170e-001
  9.1909857e-003
 -1.7056970e-001
 -3.0232067e-001
 -3.9379342e-001
 -4.5706507e-001
 -5.0695005e-001
 -5.5909550e-001
 -6.2801560e-001
 -7.2529937e-001
 -8.5819749e-001
 -1.0287425e+000
 -1.2334885e+000
 -1.4638825e+000
 -1.7072057e+000
 -1.9479631e+000
 -2.1695489e+000
 -2.3559970e+000
 -2.4936193e+000
 -2.5723562e+000
 -2.5867046e+000
 -2.5361378e+000
 -2.4249945e+000
 -2.2618717e+000
 -2.0586105e+000
 -1.8290034e+000
 -1.5873786e+000
 -1.3472212e+000
 -1.1199790e+000
 -9.1417529e-001
 -7.3490542e-001
 -5.8375121e-001
 -4.5909388e-001
 -3.5676319e-001
 -2.7092452e-001
 -1.9508325e-001
 -1.2307929e-001
 -4.9953459e-002
  2.7409710e-002
  1.0992510e-001
  1.9625895e-001
  2.8307290e-001
  3.6550796e-001
  4.3782951e-001
  4.9413967e-001
  5.2906154e-001
  5.3831082e-001
  5.1909182e-001
  4.7028319e-001
  3.9241020e-001
  2.8742978e-001
  1.5837816e-001
  8.9461242e-003
 -1.5694890e-001
 -3.3553039e-001
 -5.2342139e-001
 -7.1776713e-001
 -9.1621792e-001
 -1.1167919e+000
 -1.3176553e+000
 -1.5168695e+000
 -1.7121571e+000
 -1.9007337e+000
 -2.0792393e+000
 -2.2437864e+000
 -2.3901222e+000
 -2.5138844e+000
 -2.6109150e+000
 -2.6775910e+000
 -2.7111274e+000
 -2.7098141e+000
 -2.6731603e+000
 -2.6019343e+000
 -2.4981010e+000
 -2.3646745e+000
 -2.2055112e+000
 -2.0250763e+000
 -1.8282124e+000
 -1.6199346e+000
 -1.4052673e+000
 -1.1891243e+000
 -9.7622602e-001
 -7.7103745e-001
 -5.7770714e-001
 -3.9998926e-001
 -2.4113577e-001
 -1.0375544e-001
  1.0352182e-002
  1.0036922e-001
  1.6661077e-001
  2.1062379e-001
  2.3520311e-001
  2.4430137e-001
  2.4282084e-001
  2.3629047e-001
  2.3044733e-001
  2.3075630e-001
  2.4191327e-001
  2.6738243e-001
  3.0901810e-001
  3.6681400e-001
  4.3881074e-001
  5.2117558e-001
  6.0845053e-001
  6.9394794e-001
  7.7025785e-001
  8.2982213e-001
  8.6552585e-001
  8.7125761e-001
  8.4239660e-001
  7.7619332e-001
  6.7202209e-001
  5.3149456e-001
  3.5843324e-001
  1.5871192e-001
 -6.0024884e-002
 -2.8874774e-001
 -5.1751510e-001
 -7.3601287e-001
 -9.3413736e-001
 -1.1025944e+000
 -1.2334822e+000
 -1.3208213e+000
 -1.3609901e+000
 -1.3530246e+000
 -1.2987447e+000
 -1.2026774e+000
 -1.0717634e+000
 -9.1485305e-001
 -7.4201944e-001
 -5.6374224e-001
 -3.9003256e-001
 -2.2958514e-001
 -8.9046830e-002
  2.7516372e-002
  1.1889031e-001
  1.8668640e-001
  2.3501775e-001
  2.6991422e-001
  2.9854626e-001
  3.2835271e-001
  3.6618009e-001
  4.1753887e-001
  4.8606460e-001
  5.7324161e-001
  6.7840810e-001
  7.9901987e-001
  9.3111250e-001
  1.0698737e+000
  1.2102251e+000
  1.3473160e+000
  1.4768529e+000
  1.5952225e+000
  1.6994058e+000
  1.7867277e+000
  1.8545149e+000
  1.8997641e+000
  1.9189199e+000
  1.9078505e+000
  1.8620725e+000
  1.7772326e+000
  1.6497993e+000
  1.4778749e+000
  1.2619977e+000
  1.0057923e+000
  7.1633276e-001
  4.0411270e-001
  8.2572283e-002
 -2.3280820e-001
 -5.2576822e-001
 -7.8074225e-001
 -9.8437023e-001
 -1.1268471e+000
 -1.2029277e+000
 -1.2124449e+000
 -1.1602619e+000
 -1.0556575e+000
 -9.1122262e-001
 -7.4141535e-001
 -5.6096906e-001
 -3.8336796e-001
 -2.1959066e-001
 -7.7279142e-002
  3.9576457e-002
  1.3042678e-001
  1.9749558e-001
  2.4479297e-001
  2.7699145e-001
  2.9836108e-001
  3.1194210e-001
  3.1908625e-001
  3.1943039e-001
  3.1128830e-001
  2.9237290e-001
  2.6070270e-001
  2.1551417e-001
  1.5799969e-001
  9.1720258e-002
  2.2597717e-002
 -4.1537158e-002
 -9.1787670e-002
 -1.1930455e-001
 -1.1650077e-001
 -7.8178818e-002
 -2.3924341e-003
  1.0909507e-001
  2.5083100e-001
  4.1417275e-001
  5.8819340e-001
  7.6085893e-001
  9.2030393e-001
  1.0560226e+000
  1.1598115e+000
  1.2263448e+000
  1.2533270e+000
  1.2412366e+000
  1.1927373e+000
  1.1118852e+000
  1.0032815e+000
  8.7132139e-001
  7.1966165e-001
  5.5098151e-001
  3.6705473e-001
  1.6909055e-001
 -4.1746562e-002
 -2.6375941e-001
 -4.9421166e-001
 -7.2900509e-001
 -9.6261704e-001
 -1.1883258e+000
 -1.3986979e+000
 -1.5862652e+000
 -1.7442836e+000
 -1.8674545e+000
 -1.9524937e+000
 -1.9984613e+000
 -2.0068053e+000
 -1.9811197e+000
 -1.9266608e+000
 -1.8497024e+000
 -1.7568291e+000
 -1.6542695e+000
 -1.5473552e+000
 -1.4401628e+000
 -1.3353637e+000
 -1.2342659e+000
 -1.1370101e+000
 -1.0428586e+000
 -9.5051670e-001
 -8.5843375e-001
 -7.6504909e-001
 -6.6897271e-001
 -5.6911065e-001
 -4.6476025e-001
 -3.5570432e-001
 -2.4232646e-001
 -1.2575310e-001
 -8.0067660e-003
  1.0786620e-001
  2.1774392e-001
  3.1650685e-001
  3.9828736e-001
  4.5690829e-001
  4.8649309e-001
  4.8219180e-001
  4.4093246e-001
  3.6208501e-001
  2.4792000e-001
  1.0376056e-001
 -6.2237028e-002
 -2.3968632e-001
 -4.1690911e-001
 -5.8210314e-001
 -7.2458811e-001
 -8.3595602e-001
 -9.1095632e-001
 -9.4797934e-001
 -9.4905896e-001
 -9.1938878e-001
 -8.6642366e-001
 -7.9870628e-001
 -7.2460589e-001
 -6.5117257e-001
 -5.8329350e-001
 -5.2328738e-001
 -4.7099935e-001
 -4.2437117e-001
 -3.8037738e-001
 -3.3615020e-001
 -2.9007826e-001
 -2.4266310e-001
 -1.9695469e-001
 -1.5845741e-001
 -1.3448940e-001
 -1.3307630e-001
 -1.6154747e-001
 -2.2506359e-001
 -3.2532877e-001
 -4.5972073e-001
 -6.2101404e-001
 -7.9778036e-001
 -9.7544273e-001
 -1.1378547e+000
 -1.2691877e+000
 -1.3558568e+000
 -1.3882032e+000
 -1.3616886e+000
 -1.2774276e+000
 -1.1419870e+000
 -9.6649441e-001
 -7.6519761e-001
 -5.5370083e-001
 -3.4714022e-001
 -1.5856081e-001
  2.2887198e-003
  1.2960566e-001
  2.2158694e-001
  2.7994617e-001
  3.0903660e-001
  3.1477661e-001
  3.0358925e-001
  2.8154269e-001
  2.5382001e-001
  2.2456631e-001
  1.9707493e-001
  1.7420008e-001
  1.5883380e-001
  1.5427237e-001
  1.6432188e-001
  1.9305206e-001
  2.4418884e-001
  3.2022445e-001
  4.2140183e-001
  5.4478076e-001
  6.8360622e-001
  8.2716979e-001
  9.6128569e-001
  1.0694052e+000
  1.1342834e+000
  1.1400081e+000
  1.0741244e+000
  9.2954882e-001
  7.0598069e-001
  4.1057527e-001
  5.7744540e-002
 -3.3192496e-001
 -7.3351891e-001
 -1.1201755e+000
 -1.4656902e+000
 -1.7470063e+000
 -1.9462729e+000
 -2.0522261e+000
 -2.0607512e+000
 -1.9746149e+000
 -1.8024738e+000
 -1.5573712e+000
 -1.2549904e+000
 -9.1195109e-001
 -5.4439660e-001
 -1.6704725e-001
  2.0720817e-001
  5.6721878e-001
  9.0310741e-001
  1.2056338e+000
  1.4656078e+000
  1.6735551e+000
  1.8197778e+000
  1.8948652e+000
  1.8906070e+000
  1.8011735e+000
  1.6243558e+000
  1.3626342e+000
  1.0238530e+000
  6.2133669e-001
  1.7337196e-001
 -2.9792367e-001
 -7.6821990e-001
 -1.2128760e+000
 -1.6088791e+000
 -1.9365672e+000
 -2.1809262e+000
 -2.3323242e+000
 -2.3866417e+000
 -2.3448552e+000
 -2.2122133e+000
 -1.9972019e+000
 -1.7105053e+000
 -1.3641469e+000
 -9.7093124e-001
 -5.4422352e-001
 -9.8015721e-002
  3.5284872e-001
  7.9246822e-001
  1.2038794e+000
  1.5694085e+000
  1.8714602e+000
  2.0937307e+000
  2.2227320e+000
  2.2494227e+000
  2.1706871e+000
  1.9903859e+000
  1.7197403e+000
  1.3768939e+000
  9.8561229e-001
  5.7321349e-001
  1.6795128e-001
 -2.0382898e-001
 -5.2038755e-001
 -7.6676977e-001
 -9.3615806e-001
 -1.0301983e+000
 -1.0582474e+000
 -1.0356462e+000
 -9.8126275e-001
 -9.1465927e-001
 -8.5329003e-001
 -8.1012683e-001
 -7.9204248e-001
 -7.9916343e-001
 -8.2525491e-001
 -8.5904652e-001
 -8.8626903e-001
 -8.9207378e-001
 -8.6346091e-001
 -7.9135547e-001
 -6.7203866e-001
 -5.0775216e-001
 -3.0642664e-001
 -8.0620877e-002
  1.5412793e-001
  3.8126527e-001
  5.8518541e-001
  7.5291755e-001
  8.7531179e-001
  9.4760035e-001
  9.6931771e-001
  9.4366566e-001
  8.7648939e-001
  7.7507578e-001
  6.4699100e-001
  4.9914257e-001
  3.3718982e-001
  1.6534981e-001
 -1.3432637e-002
 -1.9704687e-001
 -3.8364673e-001
 -5.7109642e-001
 -7.5656000e-001
 -9.3631910e-001
 -1.1058472e+000
 -1.2601103e+000
 -1.3940158e+000
 -1.5029039e+000
 -1.5829716e+000
 -1.6315405e+000
 -1.6471197e+000
 -1.6292662e+000
 -1.5782919e+000
 -1.4949077e+000
 -1.3799115e+000
 -1.2340198e+000
 -1.0579179e+000
 -8.5255130e-001
 -6.1963004e-001
 -3.6226101e-001
 -8.5585391e-002
  2.0272165e-001
  4.9222331e-001
  7.6986647e-001
  1.0205461e+000
  1.2280692e+000
  1.3764318e+000
  1.4512685e+000
  1.4412990e+000
  1.3395900e+000
  1.1444726e+000
  8.5999982e-001
  4.9589265e-001
  6.6989751e-002
 -4.0772006e-001
 -9.0635817e-001
 -1.4055599e+000
 -1.8818738e+000
 -2.3130313e+000
 -2.6790047e+000
 -2.9628161e+000
 -3.1511082e+000
 -3.2345204e+000
 -3.2079282e+000
 -3.0706030e+000
 -2.8263220e+000
 -2.4834300e+000
 -2.0548133e+000
 -1.5577194e+000
 -1.0133428e+000
 -4.4610279e-001
  1.1742776e-001
  6.4993668e-001
  1.1250615e+000
  1.5192251e+000
  1.8134406e+000
  1.9948805e+000
  2.0580082e+000
  2.0051067e+000
  1.8461006e+000
  1.5976547e+000
  1.2816265e+000
  9.2303457e-001
  5.4777490e-001
  1.8035009e-001
 -1.5812453e-001
 -4.5141545e-001
 -6.8901615e-001
 -8.6628732e-001
 -9.8393603e-001
 -1.0469683e+000
 -1.0633158e+000
 -1.0423687e+000
 -9.9364181e-001
 -9.2575654e-001
 -8.4585142e-001
 -7.5944705e-001
 -6.7070554e-001
 -5.8295365e-001
 -4.9929545e-001
 -4.2313186e-001
 -3.5843176e-001
 -3.0965704e-001
 -2.8132152e-001
 -2.7724610e-001
 -2.9964558e-001
 -3.4823109e-001
 -4.1952808e-001
 -5.0658800e-001
 -5.9921612e-001
 -6.8475617e-001
 -7.4937847e-001
 -7.7972816e-001
 -7.6471797e-001
 -6.9721074e-001
 -5.7533534e-001
 -4.0321952e-001
 -1.9099772e-001
  4.5949419e-002
  2.8845902e-001
  5.1558755e-001
  7.0690560e-001
  8.4479737e-001
  9.1647223e-001
  9.1543378e-001
  8.4222404e-001
  7.0435718e-001
  5.1546382e-001
  2.9376807e-001
  6.0100753e-002
 -1.6429626e-001
 -3.5990477e-001
 -5.1075533e-001
 -6.0574725e-001
 -6.3934364e-001
 -6.1160818e-001
 -5.2763538e-001
 -3.9649782e-001
 -2.2988406e-001
 -4.0624568e-002
  1.5870171e-001
  3.5691629e-001
  5.4502946e-001
  7.1661039e-001
  8.6774163e-001
  9.9661537e-001
  1.1028708e+000
  1.1867982e+000
  1.2485421e+000
  1.2874291e+000
  1.3015194e+000
  1.2874483e+000
  1.2405858e+000
  1.1554974e+000
  1.0266548e+000
  8.4931382e-001
  6.2045149e-001
  3.3964859e-001
  9.8014557e-003
 -3.6243806e-001
 -7.6657152e-001
 -1.1885551e+000
 -1.6114961e+000
 -2.0167043e+000
 -2.3850167e+000
 -2.6982771e+000
 -2.9408283e+000
 -3.1008627e+000
 -3.1714842e+000
 -3.1513578e+000
 -3.0448653e+000
 -2.8617338e+000
 -2.6161682e+000
 -2.3255711e+000
 -2.0089877e+000
 -1.6854437e+000
 -1.3723579e+000
 -1.0842022e+000
 -8.3154569e-001
 -6.2057275e-001
 -4.5309646e-001
 -3.2702921e-001
 -2.3721090e-001
 -1.7645427e-001
 -1.3664680e-001
 -1.0975322e-001
 -8.8591627e-002
 -6.7303971e-002
 -4.1500076e-002
 -8.1139117e-003
  3.4938996e-002
  8.9181876e-002
  1.5594487e-001
  2.3656768e-001
  3.3236205e-001
  4.4431409e-001
  5.7256655e-001
  7.1577661e-001
  8.7048434e-001
  1.0306437e+000
  1.1874562e+000
  1.3296098e+000
  1.4439656e+000
  1.5166613e+000
  1.5345305e+000
  1.4866705e+000
  1.3659577e+000
  1.1702943e+000
  9.0339602e-001
  5.7498453e-001
  2.0031869e-001
 -2.0090835e-001
 -6.0619722e-001
 -9.9221351e-001
 -1.3368741e+000
 -1.6213061e+000
 -1.8314553e+000
 -1.9591713e+000
 -2.0026671e+000
 -1.9663362e+000
 -1.8599913e+000
 -1.6976539e+000
 -1.4960736e+000
 -1.2731674e+000
 -1.0465608e+000
 -8.3236996e-001
 -6.4431551e-001
 -4.9319192e-001
 -3.8666320e-001
 -3.2931055e-001
 -3.2283487e-001
 -3.6631593e-001
 -4.5644982e-001
 -5.8772099e-001
 -7.5250670e-001
 -9.4115124e-001
 -1.1420755e+000
 -1.3419992e+000
 -1.5263443e+000
 -1.6798627e+000
 -1.7874885e+000
 -1.8353703e+000
 -1.8119940e+000
 -1.7092730e+000
 -1.5234687e+000
 -1.2558122e+000
 -9.1272279e-001
 -5.0557112e-001
 -4.9985749e-002
  4.3523448e-001
  9.2949119e-001
  1.4118923e+000
  1.8627305e+000
  2.2647800e+000
  2.6042870e+000
  2.8715735e+000
  3.0612317e+000
  3.1719344e+000
  3.2059384e+000
  3.1683822e+000
  3.0664961e+000
  2.9088299e+000
  2.7045856e+000
  2.4631017e+000
  2.1935044e+000
  1.9045023e+000
  1.6042795e+000
  1.3004298e+000
  9.9987977e-001
  7.0876521e-001
  4.3224865e-001
  1.7429571e-001
 -6.2550106e-002
 -2.7733862e-001
 -4.7077331e-001
 -6.4511446e-001
 -8.0390238e-001
 -9.5150803e-001
 -1.0925509e+000
 -1.2312515e+000
 -1.3708042e+000
 -1.5128588e+000
 -1.6571896e+000
 -1.8016051e+000
 -1.9421165e+000
 -2.0733443e+000
 -2.1891088e+000
 -2.2831179e+000
 -2.3496577e+000
 -2.3841884e+000
 -2.3837684e+000
 -2.3472578e+000
 -2.2752911e+000
 -2.1700427e+000
 -2.0348474e+000
 -1.8737508e+000
 -1.6910786e+000
 -1.4910966e+000
 -1.2778189e+000
 -1.0549807e+000
 -8.2616536e-001
 -5.9503608e-001
 -3.6560376e-001
 -1.4245052e-001
  6.9166363e-002
  2.6338557e-001
  4.3401296e-001
  5.7498150e-001
  6.8095209e-001
  7.4797760e-001
  7.7413459e-001
  7.6002317e-001
  7.0904811e-001
  6.2741974e-001
  5.2384915e-001
  4.0895212e-001
  2.9441450e-001
  1.9200331e-001
  1.1252698e-001
  6.4854334e-002
  5.5093068e-002
  8.6008382e-002
  1.5673283e-001
  2.6278563e-001
  3.9638725e-001
  5.4702759e-001
  7.0222670e-001
  8.4841671e-001
  9.7187233e-001
  1.0596235e+000
  1.1002947e+000
  1.0848287e+000
  1.0070653e+000
  8.6415426e-001
  6.5679199e-001
  3.8927351e-001
  6.9355625e-002
 -2.9206893e-001
 -6.8148149e-001
 -1.0834181e+000
 -1.4812950e+000
 -1.8583407e+000
 -2.1985785e+000
 -2.4877948e+000
 -2.7144174e+000
 -2.8702294e+000
 -2.9508522e+000
 -2.9559468e+000
 -2.8891105e+000
 -2.7574731e+000
 -2.5710296e+000
 -2.3417749e+000
 -2.0827254e+000
 -1.8069263e+000
 -1.5265411e+000
 -1.2521064e+000
 -9.9201240e-001
 -7.5224081e-001
 -5.3635583e-001
 -3.4571668e-001
 -1.7985399e-001
 -3.6938902e-002
  8.5729050e-002
  1.9128053e-001
  2.8292904e-001
  3.6374117e-001
  4.3652307e-001
  5.0379911e-001
  5.6784325e-001
  6.3071740e-001
  6.9427457e-001
  7.6009769e-001
  8.2936458e-001
  9.0265136e-001
  9.7970770e-001
  1.0592519e+000
  1.1388399e+000
  1.2148590e+000
  1.2826800e+000
  1.3369820e+000
  1.3722330e+000
  1.3832835e+000
  1.3660047e+000
  1.3178902e+000
  1.2385325e+000
  1.1298992e+000
  9.9635155e-001
  8.4438171e-001
  6.8207904e-001
  5.1837570e-001
  3.6215166e-001
  2.2130330e-001
  1.0188874e-001
  7.4584633e-003
 -6.1340071e-002
 -1.0682637e-001
 -1.3400195e-001
 -1.4994147e-001
 -1.6292556e-001
 -1.8141329e-001
 -2.1297317e-001
 -2.6329799e-001
 -3.3541997e-001
 -4.2921995e-001
 -5.4129048e-001
 -6.6517215e-001
 -7.9193987e-001
 -9.1107660e-001
 -1.0115405e+000
 -1.0829114e+000
 -1.1164945e+000
 -1.1062668e+000
 -1.0495698e+000
 -9.4748014e-001
 -8.0482495e-001
 -6.2984489e-001
 -4.3354294e-001
 -2.2878524e-001
 -2.9242000e-002
  1.5173314e-001
  3.0218547e-001
  4.1251238e-001
  4.7621215e-001
  4.9037498e-001
  4.5588685e-001
  3.7734098e-001
  2.6267446e-001
  1.2256548e-001
 -3.0358718e-002
 -1.8244454e-001
 -3.2000165e-001
 -4.3029573e-001
 -5.0248247e-001
 -5.2842590e-001
 -5.0335037e-001
 -4.2628299e-001
 -3.0025274e-001
 -1.3222315e-001
  6.7251670e-002
  2.8464228e-001
  5.0430775e-001
  7.0956609e-001
  8.8390959e-001
  1.0122853e+000
  1.0823458e+000
  1.0855679e+000
  1.0181347e+000
  8.8148813e-001
  6.8247668e-001
  4.3305605e-001
  1.4953557e-001
 -1.4859155e-001
 -4.4015336e-001
 -7.0401973e-001
 -9.2088807e-001
 -1.0749683e+000
 -1.1554011e+000
 -1.1572628e+000
 -1.0820461e+000
 -9.3755378e-001
 -7.3720672e-001
 -4.9882234e-001
 -2.4298344e-001
  8.8412071e-003
  2.3623291e-001
  4.2161765e-001
  5.5173684e-001
  6.1864895e-001
  6.2017062e-001
  5.5973072e-001
  4.4567804e-001
  2.9014477e-001
  1.0761568e-001
 -8.6618603e-002
 -2.7794102e-001
 -4.5365519e-001
 -6.0387444e-001
 -7.2198119e-001
 -8.0464666e-001
 -8.5146161e-001
 -8.6427898e-001
 -8.4640377e-001
 -8.0177774e-001
 -7.3429628e-001
 -6.4736379e-001
 -5.4374648e-001
 -4.2572613e-001
 -2.9550238e-001
 -1.5574466e-001
 -1.0164081e-002
  1.3603302e-001
  2.7593464e-001
  4.0104438e-001
  5.0177125e-001
  5.6826347e-001
  5.9150160e-001
  5.6451495e-001
  4.8355303e-001
  3.4903440e-001
  1.6611272e-001
 -5.5258446e-002
 -3.0081909e-001
 -5.5303848e-001
 -7.9260323e-001
 -1.0002026e+000
 -1.1584096e+000
 -1.2534363e+000
 -1.2765500e+000
 -1.2249743e+000
 -1.1021609e+000
 -9.1739587e-001
 -6.8478640e-001
 -4.2175268e-001
 -1.4720998e-001
  1.2033668e-001
  3.6455601e-001
  5.7270622e-001
  7.3654762e-001
  8.5266655e-001
  9.2220544e-001
  9.5007232e-001
  9.4376971e-001
  9.1202783e-001
  8.6344481e-001
  8.0532546e-001
  7.4287146e-001
  6.7881691e-001
  6.1353214e-001
  5.4554654e-001
  4.7237833e-001
  3.9151512e-001
  3.0136962e-001
  2.0204248e-001
  9.5757731e-002
 -1.3109775e-002
 -1.1843004e-001
 -2.1308360e-001
 -2.8998447e-001
 -3.4320487e-001
 -3.6902666e-001
 -3.6675130e-001
 -3.3913181e-001
 -2.9234251e-001
 -2.3546758e-001
 -1.7955766e-001
 -1.3636590e-001
 -1.1692165e-001
 -1.3012497e-001
 -1.8154500e-001
 -2.7258033e-001
 -4.0009310e-001
 -5.5656785e-001
 -7.3077925e-001
 -9.0888884e-001
 -1.0758385e+000
 -1.2168741e+000
 -1.3190212e+000
 -1.3723445e+000
 -1.3708563e+000
 -1.3129848e+000
 -1.2015707e+000
 -1.0434184e+000
 -8.4847816e-001
 -6.2877455e-001
 -3.9721993e-001
 -1.6645179e-001
  5.2179440e-002
  2.4937586e-001
  4.1835374e-001
  5.5498722e-001
  6.5766108e-001
  7.2689361e-001
  7.6481328e-001
  7.7458230e-001
  7.5985642e-001
  7.2435376e-001
  6.7158126e-001
  6.0473682e-001
  5.2677558e-001
  4.4060145e-001
  3.4932580e-001
  2.5652480e-001
  1.6642697e-001
  8.3972963e-002
  1.4708269e-002
 -3.5505464e-002
 -6.0947315e-002
 -5.6621825e-002
 -1.8908407e-002
  5.3803734e-002
  1.6058104e-001
  2.9759363e-001
  4.5801408e-001
  6.3221137e-001
  8.0825412e-001
  9.7270199e-001
  1.1116295e+000
  1.2117952e+000
  1.2618448e+000
  1.2534272e+000
  1.1820984e+000
  1.0479092e+000
  8.5559631e-001
  6.1433891e-001
  3.3708820e-001
  3.9524807e-002
 -2.6125571e-001
 -5.4819590e-001
 -8.0571460e-001
 -1.0209752e+000
 -1.1848464e+000
 -1.2924517e+000
 -1.3432536e+000
 -1.3406752e+000
 -1.2913171e+000
 -1.2038819e+000
 -1.0879521e+000
 -9.5278648e-001
 -8.0629660e-001
 -6.5433461e-001
 -5.0038271e-001
 -3.4567225e-001
 -1.8969893e-001
 -3.1040352e-002
  1.3166410e-001
  2.9873793e-001
  4.6866586e-001
  6.3761205e-001
  7.9935863e-001
  9.4570291e-001
  1.0672817e+000
  1.1547232e+000
  1.1999718e+000
  1.1975963e+000
  1.1458851e+000
  1.0475500e+000
  9.0991075e-001
  7.4449664e-001
  5.6608087e-001
  3.9124309e-001
  2.3662201e-001
  1.1706824e-001
  4.3926879e-002
  2.3668312e-002
  5.7045414e-002
  1.3889025e-001
  2.5858345e-001
  4.0114451e-001
  5.4881381e-001
  6.8293660e-001
  7.8592462e-001
  8.4306577e-001
  8.4397684e-001
  7.8354487e-001
  6.6227114e-001
  4.8600889e-001
  2.6516070e-001
  1.3463260e-002
 -2.5347017e-001
 -5.1966291e-001
 -7.7016547e-001
 -9.9217813e-001
 -1.1758091e+000
 -1.3144304e+000
 -1.4046524e+000
 -1.4459872e+000
 -1.4403053e+000
 -1.3912060e+000
 -1.3034152e+000
 -1.1823018e+000
 -1.0335658e+000
 -8.6311188e-001
 -6.7707699e-001
 -4.8195083e-001
 -2.8470762e-001
 -9.2865162e-002
  8.5598673e-002
  2.4251388e-001
  3.6997553e-001
  4.6095548e-001
  5.0999853e-001
  5.1390745e-001
  4.7231098e-001
  3.8801511e-001
  2.6706020e-001
  1.1844246e-001
 -4.6498195e-002
 -2.1497602e-001
 -3.7385505e-001
 -5.1082426e-001
 -6.1552007e-001
 -6.8046692e-001
 -7.0172712e-001
 -6.7918589e-001
 -6.1644227e-001
 -5.2032450e-001
 -4.0009424e-001
 -2.6644013e-001
 -1.3038433e-001
 -2.2319072e-003
  1.0931748e-001
  1.9780174e-001
  2.5931567e-001
  2.9250361e-001
  2.9825510e-001
  2.7917044e-001
  2.3889045e-001
  1.8139747e-001
  1.1039272e-001
  2.8838389e-002
 -6.1275876e-002
 -1.5891840e-001
 -2.6376789e-001
 -3.7578356e-001
 -4.9467163e-001
 -6.1934299e-001
 -7.4745958e-001
 -8.7515557e-001
 -9.9699572e-001
 -1.1062003e+000
 -1.1951290e+000
 -1.2559780e+000
 -1.2816138e+000
 -1.2664441e+000
 -1.2072156e+000
 -1.1036341e+000
 -9.5871735e-001
 -7.7882185e-001
 -5.7331969e-001
 -3.5394266e-001
 -1.3384901e-001
  7.3498486e-002
  2.5553197e-001
  4.0173297e-001
  5.0462275e-001
  5.6048503e-001
  5.6974481e-001
  5.3696181e-001
  4.7043634e-001
  3.8146406e-001
  2.8331030e-001
  1.9000141e-001
  1.1504638e-001
  7.0206766e-002
  6.4425804e-002
  1.0301010e-001
  1.8713196e-001
  3.1368935e-001
  4.7552809e-001
  6.6199883e-001
  8.5979419e-001
  1.0539898e+000
  1.2291995e+000
  1.3707494e+000
  1.4657780e+000
  1.5041814e+000
  1.4793351e+000
  1.3885482e+000
  1.2332260e+000
  1.0187394e+000
  7.5402472e-001
  4.5095196e-001
  1.2351853e-001
 -2.1306689e-001
 -5.4333960e-001
 -8.5250379e-001
 -1.1272632e+000
 -1.3565044e+000
 -1.5317938e+000
 -1.6476662e+000
 -1.7017008e+000
 -1.6943981e+000
 -1.6288853e+000
 -1.5104933e+000
 -1.3462515e+000
 -1.1443532e+000
 -9.1363833e-001
 -6.6313634e-001
 -4.0169589e-001
 -1.3771769e-001
  1.2101031e-001
  3.6738944e-001
  5.9502411e-001
  7.9820496e-001
  9.7189561e-001
  1.1117532e+000
  1.2142047e+000
  1.2765872e+000
  1.2973478e+000
  1.2762810e+000
  1.2147706e+000
  1.1159940e+000
  9.8504247e-001
  8.2891475e-001
  6.5635153e-001
  4.7749279e-001
  3.0336025e-001
  1.4518876e-001
  1.3651212e-002
 -8.1960486e-002
 -1.3452397e-001
 -1.3976571e-001
 -9.6756534e-002
 -8.1615165e-003
  1.1979642e-001
  2.7767398e-001
  4.5343092e-001
  6.3329508e-001
  8.0279870e-001
  9.4789623e-001
  1.0560633e+000
  1.1172764e+000
  1.1247826e+000
  1.0755905e+000
  9.7063773e-001
  8.1462763e-001
  6.1555538e-001
  3.8397860e-001
  1.3210890e-001
 -1.2718280e-001
 -3.8135043e-001
 -6.1905561e-001
 -8.3087465e-001
 -1.0097790e+000
 -1.1513663e+000
 -1.2538480e+000
 -1.3178246e+000
 -1.3459012e+000
 -1.3422040e+000
 -1.3118631e+000
 -1.2605192e+000
 -1.1938973e+000
 -1.1174731e+000
 -1.0362373e+000
 -9.5454700e-001
 -8.7603968e-001
 -8.0358165e-001
 -7.3922317e-001
 -6.8414266e-001
 -6.3857525e-001
 -6.0173612e-001
 -5.7176289e-001
 -5.4571003e-001
 -5.1963024e-001
 -4.8877138e-001
 -4.4790332e-001
 -3.9176913e-001
 -3.1563183e-001
 -2.1586653e-001
 -9.0530476e-002
  6.0163867e-002
  2.3354552e-001
  4.2440941e-001
  6.2520212e-001
  8.2647100e-001
  1.0175435e+000
  1.1873721e+000
  1.3254543e+000
  1.4227254e+000
  1.4723196e+000
  1.4701142e+000
  1.4149954e+000
  1.3088229e+000
  1.1561113e+000
  9.6348053e-001
  7.3896125e-001
  4.9125227e-001
  2.2903238e-001
 -3.9588199e-002
 -3.0741848e-001
 -5.6831731e-001
 -8.1712078e-001
 -1.0494182e+000
 -1.2612532e+000
 -1.4488388e+000
 -1.6083679e+000
 -1.7359832e+000
 -1.8279365e+000
 -1.8809279e+000
 -1.8925787e+000
 -1.8619573e+000
 -1.7900610e+000
 -1.6801515e+000
 -1.5378593e+000
 -1.3710025e+000
 -1.1891066e+000
 -1.0026612e+000
 -8.2219308e-001
 -6.5726731e-001
 -5.1554903e-001
 -4.0205432e-001
 -3.1869861e-001
 -2.6421147e-001
 -2.3443692e-001
 -2.2298363e-001
 -2.2213950e-001
 -2.2392678e-001
 -2.2115357e-001
 -2.0831834e-001
 -1.8224585e-001
 -1.4237258e-001
 -9.0650976e-002
 -3.1097393e-002
  3.0940715e-002
  8.9683581e-002
  1.3984792e-001
  1.7746889e-001
  2.0049784e-001
  2.0909446e-001
  2.0557931e-001
  1.9406316e-001
  1.7981599e-001
  1.6847423e-001
  1.6520409e-001
  1.7394042e-001
  1.9680479e-001
  2.3377564e-001
  2.8264476e-001
  3.3925226e-001
  3.9795444e-001
  4.5225057e-001
  4.9547873e-001
  5.2148964e-001
  5.2521931e-001
  5.0310333e-001
  4.5330367e-001
  3.7574762e-001
  2.7200354e-001
  1.4503579e-001
 -1.1102611e-003
 -1.6164355e-001
 -3.3134194e-001
 -5.0481971e-001
 -6.7673706e-001
 -8.4195547e-001
 -9.9565281e-001
 -1.1334164e+000
 -1.2513314e+000
 -1.3460741e+000
 -1.4150136e+000
 -1.4563117e+000
 -1.4690091e+000
 -1.4530772e+000
 -1.4094216e+000
 -1.3398256e+000
 -1.2468349e+000
 -1.1335898e+000
 -1.0036279e+000
 -8.6067730e-001
 -7.0846803e-001
 -5.5058182e-001
 -3.9035189e-001
 -2.3081449e-001
 -7.4701748e-002
  7.5543191e-002
  2.1775189e-001
  3.5003905e-001
  4.7084791e-001
  5.7903492e-001
  6.7398201e-001
  7.5571084e-001
  8.2496466e-001
  8.8322003e-001
  9.3259621e-001
  9.7564351e-001
  1.0150119e+000
  1.0530246e+000
  1.0912051e+000
  1.1298234e+000
  1.1675364e+000
  1.2011980e+000
  1.2258944e+000
  1.2352406e+000
  1.2219340e+000
  1.1785259e+000
  1.0983367e+000
  9.7640874e-001
  8.1038017e-001
  6.0115916e-001
  3.5329779e-001
  7.4995860e-002
 -2.2229190e-001
 -5.2462251e-001
 -8.1663545e-001
 -1.0828178e+000
 -1.3088281e+000
 -1.4827336e+000
 -1.5960258e+000
 -1.6443068e+000
 -1.6275749e+000
 -1.5500924e+000
 -1.4198618e+000
 -1.2477844e+000
 -1.0466062e+000
 -8.2977640e-001
 -6.1034282e-001
 -3.9999672e-001
 -2.0835027e-001
 -4.2495489e-002
  9.3146197e-002
  1.9671064e-001
  2.6856989e-001
  3.1087773e-001
  3.2706210e-001
  3.2133865e-001
  2.9830352e-001
  2.6264066e-001
  2.1895324e-001
  1.7170502e-001
  1.2523810e-001
  8.3822338e-002
  5.1688861e-002
  3.3006255e-002
  3.1771122e-002
  5.1602745e-002
  9.5451448e-002
  1.6524891e-001
  2.6154337e-001
  3.8317157e-001
  5.2702063e-001
  6.8792771e-001
  8.5875257e-001
  1.0306410e+000
  1.1934766e+000
  1.3364964e+000
  1.4490281e+000
  1.5212880e+000
  1.5451722e+000
  1.5149672e+000
  1.4279106e+000
  1.2845460e+000
  1.0888300e+000
  8.4797321e-001
  5.7202092e-001
  2.7320454e-001
 -3.4884335e-002
 -3.3822662e-001
 -6.2333471e-001
 -8.7815454e-001
 -1.0928338e+000
 -1.2602937e+000
 -1.3765624e+000
 -1.4408527e+000
 -1.4553951e+000
 -1.4250568e+000
 -1.3568022e+000
 -1.2590584e+000
 -1.1410527e+000
 -1.0121865e+000
 -8.8149241e-001
 -7.5720647e-001
 -6.4646406e-001
 -5.5510987e-001
 -4.8759584e-001
 -4.4693327e-001
 -4.3466465e-001
 -4.5082860e-001
 -4.9390559e-001
 -5.6075000e-001
 -6.4653222e-001
 -7.4472869e-001
 -8.4720555e-001
 -9.4443960e-001
 -1.0259088e+000
 -1.0806641e+000
 -1.0980682e+000
 -1.0686558e+000
 -9.8504730e-001
 -8.4282233e-001
 -6.4125611e-001
 -3.8382024e-001
 -7.8370065e-002
  2.6303238e-001
  6.2467244e-001
  9.8808611e-001
  1.3332449e+000
  1.6399226e+000
  1.8891230e+000
  2.0644405e+000
  2.1532340e+000
  2.1475143e+000
  2.0444774e+000
  1.8466549e+000
  1.5616874e+000
  1.2017639e+000
  7.8279589e-001
  3.2340809e-001
 -1.5616522e-001
 -6.3519613e-001
 -1.0935231e+000
 -1.5125039e+000
 -1.8758305e+000
 -2.1701884e+000
 -2.3857588e+000
 -2.5165637e+000
 -2.5606572e+000
 -2.5201642e+000
 -2.4011601e+000
 -2.2133865e+000
 -1.9697953e+000
 -1.6859207e+000
 -1.3790899e+000
 -1.0674959e+000
 -7.6917658e-001
 -5.0095671e-001
 -2.7742458e-001
 -1.1002026e-001
 -6.3099543e-003
  3.0489835e-002
  1.6936595e-003
 -8.6985454e-002
 -2.2587418e-001
 -4.0204697e-001
 -6.0024496e-001
 -8.0393024e-001
 -9.9639187e-001
 -1.1618211e+000
 -1.2862818e+000
 -1.3585184e+000
 -1.3705608e+000
 -1.3181057e+000
 -1.2006736e+000
 -1.0215503e+000
 -7.8753684e-001
 -5.0853211e-001
 -1.9697787e-001
  1.3280633e-001
  4.6537064e-001
  7.8493700e-001
  1.0762257e+000
  1.3252728e+000
  1.5201996e+000
  1.6518925e+000
  1.7145470e+000
  1.7060354e+000
  1.6280601e+000
  1.4860711e+000
  1.2889381e+000
  1.0483927e+000
  7.7827206e-001
  4.9361844e-001
  2.0969981e-001
 -5.8971845e-002
 -2.9954974e-001
 -5.0162033e-001
 -6.5777599e-001
 -7.6395687e-001
 -8.1954789e-001
 -8.2723774e-001
 -7.9266519e-001
 -7.2389141e-001
 -6.3074581e-001
 -5.2409539e-001
 -4.1508622e-001
 -3.1440089e-001
 -2.3156950e-001
 -1.7436562e-001
 -1.4831317e-001
 -1.5632613e-001
 -1.9849965e-001
 -2.7206773e-001
 -3.7153779e-001
 -4.8900530e-001
 -6.1464188e-001
 -7.3733686e-001
 -8.4545824e-001
 -9.2768419e-001
 -9.7384400e-001
 -9.7570027e-001
 -9.2760348e-001
 -8.2695777e-001
 -6.7445235e-001
 -4.7403529e-001
 -2.3263299e-001
  4.0354333e-002
  3.3372677e-001
  6.3525714e-001
  9.3248260e-001
  1.2134396e+000
  1.4672798e+000
  1.6847261e+000
  1.8583543e+000
  1.9827121e+000
  2.0543106e+000
  2.0715345e+000
  2.0345259e+000
  1.9450844e+000
  1.8066114e+000
  1.6241050e+000
  1.4041830e+000
  1.1550938e+000
  8.8665881e-001
  6.1008992e-001
  3.3763382e-001
  8.2020614e-002
 -1.4427596e-001
 -3.2992275e-001
 -4.6567798e-001
 -5.4530520e-001
 -5.6633431e-001
 -5.3055749e-001
 -4.4416947e-001
 -3.1749767e-001
 -1.6431578e-001
 -7.8529579e-004
  1.5588125e-001
  2.8890359e-001
  3.8340952e-001
  4.2774639e-001
  4.1448956e-001
  3.4104466e-001
  2.0978972e-001
  2.7758006e-002
 -1.9408393e-001
 -4.4186414e-001
 -7.0001081e-001
 -9.5249628e-001
 -1.1839889e+000
 -1.3808072e+000
 -1.5316094e+000
 -1.6277944e+000
 -1.6636326e+000
 -1.6361814e+000
 -1.5450602e+000
 -1.3921683e+000
 -1.1814169e+000
 -9.1852957e-001
 -6.1092808e-001
 -2.6769288e-001
  1.0044483e-001
  4.8114228e-001
  8.6058512e-001
  1.2237909e+000
  1.5551170e+000
  1.8389820e+000
  2.0607724e+000
  2.2078686e+000
  2.2706941e+000
  2.2436724e+000
  2.1259719e+000
  1.9219328e+000
  1.6410965e+000
  1.2977984e+000
  9.1033389e-001
  4.9975226e-001
  8.8379273e-002
 -3.0179991e-001
 -6.5074799e-001
 -9.4182233e-001
 -1.1629270e+000
 -1.3072666e+000
 -1.3736408e+000
 -1.3662646e+000
 -1.2941502e+000
 -1.1701257e+000
 -1.0096009e+000
 -8.2920989e-001
 -6.4546226e-001
 -4.7352792e-001
 -3.2625480e-001
 -2.1348714e-001
 -1.4171421e-001
 -1.1404037e-001
 -1.3043371e-001
 -1.8818384e-001
 -2.8248419e-001
 -4.0705099e-001
 -5.5469981e-001
 -7.1781923e-001
 -8.8870749e-001
 -1.0597664e+000
 -1.2235752e+000
 -1.3728875e+000
 -1.5006112e+000
 -1.5998286e+000
 -1.6639111e+000
 -1.6867581e+000
 -1.6631673e+000
 -1.5893115e+000
 -1.4632715e+000
 -1.2855485e+000
 -1.0594729e+000
 -7.9142302e-001
 -4.9078539e-001
 -1.6961446e-001
  1.5801363e-001
  4.7691720e-001
  7.7191949e-001
  1.0290457e+000
  1.2366790e+000
  1.3865447e+000
  1.4744049e+000
  1.5003772e+000
  1.4688336e+000
  1.3878839e+000
  1.2685024e+000
  1.1233952e+000
  9.6574047e-001
  8.0794460e-001
  6.6055368e-001
  5.3143421e-001
  4.2529979e-001
  3.4361229e-001
  2.8483719e-001
  2.4498861e-001
  2.1836723e-001
  1.9837769e-001
  1.7831351e-001
  1.5201527e-001
  1.1433878e-001
  6.1408146e-002
 -9.3324825e-003
 -9.9221745e-002
 -2.0857028e-001
 -3.3686105e-001
 -4.8289401e-001
 -6.4482989e-001
 -8.2011870e-001
 -1.0053319e+000
 -1.1959475e+000
 -1.3861578e+000
 -1.5687776e+000
 -1.7353217e+000
 -1.8762979e+000
 -1.9817296e+000
 -2.0418805e+000
 -2.0481184e+000
 -1.9938224e+000
 -1.8752209e+000
 -1.6920481e+000
 -1.4479202e+000
 -1.1503655e+000
 -8.1048406e-001
 -4.4225935e-001
 -6.1587042e-002
  3.1487637e-001
  6.7092319e-001
  9.9193476e-001
  1.2658379e+000
  1.4837900e+000
  1.6405429e+000
  1.7344778e+000
  1.7673429e+000
  1.7437578e+000
  1.6705697e+000
  1.5561520e+000
  1.4097293e+000
  1.2407950e+000
  1.0586592e+000
  8.7213869e-001
  6.8937294e-001
  5.1773122e-001
  3.6376452e-001
  2.3315702e-001
  1.3064066e-001
  5.9852729e-002
  2.3137209e-002
  2.1310169e-002
  5.3426305e-002
  1.1659346e-001
  2.0588389e-001
  3.1438469e-001
  4.3341588e-001
  5.5292638e-001
  6.6205626e-001
  7.4983330e-001
  8.0595384e-001
  8.2158485e-001
  7.9011812e-001
  7.0780693e-001
  5.7422300e-001
  3.9248364e-001
  1.6921663e-001
 -8.5749319e-002
 -3.5995785e-001
 -6.3912875e-001
 -9.0813731e-001
 -1.1520960e+000
 -1.3574516e+000
 -1.5130034e+000
 -1.6107506e+000
 -1.6464841e+000
 -1.6200611e+000
 -1.5353254e+000
 -1.3996717e+000
 -1.2232901e+000
 -1.0181626e+000
 -7.9691336e-001
 -5.7163743e-001
 -3.5283759e-001
 -1.4858979e-001
  3.5966638e-002
  1.9875776e-001
  3.4051492e-001
  4.6416946e-001
  5.7399353e-001
  6.7461442e-001
  7.7004889e-001
  8.6290188e-001
  9.5385046e-001
  1.0414916e+000
  1.1225761e+000
  1.1925913e+000
  1.2465971e+000
  1.2801778e+000
  1.2903499e+000
  1.2762658e+000
  1.2395847e+000
  1.1844291e+000
  1.1169099e+000
  1.0442751e+000
  9.7379748e-001
  9.1156623e-001
  8.6137022e-001
  8.2385491e-001
  7.9610137e-001
  7.7171775e-001
  7.4146057e-001
  6.9432507e-001
  6.1897377e-001
  5.0532002e-001
  3.4605739e-001
  1.3792990e-001
 -1.1742850e-001
 -4.1319896e-001
 -7.3766869e-001
 -1.0750722e+000
 -1.4068783e+000
 -1.7133663e+000
 -1.9753070e+000
 -2.1755640e+000
 -2.3004538e+000
 -2.3407501e+000
 -2.2922681e+000
 -2.1560258e+000
 -1.9380253e+000
 -1.6487302e+000
 -1.3023325e+000
 -9.1589659e-001
 -5.0845153e-001
 -1.0007387e-001
  2.8902188e-001
  6.3939064e-001
  9.3327468e-001
  1.1555384e+000
  1.2946059e+000
  1.3433565e+000
  1.2999026e+000
  1.1681489e+000
  9.5801814e-001
  6.8524163e-001
  3.7064142e-001
  3.8883828e-002
 -2.8324920e-001
 -5.6895370e-001
 -7.9368050e-001
 -9.3736727e-001
 -9.8637865e-001
 -9.3492172e-001
 -7.8575092e-001
 -5.5005320e-001
 -2.4649832e-001
  1.0045906e-001
  4.6284707e-001
  8.1176449e-001
  1.1200013e+000
  1.3644039e+000
  1.5277352e+000
  1.5998485e+000
  1.5780874e+000
  1.4669218e+000
  1.2769237e+000
  1.0232607e+000
  7.2392660e-001
  3.9794233e-001
  6.3733020e-002
 -2.6215979e-001
 -5.6594149e-001
 -8.3698588e-001
 -1.0678634e+000
 -1.2540736e+000
 -1.3936036e+000
 -1.4864356e+000
 -1.5341029e+000
 -1.5393554e+000
 -1.5059509e+000
 -1.4385465e+000
 -1.3426345e+000
 -1.2244543e+000
 -1.0908189e+000
 -9.4881715e-001
 -8.0539059e-001
 -6.6681916e-001
 -5.3818488e-001
 -4.2290190e-001
 -3.2240275e-001
 -2.3605347e-001
 -1.6133545e-001
 -9.4287296e-002
 -3.0152468e-002
  3.5860835e-002
  1.0782623e-001
  1.8847444e-001
  2.7880119e-001
  3.7797348e-001
  4.8354823e-001
  5.9196158e-001
  6.9919741e-001
  8.0150907e-001
  8.9605674e-001
  9.8133529e-001
  1.0573049e+000
  1.1251903e+000
  1.1869771e+000
  1.2446924e+000
  1.2996036e+000
  1.3514902e+000
  1.3981394e+000
  1.4351855e+000
  1.4563562e+000
  1.4541214e+000
  1.4206700e+000
  1.3490779e+000
  1.2344932e+000
  1.0751504e+000
  8.7304515e-001
  6.3414970e-001
  3.6811417e-001
  8.7478129e-002
 -1.9350931e-001
 -4.6030323e-001
 -6.9951828e-001
 -9.0022889e-001
 -1.0549440e+000
 -1.1601375e+000
 -1.2162855e+000
 -1.2274340e+000
 -1.2003902e+000
 -1.1436779e+000
 -1.0664240e+000
 -9.7733823e-001
 -8.8391843e-001
 -7.9196529e-001
 -7.0542882e-001
 -6.2655120e-001
 -5.5622194e-001
 -4.9443292e-001
 -4.4071577e-001
 -3.9446214e-001
 -3.5506448e-001
 -3.2186307e-001
 -2.9393398e-001
 -2.6979348e-001
 -2.4711823e-001
 -2.2258349e-001
 -1.9190197e-001
 -1.5010832e-001
 -9.2084947e-002
 -1.3273093e-002
  8.9530568e-002
  2.1741976e-001
  3.6880091e-001
  5.3910864e-001
  7.2089253e-001
  9.0429934e-001
  1.0779144e+000
  1.2298697e+000
  1.3490807e+000
  1.4264520e+000
  1.4558914e+000
  1.4349943e+000
  1.3653086e+000
  1.2521432e+000
  1.1039485e+000
  9.3135107e-001
  7.4596931e-001
  5.5916093e-001
  3.8085502e-001
  2.1860495e-001
  7.6962688e-002
 -4.2769268e-002
 -1.4240111e-001
 -2.2637181e-001
 -3.0099212e-001
 -3.7351219e-001
 -4.5112145e-001
 -5.3998603e-001
 -6.4441589e-001
 -7.6623513e-001
 -9.0440635e-001
 -1.0549378e+000
 -1.2110810e+000
 -1.3638069e+000
 -1.5025322e+000
 -1.6160493e+000
 -1.6935965e+000
 -1.7259886e+000
 -1.7067125e+000
 -1.6328800e+000
 -1.5059278e+000
 -1.3319606e+000
 -1.1216536e+000
 -8.8966570e-001
 -6.5356494e-001
 -4.3232074e-001
 -2.4448235e-001
 -1.0621332e-001
 -2.9392968e-002
 -2.0011963e-002
 -7.7078120e-002
 -1.9220677e-001
 -3.5000140e-001
 -5.2924079e-001
 -7.0478980e-001
 -8.5005550e-001
 -9.3973210e-001
 -9.5252883e-001
 -8.7356418e-001
 -6.9613943e-001
 -4.2267318e-001
 -6.4677741e-002
  3.5822579e-001
  8.2013838e-001
  1.2913417e+000
  1.7410923e+000
  2.1404238e+000
  2.4646406e+000
  2.6952357e+000
  2.8210523e+000
  2.8386139e+000
  2.7516585e+000
  2.5700117e+000
  2.3080103e+000
  1.9827233e+000
  1.6122209e+000
  1.2141043e+000
  8.0444261e-001
  3.9718394e-001
  4.0179562e-003
 -3.6540141e-001
 -7.0301854e-001
 -1.0018886e+000
 -1.2557943e+000
 -1.4590813e+000
 -1.6067697e+000
 -1.6949295e+000
 -1.7212482e+000
 -1.6856681e+000
 -1.5909493e+000
 -1.4430182e+000
 -1.2509892e+000
 -1.0268012e+000
 -7.8447239e-001
 -5.3903890e-001
 -3.0529891e-001
 -9.6516745e-002
  7.6747639e-002
  2.0753406e-001
  2.9299092e-001
  3.3444001e-001
  3.3700135e-001
  3.0884012e-001
  2.6014482e-001
  2.0197384e-001
  1.4511456e-001
  9.9085327e-002
  7.1378704e-002
  6.7002793e-002
  8.8331553e-002
  1.3523396e-001
  2.0542069e-001
  2.9492991e-001
  3.9867131e-001
  5.1095828e-001
  6.2597743e-001
  7.3816846e-001
  8.4250934e-001
  9.3471828e-001
  1.0113925e+000
  1.0701037e+000
  1.1094624e+000
  1.1291533e+000
  1.1299317e+000
  1.1135644e+000
  1.0826970e+000
  1.0406357e+000
  9.9104535e-001
  9.3758044e-001
  8.8348578e-001
  8.3121350e-001
  7.8211187e-001
  7.3623623e-001
  6.9231982e-001
  6.4792041e-001
  5.9973216e-001
  5.4402589e-001
  4.7715888e-001
  3.9608253e-001
  2.9877506e-001
  1.8453742e-001
  5.4112542e-002
 -9.0383131e-002
 -2.4569638e-001
 -4.0779520e-001
 -5.7228274e-001
 -7.3479496e-001
 -8.9131652e-001
 -1.0383681e+000
 -1.1730451e+000
 -1.2929193e+000
 -1.3958423e+000
 -1.4797104e+000
 -1.5422602e+000
 -1.5809576e+000
 -1.5930255e+000
 -1.5756293e+000
 -1.5262029e+000
 -1.4428719e+000
 -1.3249031e+000
 -1.1730996e+000
 -9.9006473e-001
 -7.8027331e-001
 -5.4992110e-001
 -3.0655701e-001
 -5.8540366e-002
  1.8560496e-001
  4.1784922e-001
  6.3123501e-001
  8.2029481e-001
  9.8125476e-001
  1.1120079e+000
  1.2118790e+000
  1.2812398e+000
  1.3210554e+000
  1.3324557e+000
  1.3164161e+000
  1.2736113e+000
  1.2044687e+000
  1.1094113e+000
  9.8923793e-001
  8.4556229e-001
  6.8121391e-001
  5.0050672e-001
  3.0930003e-001
  1.1480970e-001
 -7.4830713e-002
 -2.5121518e-001
 -4.0643532e-001
 -5.3386876e-001
 -6.2887087e-001
 -6.8926523e-001
 -7.1555592e-001
 -7.1082513e-001
 -6.8032606e-001
 -6.3082614e-001
 -5.6979240e-001
 -5.0453259e-001
 -4.4140974e-001
 -3.8523413e-001
 -3.3890636e-001
 -3.0334567e-001
 -2.7769315e-001
 -2.5973928e-001
 -2.4649407e-001
 -2.3480182e-001
 -2.2190213e-001
 -2.0585421e-001
 -1.8576941e-001
 -1.6183181e-001
 -1.3512262e-001
 -1.0729537e-001
 -8.0170136e-002
 -5.5323528e-002
 -3.3746502e-002
 -1.5625403e-002
 -2.7695020e-004
  1.3760306e-002
  2.8502161e-002
  4.6207339e-002
  6.9034782e-002
  9.8727129e-002
  1.3636918e-001
  1.8225395e-001
  2.3586838e-001
  2.9599032e-001
  3.6087077e-001
  4.2846423e-001
  4.9666618e-001
  5.6352004e-001
  6.2736601e-001
  6.8691678e-001
  7.4125984e-001
  7.8979800e-001
  8.3214838e-001
  8.6802360e-001
  8.9711790e-001
  9.1901552e-001
  9.3313155e-001
  9.3868798e-001
  9.3472154e-001
  9.2011646e-001
  8.9365503e-001
  8.5408071e-001
  8.0017212e-001
  7.3082955e-001
  6.4517773e-001
  5.4268734e-001
  4.2331491e-001
  2.8765397e-001
  1.3708383e-001
 -2.6104520e-002
 -1.9862999e-001
 -3.7621492e-001
 -5.5367039e-001
 -7.2508373e-001
 -8.8410503e-001
 -1.0243154e+000
 -1.1396447e+000
 -1.2247984e+000
 -1.2756445e+000
 -1.2895190e+000
 -1.2654131e+000
 -1.2040226e+000
 -1.1076584e+000
 -9.8003390e-001
 -8.2596438e-001
 -6.5101888e-001
 -4.6117266e-001
 -2.6249960e-001
 -6.0933611e-002
  1.3788936e-001
  3.2871451e-001
  5.0669854e-001
  6.6741882e-001
  8.0689627e-001
  9.2166024e-001
  1.0088715e+000
  1.0665006e+000
  1.0935402e+000
  1.0902131e+000
  1.0581274e+000
  1.0003303e+000
  9.2122116e-001
  8.2630179e-001
  7.2177051e-001
  6.1399135e-001
  5.0889713e-001
  4.1140254e-001
  3.2491019e-001
  2.5098650e-001
  1.8926430e-001
  1.3759909e-001
  9.2468969e-002
  4.9571125e-002
  4.5360080e-003
 -4.6340657e-002
 -1.0545393e-001
 -1.7342968e-001
 -2.4891931e-001
 -3.2868325e-001
 -4.0795487e-001
 -4.8103455e-001
 -5.4202937e-001
 -5.8563220e-001
 -6.0782875e-001
 -6.0643290e-001
 -5.8137743e-001
 -5.3472516e-001
 -4.7040732e-001
 -3.9373637e-001
 -3.1077164e-001
 -2.2763437e-001
 -1.4987073e-001
 -8.1947808e-002
 -2.6940683e-002
  1.3565733e-002
  3.9373345e-002
  5.1411286e-002
  5.1387803e-002
  4.1430246e-002
  2.3784176e-002
  6.2398238e-004
 -2.6000580e-002
 -5.4089332e-002
 -8.1525165e-002
 -1.0587509e-001
 -1.2422789e-001
 -1.3313339e-001
 -1.2869131e-001
 -1.0680954e-001
 -6.3618679e-002
  4.0034181e-003
  9.7870124e-002
  2.1797571e-001
  3.6212554e-001
  5.2578185e-001
  7.0217321e-001
  8.8267901e-001
  1.0574610e+000
  1.2162768e+000
  1.3493824e+000
  1.4484160e+000
  1.5071555e+000
  1.5220595e+000
  1.4925298e+000
  1.4208712e+000
  1.3119639e+000
  1.1727020e+000
  1.0112760e+000
  8.3639622e-001
  6.5655138e-001
  4.7938524e-001
  3.1124980e-001
  1.5696289e-001
  1.9766358e-002
 -9.8547620e-002
 -1.9739421e-001
 -2.7709953e-001
 -3.3860999e-001
 -3.8325495e-001
 -4.1259097e-001
 -4.2833282e-001
 -4.3235514e-001
 -4.2673198e-001
 -4.1377289e-001
 -3.9601546e-001
 -3.7614411e-001
 -3.5682184e-001
 -3.4044269e-001
 -3.2883281e-001
 -3.2294478e-001
 -3.2259872e-001
 -3.2632364e-001
 -3.3134275e-001
 -3.3372832e-001
 -3.2872791e-001
 -3.1123834e-001
 -2.7637965e-001
 -2.2010395e-001
 -1.3976464e-001
 -3.4572681e-002
  9.4121837e-002
  2.4276443e-001
  4.0576255e-001
  5.7587038e-001
  7.4475188e-001
  9.0366050e-001
  1.0441605e+000
  1.1588115e+000
  1.2417433e+000
  1.2890661e+000
  1.2990790e+000
  1.2722692e+000
  1.2111164e+000
  1.1197405e+000
  1.0034450e+000
  8.6821574e-001
  7.2023676e-001
  5.6547178e-001
  4.0934929e-001
  2.5656870e-001
  1.1102635e-001
 -2.4156553e-002
 -1.4653531e-001
 -2.5420999e-001
 -3.4569886e-001
 -4.1984877e-001
 -4.7580360e-001
 -5.1303772e-001
 -5.3144652e-001
 -5.3147316e-001
 -5.1424143e-001
 -4.8166029e-001
 -4.3646770e-001
 -3.8218863e-001
 -3.2299407e-001
 -2.6346255e-001
 -2.0826072e-001
 -1.6177317e-001
 -1.2772108e-001
 -1.0881372e-001
 -1.0647511e-001
 -1.2068060e-001
 -1.4992565e-001
 -1.9133369e-001
 -2.4089327e-001
 -2.9379953e-001
 -3.4486320e-001
 -3.8894351e-001
 -4.2136020e-001
 -4.3824466e-001
 -4.3679973e-001
 -4.1545024e-001
 -3.7388115e-001
 -3.1297275e-001
 -2.3465365e-001
 -1.4169836e-001
 -3.7498447e-002
  7.4166516e-002
  1.8933851e-001
  3.0405960e-001
  4.1451698e-001
  5.1715941e-001
  6.0879463e-001
  6.8667840e-001
  7.4860356e-001
  7.9299165e-001
  8.1898311e-001
  8.2651493e-001
  8.1636933e-001
  7.9017555e-001
  7.5034844e-001
  6.9995406e-001
  6.4250193e-001
  5.8167476e-001
  5.2101814e-001
  4.6362145e-001
  4.1182654e-001
  3.6700102e-001
  3.2940684e-001
  2.9818477e-001
  2.7146089e-001
  2.4656561e-001
  2.2034109e-001
  1.8950139e-001
  1.5100327e-001
  1.0238546e-001
  4.2039665e-002
 -3.0612213e-002
 -1.1504664e-001
 -2.0966972e-001
 -3.1193521e-001
 -4.1852411e-001
 -5.2555657e-001
 -6.2880836e-001
 -7.2391074e-001
 -8.0652226e-001
 -8.7247174e-001
 -9.1788147e-001
 -9.3928544e-001
 -9.3375856e-001
 -8.9906878e-001
 -8.3385475e-001
 -7.3782031e-001
 -6.1192452e-001
 -4.5853643e-001
 -2.8151842e-001
 -8.6203898e-002
  1.2075644e-001
  3.3169009e-001
  5.3833088e-001
  7.3234953e-001
  9.0593776e-001
  1.0523837e+000
  1.1665721e+000
  1.2453466e+000
  1.2876879e+000
  1.2946824e+000
  1.2692849e+000
  1.2159058e+000
  1.1398778e+000
  1.0468749e+000
  9.4236001e-001
  8.3113371e-001
  7.1703911e-001
  6.0285228e-001
  4.9035808e-001
  3.8058157e-001
  2.7412085e-001
  1.7151174e-001
  7.3551182e-002
 -1.8484901e-002
 -1.0277397e-001
 -1.7704662e-001
 -2.3884036e-001
 -2.8586575e-001
 -3.1642141e-001
 -3.2978336e-001
 -3.2649598e-001
 -3.0850539e-001
 -2.7910063e-001
 -2.4265821e-001
 -2.0421752e-001
 -1.6894230e-001
 -1.4154260e-001
 -1.2573905e-001
 -1.2384582e-001
 -1.3653080e-001
 -1.6278487e-001
 -2.0010038e-001
 -2.4482769e-001
 -2.9265314e-001
 -3.3912514e-001
 -3.8015120e-001
 -4.1239699e-001
 -4.3353731e-001
 -4.4233547e-001
 -4.3855685e-001
 -4.2274913e-001
 -3.9594224e-001
 -3.5933119e-001
 -3.1400374e-001
 -2.6076288e-001
 -2.0007304e-001
 -1.3213385e-001
 -5.7059478e-002
  2.4879263e-002
  1.1300578e-001
  2.0603938e-001
  3.0199704e-001
  3.9822667e-001
  4.9157877e-001
  5.7869754e-001
  6.5638892e-001
  7.2200673e-001
  7.7379106e-001
  8.1109836e-001
  8.3447738e-001
  8.4556929e-001
  8.4683818e-001
  8.4116621e-001
  8.3137114e-001
  8.1971850e-001
  8.0750437e-001
  7.9477633e-001
  7.8024121e-001
  7.6138147e-001
  7.3477122e-001
  6.9655348e-001
  6.4301563e-001
  5.7118493e-001
  4.7936194e-001
  3.6751736e-001
  2.3749619e-001
  9.2999048e-002
 -6.0659511e-002
 -2.1698652e-001
 -3.6888593e-001
 -5.0930265e-001
 -6.3185751e-001
 -7.3139861e-001
 -8.0440794e-001
 -8.4922273e-001
 -8.6605542e-001
 -8.5682210e-001
 -8.2481136e-001
 -7.7424293e-001
 -7.0977503e-001
 -6.3602089e-001
 -5.5712848e-001
 -4.7646551e-001
 -3.9643461e-001
 -3.1842593e-001
 -2.4289682e-001
 -1.6955413e-001
 -9.7604662e-002
 -2.6035148e-002
  4.6116498e-002
  1.1953121e-001
  1.9444401e-001
  2.7055764e-001
  3.4703644e-001
  4.2257263e-001
  4.9550863e-001
  5.6399455e-001
  6.2615770e-001
  6.8026236e-001
  7.2484180e-001
  7.5879020e-001
  7.8140883e-001
  7.9240750e-001
  7.9186834e-001
  7.8018308e-001
  7.5797791e-001
  7.2603954e-001
  6.8525459e-001
  6.3657045e-001
  5.8098093e-001
  5.1953438e-001
  4.5335742e-001
  3.8368346e-001
  3.1187337e-001
  2.3941634e-001
  1.6790147e-001
  9.8955865e-002
  3.4150521e-002
 -2.5117506e-002
 -7.7752875e-002
 -1.2308152e-001
 -1.6094248e-001
 -1.9173399e-001
 -2.1640065e-001
 -2.3635561e-001
 -2.5334095e-001
 -2.6923834e-001
 -2.8585077e-001
 -3.0468133e-001
 -3.2673766e-001
 -3.5238843e-001
 -3.8129238e-001
 -4.1241129e-001
 -4.4410681e-001
 -4.7430962e-001
 -5.0073910e-001
 -5.2114474e-001
 -5.3353751e-001
 -5.3638129e-001
 -5.2872102e-001
 -5.1023386e-001
 -4.8120180e-001
 -4.4241590e-001
 -3.9503258e-001
 -3.4040875e-001
 -2.7994454e-001
 -2.1495956e-001
 -1.4662118e-001
 -7.5932877e-002
 -3.7792207e-003
  6.8986979e-002
  1.4143808e-001
  2.1247231e-001
  2.8074760e-001
  3.4466907e-001
  4.0244078e-001
  4.5218095e-001
  4.9208786e-001
  5.2063331e-001
  5.3675437e-001
  5.4001254e-001
  5.3069262e-001
  5.0982236e-001
  4.7910517e-001
  4.4077122e-001
  3.9736455e-001
  3.5149360e-001
  3.0557751e-001
  2.6162113e-001
  2.2104671e-001
  1.8460133e-001
  1.5234760e-001
  1.2373297e-001
  9.7722078e-002
  7.2969123e-002
  4.8003485e-002
  2.1403045e-002
 -8.0651077e-003
 -4.1348806e-002
 -7.9062483e-002
 -1.2148021e-001
 -1.6855716e-001
 -2.1996320e-001
 -2.7511277e-001
 -3.3317941e-001
 -3.9309009e-001
 -4.5350237e-001
 -5.1277497e-001
 -5.6894770e-001
 -6.1974863e-001
 -6.6264429e-001
 -6.9494327e-001
 -7.1395468e-001
 -7.1719299e-001
 -7.0261114e-001
 -6.6883612e-001
 -6.1537721e-001
 -5.4277755e-001
 -4.5268473e-001
 -3.4782490e-001
 -2.3187672e-001
 -1.0925358e-001
  1.5185388e-002
  1.3646688e-001
  2.4984337e-001
  3.5110767e-001
  4.3685188e-001
  5.0464903e-001
  5.5314540e-001
  5.8206271e-001
  5.9211930e-001
  5.8488700e-001
  5.6260500e-001
  5.2797305e-001
  4.8394412e-001
  4.3353220e-001
  3.7964537e-001
  3.2494833e-001
  2.7175431e-001
  2.2194323e-001
  1.7690227e-001
  1.3748624e-001
  1.0399724e-001
  7.6185814e-002
  5.3278015e-002
  3.4033216e-002
  1.6836583e-002
 -1.7296616e-004
 -1.8942983e-002
 -4.1324775e-002
 -6.8881665e-002
 -1.0270592e-001
 -1.4326372e-001
 -1.9028675e-001
 -2.4272529e-001
 -2.9877217e-001
 -3.5595906e-001
 -4.1131917e-001
 -4.6160268e-001
 -5.0352570e-001
 -5.3402992e-001
 -5.5052955e-001
 -5.5112401e-001
 -5.3475880e-001
 -5.0132300e-001
 -4.5167779e-001
 -3.8761676e-001
 -3.1176402e-001
 -2.2741987e-001
 -1.3836653e-001
 -4.8647319e-002
  3.7667146e-002
  1.1671260e-001
  1.8505259e-001
  2.3987618e-001
  2.7916150e-001
  3.0179527e-001
  3.0764003e-001
  2.9754238e-001
  2.7327884e-001
  2.3743941e-001
  1.9325406e-001
  1.4437235e-001
  9.4611610e-002
  4.7693211e-002
  6.9886837e-003
 -2.4702185e-002
 -4.5321869e-002
 -5.3659737e-002
 -4.9383367e-002
 -3.2997238e-002
 -5.7376886e-003
  3.0579960e-002
  7.3741461e-002
  1.2131836e-001
  1.7083631e-001
  2.1991033e-001
  2.6633709e-001
  3.0814217e-001
  3.4358817e-001
  3.7115548e-001
  3.8951199e-001
  3.9748823e-001
  3.9407238e-001
  3.7843431e-001
  3.4998083e-001
  3.0843713e-001
  2.5394221e-001
  1.8714203e-001
  1.0926165e-001
  2.2139583e-002
 -7.1788496e-002
 -1.6956263e-001
 -2.6782610e-001
 -3.6299803e-001
 -4.5147496e-001
 -5.2984123e-001
 -5.9506713e-001
 -6.4467557e-001
 -6.7686272e-001
 -6.9056447e-001
 -6.8546765e-001
 -6.6197152e-001
 -6.2111025e-001
 -5.6444982e-001
 -4.9397359e-001
 -4.1196880e-001
 -3.2092290e-001
 -2.2343447e-001
 -1.2213908e-001
 -1.9647420e-002
  8.1508992e-002
  1.7892913e-001
  2.7039412e-001
  3.5391996e-001
  4.2780924e-001
  4.9069723e-001
  5.4158637e-001
  5.7986327e-001
  6.0529373e-001
  6.1799433e-001
  6.1838271e-001
  6.0711199e-001
  5.8499803e-001
  5.5294925e-001
  5.1190872e-001
  4.6281597e-001
  4.0659268e-001
  3.4415183e-001
  2.7642590e-001
  2.0440597e-001
  1.2918151e-001
  5.1970766e-002
 -2.5866980e-002
 -1.0284252e-001
 -1.7737214e-001
 -2.4783409e-001
 -3.1263905e-001
 -3.7030522e-001
 -4.1952845e-001
 -4.5923879e-001
 -4.8863820e-001
 -5.0721753e-001
 -5.1475522e-001
 -5.1130296e-001
 -4.9716566e-001
 -4.7288270e-001
 -4.3921620e-001
 -3.9714816e-001
 -3.4788513e-001
 -2.9286488e-001
 -2.3375691e-001
 -1.7244790e-001
 -1.1100389e-001
 -5.1604505e-002
  3.5512241e-003
  5.2362135e-002
  9.2955169e-002
  1.2381455e-001
  1.4389422e-001
  1.5269886e-001
  1.5032221e-001
  1.3743694e-001
  1.1523718e-001
  8.5341120e-002
  4.9666981e-002
  1.0298505e-002
 -3.0643178e-002
 -7.1107078e-002
 -1.0918995e-001
 -1.4318111e-001
 -1.7157839e-001
 -1.9308493e-001
 -2.0659993e-001
 -2.1121721e-001
 -2.0624285e-001
 -1.9123782e-001
 -1.6608446e-001
 -1.3106827e-001
 -8.6959986e-002
 -3.5078945e-002
  2.2681620e-002
  8.3883510e-002
  1.4563601e-001
  2.0475182e-001
  2.5795614e-001
  3.0212894e-001
  3.3455348e-001
  3.5314076e-001
  3.5660111e-001
  3.4453994e-001
  3.1746471e-001
  2.7670198e-001
  2.2423618e-001
  1.6249266e-001
  9.4095211e-002
  2.1631028e-002
 -5.2545838e-002
 -1.2644866e-001
 -1.9851645e-001
 -2.6759584e-001
 -3.3285774e-001
 -3.9367054e-001
 -4.4945755e-001
 -4.9956812e-001
 -5.4318821e-001
 -5.7930845e-001
 -6.0675697e-001
 -6.2429267e-001
 -6.3074367e-001
 -6.2516787e-001
 -6.0700847e-001
 -5.7621811e-001
 -5.3333056e-001
 -4.7946708e-001
 -4.1627578e-001
 -3.4581202e-001
 -2.7037774e-001
 -1.9234259e-001
 -1.1397217e-001
 -3.7286021e-002
  3.6037654e-002
  1.0470209e-001
  1.6777730e-001
  2.2464001e-001
  2.7488353e-001
  3.1821689e-001
  3.5437207e-001
  3.8303532e-001
  4.0381287e-001
  4.1623455e-001
  4.1979213e-001
  4.1400347e-001
  3.9849038e-001
  3.7305677e-001
  3.3775554e-001
  2.9293550e-001
  2.3926444e-001
  1.7772837e-001
  1.0961074e-001
  3.6457460e-002
 -3.9966507e-002
 -1.1772404e-001
 -1.9475404e-001
 -2.6892124e-001
 -3.3807011e-001
 -4.0008643e-001
 -4.5296948e-001
 -4.9491596e-001
 -5.2441299e-001
 -5.4033447e-001
 -5.4203125e-001
 -5.2940357e-001
 -5.0294432e-001
 -4.6374313e-001
 -4.1344582e-001
 -3.5416888e-001
 -2.8837507e-001
 -2.1872142e-001
 -1.4789547e-001
 -7.8456896e-002
 -1.2701130e-002
  4.7442313e-002
  1.0046938e-001
  1.4531825e-001
  1.8134894e-001
  2.0829668e-001
  2.2621265e-001
  2.3540573e-001
  2.3639647e-001
  2.2988945e-001
  2.1676435e-001
  1.9808001e-001
  1.7508150e-001
  1.4919773e-001
  1.2201813e-001
  9.5240346e-002
  7.0586925e-002
  4.9696056e-002
  3.3998085e-002
  2.4594802e-002
  2.2160680e-002
  2.6883971e-002
  3.8460688e-002
  5.6146715e-002
  7.8863832e-002
  1.0534595e-001
  1.3430422e-001
  1.6458501e-001
  1.9529500e-001
  2.2587138e-001
  2.5608428e-001
  2.8596910e-001
  3.1569888e-001
  3.4541778e-001
  3.7506434e-001
  4.0421679e-001
  4.3199053e-001
  4.5701060e-001
  4.7747089e-001
  4.9127781e-001
  4.9626280e-001
  4.9043604e-001
  4.7224642e-001
  4.4081071e-001
  3.9607864e-001
  3.3890954e-001
  2.7104896e-001
  1.9500840e-001
  1.1386490e-001
  3.1008517e-002
 -5.0128256e-002
 -1.2632385e-001
 -1.9477355e-001
 -2.5322698e-001
 -3.0004826e-001
 -3.3420298e-001
 -3.5518744e-001
 -3.6292373e-001
 -3.5764707e-001
 -3.3981050e-001
 -3.1002525e-001
 -2.6904558e-001
 -2.1779593e-001
 -1.5742802e-001
 -8.9388023e-002
 -1.5470419e-002
  6.2163368e-002
  1.4101787e-001
  2.1835497e-001
  2.9133990e-001
  3.5722736e-001
  4.1356471e-001
  4.5838475e-001
  4.9036059e-001
  5.0889974e-001
  5.1416320e-001
  5.0700650e-001
  4.8885098e-001
  4.6150383e-001
  4.2695246e-001
  3.8716154e-001
  3.4389916e-001
  2.9861279e-001
  2.5236664e-001
  2.0584196e-001
  1.5939162e-001
  1.1313300e-001
  6.7058524e-002
  2.1142742e-002
 -2.4571808e-002
 -6.9921790e-002
 -1.1460730e-001
 -1.5820948e-001
 -2.0023168e-001
 -2.4015060e-001
 -2.7746340e-001
 -3.1171968e-001
 -3.4253174e-001
 -3.6956343e-001
 -3.9250343e-001
 -4.1103390e-001
 -4.2480695e-001
 -4.3344090e-001
 -4.3654410e-001
 -4.3376817e-001
 -4.2488553e-001
 -4.0987963e-001
 -3.8903153e-001
 -3.6298494e-001
 -3.3277331e-001
 -2.9979782e-001
 -2.6575239e-001
 -2.3250093e-001
 -2.0191996e-001
 -1.7572699e-001
 -1.5531777e-001
 -1.4163559e-001
 -1.3509118e-001
 -1.3554441e-001
 -1.4234929e-001
 -1.5445406e-001
 -1.7053975e-001
 -1.8917472e-001
 -2.0896120e-001
 -2.2865228e-001
 -2.4722353e-001
 -2.6389270e-001
 -2.7809040e-001
 -2.8939384e-001
 -2.9744242e-001
 -3.0185720e-001
 -3.0218498e-001
 -2.9788319e-001
 -2.8835293e-001
 -2.7301857e-001
 -2.5144172e-001
 -2.2345048e-001
 -1.8925953e-001
 -1.4955705e-001
 -1.0553799e-001
 -5.8871312e-002
 -1.1598921e-002
  3.4024954e-002
  7.5735263e-002
  1.1147270e-001
  1.3958636e-001
  1.5899480e-001
  1.6928359e-001
  1.7072648e-001
  1.6422812e-001
  1.5119779e-001
  1.3337283e-001
  1.1261707e-001
  9.0722067e-002
  6.9237202e-002
  4.9348873e-002
  3.1820874e-002
  1.6998106e-002
  4.8663578e-003
 -4.8468613e-003
 -1.2550286e-002
 -1.8666891e-002
 -2.3531021e-002
 -2.7318769e-002
 -3.0018849e-002
 -3.1443735e-002
 -3.1274119e-002
 -2.9124745e-002
 -2.4617255e-002
 -1.7445914e-002
 -7.4248611e-003
  5.4899595e-003
  2.1205609e-002
  3.9519926e-002
  6.0164349e-002
  8.2851532e-002
  1.0731722e-001
  1.3334760e-001
  1.6078661e-001
  1.8952187e-001
  2.1945207e-001
  2.5044239e-001
  2.8227636e-001
  3.1461384e-001
  3.4696318e-001
  3.7867366e-001
  4.0895109e-001
  4.3689560e-001
  4.6155782e-001
  4.8200689e-001
  4.9740272e-001
  5.0706432e-001
  5.1052760e-001
  5.0758694e-001
  4.9831773e-001
  4.8307875e-001
  4.6249526e-001
  4.3742540e-001
  4.0891299e-001
  3.7813050e-001
  3.4631608e-001
  3.1470827e-001
  2.8448197e-001
  2.5668924e-001
  2.3220829e-001
  2.1170391e-001
  1.9560234e-001
  1.8408280e-001
  1.7708696e-001
  1.7434594e-001
  1.7542275e-001
  1.7976635e-001
  1.8677156e-001
  1.9583832e-001
  2.0642335e-001
  2.1807805e-001
  2.3046805e-001
  2.4337245e-001
  2.5666362e-001
  2.7027120e-001
  2.8413650e-001
  2.9816510e-001
  3.1218539e-001
  3.2592030e-001
  3.3897688e-001
  3.5085587e-001
  3.6097981e-001
  3.6873553e-001
  3.7352426e-001
  3.7481189e-001
  3.7217188e-001
  3.6531498e-001
  3.5410243e-001
  3.3854232e-001
  3.1877197e-001
  2.9503125e-001
  2.6763348e-001
  2.3694040e-001
  2.0334620e-001
  1.6727396e-001
  1.2918399e-001
  8.9591622e-002
  4.9088697e-002
  8.3623976e-003
 -3.1795528e-002
 -7.0494473e-002
 -1.0676866e-001
 -1.3961865e-001
 -1.6806741e-001
 -1.9122476e-001
 -2.0835245e-001
 -2.1892152e-001
 -2.2265475e-001
 -2.1954896e-001
 -2.0987520e-001
 -1.9415783e-001
 -1.7313657e-001
 -1.4771764e-001
 -1.1892085e-001
 -8.7829141e-002
 -5.5545351e-002
 -2.3158736e-002
  8.2790321e-003
  3.7770838e-002
  6.4388075e-002
  8.7285899e-002
  1.0572325e-001
  1.1908921e-001
  1.2693474e-001
  1.2900628e-001
  1.2527568e-001
  1.1595985e-001
  1.0152405e-001
  8.2664324e-002
  6.0267611e-002
  3.5351679e-002
  8.9904998e-003
 -1.7766234e-002
 -4.3969216e-002
 -6.8831014e-002
 -9.1764496e-002
 -1.1239309e-001
 -1.3053214e-001
 -1.4614512e-001
 -1.5928281e-001
 -1.7001610e-001
 -1.7837430e-001
 -1.8430002e-001
 -1.8762851e-001
 -1.8809575e-001
 -1.8537414e-001
 -1.7913046e-001
 -1.6909683e-001
 -1.5514341e-001
 -1.3734140e-001
 -1.1600686e-001
 -9.1718862e-002
 -6.5310078e-002
 -3.7831905e-002
 -1.0500009e-002
  1.5371679e-002
  3.8439932e-002
  5.7396727e-002
  7.1024432e-002
  7.8240108e-002
  7.8130645e-002
  6.9982899e-002
  5.3314031e-002
  2.7906577e-002
 -6.1495987e-003
 -4.8409923e-002
 -9.8027822e-002
 -1.5371671e-001
 -2.1373276e-001
 -2.7589021e-001
 -3.3761886e-001
 -3.9606880e-001
 -4.4826114e-001
 -4.9127632e-001
 -5.2246467e-001
 -5.3965822e-001
 -5.4136045e-001
 -5.2689045e-001
 -4.9646238e-001
 -4.5118765e-001
 -3.9299671e-001
 -3.2448689e-001
 -2.4871263e-001
 -1.6894125e-001
 -8.8401987e-002
 -1.0056226e-002
  6.3586693e-002
  1.3059050e-001
  1.8964137e-001
  2.4002716e-001
  2.8155714e-001
  3.1444030e-001
  3.3914409e-001
  3.5625616e-001
  3.6636883e-001
  3.6999992e-001
  3.6755651e-001
  3.5934008e-001
  3.4558482e-001
  3.2651606e-001
  3.0241354e-001
  2.7366547e-001
  2.4080235e-001
  2.0450486e-001
  1.6558601e-001
  1.2495277e-001
  8.3556606e-002
  4.2343669e-002
  2.2149328e-003
 -3.5996555e-002
 -7.1528339e-002
 -1.0367322e-001
 -1.3175236e-001
 -1.5508650e-001
 -1.7297566e-001
 -1.8469682e-001
 -1.8952548e-001
 -1.8678232e-001
 -1.7590114e-001
 -1.5650907e-001
 -1.2850726e-001
 -9.2138525e-002
 -4.8029916e-002
  2.7986937e-003
  5.8963777e-002
  1.1878330e-001
  1.8037060e-001
  2.4174563e-001
  3.0095000e-001
  3.5615255e-001
  4.0573456e-001
  4.4834786e-001
  4.8294432e-001
  5.0878029e-001
  5.2540319e-001
  5.3263028e-001
  5.3052875e-001
  5.1940497e-001
  4.9980599e-001
  4.7253230e-001
  4.3865569e-001
  3.9953279e-001
  3.5680330e-001
  3.1236258e-001
  2.6830169e-001
  2.2681294e-001
  1.9006531e-001
  1.6006010e-001
  1.3848231e-001
  1.2656571e-001
  1.2498976e-001
  1.3382311e-001
  1.5252336e-001
  1.7999455e-001
  2.1469651e-001
  2.5479250e-001
  2.9831617e-001
  3.4333634e-001
  3.8809882e-001
  4.3112816e-001
  4.7127882e-001
  5.0773332e-001
  5.3995295e-001
  5.6759397e-001
  5.9040722e-001
  6.0814083e-001
  6.2046474e-001
  6.2693118e-001
  6.2697911e-001
  6.1998270e-001
  6.0533677e-001
  5.8256555e-001
  5.5143771e-001
  5.1206903e-001
  4.6499646e-001
  4.1121100e-001
  3.5214358e-001
  2.8960416e-001
  2.2568120e-001
  1.6261320e-001
  1.0264732e-001
  4.7900650e-002
  2.3798451e-004
 -3.8823110e-002
 -6.8173868e-002
 -8.7141108e-002
 -9.5482072e-002
 -9.3353431e-002
 -8.1262251e-002
 -6.0007080e-002
 -3.0616301e-002
  5.7109131e-003
  4.7657843e-002
  9.3836481e-002
  1.4282704e-001
  1.9321167e-001
  2.4360345e-001
  2.9267095e-001
  3.3915826e-001
  3.8189973e-001
  4.1982834e-001
  4.5197751e-001
  4.7747685e-001
  4.9554406e-001
  5.0547634e-001
  5.0664597e-001
  4.9850492e-001
  4.8060242e-001
  4.5261793e-001
  4.1440903e-001
  3.6607064e-001
  3.0799880e-001
  2.4094996e-001
  1.6608503e-001
  8.4988219e-002
 -3.4757783e-004
 -8.7573595e-002
 -1.7407610e-001
 -2.5710042e-001
 -3.3389835e-001
 -4.0188569e-001
 -4.5879462e-001
 -5.0280606e-001
 -5.3264927e-001
 -5.4765986e-001
 -5.4779279e-001
 -5.3359209e-001
 -5.0612418e-001
 -4.6688542e-001
 -4.1769622e-001
 -3.6059427e-001
 -2.9773708e-001
 -2.3132106e-001
 -1.6351979e-001
 -9.6440190e-002
 -3.2091805e-002
  2.7637631e-002
  8.1007452e-002
  1.2645603e-001
  1.6264255e-001
  1.8849813e-001
  2.0328234e-001
  2.0663797e-001
  1.9863515e-001
  1.7979600e-001
  1.5109212e-001
  1.1391060e-001
  6.9987979e-002
  2.1316117e-002
 -2.9972355e-002
 -8.1728252e-002
 -1.3190772e-001
 -1.7868014e-001
 -2.2051232e-001
 -2.5622269e-001
 -2.8500302e-001
 -3.0640951e-001
 -3.2032847e-001
 -3.2692443e-001
 -3.2657961e-001
 -3.1983340e-001
 -3.0732888e-001
 -2.8977131e-001
 -2.6790024e-001
 -2.4247483e-001
 -2.1426935e-001
 -1.8407496e-001
 -1.5270317e-001
 -1.2098739e-001
 -8.9779477e-002
 -5.9940280e-002
 -3.2323942e-002
 -7.7572481e-003
  1.2984439e-002
  2.9202866e-002
  4.0302837e-002
  4.5817486e-002
  4.5432472e-002
  3.9008803e-002
  2.6603874e-002
  8.4896546e-003
 -1.4833805e-002
 -4.2632269e-002
 -7.3941864e-002
 -1.0758753e-001
 -1.4221789e-001
 -1.7635756e-001
 -2.0847559e-001
 -2.3706646e-001
 -2.6073724e-001
 -2.7829289e-001
 -2.8881057e-001
 -2.9169421e-001
 -2.8670225e-001
 -2.7394466e-001
 -2.5384883e-001
 -2.2709846e-001
 -1.9455324e-001
 -1.5715989e-001
 -1.1586656e-001
 -7.1552231e-002
 -2.4980243e-002
  2.3218472e-002
  7.2531580e-002
  1.2252504e-001
  1.7278463e-001
  2.2285057e-001
  2.7215781e-001
  3.1999360e-001
  3.6548123e-001
  4.0759483e-001
  4.4520491e-001
  4.7714965e-001
  5.0232284e-001
  5.1976670e-001
  5.2875743e-001
  5.2887236e-001
  5.2003070e-001
  5.0250409e-001
  4.7689746e-001
  4.4410507e-001
  4.0524960e-001
  3.6161359e-001
  3.1457247e-001
  2.6553650e-001
  2.1590600e-001
  1.6704074e-001
  1.2024107e-001
  7.6735823e-002
  3.7671132e-002
  4.0943774e-003
 -2.3070287e-002
 -4.3055724e-002
 -5.5292352e-002
 -5.9449880e-002
 -5.5472581e-002
 -4.3599905e-002
 -2.4365296e-002
  1.4311312e-003
  3.2776495e-002
  6.8521623e-002
  1.0747189e-001
  1.4848110e-001
  1.9053578e-001
  2.3281772e-001
  2.7473560e-001
  3.1592081e-001
  3.5618795e-001
  3.9546640e-001
  4.3371385e-001
  4.7082604e-001
  5.0655786e-001
  5.4046967e-001
  5.7190882e-001
  6.0003114e-001
  6.2386102e-001
  6.4238255e-001
  6.5464925e-001
  6.5989716e-001
  6.5764511e-001
  6.4776819e-001
  6.3053425e-001
  6.0659879e-001
  5.7695985e-001
  5.4288008e-001
  5.0578743e-001
  4.6716869e-001
  4.2846976e-001
  3.9101465e-001
  3.5595136e-001
  3.2422739e-001
  2.9659275e-001
  2.7362371e-001
  2.5575735e-001
  2.4332588e-001
  2.3658079e-001
  2.3569933e-001
  2.4077026e-001
  2.5176038e-001
  2.6846751e-001
  2.9046952e-001
  3.1708018e-001
  3.4732276e-001
  3.7993033e-001
  4.1337777e-001
  4.4594635e-001
  4.7581667e-001
  5.0118168e-001
  5.2036847e-001
  5.3195592e-001
  5.3487608e-001
  5.2848869e-001
  5.1262217e-001
  4.8757811e-001
  4.5410082e-001
  4.1331702e-001
  3.6665375e-001
  3.1574371e-001
  2.6232785e-001
  2.0816326e-001
  1.5494309e-001
  1.0423223e-001
  5.7420169e-002
  1.5690371e-002
 -1.9996290e-002
 -4.8907006e-002
 -7.0534681e-002
 -8.4590427e-002
 -9.0992841e-002
 -8.9855146e-002
 -8.1470602e-002
 -6.6296247e-002
 -4.4934997e-002
 -1.8116407e-002
  1.3323192e-002
  4.8460114e-002
  8.6301100e-002
  1.2579843e-001
  1.6586187e-001
  2.0536790e-001
  2.4316746e-001
  2.7809440e-001
  3.0897757e-001
  3.3465918e-001
  3.5402173e-001
  3.6602469e-001
  3.6975040e-001
  3.6445674e-001
  3.4963247e-001
  3.2504983e-001
  2.9080802e-001
  2.4736164e-001
  1.9552922e-001
  1.3647857e-001
  7.1688647e-002
  2.8898609e-003
 -6.8012522e-002
 -1.3902531e-001
 -2.0815704e-001
 -2.7350265e-001
 -3.3331642e-001
 -3.8606845e-001
 -4.3048197e-001
 -4.6555200e-001
 -4.9054773e-001
 -5.0500311e-001
 -5.0870104e-001
 -5.0165639e-001
 -4.8410237e-001
 -4.5648258e-001
 -4.1944946e-001
 -3.7386720e-001
 -3.2081558e-001
 -2.6159001e-001
 -1.9769265e-001
 -1.3081042e-001
 -6.2777150e-002
  4.4808462e-003
  6.9013671e-002
  1.2892712e-001
  1.8246618e-001
  2.2809562e-001
  2.6457042e-001
  2.9098970e-001
  3.0682950e-001
  3.1195225e-001
  3.0659326e-001
  2.9132709e-001
  2.6701871e-001
  2.3476569e-001
  1.9583768e-001
  1.5161944e-001
  1.0356160e-001
  5.3142022e-002
  1.8379512e-003
 -4.8892672e-002
 -9.7624089e-002
 -1.4297416e-001
 -1.8361877e-001
 -2.1831304e-001
 -2.4592152e-001
 -2.6545780e-001
 -2.7613172e-001
 -2.7740021e-001
 -2.6901647e-001
 -2.5107098e-001
 -2.2401815e-001
 -1.8868295e-001
 -1.4624395e-001
 -9.8191176e-002
 -4.6260093e-002
  7.6544135e-003
  6.1597797e-002
  1.1366142e-001
  1.6208516e-001
  2.0534838e-001
  2.4224165e-001
  2.7191379e-001
  2.9389080e-001
  3.0806690e-001
  3.1466994e-001
  3.1420653e-001
  3.0739370e-001
  2.9508518e-001
  2.7820022e-001
  2.5766220e-001
  2.3435252e-001
  2.0908303e-001
  1.8258781e-001
  1.5553249e-001
  1.2853724e-001
  1.0220768e-001
  7.7167425e-002
  5.4085450e-002
  3.3692690e-002
  1.6783305e-002
  4.1982907e-003
 -3.2087862e-003
 -4.6218336e-003
  6.7607172e-004
  1.3235054e-002
  3.3371578e-002
  6.1109361e-002
  9.6134614e-002
  1.3777110e-001
  1.8497882e-001
  2.3637821e-001
  2.9029941e-001
  3.4485394e-001
  3.9802438e-001
  4.4776571e-001
  4.9211114e-001
  5.2927479e-001
  5.5774369e-001
  5.7635267e-001
  5.8433713e-001
  5.8136047e-001
  5.6751544e-001
  5.4330071e-001
  5.0957626e-001
  4.6750266e-001
  4.1847068e-001
  3.6402787e-001
  3.0580845e-001
  2.4547183e-001
  1.8465313e-001
  1.2492737e-001
  6.7786418e-002
  1.4626193e-002
 -3.3260122e-002
 -7.4687641e-002
 -1.0858885e-001
 -1.3402989e-001
 -1.5023600e-001
 -1.5662587e-001
 -1.5285210e-001
 -1.3884323e-001
 -1.1484063e-001
 -8.1423789e-002
 -3.9517180e-002
  9.6257868e-003
  6.4464167e-002
  1.2323531e-001
  1.8404094e-001
  2.4494650e-001
  3.0408432e-001
  3.5975073e-001
  4.1048711e-001
  4.5513721e-001
  4.9287564e-001
  5.2320655e-001
  5.4593503e-001
  5.6111760e-001
  5.6900073e-001
  5.6995726e-001
  5.6443064e-001
  5.5289485e-001
  5.3583465e-001
  5.1374725e-001
  4.8716218e-001
  4.5667307e-001
  4.2297229e-001
  3.8687896e-001
  3.4935153e-001
  3.1147859e-001
  2.7444522e-001
  2.3947639e-001
  2.0776305e-001
  1.8038009e-001
  1.5820690e-001
  1.4186201e-001
  1.3166127e-001
  1.2760618e-001
  1.2940442e-001
  1.3652006e-001
  1.4824629e-001
  1.6379039e-001
  1.8235861e-001
  2.0322886e-001
  2.2580111e-001
  2.4961912e-001
  2.7436154e-001
  2.9980561e-001
  3.2577089e-001
  3.5205388e-001
  3.7836566e-001
  4.0428427e-001
  4.2923128e-001
  4.5247804e-001
  4.7318232e-001
  4.9045137e-001
  5.0342319e-001
  5.1135481e-001
  5.1370547e-001
  5.1020307e-001
  5.0088492e-001
  4.8610756e-001
  4.6652458e-001
  4.4303617e-001
  4.1671739e-001
  3.8873466e-001
  3.6026102e-001
  3.3239954e-001
  3.0612248e-001
  2.8223067e-001
  2.6133394e-001
  2.4385067e-001
  2.3002172e-001
  2.1993294e-001
  2.1354032e-001
  2.1069275e-001
  2.1114947e-001
  2.1459136e-001
  2.2062718e-001
  2.2879797e-001
  2.3858277e-001
  2.4940932e-001
  2.6067152e-001
  2.7175408e-001
  2.8206270e-001
  2.9105597e-001
  2.9827457e-001
  3.0336269e-001
  3.0607757e-001
  3.0628488e-001
  3.0393997e-001
  2.9905775e-001
  2.9167604e-001
  2.8181937e-001
  2.6947001e-001
  2.5455286e-001
  2.3693857e-001
  2.1646631e-001
  1.9298463e-001
  1.6640511e-001
  1.3676126e-001
  1.0426339e-001
  6.9340197e-002
  3.2659041e-002
 -4.8802889e-003
 -4.2180095e-002
 -7.8005309e-002
 -1.1106412e-001
 -1.4009990e-001
 -1.6398386e-001
 -1.8179804e-001
 -1.9289916e-001
 -1.9695704e-001
 -1.9396433e-001
 -1.8421847e-001
 -1.6828010e-001
 -1.4691506e-001
 -1.2102853e-001
 -9.1600285e-002
 -5.9628535e-002
 -2.6088193e-002
  8.0940029e-003
  4.2047779e-002
  7.4954179e-002
  1.0603212e-001
  1.3452280e-001
  1.5967804e-001
  1.8075752e-001
  1.9703792e-001
  2.0783480e-001
  2.1253549e-001
  2.1063944e-001
  2.0180100e-001
  1.8586902e-001
  1.6291802e-001
  1.3326674e-001
  9.7481294e-002
  5.6362324e-002
  1.0916910e-002
 -3.7681939e-002
 -8.8144691e-002
 -1.3911931e-001
 -1.8924574e-001
 -2.3720702e-001
 -2.8177427e-001
 -3.2184346e-001
 -3.5646310e-001
 -3.8485274e-001
 -4.0641293e-001
 -4.2072766e-001
 -4.2756074e-001
 -4.2684746e-001
 -4.1868311e-001
 -4.0330953e-001
 -3.8110110e-001
 -3.5255107e-001
 -3.1825902e-001
 -2.7891993e-001
 -2.3531491e-001
 -1.8830309e-001
 -1.3881392e-001
 -8.7838415e-002
 -3.6417821e-002
  1.4371873e-002
  6.3441025e-002
  1.0971374e-001
  1.5216153e-001
  1.8984201e-001
  2.2194044e-001
  2.4781084e-001
  2.6701281e-001
  2.7933996e-001
  2.8483645e-001
  2.8379862e-001
  2.7676083e-001
  2.6446564e-001
  2.4782073e-001
  2.2784645e-001
  2.0561879e-001
  1.8221332e-001
  1.5865521e-001
  1.3587943e-001
  1.1470368e-001
  9.5814690e-002
  7.9766546e-002
  6.6987985e-002
  5.7794603e-002
  5.2401485e-002
  5.0932269e-002
  5.3421874e-002
  5.9811864e-002
  6.9939415e-002
  8.3522721e-002
  1.0014706e-001
  1.1925647e-001
  1.4015560e-001
  1.6202546e-001
  1.8395460e-001
  2.0498504e-001
  2.2416988e-001
  2.4063719e-001
  2.5365341e-001
  2.6267882e-001
  2.6740824e-001
  2.6779158e-001
  2.6403134e-001
  2.5655683e-001
  2.4597817e-001
  2.3302540e-001
  2.1848023e-001
  2.0310858e-001
  1.8760197e-001
  1.7253430e-001
  1.5833846e-001
  1.4530420e-001
  1.3359595e-001
  1.2328627e-001
  1.1439904e-001
  1.0695498e-001
  1.0101241e-001
  9.6696961e-002
  9.4215889e-002
  9.3855061e-002
  9.5959157e-002
  1.0089809e-001
  1.0902439e-001
  1.2062736e-001
  1.3589003e-001
  1.5485410e-001
  1.7739690e-001
  2.0322228e-001
  2.3186569e-001
  2.6271169e-001
  2.9502081e-001
  3.2796212e-001
  3.6064748e-001
  3.9216424e-001
  4.2160414e-001
  4.4808733e-001
  4.7078177e-001
  4.8891952e-001
  5.0181170e-001
  5.0886416e-001
  5.0959568e-001
  5.0365908e-001
  4.9086492e-001
  4.7120601e-001
  4.4487982e-001
  4.1230535e-001
  3.7413080e-001
  3.3122903e-001
  2.8467853e-001
  2.3572963e-001
  1.8575698e-001
  1.3620138e-001
  8.8505327e-002
  4.4047683e-002
  4.0830153e-003
 -3.0309134e-002
 -5.8261102e-002
 -7.9137732e-002
 -9.2540431e-002
 -9.8296302e-002
 -9.6435725e-002
 -8.7162927e-002
 -7.0824605e-002
 -4.7881322e-002
 -1.8885450e-002
  1.5532188e-002
  5.4666695e-002
  9.7736080e-002
  1.4387407e-001
  1.9212295e-001
  2.4143105e-001
  2.9065879e-001
  3.3859634e-001
  3.8399368e-001
  4.2560241e-001
  4.6222624e-001
  4.9277568e-001
  5.1632155e-001
  5.3214181e-001
  5.3975667e-001
  5.3894872e-001
  5.2976636e-001
  5.1251137e-001
  4.8771304e-001
  4.5609294e-001
  4.1852534e-001
  3.7599806e-001
  3.2957760e-001
  2.8038132e-001
  2.2955693e-001
  1.7826826e-001
  1.2768423e-001
  7.8967378e-002
  3.3257913e-002
 -8.3496427e-003
 -4.4838847e-002
 -7.5312114e-002
 -9.9037061e-002
 -1.1549361e-001
 -1.2441570e-001
 -1.2582107e-001
 -1.2002327e-001
 -1.0762185e-001
 -8.9469178e-002
 -6.6615542e-002
 -4.0237083e-002
 -1.1553848e-002
  1.8253164e-002
  4.8116630e-002
  7.7140708e-002
  1.0463569e-001
  1.3012616e-001
  1.5333305e-001
  1.7413335e-001
  1.9250446e-001
  2.0846202e-001
  2.2200102e-001
  2.3304908e-001
  2.4143904e-001
  2.4690507e-001
  2.4910290e-001
  2.4765158e-001
  2.4219089e-001
  2.3244658e-001
  2.1829477e-001
  1.9981671e-001
  1.7733701e-001
  1.5144018e-001
  1.2296330e-001
  9.2965283e-002
  6.2675551e-002
  3.3426874e-002
  6.5780974e-003
 -1.6567173e-002
 -3.4840233e-002
 -4.7280373e-002
 -5.3197515e-002
 -5.2221458e-002
 -4.4335669e-002
 -2.9894092e-002
 -9.6199155e-003
  1.5414485e-002
  4.3826754e-002
  7.3982571e-002
  1.0407115e-001
  1.3219552e-001
  1.5647330e-001
  1.7514214e-001
  1.8666257e-001
  1.8981033e-001
  1.8375033e-001
  1.6808530e-001
  1.4287451e-001
  1.0862047e-001
  6.6225214e-002
  1.6920735e-002
 -3.7818489e-002
 -9.6371358e-002
 -1.5706391e-001
 -2.1825137e-001
 -2.7838085e-001
 -3.3603039e-001
 -3.8992371e-001
 -4.3892398e-001
 -4.8201299e-001
 -5.1826442e-001
 -5.4682032e-001
 -5.6687919e-001
 -5.7770147e-001
 -5.7863473e-001
 -5.6915734e-001
 -5.4893488e-001
 -5.1788157e-001
 -4.7621637e-001
 -4.2450432e-001
 -3.6367467e-001
 -2.9501073e-001
 -2.2011013e-001
 -1.4081840e-001
 -5.9142511e-002
  2.2846377e-002
  1.0311026e-001
  1.7973170e-001
  2.5098298e-001
  3.1537203e-001
  3.7166360e-001
  4.1887827e-001
  4.5627477e-001
  4.8332299e-001
  4.9967586e-001
  5.0514698e-001
  4.9969915e-001
  4.8344555e-001
  4.5666246e-001
  4.1980940e-001
  3.7355073e-001
  3.1877190e-001
  2.5658423e-001
  1.8831389e-001
  1.1547314e-001
  3.9715029e-002
 -3.7224487e-002
 -1.1359141e-001
 -1.8767853e-001
 -2.5788387e-001
 -3.2275745e-001
 -3.8103362e-001
 -4.3164851e-001
 -4.7374479e-001
 -5.0666780e-001
 -5.2995793e-001
 -5.4334407e-001
 -5.4674181e-001
 -5.4025771e-001
 -5.2419919e-001
 -4.9908675e-001
 -4.6566420e-001
 -4.2490133e-001
 -3.7798438e-001
 -3.2629081e-001
 -2.7134725e-001
 -2.1477239e-001
 -1.5820866e-001
 -1.0324904e-001
 -5.1365897e-002
 -3.8487945e-003
  3.8243158e-002
  7.4111127e-002
  1.0322788e-001
  1.2533267e-001
  1.4041394e-001
  1.4868522e-001
  1.5055979e-001
  1.4662851e-001
  1.3764328e-001
  1.2450595e-001
  1.0826019e-001
  9.0081598e-002
  7.1260656e-002
  5.3173180e-002
  3.7234675e-002
  2.4837583e-002
  1.7273740e-002
  1.5647668e-002
  2.0789160e-002
  3.3175220e-002
  5.2871629e-002
  7.9502949e-002
  1.1225682e-001
  1.4992441e-001
  1.9097442e-001
  2.3365366e-001
  2.7610401e-001
  3.1648328e-001
  3.5307765e-001
  3.8439443e-001
  4.0922721e-001
  4.2668946e-001
  4.3621690e-001
  4.3754334e-001
  4.3065772e-001
  4.1575199e-001
  3.9316959e-001
  3.6336314e-001
  3.2686717e-001
  2.8428849e-001
  2.3631322e-001
  1.8372623e-001
  1.2743674e-001
  6.8502512e-002
  8.1453486e-003
 -5.2247844e-002
 -1.1114211e-001
 -1.6689038e-001
 -2.1778655e-001
 -2.6213135e-001
 -2.9830566e-001
 -3.2484469e-001
 -3.4050706e-001
 -3.4433383e-001
 -3.3569367e-001
 -3.1431236e-001
 -2.8028610e-001
 -2.3407937e-001
 -1.7650909e-001
 -1.0871680e-001
 -3.2131099e-002
  5.1577920e-002
  1.4055051e-001
  2.3279370e-001
  3.2624060e-001
  4.1881067e-001
  5.0846862e-001
  5.9327949e-001
  6.7145742e-001
  7.4140595e-001
  8.0174832e-001
  8.5134728e-001
  8.8931489e-001
  9.1501422e-001
  9.2805543e-001
  9.2828923e-001
  9.1580063e-001
  8.9090517e-001
  8.5414830e-001
  8.0630748e-001
  7.4839490e-001
  6.8165724e-001
  6.0756886e-001
  5.2781452e-001
  4.4425882e-001
  3.5890132e-001
  2.7381810e-001
  1.9109295e-001
  1.1274293e-001
  4.0644261e-002
 -2.3535137e-002
 -7.8391071e-002
 -1.2282256e-001
 -1.5605366e-001
 -1.7763846e-001
 -1.8745190e-001
 -1.8567100e-001
 -1.7275126e-001
 -1.4940272e-001
 -1.1656869e-001
 -7.5408100e-002
 -2.7280070e-002
  2.6272529e-002
  8.3545250e-002
  1.4270465e-001
  2.0183506e-001
  2.5900103e-001
  3.1232422e-001
  3.6007020e-001
  4.0073778e-001
  4.3314182e-001
  4.5647973e-001
  4.7037296e-001
  4.7487755e-001
  4.7046117e-001
  4.5794884e-001
  4.3844318e-001
  4.1322896e-001
  3.8367324e-001
  3.5113264e-001
  3.1687790e-001
  2.8204215e-001
  2.4759556e-001
  2.1434432e-001
  1.8294791e-001
  1.5394621e-001
  1.2778655e-001
  1.0484225e-001
  8.5416412e-002
  6.9728844e-002
  5.7888218e-002
  4.9855510e-002
  4.5407611e-002
  4.4111004e-002
  4.5314485e-002
  4.8167049e-002
  5.1662792e-002
  5.4709798e-002
  5.6215309e-002
  5.5175989e-002
  5.0760481e-002
  4.2372030e-002
  2.9681835e-002
  1.2628398e-002
 -8.6161849e-003
 -3.3706399e-002
 -6.2198660e-002
 -9.3627785e-002
 -1.2757019e-001
 -1.6368166e-001
 -2.0170211e-001
 -2.4142563e-001
 -2.8264093e-001
 -3.2505279e-001
 -3.6819956e-001
 -4.1138326e-001
 -4.5362759e-001
 -4.9367523e-001
 -5.3002989e-001
 -5.6104097e-001
 -5.8502227e-001
 -6.0038977e-001
 -6.0580056e-001
 -6.0027397e-001
 -5.8327898e-001
 -5.5477653e-001
 -5.1521261e-001
 -4.6546535e-001
 -4.0675605e-001
 -3.4053942e-001
 -2.6839026e-001
 -1.9190361e-001
 -1.1262185e-001
 -3.1996447e-002
  4.8614409e-002
  1.2791805e-001
  2.0464061e-001
  2.7747590e-001
  3.4504495e-001
  4.0587925e-001
  4.5843605e-001
  5.0114805e-001
  5.3250346e-001
  5.5114650e-001
  5.5598460e-001
  5.4628694e-001
  5.2176018e-001
  4.8259070e-001
  4.2944799e-001
  3.6344985e-001
  2.8609582e-001
  1.9917963e-001
  1.0469375e-001
  4.7389995e-003
 -9.8550150e-002
 -2.0305824e-001
 -3.0671824e-001
 -4.0752154e-001
 -5.0351639e-001
 -5.9280486e-001
 -6.7354854e-001
 -7.4399074e-001
 -8.0249947e-001
 -8.4763010e-001
 -8.7820205e-001
 -8.9337949e-001
 -8.9274400e-001
 -8.7634692e-001
 -8.4473106e-001
 -7.9891582e-001
 -7.4034475e-001
 -6.7080024e-001
 -5.9229481e-001
 -5.0695201e-001
 -4.1689093e-001
 -3.2412746e-001
 -2.3050221e-001
 -1.3764045e-001
 -4.6943911e-002
  4.0390482e-002
  1.2333410e-001
  2.0098356e-001
  2.7252232e-001
  3.3719645e-001
  3.9431023e-001
  4.4324307e-001
  4.8348442e-001
  5.1467984e-001
  5.3667883e-001
  5.4957449e-001
  5.5372640e-001
  5.4976086e-001
  5.3854661e-001
  5.2114784e-001
  4.9876037e-001
  4.7263910e-001
  4.4402575e-001
  4.1408554e-001
  3.8385905e-001
  3.5423278e-001
  3.2592834e-001
  2.9950701e-001
  2.7538437e-001
  2.5384842e-001
  2.3507529e-001
  2.1913770e-001
  2.0600450e-001
  1.9553178e-001
  1.8744904e-001
  1.8134572e-001
  1.7666397e-001
  1.7270338e-001
  1.6864159e-001
  1.6357237e-001
  1.5655995e-001
  1.4670570e-001
  1.3322105e-001
  1.1549954e-001
  9.3180478e-002
  6.6197858e-002
  3.4809773e-002
 -3.9416614e-004
 -3.8507558e-002
 -7.8342140e-002
 -1.1847941e-001
 -1.5733450e-001
 -1.9322765e-001
 -2.2445882e-001
 -2.4938151e-001
 -2.6647282e-001
 -2.7439685e-001
 -2.7205962e-001
 -2.5865329e-001
 -2.3368801e-001
 -1.9700979e-001
 -1.4880328e-001
 -8.9578931e-002
 -2.0145367e-002
  5.8430967e-002
  1.4487538e-001
  2.3775898e-001
  3.3555164e-001
  4.3666857e-001
  5.3950594e-001
  6.4246268e-001
  7.4394828e-001
  8.4237869e-001
  9.3616524e-001
  1.0237029e+000
  1.1033656e+000
  1.1735146e+000
  1.2325255e+000
  1.2788358e+000
  1.3110108e+000
  1.3278237e+000
  1.3283403e+000
  1.3120002e+000
  1.2786830e+000
  1.2287509e+000
  1.1630614e+000
  1.0829482e+000
  9.9017194e-001
  8.8684570e-001
  7.7534496e-001
  6.5821067e-001
  5.3805554e-001
  4.1748108e-001
  2.9900992e-001
  1.8503471e-001
  7.7781292e-002
 -2.0718376e-002
 -1.0864922e-001
 -1.8443718e-001
 -2.4677769e-001
 -2.9466880e-001
 -3.2744613e-001
 -3.4481395e-001
 -3.4686515e-001
 -3.3408297e-001
 -3.0731913e-001
 -2.6774657e-001
 -2.1678915e-001
 -1.5603568e-001
 -8.7148636e-002
 -1.1780662e-002
  6.8488969e-002
  1.5218809e-001
  2.3795090e-001
  3.2448429e-001
  4.1050948e-001
  4.9469288e-001
  5.7558371e-001
  6.5157631e-001
  7.2091257e-001
  7.8173382e-001
  8.3218302e-001
  8.7054933e-001
  8.9543774e-001
  9.0594030e-001
  9.0178210e-001
  8.8341615e-001
  8.5204691e-001
  8.0957120e-001
  7.5843685e-001
  7.0143145e-001
  6.4142481e-001
  5.8109627e-001
  5.2268148e-001
  4.6777170e-001
  4.1719198e-001
  3.7097406e-001
  3.2842685e-001
  2.8829401e-001
  2.4897649e-001
  2.0878951e-001
  1.6621971e-001
  1.2014950e-001
  7.0021332e-002
  1.5924385e-002
 -4.1402965e-002
 -1.0064974e-001
 -1.6007324e-001
 -2.1768263e-001
 -2.7144045e-001
 -3.1945814e-001
 -3.6016548e-001
 -3.9243987e-001
 -4.1568817e-001
 -4.2988032e-001
 -4.3553841e-001
 -4.3368805e-001
 -4.2577911e-001
 -4.1358246e-001
 -3.9906751e-001
 -3.8426411e-001
 -3.7111213e-001
 -3.6130344e-001
 -3.5612363e-001
 -3.5630467e-001
 -3.6190343e-001
 -3.7222313e-001
 -3.8579506e-001
 -4.0043434e-001
 -4.1337696e-001
 -4.2149562e-001
 -4.2158049e-001
 -4.1065984e-001
 -3.8632635e-001
 -3.4702961e-001
 -2.9229606e-001
 -2.2284371e-001
 -1.4057125e-001
 -4.8417383e-002
  4.9895886e-002
  1.5020504e-001
  2.4828788e-001
  3.4023653e-001
  4.2277039e-001
  4.9344782e-001
  5.5075085e-001
  5.9403713e-001
  6.2337483e-001
  6.3929497e-001
  6.4250897e-001
  6.3364448e-001
  6.1304893e-001
  5.8069708e-001
  5.3622059e-001
  4.7905405e-001
  4.0867068e-001
  3.2486276e-001
  2.2801206e-001
  1.1929558e-001
  7.8141353e-004
 -1.2461196e-001
 -2.5329585e-001
 -3.8130887e-001
 -5.0468728e-001
 -6.1984926e-001
 -7.2392892e-001
 -8.1500246e-001
 -8.9216595e-001
 -9.5544850e-001
 -1.0055734e+000
 -1.0436068e+000
 -1.0705543e+000
 -1.0869779e+000
 -1.0927040e+000
 -1.0866809e+000
 -1.0670179e+000
 -1.0312123e+000
 -9.7653426e-001
 -9.0051289e-001
 -8.0144975e-001
 -6.7887505e-001
 -5.3387105e-001
 -3.6920537e-001
 -1.8924566e-001
  3.3842085e-004
  1.9304723e-001
  3.8213090e-001
  5.6119439e-001
  7.2474194e-001
  8.6858619e-001
  9.9006952e-001
  1.0880763e+000
  1.1628480e+000
  1.2156447e+000
  1.2483175e+000
  1.2628707e+000
  1.2610871e+000
  1.2442764e+000
  1.2131841e+000
  1.1680638e+000
  1.1088901e+000
  1.0356630e+000
  9.4873741e-001
  8.4911250e-001
  7.3861837e-001
  6.1996248e-001
  4.9662022e-001
  3.7258380e-001
  2.5200836e-001
  1.3881171e-001
  3.6291787e-002
 -5.3178100e-002
 -1.2833037e-001
 -1.8903648e-001
 -2.3619349e-001
 -2.7148898e-001
 -2.9708799e-001
 -3.1529601e-001
 -3.2825186e-001
 -3.3769524e-001
 -3.4483691e-001
 -3.5033854e-001
 -3.5438893e-001
 -3.5684650e-001
 -3.5740848e-001
 -3.5576612e-001
 -3.5171215e-001
 -3.4518094e-001
 -3.3621836e-001
 -3.2489565e-001
 -3.1119452e-001
 -2.9489751e-001
 -2.7551652e-001
 -2.5228377e-001
 -2.2421543e-001
 -1.9024122e-001
 -1.4937756e-001
 -1.0091048e-001
 -4.4550164e-002
  1.9477448e-002
  9.0425007e-002
  1.6711047e-001
  2.4808346e-001
  3.3184126e-001
  4.1705243e-001
  5.0274195e-001
  5.8839715e-001
  6.7396713e-001
  7.5974873e-001
  8.4617421e-001
  9.3353666e-001
  1.0217040e+000
  1.1098775e+000
  1.1964470e+000
  1.2789785e+000
  1.3543476e+000
  1.4190080e+000
  1.4693550e+000
  1.5021293e+000
  1.5147946e+000
  1.5058256e+000
  1.4748577e+000
  1.4226723e+000
  1.3510228e+000
  1.2623331e+000
  1.1593235e+000
  1.0446357e+000
  9.2052568e-001
  7.8868209e-001
  6.5020560e-001
  5.0575182e-001
  3.5580982e-001
  2.0106047e-001
  4.2741211e-002
 -1.1706024e-001
 -2.7525031e-001
 -4.2775574e-001
 -5.6974277e-001
 -6.9600500e-001
 -8.0146332e-001
 -8.8169865e-001
 -9.3342948e-001
 -9.5485304e-001
 -9.4579126e-001
 -9.0761579e-001
 -8.4296524e-001
 -7.5530441e-001
 -6.4840429e-001
 -5.2583556e-001
 -3.9056625e-001
 -2.4473512e-001
 -8.9639199e-002
  7.4065868e-002
  2.4599528e-001
  4.2557008e-001
  6.1155327e-001
  8.0168510e-001
  9.9249879e-001
  1.1793666e+000
  1.3567836e+000
  1.5188518e+000
  1.6598890e+000
  1.7750600e+000
  1.8609217e+000
  1.9157850e+000
  1.9398265e+000
  1.9349302e+000
  1.9042828e+000
  1.8517949e+000
  1.7814519e+000
  1.6967114e+000
  1.6000576e+000
  1.4927931e+000
  1.3751071e+000
  1.2464048e+000
  1.1058323e+000
  9.5289488e-001
  7.8804201e-001
  6.1309840e-001
  4.3144421e-001
  2.4789304e-001
  6.8272116e-002
 -1.0123387e-001
 -2.5486635e-001
 -3.8806642e-001
 -4.9809674e-001
 -5.8439253e-001
 -6.4856754e-001
 -6.9406129e-001
 -7.2547916e-001
 -7.4773454e-001
 -7.6514222e-001
 -7.8062582e-001
 -7.9518600e-001
 -8.0773346e-001
 -8.1532663e-001
 -8.1378093e-001
 -7.9854703e-001
 -7.6570242e-001
 -7.1287431e-001
 -6.3991793e-001
 -5.4921300e-001
 -4.4550576e-001
 -3.3530504e-001
 -2.2592261e-001
 -1.2431687e-001
 -3.5941506e-002
  3.6191683e-002
  9.2056614e-002
  1.3464744e-001
  1.6947469e-001
  2.0358916e-001
  2.4428711e-001
  2.9771354e-001
  3.6760762e-001
  4.5441953e-001
  5.5497167e-001
  6.6274900e-001
  7.6879562e-001
  8.6308818e-001
  9.3616766e-001
  9.8075712e-001
  9.9308431e-001
  9.7366708e-001
  9.2740193e-001
  8.6290885e-001
  7.9120954e-001
  7.2393247e-001
  6.7132437e-001
  6.4039074e-001
  6.3347770e-001
  6.4754514e-001
  6.7427587e-001
  7.0103353e-001
  7.1254512e-001
  6.9306490e-001
  6.2869441e-001
  5.0950359e-001
  3.3112481e-001
  9.5572292e-002
 -1.8883958e-001
 -5.0846376e-001
 -8.4601890e-001
 -1.1827493e+000
 -1.5007078e+000
 -1.7848070e+000
 -2.0243313e+000
 -2.2136915e+000
 -2.3523381e+000
