 -8.2691291e-001
 -2.1392023e+000
 -2.8533443e+000
 -3.0845724e+000
 -2.9792195e+000
 -2.6829600e+000
 -2.3202527e+000
 -1.9839609e+000
 -1.7330264e+000
 -1.5956697e+000
 -1.5756966e+000
 -1.6599117e+000
 -1.8252011e+000
 -2.0444166e+000
 -2.2906872e+000
 -2.5401538e+000
 -2.7733550e+000
 -2.9756094e+000
 -3.1367550e+000
 -3.2505602e+000
 -3.3140428e+000
 -3.3268410e+000
 -3.2907045e+000
 -3.2091088e+000
 -3.0869619e+000
 -2.9303542e+000
 -2.7463073e+000
 -2.5424891e+000
 -2.3268841e+000
 -2.1074269e+000
 -1.8916217e+000
 -1.6861806e+000
 -1.4967165e+000
 -1.3275195e+000
 -1.1814378e+000
 -1.0598712e+000
 -9.6287140e-001
 -8.8933196e-001
 -8.3724272e-001
 -8.0397759e-001
 -7.8658535e-001
 -7.8205650e-001
 -7.8754543e-001
 -8.0053597e-001
 -8.1894656e-001
 -8.4117931e-001
 -8.6612265e-001
 -8.9312041e-001
 -9.2192074e-001
 -9.5261595e-001
 -9.8558116e-001
 -1.0214148e+000
 -1.0608800e+000
 -1.1048433e+000
 -1.1542048e+000
 -1.2098159e+000
 -1.2723837e+000
 -1.3423630e+000
 -1.4198452e+000
 -1.5044552e+000
 -1.5952714e+000
 -1.6907852e+000
 -1.7889133e+000
 -1.8870744e+000
 -1.9823310e+000
 -2.0715920e+000
 -2.1518614e+000
 -2.2205093e+000
 -2.2755374e+000
 -2.3158069e+000
 -2.3411978e+000
 -2.3526742e+000
 -2.3522394e+000
 -2.3427750e+000
 -2.3277742e+000
 -2.3109884e+000
 -2.2960234e+000
 -2.2859234e+000
 -2.2827903e+000
 -2.2874796e+000
 -2.2994110e+000
 -2.3165185e+000
 -2.3353513e+000
 -2.3513200e+000
 -2.3590679e+000
 -2.3529317e+000
 -2.3274488e+000
 -2.2778599e+000
 -2.2005598e+000
 -2.0934520e+000
 -1.9561764e+000
 -1.7901905e+000
 -1.5987022e+000
 -1.3864650e+000
 -1.1594629e+000
 -9.2451792e-001
 -6.8886095e-001
 -4.5970616e-001
 -2.4386426e-001
 -4.7422629e-002
  1.2449068e-001
  2.6785293e-001
  3.7980747e-001
  4.5865249e-001
  5.0377667e-001
  5.1556218e-001
  4.9527467e-001
  4.4495482e-001
  3.6732023e-001
  2.6567918e-001
  1.4385162e-001
  6.0880467e-003
 -1.4302494e-001
 -2.9868292e-001
 -4.5601229e-001
 -6.1025019e-001
 -7.5694940e-001
 -8.9219488e-001
 -1.0128130e+000
 -1.1165507e+000
 -1.2022029e+000
 -1.2696667e+000
 -1.3199113e+000
 -1.3548582e+000
 -1.3771771e+000
 -1.3900141e+000
 -1.3966768e+000
 -1.4003066e+000
 -1.4035711e+000
 -1.4084088e+000
 -1.4158516e+000
 -1.4259420e+000
 -1.4377512e+000
 -1.4494939e+000
 -1.4587209e+000
 -1.4625674e+000
 -1.4580243e+000
 -1.4422027e+000
 -1.4125625e+000
 -1.3670818e+000
 -1.3043566e+000
 -1.2236256e+000
 -1.1247304e+000
 -1.0080259e+000
 -8.7426436e-001
 -7.2447789e-001
 -5.5988146e-001
 -3.8181491e-001
 -1.9173343e-001
  8.7532736e-003
  2.1780236e-001
  4.3323698e-001
  6.5244580e-001
  8.7230718e-001
  1.0891604e+000
  1.2988401e+000
  1.4967821e+000
  1.6781979e+000
  1.8383055e+000
  1.9725941e+000
  2.0770961e+000
  2.1486348e+000
  2.1850199e+000
  2.1851677e+000
  2.1491328e+000
  2.0780473e+000
  1.9739783e+000
  1.8397208e+000
  1.6785562e+000
  1.4940049e+000
  1.2896068e+000
  1.0687545e+000
  8.3459869e-001
  5.9003222e-001
  3.3774781e-001
  8.0353557e-002
 -1.7947968e-001
 -4.3886986e-001
 -6.9460627e-001
 -9.4309105e-001
 -1.1803599e+000
 -1.4021907e+000
 -1.6042957e+000
 -1.7825805e+000
 -1.9334410e+000
 -2.0540643e+000
 -2.1426930e+000
 -2.1988184e+000
 -2.2232735e+000
 -2.2182078e+000
 -2.1869397e+000
 -2.1337001e+000
 -2.0632884e+000
 -1.9806803e+000
 -1.8906265e+000
 -1.7972869e+000
 -1.7039400e+000
 -1.6127959e+000
 -1.5249311e+000
 -1.4403483e+000
 -1.3581477e+000
 -1.2767851e+000
 -1.1943819e+000
 -1.1090478e+000
 -1.0191756e+000
 -9.2367513e-001
 -8.2212164e-001
 -7.1480651e-001
 -6.0269203e-001
 -4.8728474e-001
 -3.7045204e-001
 -2.5421319e-001
 -1.4053809e-001
 -3.1183650e-002
  7.2408958e-002
  1.6914381e-001
  2.5822573e-001
  3.3905307e-001
  4.1106899e-001
  4.7359937e-001
  5.2570774e-001
  5.6609587e-001
  5.9307220e-001
  6.0460041e-001
  5.9842897e-001
  5.7229016e-001
  5.2414653e-001
  4.5245470e-001
  3.5641288e-001
  2.3615908e-001
  9.2892382e-002
 -7.1101015e-002
 -2.5252374e-001
 -4.4723876e-001
 -6.5051811e-001
 -8.5734062e-001
 -1.0627043e+000
 -1.2619176e+000
 -1.4508367e+000
 -1.6260241e+000
 -1.7848141e+000
 -1.9252836e+000
 -2.0461403e+000
 -2.1465506e+000
 -2.2259392e+000
 -2.2837939e+000
 -2.3195110e+000
 -2.3323097e+000
 -2.3212319e+000
 -2.2852365e+000
 -2.2233777e+000
 -2.1350472e+000
 -2.0202495e+000
 -1.8798703e+000
 -1.7158988e+000
 -1.5315659e+000
 -1.3313708e+000
 -1.1209771e+000
 -9.0697935e-001
 -6.9655127e-001
 -4.9700638e-001
 -3.1530943e-001
 -1.5758703e-001
 -2.8686583e-002
  6.8170410e-002
  1.3160364e-001
  1.6213386e-001
  1.6207945e-001
  1.3529856e-001
  8.6802242e-002
  2.2277057e-002
 -5.2434885e-002
 -1.3184645e-001
 -2.1127624e-001
 -2.8719616e-001
 -3.5744404e-001
 -4.2128436e-001
 -4.7931651e-001
 -5.3324647e-001
 -5.8555158e-001
 -6.3907919e-001
 -6.9662565e-001
 -7.6054303e-001
 -8.3241653e-001
 -9.1284650e-001
 -1.0013564e+000
 -1.0964331e+000
 -1.1956917e+000
 -1.2961419e+000
 -1.3945229e+000
 -1.4876661e+000
 -1.5728439e+000
 -1.6480619e+000
 -1.7122632e+000
 -1.7654213e+000
 -1.8085109e+000
 -1.8433628e+000
 -1.8724183e+000
 -1.8984150e+000
 -1.9240373e+000
 -1.9515757e+000
 -1.9826310e+000
 -2.0178993e+000
 -2.0570613e+000
 -2.0987886e+000
 -2.1408650e+000
 -2.1804091e+000
 -2.2141715e+000
 -2.2388720e+000
 -2.2515378e+000
 -2.2498035e+000
 -2.2321388e+000
 -2.1979777e+000
 -2.1477361e+000
 -2.0827169e+000
 -2.0049157e+000
 -1.9167517e+000
 -1.8207587e+000
 -1.7192739e+000
 -1.6141640e+000
 -1.5066225e+000
 -1.3970642e+000
 -1.2851299e+000
 -1.1697995e+000
 -1.0496008e+000
 -9.2288549e-001
 -7.8813573e-001
 -6.4426188e-001
 -4.9084931e-001
 -3.2832000e-001
 -1.5798410e-001
  1.8029636e-002
  1.9696001e-001
  3.7569597e-001
  5.5112215e-001
  7.2048393e-001
  8.8172395e-001
  1.0337432e+000
  1.1765473e+000
  1.3112495e+000
  1.4399217e+000
  1.5652979e+000
  1.6903586e+000
  1.8178369e+000
  1.9497007e+000
  2.0866704e+000
  2.2278331e+000
  2.3704029e+000
  2.5096681e+000
  2.6391432e+000
  2.7509257e+000
  2.8362325e+000
  2.8860758e+000
  2.8920168e+000
  2.8469308e+000
  2.7457112e+000
  2.5858470e+000
  2.3678183e+000
  2.0952714e+000
  1.7749583e+000
  1.4164428e+000
  1.0316025e+000
  6.3396993e-001
  2.3796952e-001
 -1.4188324e-001
 -4.9175781e-001
 -7.9920068e-001
 -1.0536973e+000
 -1.2470730e+000
 -1.3737199e+000
 -1.4306533e+000
 -1.4174173e+000
 -1.3358700e+000
 -1.1898876e+000
 -9.8502578e-001
 -7.2817557e-001
 -4.2724436e-001
 -9.0880718e-002
  2.7174779e-001
  6.5112619e-001
  1.0375247e+000
  1.4211099e+000
  1.7920561e+000
  2.1406746e+000
  2.4575787e+000
  2.7338909e+000
  2.9614928e+000
  3.1333094e+000
  3.2436098e+000
  3.2883030e+000
  3.2652011e+000
  3.1742255e+000
  3.0175323e+000
  2.7995392e+000
  2.5268445e+000
  2.2080363e+000
  1.8534002e+000
  1.4745383e+000
  1.0839236e+000
  6.9441147e-001
  3.1873723e-001
 -3.0975484e-002
 -3.4367236e-001
 -6.0977258e-001
 -8.2150545e-001
 -9.7317026e-001
 -1.0613150e+000
 -1.0848333e+000
 -1.0449827e+000
 -9.4532841e-001
 -7.9161867e-001
 -5.9159786e-001
 -3.5476377e-001
 -9.2075043e-002
  1.8438491e-001
  4.6178123e-001
  7.2693105e-001
  9.6672920e-001
  1.1685872e+000
  1.3208753e+000
  1.4133562e+000
  1.4375989e+000
  1.3873577e+000
  1.2589066e+000
  1.0513120e+000
  7.6663305e-001
  4.1003699e-001
 -1.0183359e-002
 -4.8269871e-001
 -9.9334803e-001
 -1.5254643e+000
 -2.0603232e+000
 -2.5777121e+000
 -3.0566106e+000
 -3.4759676e+000
 -3.8155519e+000
 -4.0568453e+000
 -4.1839406e+000
 -4.1844001e+000
 -4.0500254e+000
 -3.7774903e+000
 -3.3687882e+000
 -2.8314530e+000
 -2.1785234e+000
 -1.4282316e+000
 -6.0341711e-001
  2.6931743e-001
  1.1606738e+000
  2.0398956e+000
  2.8761102e+000
  3.6397001e+000
  4.3036241e+000
  4.8446131e+000
  5.2441703e+000
  5.4893223e+000
  5.5730845e+000
  5.4946226e+000
  5.2591167e+000
  4.8773499e+000
  4.3650640e+000
  3.7421339e+000
  3.0316212e+000
  2.2587678e+000
  1.4499860e+000
  6.3189317e-001
 -1.6957112e-001
 -9.2992401e-001
 -1.6268016e+000
 -2.2405056e+000
 -2.7544424e+000
 -3.1554661e+000
 -3.4341392e+000
 -3.5849194e+000
 -3.6062777e+000
 -3.5007442e+000
 -3.2748728e+000
 -2.9391111e+000
 -2.5075586e+000
 -1.9975986e+000
 -1.4293948e+000
 -8.2525005e-001
 -2.0883899e-001
  3.9566512e-001
  9.6453323e-001
  1.4754493e+000
  1.9084527e+000
  2.2468002e+000
  2.4776935e+000
  2.5928286e+000
  2.5887309e+000
  2.4668558e+000
  2.2334530e+000
  1.8992044e+000
  1.4786651e+000
  9.8954580e-001
  4.5188511e-001
 -1.1283808e-001
 -6.8260169e-001
 -1.2357021e+000
 -1.7515442e+000
 -2.2113328e+000
 -2.5986500e+000
 -2.8999132e+000
 -3.1047147e+000
 -3.2060518e+000
 -3.2004567e+000
 -3.0880365e+000
 -2.8724307e+000
 -2.5606903e+000
 -2.1630782e+000
 -1.6927870e+000
 -1.1655707e+000
 -5.9928463e-001
 -1.3335109e-002
  5.7195864e-001
  1.1360756e+000
  1.6590571e+000
  2.1222943e+000
  2.5093026e+000
  2.8064420e+000
  3.0035407e+000
  3.0943816e+000
  3.0770166e+000
  2.9538834e+000
  2.7317112e+000
  2.4212142e+000
  2.0365868e+000
  1.5948272e+000
  1.1149259e+000
  6.1696560e-001
  1.2118315e-001
 -3.5295504e-001
 -7.8761494e-001
 -1.1673505e+000
 -1.4797180e+000
 -1.7157232e+000
 -1.8700880e+000
 -1.9413313e+000
 -1.9316714e+000
 -1.8467644e+000
 -1.6952992e+000
 -1.4884783e+000
 -1.2394105e+000
 -9.6244992e-001
 -6.7251063e-001
 -3.8438656e-001
 -1.1210516e-001
  1.3166165e-001
  3.3610776e-001
  4.9270758e-001
  5.9552228e-001
  6.4138929e-001
  6.2999169e-001
  5.6380832e-001
  4.4795086e-001
  2.8989770e-001
  9.9139160e-002
 -1.1324900e-001
 -3.3508373e-001
 -5.5358380e-001
 -7.5588846e-001
 -9.2956548e-001
 -1.0630899e+000
 -1.1462776e+000
 -1.1706605e+000
 -1.1297938e+000
 -1.0194892e+000
 -8.3796911e-001
 -5.8594309e-001
 -2.6660480e-001
  1.1444580e-001
  5.4935242e-001
  1.0282195e+000
  1.5393907e+000
  2.0697820e+000
  2.6052622e+000
  3.1310700e+000
  3.6322587e+000
  4.0941552e+000
  4.5028187e+000
  4.8454873e+000
  5.1109937e+000
  5.2901386e+000
  5.3760071e+000
  5.3642165e+000
  5.2530871e+000
  5.0437309e+000
  4.7400550e+000
  4.3486814e+000
  3.8787857e+000
  3.3418629e+000
  2.7514247e+000
  2.1226396e+000
  1.4719235e+000
  8.1648946e-001
  1.7386673e-001
 -4.3860187e-001
 -1.0042742e+000
 -1.5077225e+000
 -1.9352340e+000
 -2.2752817e+000
 -2.5189496e+000
 -2.6602903e+000
 -2.6965979e+000
 -2.6285742e+000
 -2.4603722e+000
 -2.1995031e+000
 -1.8566005e+000
 -1.4450420e+000
 -9.8043734e-001
 -4.8000239e-001
  3.8153821e-002
  5.5579453e-001
  1.0553326e+000
  1.5205772e+000
  1.9374085e+000
  2.2943412e+000
  2.5829473e+000
  2.7981147e+000
  2.9381338e+000
  3.0046101e+000
  3.0022177e+000
  2.9383148e+000
  2.8224514e+000
  2.6658031e+000
  2.4805670e+000
  2.2793551e+000
  2.0746147e+000
  1.8781003e+000
  1.7004156e+000
  1.5506352e+000
  1.4360107e+000
  1.3617593e+000
  1.3309318e+000
  1.3443529e+000
  1.4006282e+000
  1.4962141e+000
  1.6255474e+000
  1.7812334e+000
  1.9542947e+000
  2.1344790e+000
  2.3106257e+000
  2.4710872e+000
  2.6041945e+000
  2.6987543e+000
  2.7445579e+000
  2.7328769e+000
  2.6569205e+000
  2.5122257e+000
  2.2969534e+000
  2.0120702e+000
  1.6613994e+000
  1.2515347e+000
  7.9161853e-001
  2.9299811e-001
 -2.3122157e-001
 -7.6669969e-001
 -1.2984254e+000
 -1.8112948e+000
 -2.2906671e+000
 -2.7228746e+000
 -3.0956646e+000
 -3.3985603e+000
 -3.6231369e+000
 -3.7632125e+000
 -3.8149633e+000
 -3.7769731e+000
 -3.6502280e+000
 -3.4380695e+000
 -3.1461108e+000
 -2.7821210e+000
 -2.3558760e+000
 -1.8789686e+000
 -1.3645714e+000
 -8.2714167e-001
 -2.8206181e-001
  2.5478854e-001
  7.6752537e-001
  1.2408077e+000
  1.6604204e+000
  2.0138659e+000
  2.2909320e+000
  2.4841989e+000
  2.5894490e+000
  2.6059454e+000
  2.5365505e+000
  2.3876686e+000
  2.1690037e+000
  1.8931406e+000
  1.5749672e+000
  1.2309695e+000
  8.7843829e-001
  5.3463404e-001
  2.1595867e-001
 -6.2819549e-002
 -2.8924474e-001
 -4.5372169e-001
 -5.4990855e-001
 -5.7494023e-001
 -5.2947935e-001
 -4.1760189e-001
 -2.4653322e-001
 -2.6255974e-002
  2.3098400e-001
  5.1124664e-001
  7.9951415e-001
  1.0803298e+000
  1.3384363e+000
  1.5593937e+000
  1.7301600e+000
  1.8396188e+000
  1.8790416e+000
  1.8424703e+000
  1.7270082e+000
  1.5330085e+000
  1.2641473e+000
  9.2737315e-001
  5.3272703e-001
  9.3029945e-002
 -3.7655658e-001
 -8.5908700e-001
 -1.3364868e+000
 -1.7902802e+000
 -2.2023596e+000
 -2.5557577e+000
 -2.8353864e+000
 -3.0286987e+000
 -3.1262417e+000
 -3.1220662e+000
 -3.0139732e+000
 -2.8035842e+000
 -2.4962332e+000
 -2.1006919e+000
 -1.6287468e+000
 -1.0946572e+000
 -5.1452930e-001
  9.4358089e-002
  7.1423629e-001
  1.3275051e+000
  1.9173363e+000
  2.4681999e+000
  2.9662980e+000
  3.3999005e+000
  3.7595808e+000
  4.0383594e+000
  4.2317641e+000
  4.3378192e+000
  4.3569750e+000
  4.2919886e+000
  4.1477646e+000
  3.9311589e+000
  3.6507501e+000
  3.3165772e+000
  2.9398442e+000
  2.5325916e+000
  2.1073373e+000
  1.6766908e+000
  1.2529526e+000
  8.4770854e-001
  4.7143848e-001
  1.3315592e-001
 -1.5990029e-001
 -4.0250436e-001
 -5.9159609e-001
 -7.2633646e-001
 -8.0806121e-001
 -8.4013401e-001
 -8.2770774e-001
 -7.7740850e-001
 -6.9696197e-001
 -5.9478526e-001
 -4.7956810e-001
 -3.5986698e-001
 -2.4373257e-001
 -1.3838686e-001
 -4.9960928e-002
  1.6700989e-002
  5.8170912e-002
  7.2504016e-002
  5.9250007e-002
  1.9417508e-002
 -4.4600093e-002
 -1.2913016e-001
 -2.2935275e-001
 -3.3945657e-001
 -4.5281896e-001
 -5.6221137e-001
 -6.6003251e-001
 -7.3857024e-001
 -7.9029109e-001
 -8.0815287e-001
 -7.8593157e-001
 -7.1854947e-001
 -6.0238733e-001
 -4.3556095e-001
 -2.1814092e-001
  4.7704517e-002
  3.5766067e-001
  7.0532387e-001
  1.0823706e+000
  1.4788360e+000
  1.8834905e+000
  2.2842977e+000
  2.6689268e+000
  3.0252913e+000
  3.3420817e+000
  3.6092604e+000
  3.8184912e+000
  3.9634777e+000
  4.0401965e+000
  4.0470143e+000
  3.9846896e+000
  3.8562652e+000
  3.6668656e+000
  3.4234173e+000
  3.1343134e+000
  2.8090444e+000
  2.4578162e+000
  2.0911733e+000
  1.7196417e+000
  1.3534023e+000
  1.0020003e+000
  6.7409410e-001
  3.7724362e-001
  1.1773625e-001
 -9.9550446e-002
 -2.7125101e-001
 -3.9557887e-001
 -4.7235605e-001
 -5.0300265e-001
 -4.9048214e-001
 -4.3919842e-001
 -3.5484161e-001
 -2.4418130e-001
 -1.1480925e-001
  2.5163295e-002
  1.6744437e-001
  3.0392307e-001
  4.2703822e-001
  5.3013516e-001
  6.0779099e-001
  6.5608879e-001
  6.7282317e-001
  6.5762270e-001
  6.1197922e-001
  5.3917930e-001
  4.4413921e-001
  3.3315056e-001
  2.1354948e-001
  9.3327296e-002
 -1.9295792e-002
 -1.1630987e-001
 -1.9034244e-001
 -2.3504928e-001
 -2.4544731e-001
 -2.1817141e-001
 -1.5164211e-001
 -4.6136942e-002
  9.6235643e-002
  2.7165472e-001
  4.7478691e-001
  6.9905241e-001
  9.3693818e-001
  1.1803372e+000
  1.4208928e+000
  1.6503281e+000
  1.8607442e+000
  2.0448739e+000
  2.1962844e+000
  2.3095245e+000
  2.3802219e+000
  2.4051343e+000
  2.3821665e+000
  2.3103623e+000
  2.1898848e+000
  2.0219909e+000
  1.8090090e+000
  1.5543189e+000
  1.2623332e+000
  9.3847249e-001
  5.8912466e-001
  2.2157758e-001
 -1.5608671e-001
 -5.3514474e-001
 -9.0643633e-001
 -1.2606208e+000
 -1.5884778e+000
 -1.8812396e+000
 -2.1309364e+000
 -2.3307321e+000
 -2.4752251e+000
 -2.5606912e+000
 -2.5852488e+000
 -2.5489291e+000
 -2.4536475e+000
 -2.3030746e+000
 -2.1024200e+000
 -1.8581446e+000
 -1.5776272e+000
 -1.2688118e+000
 -9.3986446e-001
 -5.9886369e-001
 -2.5354518e-001
  8.8887823e-002
  4.2188471e-001
  7.3960358e-001
  1.0369161e+000
  1.3093795e+000
  1.5531964e+000
  1.7651839e+000
  1.9427674e+000
  2.0840113e+000
  2.1876880e+000
  2.2533795e+000
  2.2815970e+000
  2.2738988e+000
  2.2329793e+000
  2.1627082e+000
  2.0680939e+000
  1.9551603e+000
  1.8307278e+000
  1.7021058e+000
  1.5767122e+000
  1.4616447e+000
  1.3632405e+000
  1.2866581e+000
  1.2355229e+000
  1.2116679e+000
  1.2149952e+000
  1.2434760e+000
  1.2932882e+000
  1.3590835e+000
  1.4343620e+000
  1.5119206e+000
  1.5843407e+000
  1.6444729e+000
  1.6858833e+000
  1.7032281e+000
  1.6925340e+000
  1.6513713e+000
  1.5789173e+000
  1.4759176e+000
  1.3445609e+000
  1.1882898e+000
  1.0115680e+000
  8.1963056e-001
  6.1823358e-001
  4.1341938e-001
  2.1130539e-001
  1.7899193e-002
 -1.6106215e-001
 -3.2025397e-001
 -4.5489335e-001
 -5.6086150e-001
 -6.3482204e-001
 -6.7433423e-001
 -6.7795618e-001
 -6.4532983e-001
 -5.7723680e-001
 -4.7561403e-001
 -3.4351966e-001
 -1.8504296e-001
 -5.1572173e-003
  1.9047971e-001
  3.9576654e-001
  6.0442596e-001
  8.1027916e-001
  1.0075073e+000
  1.1908807e+000
  1.3559406e+000
  1.4991216e+000
  1.6178135e+000
  1.7103618e+000
  1.7760183e+000
  1.8148549e+000
  1.8276540e+000
  1.8157955e+000
  1.7811500e+000
  1.7259914e+000
  1.6529299e+000
  1.5648669e+000
  1.4649627e+000
  1.3566074e+000
  1.2433829e+000
  1.1290044e+000
  1.0172324e+000
  9.1175198e-001
  8.1602198e-001
  7.3310315e-001
  6.6547959e-001
  6.1489238e-001
  5.8220562e-001
  5.6732381e-001
  5.6917536e-001
  5.8577072e-001
  6.1433554e-001
  6.5151043e-001
  6.9360110e-001
  7.3685599e-001
  7.7774513e-001
  8.1321294e-001
  8.4088090e-001
  8.5918140e-001
  8.6741256e-001
  8.6571296e-001
  8.5496458e-001
  8.3664057e-001
  8.1262021e-001
  7.8499606e-001
  7.5589777e-001
  7.2735275e-001
  7.0119706e-001
  6.7904156e-001
  6.6228881e-001
  6.5218825e-001
  6.4991053e-001
  6.5661888e-001
  6.7351500e-001
  7.0184129e-001
  7.4282742e-001
  7.9757862e-001
  8.6691282e-001
  9.5116340e-001
  1.0499717e+000
  1.1620989e+000
  1.2852861e+000
  1.4161916e+000
  1.5504229e+000
  1.6826754e+000
  1.8069756e+000
  1.9170138e+000
  2.0065422e+000
  2.0698047e+000
  2.1019578e+000
  2.0994453e+000
  2.0602887e+000
  1.9842667e+000
  1.8729650e+000
  1.7296934e+000
  1.5592767e+000
  1.3677419e+000
  1.1619295e+000
  9.4906679e-001
  7.3633977e-001
  5.3049996e-001
  3.3753562e-001
  1.6242891e-001
  9.0094400e-003
 -1.2009550e-001
 -2.2342392e-001
 -3.0057279e-001
 -3.5204500e-001
 -3.7907384e-001
 -3.8344822e-001
 -3.6735741e-001
 -3.3326833e-001
 -2.8384145e-001
 -2.2188399e-001
 -1.5033349e-001
 -7.2259928e-002
  9.1273413e-003
  9.0481822e-002
  1.6834307e-001
  2.3918891e-001
  2.9951988e-001
  3.4597415e-001
  3.7546628e-001
  3.8533968e-001
  3.7351994e-001
  3.3865604e-001
  2.8023652e-001
  1.9867058e-001
  9.5326425e-002
 -2.7476868e-002
 -1.6652431e-001
 -3.1780402e-001
 -4.7664500e-001
 -6.3788647e-001
 -7.9607091e-001
 -9.4565221e-001
 -1.0812106e+000
 -1.1976667e+000
 -1.2904863e+000
 -1.3558692e+000
 -1.3909144e+000
 -1.3937553e+000
 -1.3636566e+000
 -1.3010687e+000
 -1.2076329e+000
 -1.0861352e+000
 -9.4040635e-001
 -7.7517194e-001
 -5.9585602e-001
 -4.0834807e-001
 -2.1874439e-001
 -3.3078293e-002
  1.4294590e-001
  3.0419945e-001
  4.4634249e-001
  5.6599248e-001
  6.6083996e-001
  7.2970786e-001
  7.7255498e-001
  7.9042821e-001
  7.8537109e-001
  7.6029846e-001
  7.1884759e-001
  6.6521557e-001
  6.0399109e-001
  5.3998670e-001
  4.7807465e-001
  4.2302762e-001
  3.7936376e-001
  3.5119507e-001
  3.4207868e-001
  3.5487206e-001
  3.9159588e-001
  4.5331054e-001
  5.4001524e-001
  6.5058002e-001
  7.8272158e-001
  9.3303313e-001
  1.0970752e+000
  1.2695306e+000
  1.4444215e+000
  1.6153799e+000
  1.7759586e+000
  1.9199625e+000
  2.0417796e+000
  2.1366873e+000
  2.2011119e+000
  2.2328218e+000
  2.2310407e+000
  2.1964726e+000
  2.1312398e+000
  2.0387386e+000
  1.9234289e+000
  1.7905736e+000
  1.6459490e+000
  1.4955489e+000
  1.3453004e+000
  1.2008098e+000
  1.0671484e+000
  9.4868808e-001
  8.4898546e-001
  7.7071481e-001
  7.1564301e-001
  6.8463995e-001
  6.7771666e-001
  6.9408467e-001
  7.3223132e-001
  7.9000776e-001
  8.6472776e-001
  9.5327691e-001
  1.0522314e+000
  1.1579852e+000
  1.2668832e+000
  1.3753558e+000
  1.4800478e+000
  1.5779354e+000
  1.6664218e+000
  1.7434056e+000
  1.8073148e+000
  1.8571063e+000
  1.8922314e+000
  1.9125730e+000
  1.9183642e+000
  1.9101003e+000
  1.8884563e+000
  1.8542221e+000
  1.8082642e+000
  1.7515190e+000
  1.6850162e+000
  1.6099267e+000
  1.5276222e+000
  1.4397324e+000
  1.3481829e+000
  1.2551973e+000
  1.1632534e+000
  1.0749854e+000
  9.9303606e-001
  9.1986736e-001
  8.5754744e-001
  8.0753779e-001
  7.7050699e-001
  7.4619748e-001
  7.3336800e-001
  7.2982714e-001
  7.3256333e-001
  7.3796555e-001
  7.4211735e-001
  7.4113692e-001
  7.3152895e-001
  7.1051048e-001
  6.7627481e-001
  6.2816288e-001
  5.6672195e-001
  4.9364383e-001
  4.1158905e-001
  3.2391690e-001
  2.3435280e-001
  1.4663176e-001
  6.4159778e-002
 -1.0267615e-002
 -7.4657746e-002
 -1.2790401e-001
 -1.6975380e-001
 -2.0067021e-001
 -2.2161049e-001
 -2.3375494e-001
 -2.3822662e-001
 -2.3584293e-001
 -2.2693596e-001
 -2.1126860e-001
 -1.8806061e-001
 -1.5612293e-001
 -1.1408387e-001
 -6.0677000e-002
  4.9482302e-003
  8.2936844e-002
  1.7250134e-001
  2.7179216e-001
  3.7788833e-001
  4.8691610e-001
  5.9428701e-001
  6.9503159e-001
  7.8419238e-001
  8.5723246e-001
  9.1041309e-001
  9.4109816e-001
  9.4795180e-001
  9.3100916e-001
  8.9161557e-001
  8.3224549e-001
  7.5622679e-001
  6.6740630e-001
  5.6979866e-001
  4.6725989e-001
  3.6322241e-001
  2.6051753e-001
  1.6129861e-001
  6.7063481e-002
 -2.1239339e-002
 -1.0304689e-001
 -1.7799403e-001
 -2.4573722e-001
 -3.0582193e-001
 -3.5761792e-001
 -4.0033514e-001
 -4.3311952e-001
 -4.5521469e-001
 -4.6616458e-001
 -4.6602364e-001
 -4.5553917e-001
 -4.3627181e-001
 -4.1062766e-001
 -3.8178656e-001
 -3.5352456e-001
 -3.2994268e-001
 -3.1512718e-001
 -3.1277623e-001
 -3.2583370e-001
 -3.5617103e-001
 -4.0435361e-001
 -4.6951911e-001
 -5.4938238e-001
 -6.4036797e-001
 -7.3785665e-001
 -8.3652101e-001
 -9.3071568e-001
 -1.0148840e+000
 -1.0839425e+000
 -1.1336103e+000
 -1.1606576e+000
 -1.1630588e+000
 -1.1400480e+000
 -1.0920832e+000
 -1.0207363e+000
 -9.2853059e-001
 -8.1874826e-001
 -6.9523137e-001
 -5.6219227e-001
 -4.2404508e-001
 -2.8526151e-001
 -1.5024819e-001
 -2.3237668e-002
  9.1817091e-002
  1.9135417e-001
  2.7232643e-001
  3.3233817e-001
  3.6978893e-001
  3.8401222e-001
  3.7539152e-001
  3.4543367e-001
  2.9677982e-001
  2.3313801e-001
  1.5912869e-001
  8.0043484e-002
  1.5282851e-003
 -7.0788041e-002
 -1.3168938e-001
 -1.7675700e-001
 -2.0270596e-001
 -2.0763868e-001
 -1.9118842e-001
 -1.5453557e-001
 -1.0029295e-001
 -3.2269825e-002
  4.4862651e-002
  1.2597138e-001
  2.0588680e-001
  2.7981184e-001
  3.4367522e-001
  3.9439676e-001
  4.3004358e-001
  4.4986872e-001
  4.5423712e-001
  4.4445661e-001
  4.2254093e-001
  3.9093794e-001
  3.5225782e-001
  3.0903300e-001
  2.6353516e-001
  2.1766476e-001
  1.7291770e-001
  1.3042266e-001
  9.1033306e-002
  5.5452603e-002
  2.4363684e-002
 -1.4579463e-003
 -2.1071540e-002
 -3.3351178e-002
 -3.7023471e-002
 -3.0758185e-002
 -1.3298718e-002
  1.6387003e-002
  5.8957958e-002
  1.1457649e-001
  1.8282907e-001
  2.6270456e-001
  3.5263492e-001
  4.5059484e-001
  5.5424820e-001
  6.6112313e-001
  7.6879342e-001
  8.7504305e-001
  9.7799365e-001
  1.0761794e+000
  1.1685617e+000
  1.2544841e+000
  1.3335770e+000
  1.4056273e+000
  1.4704341e+000
  1.5276736e+000
  1.5767940e+000
  1.6169580e+000
  1.6470433e+000
  1.6657048e+000
  1.6714914e+000
  1.6630053e+000
  1.6390836e+000
  1.5989804e+000
  1.5425245e+000
  1.4702337e+000
  1.3833680e+000
  1.2839140e+000
  1.1744985e+000
  1.0582402e+000
  9.3855063e-001
  8.1890767e-001
  7.0262083e-001
  5.9261307e-001
  4.9123893e-001
  4.0015521e-001
  3.2025428e-001
  2.5166338e-001
  1.9380637e-001
  1.4551866e-001
  1.0520149e-001
  7.0999103e-002
  4.0981624e-002
  1.3317650e-002
 -1.3576713e-002
 -4.0922009e-002
 -6.9498171e-002
 -9.9607137e-002
 -1.3107307e-001
 -1.6327519e-001
 -1.9520672e-001
 -2.2555253e-001
 -2.5277875e-001
 -2.7522822e-001
 -2.9121689e-001
 -2.9912758e-001
 -2.9749845e-001
 -2.8510394e-001
 -2.6102636e-001
 -2.2471592e-001
 -1.7603673e-001
 -1.1529597e-001
 -4.3253428e-002
  3.8890802e-002
  1.2953204e-001
  2.2671980e-001
  3.2823759e-001
  4.3169951e-001
  5.3465738e-001
  6.3471063e-001
  7.2961028e-001
  8.1734836e-001
  8.9622531e-001
  9.6488991e-001
  1.0223490e+000
  1.0679477e+000
  1.1013242e+000
  1.1223458e+000
  1.1310364e+000
  1.1275039e+000
  1.1118803e+000
  1.0842809e+000
  1.0447905e+000
  9.9347804e-001
  9.3043882e-001
  8.5585951e-001
  7.7009634e-001
  6.7375625e-001
  5.6776847e-001
  4.5343508e-001
  3.3245072e-001
  2.0688487e-001
  7.9124344e-002
 -4.8221905e-002
 -1.7244900e-001
 -2.9090289e-001
 -4.0113440e-001
 -5.0104604e-001
 -5.8901725e-001
 -6.6399578e-001
 -7.2554595e-001
 -7.7384902e-001
 -8.0965556e-001
 -8.3419439e-001
 -8.4904712e-001
 -8.5600026e-001
 -8.5688889e-001
 -8.5344601e-001
 -8.4717083e-001
 -8.3922626e-001
 -8.3037287e-001
 -8.2094208e-001
 -8.1084761e-001
 -7.9963027e-001
 -7.8652865e-001
 -7.7056619e-001
 -7.5064515e-001
 -7.2563852e-001
 -6.9447290e-001
 -6.5619785e-001
 -6.1004038e-001
 -5.5544552e-001
 -4.9210650e-001
 -4.1998907e-001
 -3.3935466e-001
 -2.5078615e-001
 -1.5521804e-001
 -5.3969986e-002
  5.1220018e-002
  1.5816968e-001
  2.6424221e-001
  3.6636153e-001
  4.6106204e-001
  5.4457987e-001
  6.1298913e-001
  6.6238175e-001
  6.8908424e-001
  6.8989896e-001
  6.6235281e-001
  6.0493237e-001
  5.1728300e-001
  4.0034991e-001
  2.5644213e-001
  8.9205867e-002
 -9.6499238e-002
 -2.9481850e-001
 -4.9920409e-001
 -7.0278057e-001
 -8.9874714e-001
 -1.0807850e+000
 -1.2434367e+000
 -1.3824243e+000
 -1.4948812e+000
 -1.5794751e+000
 -1.6364142e+000
 -1.6673362e+000
 -1.6750920e+000
 -1.6634455e+000
 -1.6367181e+000
 -1.5994125e+000
 -1.5558490e+000
 -1.5098479e+000
 -1.4644838e+000
 -1.4219296e+000
 -1.3833987e+000
 -1.3491823e+000
 -1.3187693e+000
 -1.2910287e+000
 -1.2644283e+000
 -1.2372623e+000
 -1.2078606e+000
 -1.1747589e+000
 -1.1368131e+000
 -1.0932529e+000
 -1.0436753e+000
 -9.8798856e-001
 -9.2632279e-001
 -8.5892698e-001
 -7.8607242e-001
 -7.0798071e-001
 -6.2478910e-001
 -5.3655935e-001
 -4.4332853e-001
 -3.4519300e-001
 -2.4241083e-001
 -1.3550421e-001
 -2.5342623e-002
  8.6810517e-002
  1.9930002e-001
  3.1013544e-001
  4.1709947e-001
  5.1789774e-001
  6.1033291e-001
  6.9248114e-001
  7.6284775e-001
  8.2048003e-001
  8.6502043e-001
  8.9669047e-001
  9.1620482e-001
  9.2462469e-001
  9.2316835e-001
  9.1300332e-001
  8.9504849e-001
  8.6981468e-001
  8.3730804e-001
  7.9701417e-001
  7.4797044e-001
  6.8892328e-001
  6.1855586e-001
  5.3576144e-001
  4.3993107e-001
  3.3122012e-001
  2.1075937e-001
  8.0780832e-002
 -5.5362642e-002
 -1.9329400e-001
 -3.2782185e-001
 -4.5324827e-001
 -5.6374788e-001
 -6.5378384e-001
 -7.1852156e-001
 -7.5420111e-001
 -7.5843353e-001
 -7.3039386e-001
 -6.7089442e-001
 -5.8233400e-001
 -4.6853028e-001
 -3.3445417e-001
 -1.8589236e-001
 -2.9070009e-002
  1.2973335e-001
  2.8454382e-001
  4.3000293e-001
  5.6160895e-001
  6.7587928e-001
  7.7043250e-001
  8.4399578e-001
  8.9634920e-001
  9.2822197e-001
  9.4115658e-001
  9.3735584e-001
  9.1952489e-001
  8.9071684e-001
  8.5418645e-001
  8.1325322e-001
  7.7117273e-001
  7.3101431e-001
  6.9554367e-001
  6.6711085e-001
  6.4754613e-001
  6.3806950e-001
  6.3922090e-001
  6.5081997e-001
  6.7196315e-001
  7.0106451e-001
  7.3594281e-001
  7.7395314e-001
  8.1215646e-001
  8.4751558e-001
  8.7710236e-001
  8.9829876e-001
  9.0897395e-001
  9.0762145e-001
  8.9344408e-001
  8.6637970e-001
  8.2706692e-001
  7.7675602e-001
  7.1717621e-001
  6.5037427e-001
  5.7854218e-001
  5.0385131e-001
  4.2830886e-001
  3.5364874e-001
  2.8126379e-001
  2.1218101e-001
  1.4707626e-001
  8.6320446e-002
  3.0046697e-002
 -2.1773410e-002
 -6.9255410e-002
 -1.1253815e-001
 -1.5173598e-001
 -1.8690871e-001
 -2.1804734e-001
 -2.4507108e-001
 -2.6782945e-001
 -2.8610348e-001
 -2.9960134e-001
 -3.0794619e-001
 -3.1065747e-001
 -3.0712988e-001
 -2.9661691e-001
 -2.7822727e-001
 -2.5094243e-001
 -2.1366141e-001
 -1.6527597e-001
 -1.0477471e-001
 -3.1369493e-002
  5.5366716e-002
  1.5536541e-001
  2.6794810e-001
  3.9174835e-001
  5.2468419e-001
  6.6399029e-001
  8.0631298e-001
  9.4786415e-001
  1.0846229e+000
  1.2125676e+000
  1.3279172e+000
  1.4273580e+000
  1.5082329e+000
  1.5686758e+000
  1.6076765e+000
  1.6250715e+000
  1.6214640e+000
  1.5980833e+000
  1.5566016e+000
  1.4989301e+000
  1.4270173e+000
  1.3426731e+000
  1.2474360e+000
  1.1424976e+000
  1.0286876e+000
  9.0651833e-001
  7.7627907e-001
  6.3816385e-001
  4.9241560e-001
  3.3946601e-001
  1.8005377e-001
  1.5306618e-002
 -1.5322160e-001
 -3.2356184e-001
 -4.9338592e-001
 -6.6009946e-001
 -8.2096057e-001
 -9.7321085e-001
 -1.1142058e+000
 -1.2415336e+000
 -1.3531146e+000
 -1.4472764e+000
 -1.5228049e+000
 -1.5789727e+000
 -1.6155489e+000
 -1.6327954e+000
 -1.6314524e+000
 -1.6127154e+000
 -1.5782030e+000
 -1.5299140e+000
 -1.4701680e+000
 -1.4015278e+000
 -1.3266980e+000
 -1.2484015e+000
 -1.1692360e+000
 -1.0915190e+000
 -1.0171318e+000
 -9.4737860e-001
 -8.8287661e-001
 -8.2349428e-001
 -7.6834974e-001
 -7.1587885e-001
 -6.6397365e-001
 -6.1018495e-001
 -5.5197457e-001
 -4.8699559e-001
 -4.1337451e-001
 -3.2996660e-001
 -2.3655729e-001
 -1.3398645e-001
 -2.4180354e-002
  8.9914936e-002
  2.0449438e-001
  3.1513437e-001
  4.1708977e-001
  5.0561866e-001
  5.7630352e-001
  6.2533882e-001
  6.4976000e-001
  6.4759662e-001
  6.1794202e-001
  5.6094223e-001
  4.7771592e-001
  3.7022477e-001
  2.4111751e-001
  9.3571512e-002
 -6.8847063e-002
 -2.4228982e-001
 -4.2269292e-001
 -6.0580653e-001
 -7.8719802e-001
 -9.6224640e-001
 -1.1261491e+000
 -1.2739622e+000
 -1.4006907e+000
 -1.5014391e+000
 -1.5716220e+000
 -1.6072249e+000
 -1.6050935e+000
 -1.5632237e+000
 -1.4810185e+000
 -1.3594778e+000
 -1.2012923e+000
 -1.0108181e+000
 -7.9392484e-001
 -5.5771900e-001
 -3.1016203e-001
 -5.9612681e-002
  1.8566640e-001
  4.1799344e-001
  6.3069943e-001
  8.1846814e-001
  9.7755553e-001
  1.1058730e+000
  1.2029337e+000
  1.2696769e+000
  1.3081965e+000
  1.3214118e+000
  1.3127196e+000
  1.2856699e+000
  1.2436988e+000
  1.1899440e+000
  1.1271548e+000
  1.0576960e+000
  9.8362976e-001
  9.0685198e-001
  8.2925006e-001
  7.5284876e-001
  6.7991234e-001
  6.1297884e-001
  5.5481219e-001
  5.0827051e-001
  4.7610112e-001
  4.6068389e-001
  4.6375274e-001
  4.8612945e-001
  5.2750339e-001
  5.8628708e-001
  6.5956868e-001
  7.4317261e-001
  8.3182758e-001
  9.1943013e-001
  9.9938233e-001
  1.0649757e+000
  1.1097903e+000
  1.1280775e+000
  1.1151009e+000
  1.0674125e+000
  9.8305278e-001
  8.6166780e-001
  7.0454623e-001
  5.1458301e-001
  2.9618049e-001
  5.5098614e-002
 -2.0173515e-001
 -4.6644794e-001
 -7.3047043e-001
 -9.8480993e-001
 -1.2203468e+000
 -1.4281530e+000
 -1.5998297e+000
 -1.7278581e+000
 -1.8059505e+000
 -1.8293875e+000
 -1.7953180e+000
 -1.7029999e+000
 -1.5539572e+000
 -1.3520303e+000
 -1.1033062e+000
 -8.1591827e-001
 -4.9972029e-001
 -1.6584684e-001
  1.7381444e-001
  5.0720618e-001
  8.2270072e-001
  1.1096745e+000
  1.3590175e+000
  1.5635446e+000
  1.7182837e+000
  1.8206268e+000
  1.8703443e+000
  1.8694705e+000
  1.8220823e+000
  1.7339959e+000
  1.6124115e+000
  1.4655351e+000
  1.3022011e+000
  1.1315151e+000
  9.6252638e-001
  8.0393441e-001
  6.6382496e-001
  5.4942976e-001
  4.6690149e-001
  4.2109858e-001
  4.1537901e-001
  4.5140876e-001
  5.2899775e-001
  6.4598196e-001
  7.9817444e-001
  9.7940834e-001
  1.1816916e+000
  1.3954860e+000
  1.6101115e+000
  1.8142656e+000
  1.9966315e+000
  2.1465379e+000
  2.2546236e+000
  2.3134524e+000
  2.3180266e+000
  2.2661518e+000
  2.1586164e+000
  1.9991658e+000
  1.7942697e+000
  1.5527000e+000
  1.2849532e+000
  1.0025700e+000
  7.1740787e-001
  4.4093024e-001
  1.8357087e-001
 -4.5779109e-002
 -2.4012670e-001
 -3.9455948e-001
 -5.0625750e-001
 -5.7435517e-001
 -5.9968758e-001
 -5.8446519e-001
 -5.3192395e-001
 -4.4599558e-001
 -3.3103407e-001
 -1.9162220e-001
 -3.2467085e-002
  1.4162182e-001
  3.2569193e-001
  5.1457389e-001
  7.0281008e-001
  8.8461982e-001
  1.0539303e+000
  1.2044918e+000
  1.3300834e+000
  1.4247993e+000
  1.4833939e+000
  1.5016521e+000
  1.4767442e+000
  1.4075232e+000
  1.2947266e+000
  1.1410533e+000
  9.5109805e-001
  7.3114211e-001
  4.8881320e-001
  2.3264252e-001
 -2.8443068e-002
 -2.8564897e-001
 -5.3081503e-001
 -7.5684984e-001
 -9.5806369e-001
 -1.1303784e+000
 -1.2714061e+000
 -1.3804028e+000
 -1.4581151e+000
 -1.5065461e+000
 -1.5286753e+000
 -1.5281639e+000
 -1.5090762e+000
 -1.4756411e+000
 -1.4320667e+000
 -1.3824124e+000
 -1.3305122e+000
 -1.2799371e+000
 -1.2339763e+000
 -1.1956195e+000
 -1.1675214e+000
 -1.1519380e+000
 -1.1506282e+000
 -1.1647267e+000
 -1.1945993e+000
 -1.2396999e+000
 -1.2984529e+000
 -1.3681841e+000
 -1.4451220e+000
 -1.5244840e+000
 -1.6006551e+000
 -1.6674542e+000
 -1.7184755e+000
 -1.7474817e+000
 -1.7488173e+000
 -1.7178101e+000
 -1.6511250e+000
 -1.5470389e+000
 -1.4056132e+000
 -1.2287473e+000
 -1.0201099e+000
 -7.8495375e-001
 -5.2983002e-001
 -2.6222748e-001
  9.8342239e-003
  2.7822534e-001
  5.3511006e-001
  7.7330722e-001
  9.8658743e-001
  1.1698936e+000
  1.3194806e+000
  1.4329758e+000
  1.5093704e+000
  1.5489533e+000
  1.5532033e+000
  1.5246529e+000
  1.4667379e+000
  1.3836411e+000
  1.2801360e+000
  1.1614325e+000
  1.0330226e+000
  9.0052431e-001
  7.6952016e-001
  6.4538751e-001
  5.3312200e-001
  4.3715728e-001
  3.6118789e-001
  3.0800568e-001
  2.7936166e-001
  2.7586650e-001
  2.9694143e-001
  3.4082911e-001
  4.0466978e-001
  4.8464257e-001
  5.7616656e-001
  6.7415020e-001
  7.7327306e-001
  8.6828044e-001
  9.5426961e-001
  1.0269470e+000
  1.0828381e+000
  1.1194354e+000
  1.1352775e+000
  1.1299548e+000
  1.1040484e+000
  1.0590109e+000
  9.9700494e-001
  9.2071567e-001
  8.3315735e-001
  7.3749023e-001
  6.3686291e-001
  5.3428994e-001
  4.3256966e-001
  3.3424134e-001
  2.4157579e-001
  1.5658945e-001
  8.1069487e-002
  1.6596406e-002
 -3.5447723e-002
 -7.3894723e-002
 -9.7834245e-002
 -1.0668580e-001
 -1.0029304e-001
 -7.9029623e-002
 -4.3901870e-002
  3.3683599e-003
  6.0297646e-002
  1.2364671e-001
  1.8948874e-001
  2.5334564e-001
  3.1039037e-001
  3.5570683e-001
  3.8459135e-001
  3.9287452e-001
  3.7723812e-001
  3.3550029e-001
  2.6684322e-001
  1.7196118e-001
  5.3112625e-002
 -8.5932130e-002
 -2.4004775e-001
 -4.0300613e-001
 -5.6780694e-001
 -7.2706296e-001
 -8.7341166e-001
 -9.9992345e-001
 -1.1004773e+000
 -1.1700782e+000
 -1.2050976e+000
 -1.2034232e+000
 -1.1645156e+000
 -1.0893741e+000
 -9.8042424e-001
 -8.4134188e-001
 -6.7683450e-001
 -4.9239958e-001
 -2.9407912e-001
 -8.8225902e-002
  1.1870799e-001
  3.2035511e-001
  5.1058936e-001
  6.8366010e-001
  8.3431131e-001
  9.5789443e-001
  1.0504827e+000
  1.1089915e+000
  1.1313058e+000
  1.1164091e+000
  1.0645055e+000
  9.7711914e-001
  8.5715668e-001
  7.0891340e-001
  5.3800935e-001
  3.5124392e-001
  1.5636493e-001
 -3.8244021e-002
 -2.2394569e-001
 -3.9227977e-001
 -5.3541452e-001
 -6.4658686e-001
 -7.2049713e-001
 -7.5362585e-001
 -7.4444527e-001
 -6.9350604e-001
 -6.0338972e-001
 -4.7852913e-001
 -3.2491017e-001
 -1.4967910e-001
  3.9312773e-002
  2.3398956e-001
  4.2651786e-001
  6.0972395e-001
  7.7743069e-001
  9.2469215e-001
  1.0479149e+000
  1.1448662e+000
  1.2145800e+000
  1.2571819e+000
  1.2736586e+000
  1.2656051e+000
  1.2349766e+000
  1.1838753e+000
  1.1143900e+000
  1.0285018e+000
  9.2805734e-001
  8.1480364e-001
  6.9046827e-001
  5.5686497e-001
  4.1600025e-001
  2.7015795e-001
  1.2194123e-001
 -2.5741756e-002
 -1.6975481e-001
 -3.0687035e-001
 -4.3395460e-001
 -5.4818251e-001
 -6.4725863e-001
 -7.2961812e-001
 -7.9458245e-001
 -8.4244895e-001
 -8.7449968e-001
 -8.9292359e-001
 -9.0065557e-001
 -9.0114502e-001
 -8.9807465e-001
 -8.9505584e-001
 -8.9532997e-001
 -9.0150439e-001
 -9.1534867e-001
 -9.3766997e-001
 -9.6827829e-001
 -1.0060428e+000
 -1.0490307e+000
 -1.0947122e+000
 -1.1402083e+000
 -1.1825536e+000
 -1.2189481e+000
 -1.2469717e+000
 -1.2647419e+000
 -1.2710027e+000
 -1.2651405e+000
 -1.2471328e+000
 -1.2174413e+000
 -1.1768704e+000
 -1.1264117e+000
 -1.0670994e+000
 -9.9989594e-001
 -9.2562420e-001
 -8.4495515e-001
 -7.5845044e-001
 -6.6665258e-001
 -5.7020725e-001
 -4.6999693e-001
 -3.6726247e-001
 -2.6368928e-001
 -1.6143844e-001
 -6.3108935e-002
  2.8374603e-002
  1.0994464e-001
  1.7863098e-001
  2.3183702e-001
  2.6762441e-001
  2.8497523e-001
  2.8400120e-001
  2.6607253e-001
  2.3384635e-001
  1.9118372e-001
  1.4295487e-001
  9.4744041e-002
  5.2475187e-002
  2.1988598e-002
  8.6039972e-003
  1.6707717e-002
  4.9400002e-002
  1.0823325e-001
  1.9306379e-001
  3.0202949e-001
  4.3165405e-001
  5.7706749e-001
  7.3232246e-001
  8.9077822e-001
  1.0455193e+000
  1.1897744e+000
  1.3173040e+000
  1.4227277e+000
  1.5017730e+000
  1.5514337e+000
  1.5700350e+000
  1.5572133e+000
  1.5138230e+000
  1.4417901e+000
  1.3439320e+000
  1.2237660e+000
  1.0853234e+000
  9.3298294e-001
  7.7133196e-001
  6.0505690e-001
  4.3885958e-001
  2.7739141e-001
  1.2519493e-001
 -1.3358720e-002
 -1.3414603e-001
 -2.3338799e-001
 -3.0776981e-001
 -3.5458078e-001
 -3.7186630e-001
 -3.5857996e-001
 -3.1472040e-001
 -2.4143644e-001
 -1.4108463e-001
 -1.7226207e-002
  1.2544541e-001
  2.8124972e-001
  4.4373360e-001
  6.0594556e-001
  7.6075467e-001
  9.0119430e-001
  1.0208082e+000
  1.1139753e+000
  1.1761912e+000
  1.2042870e+000
  1.1965703e+000
  1.1528807e+000
  1.0745561e+000
  9.6431538e-001
  8.2606610e-001
  6.6465418e-001
  4.8557310e-001
  2.9465470e-001
  9.7762578e-002
 -9.9491320e-002
 -2.9198982e-001
 -4.7529967e-001
 -6.4579844e-001
 -8.0073585e-001
 -9.3823202e-001
 -1.0572196e+000
 -1.1573417e+000
 -1.2388187e+000
 -1.3023026e+000
 -1.3487316e+000
 -1.3792037e+000
 -1.3948774e+000
 -1.3969121e+000
 -1.3864477e+000
 -1.3646246e+000
 -1.3326366e+000
 -1.2918056e+000
 -1.2436647e+000
 -1.1900328e+000
 -1.1330657e+000
 -1.0752679e+000
 -1.0194563e+000
 -9.6866874e-001
 -9.2601753e-001
 -8.9449670e-001
 -8.7675454e-001
 -8.7485131e-001
 -8.9002451e-001
 -9.2248610e-001
 -9.7127547e-001
 -1.0341885e+000
 -1.1077975e+000
 -1.1875690e+000
 -1.2680783e+000
 -1.3433087e+000
 -1.4070175e+000
 -1.4531404e+000
 -1.4762040e+000
 -1.4717126e+000
 -1.4364769e+000
 -1.3688573e+000
 -1.2689010e+000
 -1.1383628e+000
 -9.8060705e-001
 -8.0040365e-001
 -6.0363458e-001
 -3.9694015e-001
 -1.8733545e-001
  1.8170119e-002
  2.1291950e-001
  3.9089571e-001
  5.4693335e-001
  6.7684570e-001
  7.7746944e-001
  8.4663773e-001
  8.8309985e-001
  8.8641016e-001
  8.5681038e-001
  7.9512751e-001
  7.0270447e-001
  5.8137359e-001
  4.3347376e-001
  2.6190394e-001
  7.0196971e-002
 -1.3740775e-001
 -3.5591719e-001
 -5.7958738e-001
 -8.0199575e-001
 -1.0161960e+000
 -1.2149587e+000
 -1.3910904e+000
 -1.5378123e+000
 -1.6491716e+000
 -1.7204491e+000
 -1.7485274e+000
 -1.7321794e+000
 -1.6722469e+000
 -1.5716835e+000
 -1.4354500e+000
 -1.2702644e+000
 -1.0842193e+000
 -8.8629622e-001
 -6.8581279e-001
 -4.9184940e-001
 -3.1269992e-001
 -1.5539218e-001
 -2.5315251e-002
  7.4019109e-002
  1.4106657e-001
  1.7619188e-001
  1.8147577e-001
  1.6041287e-001
  1.1753537e-001
  5.8002502e-002
 -1.2803831e-002
 -8.9640004e-002
 -1.6768879e-001
 -2.4275527e-001
 -3.1136327e-001
 -3.7075710e-001
 -4.1882458e-001
 -4.5396575e-001
 -4.7493733e-001
 -4.8070401e-001
 -4.7032535e-001
 -4.4290099e-001
 -3.9758748e-001
 -3.3368991e-001
 -2.5081976e-001
 -1.4910063e-001
 -2.9394880e-002
  1.0648039e-001
  2.5558146e-001
  4.1374062e-001
  5.7556800e-001
  7.3456752e-001
  8.8337106e-001
  1.0140823e+000
  1.1187107e+000
  1.1896646e+000
  1.2202672e+000
  1.2052536e+000
  1.1412080e+000
  1.0269036e+000
  8.6351613e-001
  6.5469137e-001
  4.0645858e-001
  1.2699485e-001
 -1.7374335e-001
 -4.8449520e-001
 -7.9324359e-001
 -1.0877983e+000
 -1.3563762e+000
 -1.5881420e+000
 -1.7736794e+000
 -1.9053698e+000
 -1.9776633e+000
 -1.9872375e+000
 -1.9330466e+000
 -1.8162713e+000
 -1.6401845e+000
 -1.4099504e+000
 -1.1323773e+000
 -8.1563901e-001
 -4.6898272e-001
 -1.0243164e-001
  2.7350905e-001
  6.4814000e-001
  1.0108486e+000
  1.3513835e+000
  1.6601237e+000
  1.9283417e+000
  2.1484584e+000
  2.3142832e+000
  2.4212314e+000
  2.4665084e+000
  2.4492457e+000
  2.3705789e+000
  2.2336536e+000
  2.0435512e+000
  1.8071314e+000
  1.5327898e+000
  1.2301404e+000
  9.0963338e-001
  5.8212641e-001
  2.5843266e-001
 -5.1131528e-002
 -3.3717345e-001
 -5.9160152e-001
 -8.0793276e-001
 -9.8151393e-001
 -1.1096458e+000
 -1.1916063e+000
 -1.2285752e+000
 -1.2234680e+000
 -1.1806930e+000
 -1.1058488e+000
 -1.0053830e+000
 -8.8623234e-001
 -7.5546567e-001
 -6.1994931e-001
 -4.8605078e-001
 -3.5939424e-001
 -2.4467639e-001
 -1.4554765e-001
 -6.4559004e-002
 -3.1709362e-003
  3.8182379e-002
  5.9983555e-002
  6.3488994e-002
  5.0565530e-002
  2.3520142e-002
 -1.5064448e-002
 -6.2477033e-002
 -1.1599912e-001
 -1.7299426e-001
 -2.3096326e-001
 -2.8756678e-001
 -3.4062068e-001
 -3.8807251e-001
 -4.2797018e-001
 -4.5843516e-001
 -4.7765219e-001
 -4.8388654e-001
 -4.7553599e-001
 -4.5122114e-001
 -4.0991177e-001
 -3.5108171e-001
 -2.7487887e-001
 -1.8229276e-001
 -7.5298289e-002
  4.3045887e-002
  1.6856555e-001
  2.9602236e-001
  4.1925955e-001
  5.3144450e-001
  6.2540190e-001
  6.9402133e-001
  7.3071438e-001
  7.2988914e-001
  6.8740518e-001
  6.0097053e-001
  4.7044464e-001
  2.9801635e-001
  8.8235393e-002
 -1.5211338e-001
 -4.1429068e-001
 -6.8802337e-001
 -9.6203791e-001
 -1.2246700e+000
 -1.4645075e+000
 -1.6710205e+000
 -1.8351348e+000
 -1.9497094e+000
 -2.0098886e+000
 -2.0133093e+000
 -1.9601561e+000
 -1.8530724e+000
 -1.6969411e+000
 -1.4985630e+000
 -1.2662622e+000
 -1.0094531e+000
 -7.3819887e-001
 -4.6279091e-001
 -1.9336807e-001
  6.0410756e-002
  2.8963652e-001
  4.8636514e-001
  6.4378613e-001
  7.5635589e-001
  8.1990739e-001
  8.3174564e-001
  7.9073393e-001
  6.9737036e-001
  5.5384823e-001
  3.6408825e-001
  1.3372731e-001
 -1.2995310e-001
 -4.1817430e-001
 -7.2089439e-001
 -1.0271334e+000
 -1.3253846e+000
 -1.6040988e+000
 -1.8522172e+000
 -2.0597225e+000
 -2.2181711e+000
 -2.3211680e+000
 -2.3647456e+000
 -2.3476163e+000
 -2.2712736e+000
 -2.1399298e+000
 -1.9602921e+000
 -1.7411879e+000
 -1.4930688e+000
 -1.2274252e+000
 -9.5615764e-001
 -6.9094678e-001
 -4.4266853e-001
 -2.2089174e-001
 -3.3489012e-002
  1.1362052e-001
  2.1658972e-001
  2.7362907e-001
  2.8487620e-001
  2.5217503e-001
  1.7879569e-001
  6.9128395e-002
 -7.1617224e-002
 -2.3768089e-001
 -4.2296994e-001
 -6.2121766e-001
 -8.2608233e-001
 -1.0311966e+000
 -1.2301846e+000
 -1.4166689e+000
 -1.5842909e+000
 -1.7267668e+000
 -1.8379969e+000
 -1.9122359e+000
 -1.9443276e+000
 -1.9299906e+000
 -1.8661392e+000
 -1.7512089e+000
 -1.5854565e+000
 -1.3711988e+000
 -1.1129574e+000
 -8.1748191e-001
 -4.9363305e-001
 -1.5211766e-001
  1.9491898e-001
  5.3442581e-001
  8.5307362e-001
  1.1379383e+000
  1.3771938e+000
  1.5607667e+000
  1.6809057e+000
  1.7326252e+000
  1.7139922e+000
  1.6262366e+000
  1.4736801e+000
  1.2634905e+000
  1.0052839e+000
  7.1060467e-001
  3.9232251e-001
  6.3988992e-002
 -2.6080491e-001
 -5.6903168e-001
 -8.4875942e-001
 -1.0895907e+000
 -1.2829957e+000
 -1.4225368e+000
 -1.5039898e+000
 -1.5253749e+000
 -1.4869113e+000
 -1.3909145e+000
 -1.2416495e+000
 -1.0451535e+000
 -8.0903308e-001
 -5.4223935e-001
 -2.5481861e-001
  4.2367152e-002
  3.3795470e-001
  6.2043283e-001
  8.7853379e-001
  1.1016564e+000
  1.2803074e+000
  1.4065405e+000
  1.4743671e+000
  1.4801086e+000
  1.4226600e+000
  1.3036358e+000
  1.1273779e+000
  9.0081186e-001
  6.3314987e-001
  3.3545346e-001
  2.0078242e-002
 -2.9996368e-001
 -6.1168103e-001
 -9.0277348e-001
 -1.1622475e+000
 -1.3809353e+000
 -1.5518837e+000
 -1.6705898e+000
 -1.7350755e+000
 -1.7458054e+000
 -1.7054681e+000
 -1.6186470e+000
 -1.4914194e+000
 -1.3309207e+000
 -1.1449121e+000
 -9.4138463e-001
 -7.2822322e-001
 -5.1294569e-001
 -3.0251997e-001
 -1.0325348e-001
  7.9259404e-002
  2.4015102e-001
  3.7527618e-001
  4.8120928e-001
  5.5525769e-001
  5.9549960e-001
  6.0084698e-001
  5.7112668e-001
  5.0716657e-001
  4.1086918e-001
  2.8525434e-001
  1.3445332e-001
 -3.6358347e-002
 -2.2109624e-001
 -4.1296965e-001
 -6.0474278e-001
 -7.8903915e-001
 -9.5866820e-001
 -1.1069508e+000
 -1.2280197e+000
 -1.3170748e+000
 -1.3705749e+000
 -1.3863589e+000
 -1.3636915e+000
 -1.3032370e+000
 -1.2069731e+000
 -1.0780550e+000
 -9.2064777e-001
 -7.3973926e-001
 -5.4094814e-001
 -3.3033469e-001
 -1.1421961e-001
  1.0098836e-001
  3.0895844e-001
  5.0360124e-001
  6.7923357e-001
  8.3074672e-001
  9.5377716e-001
  1.0448750e+000
  1.1016609e+000
  1.1229602e+000
  1.1088991e+000
  1.0609501e+000
  9.8191368e-001
  8.7582982e-001
  7.4781613e-001
  6.0383813e-001
  4.5042302e-001
  2.9433445e-001
  1.4223050e-001
  3.2900019e-004
 -1.2589559e-001
 -2.3196291e-001
 -3.1456883e-001
 -3.7168978e-001
 -4.0260731e-001
 -4.0785836e-001
 -3.8912262e-001
 -3.4906302e-001
 -2.9113732e-001
 -2.1939832e-001
 -1.3829814e-001
 -5.2507234e-002
  3.3245682e-002
  1.1431223e-001
  1.8624511e-001
  2.4490756e-001
  2.8657893e-001
  3.0806301e-001
  3.0680224e-001
  2.8099727e-001
  2.2972583e-001
  1.5305086e-001
  5.2104012e-002
 -7.0870687e-002
 -2.1252746e-001
 -3.6849501e-001
 -5.3352411e-001
 -7.0170557e-001
 -8.6674944e-001
 -1.0223095e+000
 -1.1623306e+000
 -1.2813918e+000
 -1.3750200e+000
 -1.4399451e+000
 -1.4742804e+000
 -1.4776109e+000
 -1.4509875e+000
 -1.3968301e+000
 -1.3187532e+000
 -1.2213331e+000
 -1.1098397e+000
 -9.8995914e-001
 -8.6752788e-001
 -7.4829728e-001
 -6.3773988e-001
 -5.4090104e-001
 -4.6229262e-001
 -4.0581918e-001
 -3.7472363e-001
 -3.7153781e-001
 -3.9802561e-001
 -4.5511037e-001
 -5.4278466e-001
 -6.6000783e-001
 -8.0460350e-001
 -9.7317493e-001
 -1.1610596e+000
 -1.3623440e+000
 -1.5699581e+000
 -1.7758599e+000
 -1.9713163e+000
 -2.1472714e+000
 -2.2947870e+000
 -2.4055287e+000
 -2.4722637e+000
 -2.4893333e+000
 -2.4530626e+000
 -2.3620715e+000
 -2.2174616e+000
 -2.0228596e+000
 -1.7843119e+000
 -1.5100354e+000
 -1.2100412e+000
 -8.9565653e-001
 -5.7897851e-001
 -2.7229303e-001
  1.2503867e-002
  2.6445052e-001
  4.7400239e-001
  6.3343247e-001
  7.3713569e-001
  7.8183092e-001
  7.6665988e-001
  6.9318682e-001
  5.6530593e-001
  3.8906484e-001
  1.7241331e-001
 -7.5113961e-002
 -3.4277122e-001
 -6.1902266e-001
 -8.9199973e-001
 -1.1499815e+000
 -1.3818828e+000
 -1.5777307e+000
 -1.7291089e+000
 -1.8295469e+000
 -1.8748310e+000
 -1.8632166e+000
 -1.7955253e+000
 -1.6751162e+000
 -1.5077296e+000
 -1.3012079e+000
 -1.0651107e+000
 -8.1024484e-001
 -5.4813993e-001
 -2.9050008e-001
 -4.8665965e-002
  1.6688302e-001
  3.4696074e-001
  4.8402172e-001
  5.7241366e-001
  6.0853229e-001
  5.9088347e-001
  5.2006282e-001
  3.9866607e-001
  2.3114471e-001
  2.3619699e-002
 -2.1633703e-001
 -4.7994730e-001
 -7.5749592e-001
 -1.0386254e+000
 -1.3126584e+000
 -1.5689501e+000
 -1.7972679e+000
 -1.9881926e+000
 -2.1335286e+000
 -2.2267034e+000
 -2.2631322e+000
 -2.2405198e+000
 -2.1590707e+000
 -2.0215820e+000
 -1.8333997e+000
 -1.6022282e+000
 -1.3377948e+000
 -1.0513849e+000
 -7.5527401e-001
 -4.6209396e-001
 -1.8417980e-001
  6.7056877e-002
  2.8168130e-001
  4.5167676e-001
  5.7124530e-001
  6.3695315e-001
  6.4772103e-001
  6.0467418e-001
  5.1087941e-001
  3.7100540e-001
  1.9094678e-001
 -2.2547990e-002
 -2.6221061e-001
 -5.2052359e-001
 -7.8991492e-001
 -1.0628768e+000
 -1.3320212e+000
 -1.5900947e+000
 -1.8299813e+000
 -2.0447232e+000
 -2.2275870e+000
 -2.3721934e+000
 -2.4727193e+000
 -2.5241669e+000
 -2.5226825e+000
 -2.4658941e+000
 -2.3532326e+000
 -2.1861930e+000
 -1.9684987e+000
 -1.7061341e+000
 -1.4072244e+000
 -1.0817560e+000
 -7.4114523e-001
 -3.9768000e-001
 -6.3873585e-002
  2.4822263e-001
  5.2769289e-001
  7.6536439e-001
  9.5430029e-001
  1.0901407e+000
  1.1712684e+000
  1.1987908e+000
  1.1763467e+000
  1.1097620e+000
  1.0065867e+000
  8.7555888e-001
  7.2603959e-001
  5.6746364e-001
  4.0884543e-001
  2.5836932e-001
  1.2308305e-001
  8.7014349e-003
 -8.0484424e-002
 -1.4160589e-001
 -1.7314412e-001
 -1.7480994e-001
 -1.4740017e-001
 -9.2652006e-002
 -1.3111257e-002
  8.7975898e-002
  2.0674558e-001
  3.3877777e-001
  4.7914665e-001
  6.2247333e-001
  7.6299543e-001
  8.9466695e-001
  1.0112985e+000
  1.1067430e+000
  1.1751247e+000
  1.2111054e+000
  1.2101721e+000
  1.1689283e+000
  1.0853659e+000
  9.5909506e-001
  7.9150753e-001
  5.8585548e-001
  3.4723041e-001
  8.2434898e-002
 -2.0025297e-001
 -4.9141387e-001
 -7.8090403e-001
 -1.0583311e+000
 -1.3135605e+000
 -1.5372198e+000
 -1.7211689e+000
 -1.8589042e+000
 -1.9458707e+000
 -1.9796608e+000
 -1.9600892e+000
 -1.8891402e+000
 -1.7707962e+000
 -1.6107622e+000
 -1.4161113e+000
 -1.1948803e+000
 -9.5564715e-001
 -7.0712286e-001
 -4.5778434e-001
 -2.1557194e-001
  1.2335238e-002
  2.1966131e-001
  4.0109729e-001
  5.5229952e-001
  6.6984192e-001
  7.5114498e-001
  7.9440454e-001
  7.9854086e-001
  7.6318240e-001
  6.8869109e-001
  5.7622672e-001
  4.2783905e-001
  2.4656867e-001
  3.6532704e-002
 -1.9703100e-001
 -4.4778505e-001
 -7.0839791e-001
 -9.7074371e-001
 -1.2261955e+000
 -1.4659999e+000
 -1.6817097e+000
 -1.8656424e+000
 -2.0113258e+000
 -2.1138920e+000
 -2.1703829e+000
 -2.1799373e+000
 -2.1438411e+000
 -2.0654342e+000
 -1.9498838e+000
 -1.8038424e+000
 -1.6350240e+000
 -1.4517357e+000
 -1.2624059e+000
 -1.0751465e+000
 -8.9738128e-001
 -7.3556347e-001
 -5.9499020e-001
 -4.7971404e-001
 -3.9253755e-001
 -3.3507035e-001
 -3.0782341e-001
 -3.1031523e-001
 -3.4116871e-001
 -3.9818463e-001
 -4.7838721e-001
 -5.7804722e-001
 -6.9269666e-001
 -8.1715561e-001
 -9.4559394e-001
 -1.0716490e+000
 -1.1886143e+000
 -1.2897042e+000
 -1.3683879e+000
 -1.4187755e+000
 -1.4360228e+000
 -1.4167211e+000
 -1.3592269e+000
 -1.2638944e+000
 -1.1331763e+000
 -9.7157399e-001
 -7.8543011e-001
 -5.8257537e-001
 -3.7185747e-001
 -1.6259266e-001
  3.6009950e-002
  2.1539821e-001
  3.6815108e-001
  4.8833645e-001
  5.7172623e-001
  6.1585936e-001
  6.1996159e-001
  5.8474751e-001
  5.1214275e-001
  4.0497186e-001
  2.6665824e-001
  1.0097651e-001
 -8.8113307e-002
 -2.9653630e-001
 -5.2008147e-001
 -7.5430943e-001
 -9.9442292e-001
 -1.2351428e+000
 -1.4706336e+000
 -1.6945179e+000
 -1.9000071e+000
 -2.0801583e+000
 -2.2282491e+000
 -2.3382411e+000
 -2.4052864e+000
 -2.4262195e+000
 -2.3999726e+000
 -2.3278553e+000
 -2.2136531e+000
 -2.0635144e+000
 -1.8856229e+000
 -1.6896737e+000
 -1.4861987e+000
 -1.2858026e+000
 -1.0983868e+000
 -9.3243948e-001
 -7.9446402e-001
 -6.8860580e-001
 -6.1651149e-001
 -5.7743085e-001
 -5.6854197e-001
 -5.8545530e-001
 -6.2283165e-001
 -6.7503687e-001
 -7.3675376e-001
 -8.0347875e-001
 -8.7184781e-001
 -9.3975913e-001
 -1.0062876e+000
 -1.0714141e+000
 -1.1356164e+000
 -1.1993888e+000
 -1.2627632e+000
 -1.3249087e+000
 -1.3838732e+000
 -1.4365112e+000
 -1.4786195e+000
 -1.5052728e+000
 -1.5113221e+000
 -1.4920002e+000
 -1.4435582e+000
 -1.3638525e+000
 -1.2528054e+000
 -1.1126761e+000
 -9.4809850e-001
 -7.6587129e-001
 -5.7451448e-001
 -3.8363301e-001
 -2.0315195e-001
 -4.2502391e-002
  9.0157154e-002
  1.8860328e-001
  2.4902723e-001
  2.7028569e-001
  2.5390312e-001
  2.0383347e-001
  1.2601517e-001
  2.7774224e-002
 -8.2855534e-002
 -1.9782084e-001
 -3.0967503e-001
 -4.1208256e-001
 -5.0016050e-001
 -5.7063737e-001
 -6.2183253e-001
 -6.5347979e-001
 -6.6643592e-001
 -6.6232453e-001
 -6.4316939e-001
 -6.1106686e-001
 -5.6793720e-001
 -5.1537982e-001
 -4.5464031e-001
 -3.8668051e-001
 -3.1232778e-001
 -2.3246966e-001
 -1.4825472e-001
 -6.1260942e-002
  2.6400531e-002
  1.1206858e-001
  1.9261107e-001
  2.6459458e-001
  3.2452726e-001
  3.6914671e-001
  3.9571911e-001
  4.0231390e-001
  3.8802196e-001
  3.5309181e-001
  2.9896867e-001
  2.2823263e-001
  1.4444310e-001
  5.1906989e-002
 -4.4605269e-002
 -1.4016776e-001
 -2.3000299e-001
 -3.0975642e-001
 -3.7572208e-001
 -4.2500691e-001
 -4.5562885e-001
 -4.6655104e-001
 -4.5765981e-001
 -4.2969782e-001
 -3.8416512e-001
 -3.2320024e-001
 -2.4945137e-001
 -1.6594481e-001
 -7.5954719e-002
  1.7124284e-002
  1.0990137e-001
  1.9911075e-001
  2.8172898e-001
  3.5508537e-001
  4.1696077e-001
  4.6566779e-001
  5.0010489e-001
  5.1977716e-001
  5.2477849e-001
  5.1573367e-001
  4.9370323e-001
  4.6005900e-001
  4.1634322e-001
  3.6412710e-001
  3.0488669e-001
  2.3991284e-001
  1.7026863e-001
  9.6801852e-002
  2.0212783e-002
 -5.8831017e-002
 -1.3954880e-001
 -2.2089212e-001
 -3.0140778e-001
 -3.7914498e-001
 -4.5162967e-001
 -5.1592269e-001
 -5.6876801e-001
 -6.0682598e-001
 -6.2697428e-001
 -6.2664847e-001
 -6.0418547e-001
 -5.5912925e-001
 -4.9245835e-001
 -4.0669991e-001
 -3.0590547e-001
 -1.9547683e-001
 -8.1846795e-002
  2.7964660e-002
  1.2688297e-001
  2.0835329e-001
  2.6690251e-001
  2.9863401e-001
  3.0160489e-001
  2.7604585e-001
  2.2439863e-001
  1.5116373e-001
  6.2569721e-002
 -3.3907039e-002
 -1.3012899e-001
 -2.1793686e-001
 -2.8978455e-001
 -3.3931337e-001
 -3.6181704e-001
 -3.5456073e-001
 -3.1693290e-001
 -2.5042527e-001
 -1.5845287e-001
 -4.6040270e-002
  8.0589311e-002
  2.1447908e-001
  3.4841385e-001
  4.7536477e-001
  5.8887066e-001
  6.8333313e-001
  7.5421449e-001
  7.9813900e-001
  8.1290805e-001
  7.9744728e-001
  7.5170800e-001
  6.7654587e-001
  5.7359721e-001
  4.4516852e-001
  2.9414745e-001
  1.2393695e-001
 -6.1593093e-002
 -2.5814706e-001
 -4.6105109e-001
 -6.6532065e-001
 -8.6575957e-001
 -1.0570977e+000
 -1.2341682e+000
 -1.3921189e+000
 -1.5266466e+000
 -1.6342356e+000
 -1.7123821e+000
 -1.7597815e+000
 -1.7764589e+000
 -1.7638266e+000
 -1.7246570e+000
 -1.6629685e+000
 -1.5838254e+000
 -1.4930659e+000
 -1.3969718e+000
 -1.3019049e+000
 -1.2139328e+000
 -1.1384713e+000
 -1.0799666e+000
 -1.0416395e+000
 -1.0253075e+000
 -1.0312969e+000
 -1.0584477e+000
 -1.1042115e+000
 -1.1648335e+000
 -1.2356048e+000
 -1.3111700e+000
 -1.3858661e+000
 -1.4540733e+000
 -1.5105536e+000
 -1.5507552e+000
 -1.5710645e+000
 -1.5689899e+000
 -1.5432659e+000
 -1.4938735e+000
 -1.4219774e+000
 -1.3297871e+000
 -1.2203555e+000
 -1.0973325e+000
 -9.6469596e-001
 -8.2648348e-001
 -6.8654874e-001
 -5.4836342e-001
 -4.1488166e-001
 -2.8847745e-001
 -1.7095775e-001
 -6.3645878e-002
  3.2478326e-002
  1.1660193e-001
  1.8789130e-001
  2.4532115e-001
  2.8754722e-001
  3.1284555e-001
  3.1913477e-001
  3.0408829e-001
  2.6533307e-001
  2.0072058e-001
  1.0864571e-001
 -1.1618520e-002
 -1.5960704e-001
 -3.3340741e-001
 -5.2949739e-001
 -7.4270275e-001
 -9.6629200e-001
 -1.1922121e+000
 -1.4114550e+000
 -1.6145329e+000
 -1.7920259e+000
 -1.9351611e+000
 -2.0363751e+000
 -2.0898140e+000
 -2.0917286e+000
 -2.0407339e+000
 -1.9379109e+000
 -1.7867461e+000
 -1.5929154e+000
 -1.3639343e+000
 -1.1087054e+000
 -8.3700305e-001
 -5.5893452e-001
 -2.8442057e-001
 -2.2728589e-002
  2.1791380e-001
  4.3060805e-001
  6.0997063e-001
  7.5221959e-001
  8.5517378e-001
  9.1818268e-001
  9.4200726e-001
  9.2867202e-001
  8.8130519e-001
  8.0397903e-001
  7.0155638e-001
  5.7954341e-001
  4.4394390e-001
  3.0110709e-001
  1.5756049e-001
  1.9820639e-002
 -1.0582144e-001
 -2.1353819e-001
 -2.9821875e-001
 -3.5572378e-001
 -3.8312366e-001
 -3.7889902e-001
 -3.4308288e-001
 -2.7732595e-001
 -1.8487185e-001
 -7.0436234e-002
  6.0008004e-002
  1.9952882e-001
  3.4059777e-001
  4.7549300e-001
  5.9671413e-001
  6.9737994e-001
  7.7158170e-001
  8.1466935e-001
  8.2345451e-001
  7.9632165e-001
  7.3324702e-001
  6.3573187e-001
  5.0666293e-001
  3.5011653e-001
  1.7112523e-001
 -2.4575010e-002
 -2.3080063e-001
 -4.4116653e-001
 -6.4931323e-001
 -8.4911004e-001
 -1.0348323e+000
 -1.2013132e+000
 -1.3440706e+000
 -1.4594113e+000
 -1.5445113e+000
 -1.5974713e+000
 -1.6173448e+000
 -1.6041338e+000
 -1.5587508e+000
 -1.4829426e+000
 -1.3791785e+000
 -1.2505058e+000
 -1.1003808e+000
 -9.3248696e-001
 -7.5055519e-001
 -5.5820093e-001
 -3.5879458e-001
 -1.5537719e-001
  4.9370196e-002
  2.5310169e-001
  4.5373101e-001
  6.4931707e-001
  8.3792847e-001
  1.0175083e+000
  1.1857626e+000
  1.3400933e+000
  1.4775935e+000
  1.5951136e+000
  1.6893999e+000
  1.7572969e+000
  1.7959944e+000
  1.8032949e+000
  1.7778704e+000
  1.7194776e+000
  1.6291026e+000
  1.5090131e+000
  1.3627052e+000
  1.1947432e+000
  1.0105041e+000
  8.1584794e-001
  6.1674519e-001
  4.1889880e-001
  2.2739777e-001
  4.6437794e-002
 -1.2086390e-001
 -2.7254266e-001
 -4.0774565e-001
 -5.2658578e-001
 -6.2991208e-001
 -7.1902788e-001
 -7.9539395e-001
 -8.6035475e-001
 -9.1492229e-001
 -9.5964412e-001
 -9.9457025e-001
 -1.0193209e+000
 -1.0332430e+000
 -1.0356311e+000
 -1.0259806e+000
 -1.0042338e+000
 -9.7098263e-001
 -9.2759425e-001
 -8.7623618e-001
 -8.1979069e-001
 -7.6166125e-001
 -7.0548874e-001
 -6.5480708e-001
 -6.1267665e-001
 -5.8133818e-001
 -5.6192889e-001
 -5.5429652e-001
 -5.5693698e-001
 -5.6706750e-001
 -5.8083249e-001
 -5.9362445e-001
 -6.0048959e-001
 -5.9657844e-001
 -5.7759706e-001
 -5.4021436e-001
 -4.8238661e-001
 -4.0356879e-001
 -3.0479531e-001
 -1.8862603e-001
 -5.8967346e-002
  7.9209880e-002
  2.2022481e-001
  3.5807743e-001
  4.8683874e-001
  6.0100652e-001
  6.9579934e-001
  7.6737076e-001
  8.1293570e-001
  8.3081123e-001
  8.2038261e-001
  7.8201201e-001
  7.1691056e-001
  6.2699504e-001
  5.1474761e-001
  3.8309257e-001
  2.3529780e-001
  7.4901970e-002
 -9.4337012e-002
 -2.6848161e-001
 -4.4345362e-001
 -6.1508416e-001
 -7.7918387e-001
 -9.3163897e-001
 -1.0685336e+000
 -1.1862933e+000
 -1.2818408e+000
 -1.3527492e+000
 -1.3973800e+000
 -1.4149891e+000
 -1.4057891e+000
 -1.3709598e+000
 -1.3126024e+000
 -1.2336398e+000
 -1.1376700e+000
 -1.0287837e+000
 -9.1136042e-001
 -7.8985710e-001
 -6.6860581e-001
 -5.5163061e-001
 -4.4249399e-001
 -3.4417755e-001
 -2.5899867e-001
 -1.8856130e-001
 -1.3373712e-001
 -9.4671926e-002
 -7.0812632e-002
 -6.0951020e-002
 -6.3282303e-002
 -7.5478302e-002
 -9.4776509e-002
 -1.1808704e-001
 -1.4211909e-001
 -1.6352709e-001
 -1.7907424e-001
 -1.8580795e-001
 -1.8123863e-001
 -1.6350997e-001
 -1.3154732e-001
 -8.5169989e-002
 -2.5154432e-002
  4.6761526e-002
  1.2793904e-001
  2.1496294e-001
  3.0382439e-001
  3.9014915e-001
  4.6945422e-001
  5.3741193e-001
  5.9009979e-001
  6.2421517e-001
  6.3723758e-001
  6.2752654e-001
  5.9435006e-001
  5.3784589e-001
  4.5892467e-001
  3.5913008e-001
  2.4047502e-001
  1.0527410e-001
 -4.4007764e-002
 -2.0487487e-001
 -3.7487753e-001
 -5.5164215e-001
 -7.3285769e-001
 -9.1622800e-001
 -1.0994047e+000
 -1.2799180e+000
 -1.4551247e+000
 -1.6221874e+000
 -1.7780997e+000
 -1.9197601e+000
 -2.0440945e+000
 -2.1482191e+000
 -2.2296262e+000
 -2.2863755e+000
 -2.3172670e+000
 -2.3219748e+000
 -2.3011227e+000
 -2.2562886e+000
 -2.1899324e+000
 -2.1052499e+000
 -2.0059644e+000
 -1.8960726e+000
 -1.7795710e+000
 -1.6601864e+000
 -1.5411397e+000
 -1.4249643e+000
 -1.3133974e+000
 -1.2073552e+000
 -1.1069923e+000
 -1.0118374e+000
 -9.2099126e-001
 -8.3336265e-001
 -7.4791697e-001
 -6.6391022e-001
 -5.8108198e-001
 -4.9978634e-001
 -4.2104602e-001
 -3.4652314e-001
 -2.7840897e-001
 -2.1924327e-001
 -1.7168123e-001
 -1.3823152e-001
 -1.2099145e-001
 -1.2140614e-001
 -1.4007558e-001
 -1.7662927e-001
 -2.2968134e-001
 -2.9687143e-001
 -3.7498875e-001
 -4.6016907e-001
 -5.4814797e-001
 -6.3454905e-001
 -7.1518289e-001
 -7.8633245e-001
 -8.4500188e-001
 -8.8910974e-001
 -9.1761238e-001
 -9.3054957e-001
 -9.2901071e-001
 -9.1502651e-001
 -8.9139620e-001
 -8.6146520e-001
 -8.2887093e-001
 -7.9727610e-001
 -7.7010876e-001
 -7.5032676e-001
 -7.4022184e-001
 -7.4127476e-001
 -7.5406879e-001
 -7.7826477e-001
 -8.1263621e-001
 -8.5515970e-001
 -9.0315208e-001
 -9.5344381e-001
 -1.0025761e+000
 -1.0470090e+000
 -1.0833268e+000
 -1.1084297e+000
 -1.1197005e+000
 -1.1151376e+000
 -1.0934485e+000
 -1.0541008e+000
 -9.9732834e-001
 -9.2409559e-001
 -8.3602363e-001
 -7.3528430e-001
 -6.2446999e-001
 -5.0644798e-001
 -3.8420876e-001
 -2.6071742e-001
 -1.3877672e-001
 -2.0908905e-002
  9.0737881e-002
  1.9445531e-001
  2.8901099e-001
  3.7365583e-001
  4.4810490e-001
  5.1249598e-001
  5.6733068e-001
  6.1340357e-001
  6.5172471e-001
  6.8344045e-001
  7.0975618e-001
  7.3186399e-001
  7.5087664e-001
  7.6776864e-001
  7.8332436e-001
  7.9809308e-001
  8.1235116e-001
  8.2607202e-001
  8.3890584e-001
  8.5017159e-001
  8.5886512e-001
  8.6368697e-001
  8.6309370e-001
  8.5537500e-001
  8.3875713e-001
  8.1153038e-001
  7.7219509e-001
  7.1961747e-001
  6.5318320e-001
  5.7293485e-001
  4.7967766e-001
  3.7503919e-001
  2.6147035e-001
  1.4217945e-001
  2.0996617e-002
 -9.7827469e-002
 -2.0987739e-001
 -3.1086546e-001
 -3.9693724e-001
 -4.6496310e-001
 -5.1278722e-001
 -5.3940789e-001
 -5.4506739e-001
 -5.3123750e-001
 -5.0049633e-001
 -4.5630317e-001
 -4.0268863e-001
 -3.4388748e-001
 -2.8394861e-001
 -2.2636070e-001
 -1.7373243e-001
 -1.2756164e-001
 -8.8120123e-002
 -5.4469341e-002
 -2.4608781e-002
  4.2551075e-003
  3.5345005e-002
  7.1890290e-002
  1.1668984e-001
  1.7170659e-001
  2.3773807e-001
  3.1420020e-001
  3.9905011e-001
  4.8885972e-001
  5.7903598e-001
  6.6416818e-001
  7.3846954e-001
  7.9626983e-001
  8.3251101e-001
  8.4319712e-001
  8.2575504e-001
  7.7927203e-001
  7.0458901e-001
  6.0424360e-001
  4.8227181e-001
  3.4389114e-001
  1.9509863e-001
  4.2223741e-002
 -1.0852161e-001
 -2.5145649e-001
 -3.8177495e-001
 -4.9579762e-001
 -5.9111930e-001
 -6.6665253e-001
 -7.2257779e-001
 -7.6021870e-001
 -7.8186536e-001
 -7.9057008e-001
 -7.8993756e-001
 -7.8392619e-001
