 -8.8535535e-001
 -2.3317146e+000
 -3.1337087e+000
 -3.3761826e+000
 -3.1908287e+000
 -2.7225949e+000
 -2.1062950e+000
 -1.4529488e+000
 -8.4414456e-001
 -3.3219420e-001
  5.6128644e-002
  3.1413275e-001
  4.4939778e-001
  4.7845712e-001
  4.2239058e-001
  3.0343173e-001
  1.4251281e-001
 -4.2402488e-002
 -2.3734581e-001
 -4.3283862e-001
 -6.2391771e-001
 -8.0972720e-001
 -9.9271207e-001
 -1.1774735e+000
 -1.3693889e+000
 -1.5731436e+000
 -1.7913552e+000
 -2.0234789e+000
 -2.2651618e+000
 -2.5081613e+000
 -2.7408687e+000
 -2.9493894e+000
 -3.1190488e+000
 -3.2361211e+000
 -3.2895428e+000
 -3.2723659e+000
 -3.1827403e+000
 -3.0242842e+000
 -2.8057873e+000
 -2.5402888e+000
 -2.2436674e+000
 -1.9329429e+000
 -1.6245345e+000
 -1.3327149e+000
 -1.0684667e+000
 -8.3887889e-001
 -6.4713372e-001
 -4.9304228e-001
 -3.7400326e-001
 -2.8619852e-001
 -2.2580879e-001
 -1.9003969e-001
 -1.7778752e-001
 -1.8984159e-001
 -2.2860159e-001
 -2.9737311e-001
 -3.9937567e-001
 -5.3664688e-001
 -7.0904319e-001
 -9.1352194e-001
 -1.1438428e+000
 -1.3907582e+000
 -1.6426817e+000
 -1.8867479e+000
 -2.1101115e+000
 -2.3012983e+000
 -2.4514116e+000
 -2.5550216e+000
 -2.6106159e+000
 -2.6205585e+000
 -2.5905801e+000
 -2.5288910e+000
 -2.4450663e+000
 -2.3488749e+000
 -2.2492293e+000
 -2.1534025e+000
 -2.0666062e+000
 -1.9919632e+000
 -1.9308362e+000
 -1.8834180e+000
 -1.8494493e+000
 -1.8289112e+000
 -1.8225516e+000
 -1.8321414e+000
 -1.8604046e+000
 -1.9106317e+000
 -1.9860415e+000
 -2.0890053e+000
 -2.2202732e+000
 -2.3783445e+000
 -2.5591047e+000
 -2.7558055e+000
 -2.9594112e+000
 -3.1592761e+000
 -3.3440615e+000
 -3.5027655e+000
 -3.6257214e+000
 -3.7054257e+000
 -3.7370881e+000
 -3.7188399e+000
 -3.6515945e+000
 -3.5386058e+000
 -3.3848184e+000
 -3.1961309e+000
 -2.9787003e+000
 -2.7384006e+000
 -2.4805174e+000
 -2.2097074e+000
 -1.9302074e+000
 -1.6462234e+000
 -1.3624014e+000
 -1.0842610e+000
 -8.1848004e-001
 -5.7294477e-001
 -3.5651739e-001
 -1.7852690e-001
 -4.8036250e-002
  2.7018397e-002
  4.0694349e-002
 -1.0213024e-002
 -1.2566135e-001
 -3.0216820e-001
 -5.3296790e-001
 -8.0850057e-001
 -1.1171673e+000
 -1.4462478e+000
 -1.7828564e+000
 -2.1148126e+000
 -2.4313199e+000
 -2.7233846e+000
 -2.9839508e+000
 -3.2077730e+000
 -3.3910947e+000
 -3.5312246e+000
 -3.6261159e+000
 -3.6740473e+000
 -3.6734782e+000
 -3.6231119e+000
 -3.5221600e+000
 -3.3707566e+000
 -3.1704406e+000
 -2.9246055e+000
 -2.6388167e+000
 -2.3209136e+000
 -1.9808488e+000
 -1.6302551e+000
 -1.2817798e+000
 -9.4825878e-001
 -6.4183422e-001
 -3.7312776e-001
 -1.5057231e-001
  2.0017097e-002
  1.3559126e-001
  1.9573398e-001
  2.0229109e-001
  1.5883754e-001
  7.0079114e-002
 -5.8711391e-002
 -2.2213740e-001
 -4.1494317e-001
 -6.3207888e-001
 -8.6858555e-001
 -1.1193541e+000
 -1.3788382e+000
 -1.6408095e+000
 -1.8982385e+000
 -2.1433595e+000
 -2.3679471e+000
 -2.5637899e+000
 -2.7233094e+000
 -2.8402425e+000
 -2.9102887e+000
 -2.9316206e+000
 -2.9051760e+000
 -2.8346772e+000
 -2.7263627e+000
 -2.5884611e+000
 -2.4304720e+000
 -2.2623475e+000
 -2.0936820e+000
 -1.9330099e+000
 -1.7872947e+000
 -1.6616577e+000
 -1.5593561e+000
 -1.4819805e+000
 -1.4298090e+000
 -1.4022332e+000
 -1.3981670e+000
 -1.4163563e+000
 -1.4555364e+000
 -1.5144116e+000
 -1.5914733e+000
 -1.6847041e+000
 -1.7912407e+000
 -1.9070810e+000
 -2.0269135e+000
 -2.1441338e+000
 -2.2510754e+000
 -2.3394523e+000
 -2.4009679e+000
 -2.4280196e+000
 -2.4144053e+000
 -2.3559371e+000
 -2.2508762e+000
 -2.1001312e+000
 -1.9071952e+000
 -1.6778343e+000
 -1.4195797e+000
 -1.1410970e+000
 -8.5152752e-001
 -5.5988771e-001
 -2.7460314e-001
 -3.2222896e-003
  2.4767758e-001
  4.7241599e-001
  6.6601918e-001
  8.2398702e-001
  9.4209464e-001
  1.0162975e+000
  1.0427859e+000
  1.0182047e+000
  9.4001729e-001
  8.0696360e-001
  6.1953523e-001
  3.8038278e-001
  9.4572588e-002
 -2.3037068e-001
 -5.8466921e-001
 -9.5674234e-001
 -1.3338618e+000
 -1.7029406e+000
 -2.0513641e+000
 -2.3677630e+000
 -2.6426425e+000
 -2.8687973e+000
 -3.0414814e+000
 -3.1583362e+000
 -3.2191145e+000
 -3.2252696e+000
 -3.1794900e+000
 -3.0852666e+000
 -2.9465613e+000
 -2.7676229e+000
 -2.5529658e+000
 -2.3074881e+000
 -2.0366814e+000
 -1.7468613e+000
 -1.4453419e+000
 -1.1404853e+000
 -8.4157916e-001
 -5.5852180e-001
 -3.0133369e-001
 -7.9542625e-002
  9.8482276e-002
  2.2616040e-001
  2.9920652e-001
  3.1594330e-001
  2.7737497e-001
  1.8701235e-001
  5.0475208e-002
 -1.2506997e-001
 -3.3155682e-001
 -5.6066145e-001
 -8.0435675e-001
 -1.0553141e+000
 -1.3071172e+000
 -1.5542856e+000
 -1.7921404e+000
 -2.0165689e+000
 -2.2237623e+000
 -2.4099992e+000
 -2.5715401e+000
 -2.7046689e+000
 -2.8058913e+000
 -2.8722627e+000
 -2.9017946e+000
 -2.8938636e+000
 -2.8495444e+000
 -2.7717948e+000
 -2.6654404e+000
 -2.5369370e+000
 -2.3939266e+000
 -2.2446320e+000
 -2.0971653e+000
 -1.9588404e+000
 -1.8355782e+000
 -1.7314828e+000
 -1.6486395e+000
 -1.5871522e+000
 -1.5454013e+000
 -1.5204708e+000
 -1.5086704e+000
 -1.5060668e+000
 -1.5089410e+000
 -1.5141081e+000
 -1.5190619e+000
 -1.5219399e+000
 -1.5213387e+000
 -1.5160348e+000
 -1.5046854e+000
 -1.4855834e+000
 -1.4565321e+000
 -1.4148823e+000
 -1.3577425e+000
 -1.2823396e+000
 -1.1864792e+000
 -1.0690304e+000
 -9.3035397e-001
 -7.7259397e-001
 -5.9977664e-001
 -4.1768430e-001
 -2.3350980e-001
 -5.5330186e-002
  1.0853343e-001
  2.5018489e-001
  3.6276250e-001
  4.4091081e-001
  4.8105962e-001
  4.8148648e-001
  4.4217389e-001
  3.6450419e-001
  2.5085940e-001
  1.0420462e-001
 -7.2268025e-002
 -2.7537387e-001
 -5.0201351e-001
 -7.4909119e-001
 -1.0133030e+000
 -1.2908513e+000
 -1.5771581e+000
 -1.8666531e+000
 -2.1527026e+000
 -2.4277208e+000
 -2.6834755e+000
 -2.9115644e+000
 -3.1040086e+000
 -3.2538863e+000
 -3.3559173e+000
 -3.4069170e+000
 -3.4060518e+000
 -3.3548592e+000
 -3.2570307e+000
 -3.1179905e+000
 -2.9443323e+000
 -2.7431989e+000
 -2.5216917e+000
 -2.2863916e+000
 -2.0430494e+000
 -1.7964741e+000
 -1.5506111e+000
 -1.3087728e+000
 -1.0739544e+000
 -8.4915913e-001
 -6.3765482e-001
 -4.4309920e-001
 -2.6949813e-001
 -1.2099190e-001
 -1.4991410e-003
  8.5724257e-002
  1.3853506e-001
  1.5628032e-001
  1.4003060e-001
  9.2618587e-002
  1.8463732e-002
 -7.6801260e-002
 -1.8685396e-001
 -3.0528231e-001
 -4.2617503e-001
 -5.4461731e-001
 -6.5702213e-001
 -7.6125463e-001
 -8.5654057e-001
 -9.4318507e-001
 -1.0221580e+000
 -1.0946227e+000
 -1.1614923e+000
 -1.2230888e+000
 -1.2789629e+000
 -1.3278984e+000
 -1.3680947e+000
 -1.3974872e+000
 -1.4141395e+000
 -1.4166304e+000
 -1.4043584e+000
 -1.3777011e+000
 -1.3379949e+000
 -1.2873316e+000
 -1.2282030e+000
 -1.1630538e+000
 -1.0938216e+000
 -1.0215470e+000
 -9.4612802e-001
 -8.6626931e-001
 -7.7964467e-001
 -6.8325543e-001
 -5.7393280e-001
 -4.4890723e-001
 -3.0635468e-001
 -1.4583198e-001
  3.1469589e-002
  2.2269395e-001
  4.2351862e-001
  6.2854965e-001
  8.3184908e-001
  1.0275098e+000
  1.2101859e+000
  1.3754957e+000
  1.5202387e+000
  1.6424001e+000
  1.7409546e+000
  1.8155193e+000
  1.8659284e+000
  1.8918223e+000
  1.8923356e+000
  1.8659566e+000
  1.8105962e+000
  1.7238681e+000
  1.6035422e+000
  1.4480988e+000
  1.2572895e+000
  1.0326052e+000
  7.7756083e-001
  4.9773426e-001
  2.0053496e-001
 -1.0527999e-001
 -4.1028216e-001
 -7.0514831e-001
 -9.8142739e-001
 -1.2321880e+000
 -1.4524544e+000
 -1.6393719e+000
 -1.7920867e+000
 -1.9113690e+000
 -1.9990518e+000
 -2.0573845e+000
 -2.0884150e+000
 -2.0935060e+000
 -2.0730693e+000
 -2.0265602e+000
 -1.9527324e+000
 -1.8501049e+000
 -1.7175556e+000
 -1.5549329e+000
 -1.3635710e+000
 -1.1466073e+000
 -9.0903472e-001
 -6.5746151e-001
 -3.9960272e-001
 -1.4357045e-001
  1.0293349e-001
  3.3340165e-001
  5.4316201e-001
  7.2977738e-001
  8.9314169e-001
  1.0352590e+000
  1.1597410e+000
  1.2711027e+000
  1.3739667e+000
  1.4723006e+000
  1.5688027e+000
  1.6645281e+000
  1.7588034e+000
  1.8494335e+000
  1.9331536e+000
  2.0062403e+000
  2.0651719e+000
  2.1072225e+000
  2.1308848e+000
  2.1360528e+000
  2.1239339e+000
  2.0967103e+000
  2.0570127e+000
  2.0073021e+000
  1.9492729e+000
  1.8833883e+000
  1.8086366e+000
  1.7225600e+000
  1.6215651e+000
  1.5014723e+000
  1.3582252e+000
  1.1886518e+000
  9.9115985e-001
  7.6625891e-001
  5.1682833e-001
  2.4809082e-001
 -3.2703070e-002
 -3.1683008e-001
 -5.9480365e-001
 -8.5713235e-001
 -1.0950191e+000
 -1.3009086e+000
 -1.4688204e+000
 -1.5944464e+000
 -1.6750307e+000
 -1.7090915e+000
 -1.6960658e+000
 -1.6359704e+000
 -1.5291647e+000
 -1.3762744e+000
 -1.1783036e+000
 -9.3691919e-001
 -6.5485519e-001
 -3.3635299e-001
  1.2458336e-002
  3.8333686e-001
  7.6593175e-001
  1.1480561e+000
  1.5162258e+000
  1.8564177e+000
  2.1549625e+000
  2.3994641e+000
  2.5796287e+000
  2.6879001e+000
  2.7198250e+000
  2.6741142e+000
  2.5524109e+000
  2.3588222e+000
  2.0993055e+000
  1.7810166e+000
  1.4117297e+000
  9.9941889e-001
  5.5205518e-001
  7.7630204e-002
 -4.1562854e-001
 -9.1892680e-001
 -1.4225584e+000
 -1.9156556e+000
 -2.3861336e+000
 -2.8208951e+000
 -3.2063208e+000
 -3.5290162e+000
 -3.7767416e+000
 -3.9394114e+000
 -4.0100285e+000
 -3.9854206e+000
 -3.8666672e+000
 -3.6591445e+000
 -3.3721698e+000
 -3.0182821e+000
 -2.6122479e+000
 -2.1699181e+000
 -1.7070813e+000
 -1.2384539e+000
 -7.7692403e-001
 -3.3311956e-001
  8.4679322e-002
  4.7032032e-001
  8.1933545e-001
  1.1283903e+000
  1.3947542e+000
  1.6159094e+000
  1.7893861e+000
  1.9128654e+000
  1.9845368e+000
  2.0036491e+000
  1.9711491e+000
  1.8902807e+000
  1.7670155e+000
  1.6102056e+000
  1.4313877e+000
  1.2442204e+000
  1.0635935e+000
  9.0449628e-001
  7.8077539e-001
  7.0392720e-001
  6.8207140e-001
  7.1922633e-001
  8.1496629e-001
  9.6448926e-001
  1.1590691e+000
  1.3868189e+000
  1.6336559e+000
  1.8843457e+000
  2.1235018e+000
  2.3364429e+000
  2.5098433e+000
  2.6321549e+000
  2.6938196e+000
  2.6873248e+000
  2.6071746e+000
  2.4498523e+000
  2.2138353e+000
  1.8996996e+000
  1.5103154e+000
  1.0511004e+000
  5.3027133e-001
 -4.0985482e-002
 -6.4850306e-001
 -1.2753456e+000
 -1.9022789e+000
 -2.5084962e+000
 -3.0725577e+000
 -3.5734653e+000
 -3.9917709e+000
 -4.3106081e+000
 -4.5165461e+000
 -4.6001874e+000
 -4.5564706e+000
 -4.3846787e+000
 -4.0881936e+000
 -3.6740710e+000
 -3.1525237e+000
 -2.5364035e+000
 -1.8407545e+000
 -1.0824790e+000
 -2.8012048e-001
  5.4627082e-001
  1.3752559e+000
  2.1841913e+000
  2.9495627e+000
  3.6475308e+000
  4.2547203e+000
  4.7492319e+000
  5.1118161e+000
  5.3270984e+000
  5.3847234e+000
  5.2802715e+000
  5.0158212e+000
  4.6000610e+000
  4.0479126e+000
  3.3796833e+000
  2.6198310e+000
  1.7954745e+000
  9.3481261e-001
  6.5625536e-002
 -7.8598729e-001
 -1.5965190e+000
 -2.3455615e+000
 -3.0159151e+000
 -3.5933741e+000
 -4.0663070e+000
 -4.4251795e+000
 -4.6621666e+000
 -4.7709748e+000
 -4.7469484e+000
 -4.5874684e+000
 -4.2925903e+000
 -3.8658061e+000
 -3.3147780e+000
 -2.6518758e+000
 -1.8943664e+000
 -1.0641456e+000
 -1.8696524e-001
  7.0881483e-001
  1.5938465e+000
  2.4396203e+000
  3.2202958e+000
  3.9143222e+000
  4.5056602e+000
  4.9844676e+000
  5.3471832e+000
  5.5960271e+000
  5.7380142e+000
  5.7836429e+000
  5.7454578e+000
  5.6366918e+000
  5.4701706e+000
  5.2576040e+000
  5.0093213e+000
  4.7344232e+000
  4.4412553e+000
  4.1380481e+000
  3.8335426e+000
  3.5374270e+000
  3.2604409e+000
  3.0140678e+000
  2.8098099e+000
  2.6581195e+000
  2.5671260e+000
  2.5413479e+000
  2.5805904e+000
  2.6792172e+000
  2.8259363e+000
  3.0041711e+000
  3.1930071e+000
  3.3686243e+000
  3.5060571e+000
  3.5810852e+000
  3.5720406e+000
  3.4613390e+000
  3.2365897e+000
  2.8912021e+000
  2.4244836e+000
  1.8412928e+000
  1.1513657e+000
  3.6846463e-001
 -4.9049754e-001
 -1.4062304e+000
 -2.3576529e+000
 -3.3222704e+000
 -4.2763753e+000
 -5.1951553e+000
 -6.0528215e+000
 -6.8228746e+000
 -7.4786040e+000
 -7.9938729e+000
 -8.3441830e+000
 -8.5079518e+000
 -8.4678820e+000
 -8.2122645e+000
 -7.7360515e+000
 -7.0415476e+000
 -6.1386177e+000
 -5.0443689e+000
 -3.7823371e+000
 -2.3812783e+000
 -8.7371487e-001
  7.0558222e-001
  2.3209998e+000
  3.9372315e+000
  5.5200825e+000
  7.0369150e+000
  8.4567926e+000
  9.7504445e+000
  1.0890211e+001
  1.1850136e+001
  1.2606353e+001
  1.3137837e+001
  1.3427535e+001
  1.3463790e+001
  1.3241879e+001
  1.2765451e+001
  1.2047595e+001
  1.1111321e+001
  9.9892431e+000
  8.7223996e+000
  7.3582211e+000
  5.9477928e+000
  4.5426655e+000
  3.1915406e+000
  1.9371929e+000
  8.1397253e-001
 -1.5383684e-001
 -9.5263679e-001
 -1.5790780e+000
 -2.0386778e+000
 -2.3437260e+000
 -2.5108067e+000
 -2.5583046e+000
 -2.5042557e+000
 -2.3648320e+000
 -2.1536419e+000
 -1.8818888e+000
 -1.5592852e+000
 -1.1954946e+000
 -8.0177767e-001
 -3.9248359e-001
  1.3957570e-002
  3.9481031e-001
  7.2372679e-001
  9.7236118e-001
  1.1127573e+000
  1.1202285e+000
  9.7635607e-001
  6.7168967e-001
  2.0775731e-001
 -4.0193163e-001
 -1.1320796e+000
 -1.9470260e+000
 -2.8032774e+000
 -3.6528753e+000
 -4.4472236e+000
 -5.1409477e+000
 -5.6953597e+000
 -6.0811685e+000
 -6.2801806e+000
 -6.2858786e+000
 -6.1029095e+000
 -5.7456497e+000
 -5.2361188e+000
 -4.6015674e+000
 -3.8720749e+000
 -3.0784456e+000
 -2.2506132e+000
 -1.4166519e+000
 -6.0238344e-001
  1.6853781e-001
  8.7424679e-001
  1.4942222e+000
  2.0089892e+000
  2.4001411e+000
  2.6507756e+000
  2.7463501e+000
  2.6758714e+000
  2.4332569e+000
  2.0186640e+000
  1.4395648e+000
  7.1137380e-001
 -1.4251093e-001
 -1.0913167e+000
 -2.0981303e+000
 -3.1216546e+000
 -4.1183206e+000
 -5.0445525e+000
 -5.8589762e+000
 -6.5243870e+000
 -7.0093373e+000
 -7.2892678e+000
 -7.3471689e+000
 -7.1738148e+000
 -6.7676533e+000
 -6.1344497e+000
 -5.2867826e+000
 -4.2434631e+000
 -3.0289170e+000
 -1.6725309e+000
 -2.0793660e-001
  1.3278125e+000
  2.8952147e+000
  4.4534652e+000
  5.9617634e+000
  7.3807293e+000
  8.6738397e+000
  9.8087647e+000
  1.0758479e+001
  1.1502031e+001
  1.2024900e+001
  1.2318903e+001
  1.2381706e+001
  1.2216026e+001
  1.1828681e+001
  1.1229640e+001
  1.0431273e+001
  9.4478878e+000
  8.2956663e+000
  6.9929579e+000
  5.5608566e+000
  4.0238910e+000
  2.4106154e+000
  7.5387883e-001
 -9.0942702e-001
 -2.5392718e+000
 -4.0940770e+000
 -5.5329148e+000
 -6.8181214e+000
 -7.9180412e+000
 -8.8095559e+000
 -9.4800472e+000
 -9.9284838e+000
 -1.0165416e+001
 -1.0211795e+001
 -1.0096697e+001
 -9.8541576e+000
 -9.5194943e+000
 -9.1255416e+000
 -8.6992704e+000
 -8.2592212e+000
 -7.8140811e+000
 -7.3625838e+000
 -6.8947395e+000
 -6.3942134e+000
 -5.8415181e+000
 -5.2175671e+000
 -4.5070875e+000
 -3.7014099e+000
 -2.8002408e+000
 -1.8121698e+000
 -7.5384561e-001
  3.5205358e-001
  1.4797544e+000
  2.6037946e+000
  3.7023987e+000
  4.7603214e+000
  5.7707327e+000
  6.7358515e+000
  7.6662138e+000
  8.5786534e+000
  9.4932554e+000
  1.0429690e+001
  1.1403421e+001
  1.2422303e+001
  1.3484028e+001
  1.4574779e+001
  1.5669266e+001
  1.6732162e+001
  1.7720763e+001
  1.8588537e+001
  1.9289138e+001
  1.9780411e+001
  2.0027912e+001
  2.0007579e+001
  1.9707291e+001
  1.9127196e+001
  1.8278881e+001
  1.7183547e+001
  1.5869510e+001
  1.4369363e+001
  1.2717181e+001
  1.0946098e+001
  9.0864894e+000
  7.1649278e+000
  5.2039236e+000
  3.2223875e+000
  1.2366442e+000
 -7.3822033e-001
 -2.6869219e+000
 -4.5926826e+000
 -6.4362659e+000
 -8.1954742e+000
 -9.8451685e+000
 -1.1357802e+001
 -1.2704403e+001
 -1.3855889e+001
 -1.4784589e+001
 -1.5465824e+001
 -1.5879411e+001
 -1.6010986e+001
 -1.5853044e+001
 -1.5405650e+001
 -1.4676769e+001
 -1.3682212e+001
 -1.2445190e+001
 -1.0995516e+001
 -9.3684714e+000
 -7.6034099e+000
 -5.7421636e+000
 -3.8273461e+000
 -1.9006579e+000
 -1.3089569e-003
  1.8353275e+000
  3.5787302e+000
  5.2038391e+000
  6.6912246e+000
  8.0268269e+000
  9.2013274e+000
  1.0209259e+001
  1.1047994e+001
  1.1716770e+001
  1.2215900e+001
  1.2546282e+001
  1.2709296e+001
  1.2707072e+001
  1.2543089e+001
  1.2222965e+001
  1.1755291e+001
  1.1152293e+001
  1.0430169e+001
  9.6089542e+000
  8.7118382e+000
  7.7639590e+000
  6.7907654e+000
  5.8161332e+000
  4.8604680e+000
  3.9390544e+000
  3.0608945e+000
  2.2282233e+000
  1.4368063e+000
  6.7701537e-001
 -6.4430109e-002
 -8.0226842e-001
 -1.5503292e+000
 -2.3193097e+000
 -3.1149918e+000
 -3.9371415e+000
 -4.7792322e+000
 -5.6290188e+000
 -6.4698616e+000
 -7.2825903e+000
 -8.0476197e+000
 -8.7469918e+000
 -9.3660368e+000
 -9.8944069e+000
 -1.0326343e+001
 -1.0660153e+001
 -1.0897033e+001
 -1.1039428e+001
 -1.1089279e+001
 -1.1046454e+001
 -1.0907685e+001
 -1.0666253e+001
 -1.0312510e+001
 -9.8352316e+000
 -9.2236184e+000
 -8.4696737e+000
 -7.5705843e+000
 -6.5307283e+000
 -5.3629628e+000
 -4.0889411e+000
 -2.7383461e+000
 -1.3470848e+000
  4.5356424e-002
  1.3990637e+000
  2.6769407e+000
  3.8476127e+000
  4.8875962e+000
  5.7824470e+000
  6.5267462e+000
  7.1229579e+000
  7.5793557e+000
  7.9073604e+000
  8.1187143e+000
  8.2229428e+000
  8.2255079e+000
  8.1269465e+000
  7.9231343e+000
  7.6066331e+000
  7.1689072e+000
  6.6030527e+000
  5.9065936e+000
  5.0838798e+000
  4.1476767e+000
  3.1196507e+000
  2.0296242e+000
  9.1365958e-001
 -1.8878813e-001
 -1.2382597e+000
 -2.1987477e+000
 -3.0407265e+000
 -3.7433242e+000
 -4.2953318e+000
 -4.6949193e+000
 -4.9481274e+000
 -5.0663924e+000
 -5.0635129e+000
 -4.9525568e+000
 -4.7432202e+000
 -4.4400840e+000
 -4.0420740e+000
 -3.5432474e+000
 -2.9348126e+000
 -2.2080929e+000
 -1.3579815e+000
 -3.8633942e-001
  6.9522294e-001
  1.8636746e+000
  3.0843462e+000
  4.3123119e+000
  5.4952864e+000
  6.5777368e+000
  7.5057256e+000
  8.2318884e+000
  8.7199199e+000
  8.9479983e+000
  8.9107188e+000
  8.6193014e+000
  8.1000745e+000
  7.3914586e+000
  6.5398729e+000
  5.5951173e+000
  4.6058358e+000
  3.6156268e+000
  2.6602568e+000
  1.7662470e+000
  9.5089653e-001
  2.2358509e-001
 -4.1198488e-001
 -9.5507597e-001
 -1.4052550e+000
 -1.7602747e+000
 -2.0148818e+000
 -2.1607670e+000
 -2.1876754e+000
 -2.0854889e+000
 -1.8469250e+000
 -1.4703759e+000
 -9.6237423e-001
 -3.3920850e-001
  3.7267022e-001
  1.1376362e+000
  1.9132507e+000
  2.6537671e+000
  3.3143748e+000
  3.8556513e+000
  4.2476515e+000
  4.4730960e+000
  4.5292368e+000
  4.4281528e+000
  4.1954374e+000
  3.8674557e+000
  3.4875346e+000
  3.1015864e+000
  2.7537232e+000
  2.4824039e+000
  2.3175567e+000
  2.2789645e+000
  2.3760060e+000
  2.6086441e+000
  2.9693777e+000
  3.4457412e+000
  4.0228801e+000
  4.6857463e+000
  5.4205436e+000
  6.2152060e+000
  7.0588649e+000
  7.9404542e+000
  8.8467577e+000
  9.7603179e+000
  1.0657668e+001
  1.1508312e+001
  1.2274784e+001
  1.2913941e+001
  1.3379472e+001
  1.3625391e+001
  1.3610133e+001
  1.3300735e+001
  1.2676568e+001
  1.1732102e+001
  1.0478306e+001
  8.9424602e+000
  7.1663601e+000
  5.2031133e+000
  3.1129100e+000
  9.5829155e-001
 -1.2005024e+000
 -3.3095405e+000
 -5.3240962e+000
 -7.2101304e+000
 -8.9442639e+000
 -1.0512355e+001
 -1.1907003e+001
 -1.3124429e+001
 -1.4161285e+001
 -1.5011929e+001
 -1.5666601e+001
 -1.6110839e+001
 -1.6326223e+001
 -1.6292351e+001
 -1.5989778e+001
 -1.5403451e+001
 -1.4526135e+001
 -1.3361296e+001
 -1.1924977e+001
 -1.0246363e+001
 -8.3668922e+000
 -6.3379895e+000
 -4.2176941e+000
 -2.0665931e+000
  5.6424972e-002
  2.0980710e+000
  4.0137439e+000
  5.7694660e+000
  7.3424972e+000
  8.7206541e+000
  9.9005436e+000
  1.0885069e+001
  1.1680661e+001
  1.2294697e+001
  1.2733531e+001
  1.3001434e+001
  1.3100579e+001
  1.3032037e+001
  1.2797556e+001
  1.2401785e+001
  1.1854494e+001
  1.1172350e+001
  1.0379856e+001
  9.5091697e+000
  8.5987242e+000
  7.6906923e+000
  6.8275757e+000
  6.0483025e+000
  5.3843199e+000
  4.8561858e+000
  4.4711090e+000
  4.2217749e+000
  4.0866300e+000
  4.0316154e+000
  4.0131549e+000
  3.9820540e+000
  3.8878603e+000
  3.6831962e+000
  3.3276037e+000
  2.7905258e+000
  2.0531846e+000
  1.1092730e+000
 -3.5462914e-002
 -1.3645382e+000
 -2.8526342e+000
 -4.4677458e+000
 -6.1732421e+000
 -7.9295785e+000
 -9.6955059e+000
 -1.1428748e+001
 -1.3086244e+001
 -1.4624139e+001
 -1.5997796e+001
 -1.7162063e+001
 -1.8072042e+001
 -1.8684472e+001
 -1.8959756e+001
 -1.8864509e+001
 -1.8374403e+001
 -1.7476993e+001
 -1.6174146e+001
 -1.4483733e+001
 -1.2440280e+001
 -1.0094404e+001
 -7.5109670e+000
 -4.7660709e+000
 -1.9431223e+000
  8.7167771e-001
  3.5940006e+000
  6.1457846e+000
  8.4589693e+000
  1.0478272e+001
  1.2162837e+001
  1.3486711e+001
  1.4438269e+001
  1.5018785e+001
  1.5240448e+001
  1.5124153e+001
  1.4697358e+001
  1.3992254e+001
  1.3044410e+001
  1.1891922e+001
  1.0575013e+001
  9.1359376e+000
  7.6189828e+000
  6.0703390e+000
  4.5376494e+000
  3.0690914e+000
  1.7119357e+000
  5.1062389e-001
 -4.9550092e-001
 -1.2745985e+000
 -1.8046109e+000
 -2.0751433e+000
 -2.0887002e+000
 -1.8610848e+000
 -1.4208583e+000
 -8.0785174e-001
 -7.0821466e-002
  7.3556895e-001
  1.5541943e+000
  2.3290552e+000
  3.0087151e+000
  3.5493217e+000
  3.9169933e+000
  4.0894230e+000
  4.0566294e+000
  3.8208577e+000
  3.3957088e+000
  2.8046254e+000
  2.0789026e+000
  1.2554088e+000
  3.7420372e-001
 -5.2377759e-001
 -1.3988300e+000
 -2.2142636e+000
 -2.9377981e+000
 -3.5425330e+000
 -4.0074974e+000
 -4.3178139e+000
 -4.4645369e+000
 -4.4442472e+000
 -4.2584909e+000
 -3.9131589e+000
 -3.4178910e+000
 -2.7855763e+000
 -2.0319956e+000
 -1.1756211e+000
 -2.3755341e-001
  7.5845609e-001
  1.7859794e+000
  2.8159833e+000
  3.8171025e+000
  4.7562065e+000
  5.5993246e+000
  6.3129467e+000
  6.8656626e+000
  7.2300443e+000
  7.3846215e+000
  7.3157570e+000
  7.0192123e+000
  6.5011971e+000
  5.7787338e+000
  4.8792275e+000
  3.8392144e+000
  2.7023545e+000
  1.5168237e+000
  3.3233689e-001
 -8.0291394e-001
 -1.8451075e+000
 -2.7571491e+000
 -3.5103150e+000
 -4.0850520e+000
 -4.4709085e+000
 -4.6656812e+000
 -4.6739598e+000
 -4.5053247e+000
 -4.1724870e+000
 -3.6896504e+000
 -3.0713263e+000
 -2.3317457e+000
 -1.4849050e+000
 -5.4517049e-001
  4.7173592e-001
  1.5476205e+000
  2.6608522e+000
  3.7858167e+000
  4.8929985e+000
  5.9498021e+000
  6.9221049e+000
  7.7764082e+000
  8.4823460e+000
  9.0152325e+000
  9.3583022e+000
  9.5043164e+000
  9.4562845e+000
  9.2271627e+000
  8.8385311e+000
  8.3183933e+000
  7.6983701e+000
  7.0106452e+000
  6.2850593e+000
  5.5467292e+000
  4.8144910e+000
  4.1003456e+000
  3.4099351e+000
  2.7439268e+000
  2.1000425e+000
  1.4753788e+000
  8.6861777e-001
  2.8175100e-001
 -2.7898516e-001
 -8.0313638e-001
 -1.2770395e+000
 -1.6856736e+000
 -2.0150736e+000
 -2.2549260e+000
 -2.4009266e+000
 -2.4565013e+000
 -2.4335755e+000
 -2.3522096e+000
 -2.2390855e+000
 -2.1249917e+000
 -2.0416110e+000
 -2.0180148e+000
 -2.0773227e+000
 -2.2339635e+000
 -2.4918986e+000
 -2.8440336e+000
 -3.2728816e+000
 -3.7523751e+000
 -4.2505661e+000
 -4.7328452e+000
 -5.1652547e+000
 -5.5174760e+000
 -5.7651393e+000
 -5.8912215e+000
 -5.8864439e+000
 -5.7487316e+000
 -5.4819366e+000
 -5.0941213e+000
 -4.5957455e+000
 -3.9980900e+000
 -3.3121816e+000
 -2.5483769e+000
 -1.7166315e+000
 -8.2734591e-001
  1.0743118e-001
  1.0727347e+000
  2.0496660e+000
  3.0149074e+000
  3.9409681e+000
  4.7972429e+000
  5.5518273e+000
  6.1739054e+000
  6.6364204e+000
  6.9186773e+000
  7.0085192e+000
  6.9037666e+000
  6.6127040e+000
  6.1535261e+000
  5.5527999e+000
  4.8431328e+000
  4.0603427e+000
  3.2404877e+000
  2.4171228e+000
  1.6191031e+000
  8.6916423e-001
  1.8338649e-001
 -4.2848338e-001
 -9.6200500e-001
 -1.4165587e+000
 -1.7937027e+000
 -2.0956767e+000
 -2.3243111e+000
 -2.4805107e+000
 -2.5643741e+000
 -2.5758851e+000
 -2.5160104e+000
 -2.3879584e+000
 -2.1983210e+000
 -1.9578344e+000
 -1.6815540e+000
 -1.3883322e+000
 -1.0996051e+000
 -8.3760782e-001
 -6.2323960e-001
 -4.7386470e-001
 -4.0135740e-001
 -4.1067436e-001
 -4.9916839e-001
 -6.5675571e-001
 -8.6692939e-001
 -1.1084934e+000
 -1.3577921e+000
 -1.5911453e+000
 -1.7871753e+000
 -1.9287373e+000
 -2.0042298e+000
 -2.0081553e+000
 -1.9409170e+000
 -1.8079424e+000
 -1.6183186e+000
 -1.3831830e+000
 -1.1141315e+000
 -8.2188595e-001
 -5.1540218e-001
 -2.0151585e-001
  1.1487255e-001
  4.3016660e-001
  7.4116234e-001
  1.0440664e+000
  1.3336609e+000
  1.6028029e+000
  1.8423853e+000
  2.0418034e+000
  2.1898852e+000
  2.2761565e+000
  2.2922574e+000
  2.2332877e+000
  2.0988697e+000
  1.8937483e+000
  1.6278160e+000
  1.3155356e+000
  9.7481568e-001
  6.2547743e-001
  2.8750687e-001
 -2.0684482e-002
 -2.8377106e-001
 -4.9061358e-001
 -6.3482666e-001
 -7.1476943e-001
 -7.3299658e-001
 -6.9528042e-001
 -6.0936935e-001
 -4.8367696e-001
 -3.2609486e-001
 -1.4309400e-001
  6.0772940e-002
  2.8292067e-001
  5.2235495e-001
  7.7895659e-001
  1.0525599e+000
  1.3419855e+000
  1.6441900e+000
  1.9536709e+000
  2.2622276e+000
  2.5591226e+000
  2.8316320e+000
  3.0659191e+000
  3.2481266e+000
  3.3655544e+000
  3.4077855e+000
  3.3676362e+000
  3.2418298e+000
  3.0313361e+000
  2.7413559e+000
  2.3809744e+000
  1.9625369e+000
  1.5008277e+000
  1.0121400e+000
  5.1332878e-001
  2.0923479e-002
 -4.4963626e-001
 -8.8460340e-001
 -1.2723458e+000
 -1.6035893e+000
 -1.8714986e+000
 -2.0716217e+000
 -2.2017308e+000
 -2.2615920e+000
 -2.2526961e+000
 -2.1779775e+000
 -2.0415463e+000
 -1.8484501e+000
 -1.6044822e+000
 -1.3160425e+000
 -9.9005311e-001
 -6.3392586e-001
 -2.5556676e-001
  1.3660094e-001
  5.3362183e-001
  9.2603168e-001
  1.3039488e+000
  1.6572582e+000
  1.9759053e+000
  2.2502969e+000
  2.4717972e+000
  2.6332796e+000
  2.7296871e+000
  2.7585370e+000
  2.7203049e+000
  2.6186271e+000
  2.4602744e+000
  2.2548736e+000
  2.0143801e+000
  1.7523341e+000
  1.4829634e+000
  1.2202118e+000
  9.7678995e-001
  7.6333858e-001
  5.8778697e-001
  4.5496212e-001
  3.6647539e-001
  3.2087851e-001
  3.1404859e-001
  3.3973631e-001
  3.9019601e-001
  4.5681378e-001
  5.3066001e-001
  6.0291388e-001
  6.6513589e-001
  7.0939577e-001
  7.2829135e-001
  7.1491487e-001
  6.6283268e-001
  5.6614102e-001
  4.1964429e-001
  2.1917651e-001
 -3.7945333e-002
 -3.5237947e-001
 -7.2219921e-001
 -1.1424017e+000
 -1.6045762e+000
 -2.0968111e+000
 -2.6038949e+000
 -3.1078313e+000
 -3.5886491e+000
 -4.0254479e+000
 -4.3975903e+000
 -4.6859286e+000
 -4.8739495e+000
 -4.9487314e+000
 -4.9016294e+000
 -4.7286425e+000
 -4.4304529e+000
 -4.0121679e+000
 -3.4828269e+000
 -2.8547569e+000
 -2.1428659e+000
 -1.3639570e+000
 -5.3612656e-001
  3.2171941e-001
  1.1902265e+000
  2.0498575e+000
  2.8811082e+000
  3.6647320e+000
  4.3820280e+000
  5.0152321e+000
  5.5480276e+000
  5.9661616e+000
  6.2581227e+000
  6.4158135e+000
  6.4351370e+000
  6.3164131e+000
  6.0645563e+000
  5.6889678e+000
  5.2031296e+000
  4.6239223e+000
  3.9707250e+000
  3.2643784e+000
  2.5261115e+000
  1.7765298e+000
  1.0347532e+000
  3.1776614e-001
 -3.5998868e-001
 -9.8677527e-001
 -1.5535221e+000
 -2.0536301e+000
 -2.4827007e+000
 -2.8382527e+000
 -3.1194864e+000
 -3.3271291e+000
 -3.4633717e+000
 -3.5318788e+000
 -3.5378297e+000
 -3.4879400e+000
 -3.3904048e+000
 -3.2547182e+000
 -3.0913420e+000
 -2.9112222e+000
 -2.7251798e+000
 -2.5432308e+000
 -2.3739043e+000
 -2.2236391e+000
 -2.0963337e+000
 -1.9931074e+000
 -1.9123067e+000
 -1.8497608e+000
 -1.7992549e+000
 -1.7531693e+000
 -1.7032068e+000
 -1.6411272e+000
 -1.5594114e+000
 -1.4517901e+000
 -1.3135990e+000
 -1.1419464e+000
 -9.3570766e-001
 -6.9538445e-001
 -4.2287755e-001
 -1.2123042e-001
  2.0560796e-001
  5.5296470e-001
  9.1555314e-001
  1.2875158e+000
  1.6624234e+000
  2.0332649e+000
  2.3924693e+000
  2.7319927e+000
  3.0434959e+000
  3.3186151e+000
  3.5493130e+000
  3.7282773e+000
  3.8493202e+000
  3.9077316e+000
  3.9005376e+000
  3.8266342e+000
  3.6867788e+000
  3.4834500e+000
  3.2206016e+000
  2.9033563e+000
  2.5376908e+000
  2.1301639e+000
  1.6877267e+000
  1.2176384e+000
  7.2748583e-001
  2.2528235e-001
 -2.8039744e-001
 -7.8030253e-001
 -1.2644677e+000
 -1.7223013e+000
 -2.1428275e+000
 -2.5150874e+000
 -2.8286740e+000
 -3.0743483e+000
 -3.2446684e+000
 -3.3345480e+000
 -3.3416693e+000
 -3.2666891e+000
 -3.1132002e+000
 -2.8874488e+000
 -2.5978362e+000
 -2.2542697e+000
 -1.8674432e+000
 -1.4481425e+000
 -1.0066609e+000
 -5.5239569e-001
 -9.3663836e-002
  3.6225832e-001
  8.0890380e-001
  1.2402552e+000
  1.6503408e+000
  2.0328767e+000
  2.3810402e+000
  2.6874346e+000
  2.9442767e+000
  3.1437978e+000
  3.2788161e+000
  3.3434025e+000
  3.3335482e+000
  3.2477333e+000
  3.0873098e+000
  2.8566355e+000
  2.5629279e+000
  2.2158524e+000
  1.8268894e+000
  1.4085605e+000
  9.7361206e-001
  5.3425430e-001
  1.0154732e-001
 -3.1500310e-001
 -7.0760936e-001
 -1.0701336e+000
 -1.3978301e+000
 -1.6869698e+000
 -1.9344325e+000
 -2.1373552e+000
 -2.2929096e+000
 -2.3982568e+000
 -2.4506958e+000
 -2.4479821e+000
 -2.3887681e+000
 -2.2730845e+000
 -2.1027796e+000
 -1.8818300e+000
 -1.6164584e+000
 -1.3150167e+000
 -9.8763188e-001
 -6.4564398e-001
 -3.0089705e-001
  3.5033533e-002
  3.5158649e-001
  6.3984595e-001
  8.9298958e-001
  1.1065117e+000
  1.2782126e+000
  1.4079784e+000
  1.4974023e+000
  1.5493201e+000
  1.5673352e+000
  1.5554072e+000
  1.5175573e+000
  1.4577204e+000
  1.3797449e+000
  1.2875102e+000
  1.1851125e+000
  1.0770548e+000
  9.6837334e-001
  8.6464609e-001
  7.7184581e-001
  6.9602805e-001
  6.4287389e-001
  6.1713443e-001
  6.2204472e-001
  6.5878654e-001
  7.2607881e-001
  8.1996315e-001
  9.3383005e-001
  1.0587032e+000
  1.1837676e+000
  1.2970994e+000
  1.3865269e+000
  1.4405444e+000
  1.4491857e+000
  1.4047805e+000
  1.3025226e+000
  1.1408098e+000
  9.2133443e-001
  6.4893621e-001
  3.3124835e-001
 -2.1812263e-002
 -3.9865042e-001
 -7.8663121e-001
 -1.1726949e+000
 -1.5439029e+000
 -1.8878852e+000
 -2.1931766e+000
 -2.4494453e+000
 -2.6476306e+000
 -2.7800151e+000
 -2.8402623e+000
 -2.8234471e+000
 -2.7261041e+000
 -2.5463089e+000
 -2.2837981e+000
 -1.9401231e+000
 -1.5188222e+000
 -1.0255893e+000
 -4.6841087e-001
  1.4236046e-001
  7.9402297e-001
  1.4716608e+000
  2.1584139e+000
  2.8358922e+000
  3.4847294e+000
  4.0852620e+000
  4.6183035e+000
  5.0659726e+000
  5.4125255e+000
  5.6451352e+000
  5.7545598e+000
  5.7356460e+000
  5.5876232e+000
  5.3141580e+000
  4.9231605e+000
  4.4263510e+000
  3.8386214e+000
  3.1772425e+000
  2.4609836e+000
  1.7092175e+000
  9.4108612e-001
  1.7478871e-001
 -5.7295709e-001
 -1.2872573e+000
 -1.9551857e+000
 -2.5657537e+000
 -3.1097521e+000
 -3.5795230e+000
 -3.9687271e+000
 -4.2721654e+000
 -4.4857023e+000
 -4.6063143e+000
 -4.6322650e+000
 -4.5633790e+000
 -4.4013683e+000
 -4.1501461e+000
 -3.8160607e+000
 -3.4079848e+000
 -2.9372142e+000
 -2.4171490e+000
 -1.8627659e+000
 -1.2899121e+000
 -7.1448473e-001
 -1.5157157e-001
  3.8535817e-001
  8.8513120e-001
  1.3393473e+000
  1.7426130e+000
  2.0925175e+000
  2.3893700e+000
  2.6357433e+000
  2.8358920e+000
  2.9951234e+000
  3.1191991e+000
  3.2138338e+000
  3.2843367e+000
  3.3354162e+000
  3.3711388e+000
  3.3950098e+000
  3.4101261e+000
  3.4193404e+000
  3.4253814e+000
  3.4308835e+000
  3.4383017e+000
  3.4497096e+000
  3.4665036e+000
  3.4890581e+000
  3.5163871e+000
  3.5458760e+000
  3.5731381e+000
  3.5920373e+000
  3.5948961e+000
  3.5728850e+000
  3.5165619e+000
  3.4165136e+000
  3.2640348e+000
  3.0517815e+000
  2.7743333e+000
  2.4286213e+000
  2.0141888e+000
  1.5332804e+000
  9.9077092e-001
  3.9396377e-001
 -2.4770072e-001
 -9.2298646e-001
 -1.6192137e+000
 -2.3225956e+000
 -3.0185463e+000
 -3.6919611e+000
 -4.3274821e+000
 -4.9097702e+000
 -5.4238044e+000
 -5.8552266e+000
 -6.1907385e+000
 -6.4185447e+000
 -6.5288232e+000
 -6.5141910e+000
 -6.3701275e+000
 -6.0953136e+000
 -5.6918533e+000
 -5.1653508e+000
 -4.5248333e+000
 -3.7825239e+000
 -2.9534852e+000
 -2.0551629e+000
 -1.1068670e+000
 -1.2922545e-001
  8.5635779e-001
  1.8282231e+000
  2.7649445e+000
  3.6457928e+000
  4.4511848e+000
  5.1631346e+000
  5.7657181e+000
  6.2455557e+000
  6.5923027e+000
  6.7991220e+000
  6.8631017e+000
  6.7855673e+000
  6.5722386e+000
  6.2331838e+000
  5.7825405e+000
  5.2379920e+000
  4.6200143e+000
  3.9509361e+000
  3.2538772e+000
  2.5516485e+000
  1.8657023e+000
  1.2152186e+000
  6.1639802e-001
  8.2006771e-002
 -3.7881126e-001
 -7.6047024e-001
 -1.0606708e+000
 -1.2799855e+000
 -1.4213774e+000
 -1.4897241e+000
 -1.4914086e+000
 -1.4340141e+000
 -1.3261351e+000
 -1.1772835e+000
 -9.9785230e-001
 -7.9907528e-001
 -5.9292363e-001
 -3.9188410e-001
 -2.0858406e-001
 -5.5255746e-002
  5.6936681e-002
  1.1865368e-001
  1.2314295e-001
  6.6917395e-002
 -4.9742716e-002
 -2.2254099e-001
 -4.4322164e-001
 -6.9994957e-001
 -9.7799334e-001
 -1.2606544e+000
 -1.5303564e+000
 -1.7697894e+000
 -1.9630009e+000
 -2.0963343e+000
 -2.1591377e+000
 -2.1441990e+000
 -2.0478972e+000
 -1.8700962e+000
 -1.6138345e+000
 -1.2848829e+000
 -8.9124806e-001
 -4.4269222e-001
  4.9677424e-002
  5.7372232e-001
  1.1164889e+000
  1.6643530e+000
  2.2031370e+000
  2.7182520e+000
  3.1949164e+000
  3.6184879e+000
  3.9749242e+000
  4.2513611e+000
  4.4367710e+000
  4.5226412e+000
  4.5035988e+000
  4.3779061e+000
  4.1477596e+000
  3.8193450e+000
  3.4026267e+000
  2.9108844e+000
  2.3600344e+000
  1.7678001e+000
  1.1528118e+000
  5.3371707e-001
 -7.1621685e-002
 -6.4678453e-001
 -1.1772710e+000
 -1.6507893e+000
 -2.0573739e+000
 -2.3893694e+000
 -2.6413275e+000
 -2.8098684e+000
 -2.8935484e+000
 -2.8927644e+000
 -2.8097032e+000
 -2.6483278e+000
 -2.4143761e+000
 -2.1153365e+000
 -1.7603642e+000
 -1.3601087e+000
 -9.2643504e-001
 -4.7203894e-001
 -9.9776361e-003
  4.4684919e-001
  8.8622026e-001
  1.2970648e+000
  1.6698408e+000
  1.9967863e+000
  2.2720299e+000
  2.4915660e+000
  2.6531217e+000
  2.7559542e+000
  2.8006278e+000
  2.7888151e+000
  2.7231600e+000
  2.6072215e+000
  2.4454959e+000
  2.2434960e+000
  2.0078488e+000
  1.7463604e+000
  1.4679989e+000
  1.1827554e+000
  9.0135624e-001
  6.3482943e-001
  3.9394909e-001
  1.8860738e-001
  2.7180218e-002
 -8.4039172e-002
 -1.4126860e-001
 -1.4347123e-001
 -9.2364112e-002
  7.8016577e-003
  1.5066066e-001
  3.2829770e-001
  5.3188310e-001
  7.5229693e-001
  9.8066558e-001
  1.2087506e+000
  1.4291564e+000
  1.6353540e+000
  1.8215514e+000
  1.9824641e+000
  2.1130616e+000
  2.2083645e+000
  2.2633621e+000
  2.2730982e+000
  2.2329419e+000
  2.1390263e+000
  1.9888056e+000
  1.7816540e+000
  1.5194137e+000
  1.2067985e+000
  8.5157354e-001
  4.6445651e-001
  5.8720456e-002
 -3.5047990e-001
 -7.4700113e-001
 -1.1147345e+000
 -1.4386530e+000
 -1.7057719e+000
 -1.9059232e+000
 -2.0322711e+000
 -2.0815286e+000
 -2.0538745e+000
 -1.9526094e+000
 -1.7836173e+000
 -1.5547202e+000
 -1.2750181e+000
 -9.5429848e-001
 -6.0257635e-001
 -2.2979982e-001
  1.5428090e-001
  5.4011092e-001
  9.1825016e-001
  1.2792828e+000
  1.6137849e+000
  1.9124062e+000
  2.1660985e+000
  2.3664938e+000
  2.5064058e+000
  2.5803971e+000
  2.5853406e+000
  2.5208919e+000
  2.3897967e+000
  2.1979748e+000
  1.9543486e+000
  1.6704179e+000
  1.3596152e+000
  1.0365033e+000
  7.1589847e-001
  4.1200952e-001
  1.3767612e-001
 -9.6223453e-002
 -2.8115388e-001
 -4.1108157e-001
 -4.8242954e-001
 -4.9387345e-001
 -4.4604102e-001
 -3.4118360e-001
 -1.8288325e-001
  2.4156917e-002
  2.7421451e-001
  5.6054417e-001
  8.7529599e-001
  1.2094043e+000
  1.5525064e+000
  1.8929517e+000
  2.2179524e+000
  2.5139052e+000
  2.7668919e+000
  2.9633351e+000
  3.0907602e+000
  3.1385965e+000
  3.0989382e+000
  2.9671841e+000
  2.7424898e+000
  2.4279804e+000
  2.0307021e+000
  1.5613159e+000
  1.0335661e+000
  4.6357576e-001
 -1.3096334e-001
 -7.3163476e-001
 -1.3201084e+000
 -1.8788639e+000
 -2.3917887e+000
 -2.8446360e+000
 -3.2253426e+000
 -3.5242262e+000
 -3.7340899e+000
 -3.8502631e+000
 -3.8706075e+000
 -3.7955070e+000
 -3.6278469e+000
 -3.3729799e+000
 -3.0386626e+000
 -2.6349415e+000
 -2.1739653e+000
 -1.6697071e+000
 -1.1375844e+000
 -5.9398070e-001
 -5.5682601e-002
  4.6073970e-001
  9.3957344e-001
  1.3665851e+000
  1.7295828e+000
  2.0188843e+000
  2.2276643e+000
  2.3521657e+000
  2.3917721e+000
  2.3489478e+000
  2.2290608e+000
  2.0401083e+000
  1.7923656e+000
  1.4979772e+000
  1.1705058e+000
  8.2445011e-001
  4.7473947e-001
  1.3621116e-001
 -1.7692218e-001
 -4.5160496e-001
 -6.7645524e-001
 -8.4224458e-001
 -9.4231506e-001
 -9.7290468e-001
 -9.3335302e-001
 -8.2616351e-001
 -6.5690723e-001
 -4.3396489e-001
 -1.6811720e-001
  1.2799260e-001
  4.4048823e-001
  7.5493792e-001
  1.0570325e+000
  1.3332186e+000
  1.5712480e+000
  1.7606164e+000
  1.8928774e+000
  1.9618326e+000
  1.9636105e+000
  1.8966568e+000
  1.7616632e+000
  1.5614592e+000
  1.3008902e+000
  9.8669123e-001
  6.2736041e-001
  2.3302027e-001
 -1.8474804e-001
 -6.1311983e-001
 -1.0383114e+000
 -1.4459487e+000
 -1.8215243e+000
 -2.1509339e+000
 -2.4210700e+000
 -2.6204373e+000
 -2.7397456e+000
 -2.7724323e+000
 -2.7150688e+000
 -2.5676115e+000
 -2.3334738e+000
 -2.0194097e+000
 -1.6352171e+000
 -1.1932877e+000
 -7.0803894e-001
 -1.9527632e-001
  3.2846758e-001
  8.4657269e-001
  1.3429141e+000
  1.8023649e+000
  2.2112089e+000
  2.5574659e+000
  2.8311425e+000
  3.0244251e+000
  3.1318339e+000
  3.1503525e+000
  3.0795391e+000
  2.9216153e+000
  2.6815206e+000
  2.3669106e+000
  1.9880739e+000
  1.5577423e+000
  1.0907766e+000
  6.0371754e-001
  1.1420828e-001
 -3.5969322e-001
 -8.0027656e-001
 -1.1909711e+000
 -1.5171149e+000
 -1.7666462e+000
 -1.9306686e+000
 -2.0038503e+000
 -1.9846314e+000
 -1.8752321e+000
 -1.6814694e+000
 -1.4124049e+000
 -1.0798581e+000
 -6.9782729e-001
 -2.8185777e-001
  1.5160135e-001
  5.8582218e-001
  1.0043820e+000
  1.3916943e+000
  1.7334833e+000
  2.0172047e+000
  2.2324173e+000
  2.3711104e+000
  2.4279861e+000
  2.4006904e+000
  2.2899819e+000
  2.0998169e+000
  1.8373321e+000
  1.5127030e+000
  1.1388617e+000
  7.3106681e-001
  3.0632893e-001
 -1.1729023e-001
 -5.2147505e-001
 -8.8850711e-001
 -1.2021194e+000
 -1.4482998e+000
 -1.6159904e+000
 -1.6976375e+000
 -1.6895558e+000
 -1.5920868e+000
 -1.4095451e+000
 -1.1499630e+000
 -8.2465727e-001
 -4.4765039e-001
 -3.4989349e-002
  3.9599752e-001
  8.2746315e-001
  1.2417876e+000
  1.6222769e+000
  1.9537926e+000
  2.2232954e+000
  2.4202947e+000
  2.5371964e+000
  2.5695470e+000
  2.5161707e+000
  2.3791969e+000
  2.1639768e+000
  1.8788852e+000
  1.5350100e+000
  1.1457321e+000
  7.2620566e-001
  2.9275438e-001
 -1.3779398e-001
 -5.4880525e-001
 -9.2453560e-001
 -1.2507915e+000
 -1.5155173e+000
 -1.7092797e+000
 -1.8256237e+000
 -1.8612841e+000
 -1.8162477e+000
 -1.6936696e+000
 -1.4996585e+000
 -1.2429502e+000
 -9.3449625e-001
 -5.8699298e-001
 -2.1437703e-001
  1.6869147e-001
  5.4734076e-001
  9.0698290e-001
  1.2337852e+000
  1.5151135e+000
  1.7399426e+000
  1.8992310e+000
  1.9862504e+000
  1.9968600e+000
  1.9297110e+000
  1.7863636e+000
  1.5713013e+000
  1.2918253e+000
  9.5782204e-001
  5.8140246e-001
  1.7642065e-001
 -2.4210735e-001
 -6.5865580e-001
 -1.0578754e+000
 -1.4252710e+000
 -1.7478283e+000
 -2.0145512e+000
 -2.2168763e+000
 -2.3489463e+000
 -2.4077318e+000
 -2.3930068e+000
 -2.3071942e+000
 -2.1551052e+000
 -1.9436034e+000
 -1.6812248e+000
 -1.3777819e+000
 -1.0439756e+000
 -6.9102873e-001
 -3.3035008e-001
  2.6773812e-002
  3.6946305e-001
  6.8751362e-001
  9.7165838e-001
  1.2138230e+000
  1.4073739e+000
  1.5473502e+000
  1.6306621e+000
  1.6562393e+000
  1.6251074e+000
  1.5403754e+000
  1.4071223e+000
  1.2321803e+000
  1.0238217e+000
  7.9136804e-001
  5.4474686e-001
  2.9403010e-001
  4.8987400e-002
 -1.8131363e-001
 -3.8883520e-001
 -5.6680998e-001
 -7.0989093e-001
 -8.1421765e-001
 -8.7741615e-001
 -8.9855450e-001
 -8.7807820e-001
 -8.1774580e-001
 -7.2057794e-001
 -5.9082265e-001
 -4.3392875e-001
 -2.5650939e-001
 -6.6270804e-002
  1.2812064e-001
  3.1725621e-001
  4.9130200e-001
  6.4041624e-001
  7.5525182e-001
  8.2751240e-001
  8.5051728e-001
  8.1972067e-001
  7.3312932e-001
  5.9156742e-001
  3.9875064e-001
  1.6115014e-001
 -1.1235051e-001
 -4.1097873e-001
 -7.2272954e-001
 -1.0350927e+000
 -1.3357801e+000
 -1.6133853e+000
 -1.8579162e+000
 -2.0611610e+000
 -2.2168702e+000
 -2.3207620e+000
 -2.3703812e+000
 -2.3648591e+000
 -2.3046329e+000
 -2.1911821e+000
 -2.0268311e+000
 -1.8146510e+000
 -1.5584702e+000
 -1.2629826e+000
 -9.3391573e-001
 -5.7821041e-001
 -2.0415114e-001
  1.7860819e-001
  5.5916885e-001
  9.2568663e-001
  1.2658452e+000
  1.5674757e+000
  1.8192701e+000
  2.0115182e+000
  2.1367869e+000
  2.1904676e+000
  2.1711226e+000
  2.0805925e+000
  1.9238460e+000
  1.7085926e+000
  1.4447000e+000
  1.1434849e+000
  8.1695643e-001
  4.7709527e-001
  1.3523910e-001
 -1.9837116e-001
 -5.1485762e-001
 -8.0678555e-001
 -1.0680857e+000
 -1.2938685e+000
 -1.4801923e+000
 -1.6238501e+000
 -1.7222298e+000
 -1.7732857e+000
 -1.7756349e+000
 -1.7287661e+000
 -1.6333242e+000
 -1.4914163e+000
 -1.3068742e+000
 -1.0854116e+000
 -8.3462559e-001
 -5.6381037e-001
 -2.8357989e-001
 -5.3219914e-003
  2.5946773e-001
  4.9990584e-001
  7.0641862e-001
  8.7134265e-001
  9.8936558e-001
  1.0577648e+000
  1.0764276e+000
  1.0476643e+000
  9.7585077e-001
  8.6695608e-001
  7.2802055e-001
  5.6665063e-001
  3.9058626e-001
  2.0737940e-001
  2.4199559e-002
 -1.5224125e-001
 -3.1567291e-001
 -4.6020454e-001
 -5.8026497e-001
 -6.7059353e-001
 -7.2631722e-001
 -7.4313160e-001
 -7.1758116e-001
 -6.4741256e-001
 -5.3195612e-001
 -3.7247900e-001
 -1.7245035e-001
  6.2334505e-002
  3.2380965e-001
  6.0189117e-001
  8.8491986e-001
  1.1602630e+000
  1.4150245e+000
  1.6367981e+000
  1.8143960e+000
  1.9384857e+000
  2.0020843e+000
  2.0008752e+000
  1.9333350e+000
  1.8006806e+000
  1.6066629e+000
  1.3572505e+000
  1.0602468e+000
  7.2488822e-001
  3.6145800e-001
 -1.9060145e-002
 -4.0527956e-001
 -7.8566534e-001
 -1.1487626e+000
 -1.4834202e+000
 -1.7790334e+000
 -2.0258189e+000
 -2.2151316e+000
 -2.3398119e+000
 -2.3945455e+000
 -2.3762035e+000
 -2.2841244e+000
 -2.1203005e+000
 -1.8894365e+000
 -1.5988575e+000
 -1.2582603e+000
 -8.7931791e-001
 -4.7516309e-001
 -5.9788278e-002
  3.5259092e-001
  7.4816145e-001
  1.1140839e+000
  1.4389743e+000
  1.7132747e+000
  1.9295054e+000
  2.0824027e+000
  2.1689597e+000
  2.1883895e+000
  2.1420363e+000
  2.0332512e+000
  1.8672478e+000
  1.6509407e+000
  1.3927633e+000
  1.1024547e+000
  7.9080218e-001
  4.6932809e-001
  1.4991503e-001
 -1.5562777e-001
 -4.3604267e-001
 -6.8112143e-001
 -8.8218919e-001
 -1.0325356e+000
 -1.1277546e+000
 -1.1659594e+000
 -1.1478501e+000
 -1.0766231e+000
 -9.5773165e-001
 -7.9851551e-001
 -6.0773724e-001
 -3.9506508e-001
 -1.7054871e-001
  5.5870346e-002
  2.7477954e-001
  4.7762526e-001
  6.5694343e-001
  8.0649563e-001
  9.2132701e-001
  9.9776899e-001
  1.0334126e+000
  1.0270760e+000
  9.7878143e-001
  8.8975100e-001
  7.6241544e-001
  6.0042485e-001
  4.0864117e-001
  1.9309021e-001
 -3.9147287e-002
 -2.8011993e-001
 -5.2127043e-001
 -7.5377432e-001
 -9.6893483e-001
 -1.1586064e+000
 -1.3156127e+000
 -1.4341240e+000
 -1.5099593e+000
 -1.5407881e+000
 -1.5262158e+000
 -1.4677475e+000
 -1.3686410e+000
 -1.2336652e+000
 -1.0687933e+000
 -8.8085809e-001
 -6.7720302e-001
 -4.6535183e-001
 -2.5271836e-001
 -4.6366707e-002
  1.4717533e-001
  3.2205401e-001
  4.7318797e-001
  5.9633871e-001
  6.8816426e-001
  7.4626427e-001
  7.6921999e-001
  7.5662831e-001
  7.0912408e-001
  6.2838267e-001
  5.1709354e-001
  3.7889698e-001
  2.1827952e-001
  4.0427683e-002
 -1.4895484e-001
 -3.4385751e-001
 -5.3818789e-001
 -7.2599699e-001
 -9.0169083e-001
 -1.0602164e+000
 -1.1972135e+000
 -1.3091270e+000
 -1.3932809e+000
 -1.4479146e+000
 -1.4721876e+000
 -1.4661591e+000
 -1.4307448e+000
 -1.3676578e+000
 -1.2793342e+000
 -1.1688432e+000
 -1.0397830e+000
 -8.9616133e-001
 -7.4226222e-001
 -5.8250259e-001
 -4.2128430e-001
 -2.6285023e-001
 -1.1115384e-001
  3.0247998e-002
  1.5827108e-001
  2.7034411e-001
  3.6441298e-001
  4.3891396e-001
  4.9272539e-001
  5.2511105e-001
  5.3566951e-001
  5.2430331e-001
  4.9121762e-001
  4.3695310e-001
  3.6245001e-001
  2.6913392e-001
  1.5900686e-001
  3.4723798e-002
 -1.0036682e-001
 -2.4223705e-001
 -3.8626121e-001
 -5.2736984e-001
 -6.6027083e-001
 -7.7972240e-001
 -8.8083456e-001
 -9.5936987e-001
 -1.0120127e+000
 -1.0365791e+000
 -1.0321449e+000
 -9.9908099e-001
 -9.3899423e-001
 -8.5458499e-001
 -7.4944167e-001
 -6.2779898e-001
 -4.9428904e-001
 -3.5371271e-001
 -2.1085200e-001
 -7.0335476e-002
  6.3441810e-002
  1.8635290e-001
  2.9454492e-001
  3.8443832e-001
  4.5274130e-001
  4.9649785e-001
  5.1317965e-001
  5.0082223e-001
  4.5819489e-001
  3.8498407e-001
  2.8196324e-001
  1.5111983e-001
 -4.2881955e-003
 -1.7976633e-001
 -3.6971782e-001
 -5.6767512e-001
 -7.6661253e-001
 -9.5931257e-001
 -1.1387515e+000
 -1.2984663e+000
 -1.4328684e+000
 -1.5374759e+000
 -1.6090494e+000
 -1.6456274e+000
 -1.6464711e+000
 -1.6119419e+000
 -1.5433383e+000
 -1.4427235e+000
 -1.3127723e+000
 -1.1566580e+000
 -9.7798799e-001
 -7.8078617e-001
 -5.6950817e-001
 -3.4906638e-001
 -1.2483711e-001
  9.7376622e-002
  3.1144795e-001
  5.1110557e-001
  6.9018787e-001
  8.4295616e-001
  9.6443984e-001
  1.0507773e+000
  1.0995135e+000
  1.1098160e+000
  1.0825817e+000
  1.0204154e+000
  9.2747834e-001
  8.0922059e-001
  6.7202344e-001
  5.2278914e-001
  3.6852004e-001
  2.1592795e-001
  7.1108640e-002
 -6.0694751e-002
 -1.7522910e-001
 -2.6927306e-001
 -3.4059934e-001
 -3.8788288e-001
 -4.1058429e-001
 -4.0883739e-001
 -3.8336418e-001
 -3.3543081e-001
 -2.6684754e-001
 -1.8000380e-001
 -7.7920261e-002
  3.5706057e-002
  1.5648929e-001
  2.7939731e-001
  3.9886460e-001
  5.0898044e-001
  6.0374593e-001
  6.7738254e-001
  7.2466620e-001
  7.4125576e-001
  7.2398422e-001
  6.7108447e-001
  5.8232876e-001
  4.5907109e-001
  3.0419232e-001
  1.2195811e-001
 -8.2192070e-002
 -3.0190206e-001
 -5.3017789e-001
 -7.5966666e-001
 -9.8291847e-001
 -1.1926216e+000
 -1.3818079e+000
 -1.5440315e+000
 -1.6735287e+000
 -1.7653667e+000
 -1.8155892e+000
 -1.8213605e+000
 -1.7811079e+000
 -1.6946513e+000
 -1.5633085e+000
 -1.3899593e+000
 -1.1790498e+000
 -9.3652497e-001
 -6.6967749e-001
 -3.8691410e-001
 -9.7444471e-002
  1.8909085e-001
  4.6303115e-001
  7.1511751e-001
  9.3689723e-001
  1.1210834e+000
  1.2618470e+000
  1.3550254e+000
  1.3982400e+000
  1.3909230e+000
  1.3342609e+000
  1.2310676e+000
  1.0856042e+000
  9.0336108e-001
  6.9081816e-001
  4.5519636e-001
  2.0420824e-001
 -5.4186617e-002
 -3.1201938e-001
 -5.6154243e-001
 -7.9545209e-001
 -1.0071024e+000
 -1.1907068e+000
 -1.3415214e+000
 -1.4560030e+000
 -1.5319330e+000
 -1.5684969e+000
 -1.5663133e+000
 -1.5274063e+000
 -1.4551195e+000
 -1.3539742e+000
 -1.2294766e+000
 -1.0878838e+000
 -9.3593979e-001
 -7.8059230e-001
 -6.2870517e-001
 -4.8677593e-001
 -3.6067043e-001
 -2.5538348e-001
 -1.7483371e-001
 -1.2170045e-001
 -9.7309491e-002
 -1.0157445e-001
 -1.3299979e-001
 -1.8874985e-001
 -2.6478636e-001
 -3.5607284e-001
 -4.5683998e-001
 -5.6090064e-001
 -6.6199750e-001
 -7.5416162e-001
 -8.3205677e-001
 -8.9128329e-001
 -9.2861708e-001
 -9.4216383e-001
 -9.3141588e-001
 -8.9720878e-001
 -8.4158413e-001
 -7.6757571e-001
 -6.7894326e-001
 -5.7988358e-001
 -4.7474967e-001
 -3.6780600e-001
 -2.6304113e-001
 -1.6404986e-001
 -7.3986075e-002
  4.4233196e-003
  6.8821878e-002
  1.1714878e-001
  1.4757173e-001
  1.5845081e-001
  1.4834984e-001
  1.1610194e-001
  6.0925002e-002
 -1.7428296e-002
 -1.1850968e-001
 -2.4103250e-001
 -3.8277607e-001
 -5.4056183e-001
 -7.1031703e-001
 -8.8723005e-001
 -1.0659882e+000
 -1.2410766e+000
 -1.4071070e+000
 -1.5591406e+000
 -1.6929676e+000
 -1.8053135e+000
 -1.8939485e+000
 -1.9576949e+000
 -1.9963352e+000
 -2.0104423e+000
 -2.0011601e+000
 -1.9699715e+000
 -1.9184879e+000
 -1.8482921e+000
 -1.7608547e+000
 -1.6575320e+000
 -1.5396392e+000
 -1.4085794e+000
 -1.2660006e+000
 -1.1139449e+000
 -9.5495954e-001
 -7.9214002e-001
 -6.2909038e-001
 -4.6979654e-001
 -3.1842349e-001
 -1.7905945e-001
 -5.5438888e-002
  4.9319588e-002
  1.3292610e-001
  1.9405564e-001
  2.3239107e-001
  2.4857000e-001
  2.4404647e-001
  2.2089021e-001
  1.8155428e-001
  1.2864534e-001
  6.4728148e-002
 -7.8111588e-003
 -8.6829545e-002
 -1.7041895e-001
 -2.5683782e-001
 -3.4440495e-001
 -4.3138502e-001
 -5.1589615e-001
 -5.9586614e-001
 -6.6905552e-001
 -7.3315345e-001
 -7.8593959e-001
 -8.2549247e-001
 -8.5041548e-001
 -8.6004629e-001
 -8.5461584e-001
 -8.3532805e-001
 -8.0434190e-001
 -7.6465020e-001
 -7.1986358e-001
 -6.7392143e-001
 -6.3076162e-001
 -5.9398639e-001
 -5.6656248e-001
 -5.5058850e-001
 -5.4715356e-001
 -5.5629882e-001
 -5.7708030e-001
 -6.0771880e-001
 -6.4581291e-001
 -6.8858500e-001
 -7.3312888e-001
 -7.7663072e-001
 -8.1654209e-001
 -8.5069309e-001
 -8.7734421e-001
 -8.9518471e-001
 -9.0329305e-001
 -9.0107844e-001
 -8.8822331e-001
 -8.6464303e-001
 -8.3047340e-001
 -7.8608883e-001
 -7.3214631e-001
 -6.6964389e-001
 -5.9997783e-001
 -5.2498131e-001
 -4.4692944e-001
 -3.6849958e-001
 -2.9268272e-001
 -2.2264882e-001
 -1.6157595e-001
 -1.1245877e-001
 -7.7915059e-002
 -6.0009373e-002
 -6.0111012e-002
 -7.8799004e-002
 -1.1582095e-001
 -1.7010637e-001
 -2.3982932e-001
 -3.2251065e-001
 -4.1514758e-001
 -5.1435778e-001
 -6.1652651e-001
 -7.1794794e-001
 -8.1495534e-001
 -9.0403830e-001
 -9.8194737e-001
 -1.0457886e+000
 -1.0931102e+000
 -1.1219819e+000
 -1.1310674e+000
 -1.1196845e+000
 -1.0878493e+000
 -1.0362975e+000
 -9.6647505e-001
 -8.8049485e-001
 -7.8105668e-001
 -6.7133181e-001
 -5.5481854e-001
 -4.3517789e-001
 -3.1606174e-001
 -2.0094685e-001
 -9.2987605e-002
  5.1016805e-003
  9.1127934e-002
  1.6346111e-001
  2.2103841e-001
  2.6333671e-001
  2.9032166e-001
  3.0238331e-001
  3.0026770e-001
  2.8501190e-001
  2.5788744e-001
  2.2035325e-001
  1.7401666e-001
  1.2059825e-001
  6.1895484e-002
 -2.5976695e-004
 -6.4052955e-002
 -1.2774860e-001
 -1.8975957e-001
 -2.4871869e-001
 -3.0354527e-001
 -3.5349822e-001
 -3.9820809e-001
 -4.3768213e-001
 -4.7227973e-001
 -5.0265916e-001
 -5.2970053e-001
 -5.5441278e-001
 -5.7783467e-001
 -6.0094030e-001
 -6.2455863e-001
 -6.4931421e-001
 -6.7559279e-001
 -7.0353228e-001
 -7.3303538e-001
 -7.6379843e-001
 -7.9534878e-001
 -8.2708374e-001
 -8.5830498e-001
 -8.8824477e-001
 -9.1608341e-001
 -9.4095952e-001
 -9.6197747e-001
 -9.7821707e-001
 -9.8875020e-001
 -9.9266824e-001
 -9.8912120e-001
 -9.7736713e-001
 -9.5682742e-001
 -9.2714171e-001
 -8.8821535e-001
 -8.4025246e-001
 -7.8376978e-001
 -7.1958906e-001
 -6.4880895e-001
 -5.7276077e-001
 -4.9295485e-001
 -4.1102527e-001
 -3.2868071e-001
 -2.4766718e-001
 -1.6974527e-001
 -9.6680870e-002
 -3.0244717e-002
  2.7787206e-002
  7.5641422e-002
  1.1157186e-001
  1.3390841e-001
  1.4113172e-001
  1.3197159e-001
  1.0552118e-001
  6.1354306e-002
 -3.6982195e-004
 -7.8830752e-002
 -1.7251455e-001
 -2.7923527e-001
 -3.9621403e-001
 -5.2021181e-001
 -6.4770490e-001
 -7.7508534e-001
 -8.9886476e-001
 -1.0158592e+000
 -1.1233341e+000
 -1.2190955e+000
 -1.3015187e+000
 -1.3695175e+000
 -1.4224628e+000
 -1.4600701e+000
 -1.4822753e+000
 -1.4891244e+000
 -1.4806957e+000
 -1.4570699e+000
 -1.4183527e+000
 -1.3647481e+000
 -1.2966677e+000
 -1.2148570e+000
 -1.1205144e+000
 -1.0153770e+000
 -9.0175440e-001
 -7.8249569e-001
 -6.6088518e-001
 -5.4047474e-001
 -4.2486868e-001
 -3.1748563e-001
 -2.2132627e-001
 -1.3877545e-001
 -7.1463393e-002
 -2.0202634e-002
  1.4992955e-002
  3.4811834e-002
  4.0486604e-002
  3.3597421e-002
  1.5865107e-002
 -1.1037651e-002
 -4.5632487e-002
 -8.6721878e-002
 -1.3340880e-001
 -1.8505295e-001
 -2.4117672e-001
 -3.0134173e-001
 -3.6502037e-001
 -4.3148719e-001
 -4.9975053e-001
 -5.6853811e-001
 -6.3634060e-001
 -7.0150803e-001
 -7.6238472e-001
 -8.1746269e-001
 -8.6553022e-001
 -9.0579328e-001
 -9.3795174e-001
 -9.6221948e-001
 -9.7928601e-001
 -9.9022599e-001
 -9.9637040e-001
 -9.9915837e-001
 -9.9999020e-001
 -1.0001010e+000
 -1.0004696e+000
 -1.0017710e+000
 -1.0043731e+000
 -1.0083707e+000
 -1.0136451e+000
 -1.0199322e+000
 -1.0268855e+000
 -1.0341180e+000
 -1.0412163e+000
 -1.0477238e+000
 -1.0530987e+000
 -1.0566565e+000
 -1.0575126e+000
 -1.0545400e+000
 -1.0463579e+000
 -1.0313613e+000
 -1.0077959e+000
 -9.7387656e-001
 -9.2793937e-001
 -8.6861209e-001
 -7.9498484e-001
 -7.0676064e-001
 -6.0436814e-001
 -4.8902284e-001
 -3.6272891e-001
 -2.2822106e-001
 -8.8852011e-002
  5.1562753e-002
  1.8892798e-001
  3.1906257e-001
  4.3788860e-001
  5.4160221e-001
  6.2681707e-001
  6.9067594e-001
  7.3092993e-001
  7.4598882e-001
  7.3494776e-001
  6.9759644e-001
  6.3441602e-001
  5.4656745e-001
  4.3587221e-001
  3.0478474e-001
  1.5635372e-001
 -5.8312771e-003
 -1.7771079e-001
 -3.5484615e-001
 -5.3252980e-001
 -7.0591290e-001
 -8.7014593e-001
 -1.0205263e+000
 -1.1526463e+000
 -1.2625349e+000
 -1.3467879e+000
 -1.4026813e+000
 -1.4282664e+000
 -1.4224439e+000
 -1.3850166e+000
 -1.3167198e+000
 -1.2192286e+000
 -1.0951387e+000
 -9.4791895e-001
 -7.8183057e-001
 -6.0181188e-001
 -4.1332532e-001
 -2.2216906e-001
 -3.4258016e-002
  1.4461650e-001
  3.0903512e-001
  4.5419014e-001
  5.7609868e-001
  6.7177160e-001
  7.3932359e-001
  7.7801482e-001
  7.8822119e-001
  7.7133782e-001
  7.2962764e-001
  6.6603286e-001
  5.8397069e-001
  4.8713547e-001
  3.7932666e-001
  2.6431716e-001
  1.4576852e-001
  2.7191538e-002
 -8.8057696e-002
 -1.9676222e-001
 -2.9582897e-001
 -3.8229354e-001
 -4.5336093e-001
 -5.0649172e-001
 -5.3953345e-001
 -5.5088791e-001
 -5.3969515e-001
 -5.0600909e-001
 -4.5093611e-001
 -3.7670946e-001
 -2.8667800e-001
 -1.8519728e-001
 -7.7422824e-002
  3.0981773e-002
  1.3419754e-001
  2.2663053e-001
  3.0328225e-001
  3.6007279e-001
  3.9408477e-001
  4.0370628e-001
  3.8866310e-001
  3.4994478e-001
  2.8964153e-001
  2.1071899e-001
  1.1676349e-001
  1.1731202e-002
 -1.0027004e-001
 -2.1514584e-001
 -3.2891833e-001
 -4.3777063e-001
 -5.3804689e-001
 -6.2623040e-001
 -6.9892608e-001
 -7.5287225e-001
 -7.8500111e-001
 -7.9255716e-001
 -7.7327118e-001
 -7.2557528e-001
 -6.4883364e-001
 -5.4355732e-001
 -4.1156879e-001
 -2.5608552e-001
 -8.1699382e-002
  1.0575890e-001
  2.9946760e-001
  4.9195713e-001
  6.7551962e-001
  8.4264753e-001
  9.8646073e-001
  1.1010830e+000
  1.1819359e+000
  1.2259292e+000
  1.2315385e+000
  1.1987753e+000
  1.1290668e+000
  1.0250682e+000
  8.9043866e-001
  7.2960801e-001
  5.4755960e-001
  3.4964476e-001
  1.4143664e-001
 -7.1378930e-002
 -2.8308560e-001
 -4.8800661e-001
 -6.8057937e-001
 -8.5544879e-001
 -1.0075886e+000
 -1.1324525e+000
 -1.2261489e+000
 -1.2856272e+000
 -1.3088553e+000
 -1.2949703e+000
 -1.2443804e+000
 -1.1588046e+000
 -1.0412404e+000
 -8.9585766e-001
 -7.2782749e-001
 -5.4309735e-001
 -3.4813237e-001
 -1.4964209e-001
  4.5687593e-002
  2.3144128e-001
  4.0168839e-001
  5.5115919e-001
  6.7538179e-001
  7.7078360e-001
  8.3476245e-001
  8.6573288e-001
  8.6315165e-001
  8.2752339e-001
  7.6038461e-001
  6.6426169e-001
  5.4259734e-001
  3.9964067e-001
  2.4029874e-001
  6.9951321e-002
 -1.0576404e-001
 -2.8118493e-001
 -4.5085909e-001
 -6.0976366e-001
 -7.5349138e-001
 -8.7838947e-001
 -9.8164216e-001
 -1.0612950e+000
 -1.1162261e+000
 -1.1460766e+000
 -1.1511564e+000
 -1.1323444e+000
 -1.0909997e+000
 -1.0288976e+000
 -9.4819598e-001
 -8.5143051e-001
 -7.4152958e-001
 -6.2183280e-001
 -4.9609384e-001
 -3.6844841e-001
 -2.4333186e-001
 -1.2533794e-001
 -1.9019826e-002
  7.1355397e-002
  1.4207801e-001
  1.9026504e-001
  2.1409660e-001
  2.1298957e-001
  1.8768413e-001
  1.4022857e-001
  7.3859659e-002
 -7.2116543e-003
 -9.8087350e-002
 -1.9351204e-001
 -2.8821029e-001
 -3.7719696e-001
 -4.5603133e-001
 -5.2099477e-001
 -5.6918361e-001
 -5.9852139e-001
 -6.0770576e-001
 -5.9611349e-001
 -5.6369114e-001
 -5.1085785e-001
 -4.3844117e-001
 -3.4765813e-001
 -2.4014201e-001
 -1.1800475e-001
  1.6084987e-002
  1.5883368e-001
  3.0629167e-001
  4.5388230e-001
  5.9650693e-001
  7.2873020e-001
  8.4503762e-001
  9.4014524e-001
  1.0093321e+000
  1.0487605e+000
  1.0557492e+000
  1.0289684e+000
  9.6853604e-001
  8.7600549e-001
  7.5424899e-001
  6.0725371e-001
  4.3985677e-001
  2.5745130e-001
  6.5696580e-002
 -1.2973897e-001
 -3.2338118e-001
 -5.1008992e-001
 -6.8513674e-001
 -8.4423218e-001
 -9.8352211e-001
 -1.0995759e+000
 -1.1893881e+000
 -1.2504111e+000
 -1.2806257e+000
 -1.2786492e+000
 -1.2438683e+000
 -1.1765770e+000
 -1.0780957e+000
 -9.5084447e-001
 -7.9835080e-001
 -6.2517701e-001
 -4.3676383e-001
 -2.3919811e-001
 -3.8922728e-002
  1.5758519e-001
  3.4413709e-001
  5.1512649e-001
  6.6576717e-001
  7.9225787e-001
  8.9186572e-001
  9.6293128e-001
  1.0048080e+000
  1.0177554e+000
  1.0028100e+000
  9.6165592e-001
  8.9651372e-001
  8.1005870e-001
  7.0537116e-001
  5.8591223e-001
  4.5551224e-001
  3.1835430e-001
  1.7893517e-001
  4.1988572e-002
 -8.7637582e-002
 -2.0515049e-001
 -3.0601975e-001
 -3.8620617e-001
 -4.4239012e-001
 -4.7217480e-001
 -4.7424145e-001
 -4.4843829e-001
 -3.9579256e-001
 -3.1844433e-001
 -2.1951006e-001
 -1.0289177e-001
  2.6947009e-002
  1.6521511e-001
  3.0701580e-001
  4.4753975e-001
  5.8221854e-001
  7.0683626e-001
  8.1760374e-001
  9.1120597e-001
  9.8483599e-001
  1.0362286e+000
  1.0637040e+000
  1.0662263e+000
  1.0434745e+000
  9.9591799e-001
  9.2488200e-001
  8.3258650e-001
  7.2214153e-001
  5.9748576e-001
  4.6326096e-001
  3.2462310e-001
  1.8699969e-001
  5.5810432e-002
 -6.3825457e-002
 -1.6736928e-001
 -2.5110493e-001
 -3.1232159e-001
 -3.4942272e-001
 -3.6195558e-001
 -3.5056449e-001
 -3.1687974e-001
 -2.6335948e-001
 -1.9310580e-001
 -1.0967577e-001
 -1.6905179e-002
  8.1242618e-002
  1.8079725e-001
  2.7787251e-001
  3.6873514e-001
  4.4986203e-001
  5.1799717e-001
  5.7021877e-001
  6.0402199e-001
  6.1741806e-001
  6.0904403e-001
  5.7827237e-001
  5.2530589e-001
  4.5124264e-001
  3.5809632e-001
  2.4876255e-001
  1.2692651e-001
 -3.0850375e-003
 -1.3649820e-001
 -2.6831756e-001
 -3.9356473e-001
 -5.0751015e-001
 -6.0588055e-001
 -6.8502806e-001
 -7.4205273e-001
 -7.7487597e-001
 -7.8226853e-001
 -7.6384064e-001
 -7.2000463e-001
 -6.5192077e-001
 -5.6143521e-001
 -4.5101583e-001
 -3.2368797e-001
 -1.8296810e-001
 -3.2790775e-002
  1.2257707e-001
  2.7863980e-001
  4.3079772e-001
  5.7449184e-001
  7.0536371e-001
  8.1942114e-001
  9.1319758e-001
  9.8389179e-001
  1.0294751e+000
  1.0487565e+000
  1.0414011e+000
  1.0079012e+000
  9.4950718e-001
  8.6812796e-001
  7.6621526e-001
  6.4664528e-001
  5.1261059e-001
  3.6753082e-001
  2.1498569e-001
  5.8668147e-002
 -9.7649742e-002
 -2.5014898e-001
 -3.9500610e-001
 -5.2845679e-001
 -6.4688791e-001
 -7.4695936e-001
 -8.2575086e-001
 -8.8092201e-001
 -9.1086936e-001
 -9.1486089e-001
 -8.9312911e-001
 -8.4690660e-001
 -7.7839433e-001
 -6.9066044e-001
 -5.8747605e-001
 -4.7310255e-001
 -3.5205072e-001
 -2.2883570e-001
 -1.0775146e-001
  7.3148742e-003
  1.1301474e-001
  2.0660990e-001
  2.8598695e-001
  3.4962501e-001
  3.9653292e-001
  4.2617494e-001
  4.3840336e-001
  4.3341282e-001
  4.1172454e-001
  3.7420112e-001
  3.2208464e-001
  2.5704436e-001
  1.8121631e-001
  9.7216082e-002
  8.1091069e-003
 -8.2672142e-002
 -1.7146615e-001
 -2.5456925e-001
 -3.2845661e-001
 -3.9001605e-001
 -4.3676978e-001
 -4.6705931e-001
 -4.8017214e-001
 -4.7639550e-001
 -4.5699141e-001
 -4.2409621e-001
 -3.8055723e-001
 -3.2972543e-001
 -2.7522728e-001
 -2.2073914e-001
 -1.6978493e-001
 -1.2557217e-001
 -9.0873984e-002
 -6.7957427e-002
 -5.8551234e-002
 -6.3841579e-002
 -8.4482173e-002
 -1.2060594e-001
 -1.7182897e-001
 -2.3724272e-001
 -3.1539691e-001
 -4.0428076e-001
 -5.0131501e-001
 -6.0336840e-001
 -7.0681135e-001
 -8.0761578e-001
 -9.0150361e-001
 -9.8413944e-001
 -1.0513553e+000
 -1.0993895e+000
 -1.1251175e+000
 -1.1262520e+000
 -1.1014929e+000
 -1.0506102e+000
 -9.7445465e-001
 -8.7489526e-001
 -7.5469434e-001
 -6.1733485e-001
 -4.6682078e-001
 -3.0747172e-001
 -1.4373075e-001
  1.9999493e-002
  1.7948459e-001
  3.3074860e-001
  4.7013242e-001
  5.9433033e-001
  7.0041745e-001
  7.8588030e-001
  8.4865964e-001
  8.8720980e-001
  9.0057250e-001
  8.8845728e-001
  8.5131601e-001
  7.9039615e-001
  7.0775807e-001
  6.0624425e-001
  4.8939382e-001
  3.6130286e-001
  2.2643793e-001
  8.9417269e-002
 -4.5221406e-002
 -1.7324523e-001
 -2.9092235e-001
 -3.9517320e-001
 -4.8366626e-001
 -5.5485469e-001
 -6.0795798e-001
 -6.4289881e-001
 -6.6020983e-001
 -6.6092697e-001
 -6.4648457e-001
 -6.1862436e-001
 -5.7932487e-001
 -5.3075180e-001
 -4.7522449e-001
 -4.1518884e-001
 -3.5318572e-001
 -2.9180387e-001
 -2.3360966e-001
 -1.8105109e-001
 -1.3633937e-001
 -1.0131754e-001
 -7.7330354e-002
 -6.5112391e-002
 -6.4711337e-002
 -7.5460448e-002
 -9.6008845e-002
 -1.2441110e-001
 -1.5826982e-001
 -1.9491758e-001
 -2.3161943e-001
 -2.6577373e-001
 -2.9509021e-001
 -3.1772652e-001
 -3.3237157e-001
 -3.3827061e-001
 -3.3519593e-001
 -3.2337393e-001
 -3.0338477e-001
 -2.7605364e-001
 -2.4235202e-001
 -2.0332393e-001
 -1.6004624e-001
 -1.1362501e-001
 -6.5222384e-002
 -1.6102202e-002
  3.2321381e-002
  7.8449680e-002
  1.2049499e-001
  1.5651679e-001
  1.8450288e-001
  2.0249218e-001
  2.0872830e-001
  2.0182725e-001
  1.8093872e-001
  1.4588013e-001
  9.7224540e-002
  3.6329307e-002
 -3.4701038e-002
 -1.1311571e-001
 -1.9567297e-001
 -2.7883392e-001
 -3.5897482e-001
 -4.3259692e-001
 -4.9651415e-001
 -5.4800349e-001
 -5.8490833e-001
 -6.0569232e-001
 -6.0944727e-001
 -5.9586396e-001
 -5.6517833e-001
 -5.1810614e-001
 -4.5577823e-001
 -3.7968526e-001
 -2.9163647e-001
 -1.9373234e-001
 -8.8346574e-002
  2.1889903e-002
  1.3411199e-001
  2.4525874e-001
  3.5213314e-001
  4.5148596e-001
  5.4012210e-001
  6.1502372e-001
  6.7348131e-001
  7.1322159e-001
  7.3252090e-001
  7.3029390e-001
  7.0615004e-001
  6.6041368e-001
  5.9410783e-001
  5.0890485e-001
  4.0705035e-001
  2.9126816e-001
  1.6465456e-001
  3.0569057e-002
 -1.0747267e-001
 -2.4590052e-001
 -3.8118525e-001
 -5.0992806e-001
 -6.2894620e-001
 -7.3535635e-001
 -8.2665651e-001
 -9.0080570e-001
 -9.5629877e-001
 -9.9223173e-001
 -1.0083519e+000
 -1.0050865e+000
 -9.8354357e-001
 -9.4548221e-001
 -8.9324845e-001
 -8.2967966e-001
 -7.5798063e-001
 -6.8157840e-001
 -6.0396484e-001
 -5.2853677e-001
 -4.5844369e-001
 -3.9645203e-001
 -3.4483324e-001
 -3.0528053e-001
 -2.7885689e-001
 -2.6597426e-001
 -2.6640244e-001
 -2.7930426e-001
 -3.0329338e-001
 -3.3651042e-001
 -3.7671337e-001
 -4.2137850e-001
 -4.6780829e-001
 -5.1324283e-001
 -5.5497150e-001
 -5.9044115e-001
 -6.1735715e-001
 -6.3377350e-001
 -6.3816835e-001
 -6.2950193e-001
 -6.0725481e-001
 -5.7144570e-001
 -5.2262937e-001
 -4.6187660e-001
 -3.9073926e-001
 -3.1120384e-001
 -2.2563700e-001
 -1.3672561e-001
 -4.7412790e-002
  3.9170452e-002
  1.1977933e-001
  1.9113805e-001
  2.5003392e-001
  2.9342512e-001
  3.1856245e-001
  3.2312281e-001
  3.0534916e-001
  2.6418828e-001
  1.9941516e-001
  1.1173102e-001
  2.8222001e-003
 -1.2463169e-001
 -2.6700807e-001
 -4.1985337e-001
 -5.7805393e-001
 -7.3605727e-001
 -8.8812940e-001
 -1.0286301e+000
 -1.1522860e+000
 -1.2544406e+000
 -1.3312641e+000
 -1.3799096e+000
 -1.3986073e+000
 -1.3866964e+000
 -1.3445993e+000
 -1.2737484e+000
 -1.1764785e+000
 -1.0558988e+000
 -9.1575840e-001
 -7.6031592e-001
 -5.9421769e-001
 -4.2238797e-001
 -2.4992699e-001
 -8.2011544e-002
  7.6209564e-002
  2.1973176e-001
  3.4382704e-001
  4.4419280e-001
  5.1711295e-001
  5.5962233e-001
  5.6966218e-001
  5.4621186e-001
  4.8938252e-001
  4.0046012e-001
  2.8188976e-001
  1.3719850e-001
 -2.9140318e-002
 -2.1189185e-001
 -4.0528053e-001
 -6.0323007e-001
 -7.9960606e-001
 -9.8844528e-001
 -1.1641596e+000
 -1.3217070e+000
 -1.4567258e+000
 -1.5656349e+000
 -1.6457032e+000
 -1.6950963e+000
 -1.7129045e+000
 -1.6991577e+000
 -1.6548292e+000
 -1.5818243e+000
 -1.4829505e+000
 -1.3618623e+000
 -1.2229718e+000
 -1.0713223e+000
 -9.1242064e-001
 -7.5203130e-001
 -5.9594146e-001
 -4.4970841e-001
 -3.1840689e-001
 -2.0639489e-001
 -1.1711615e-001
 -5.2954772e-002
 -1.5152645e-002
 -3.7937079e-003
 -1.7852608e-002
 -5.5298803e-002
 -1.1324238e-001
 -1.8810514e-001
 -2.7580036e-001
 -3.7190689e-001
 -4.7182737e-001
 -5.7092600e-001
 -6.6464661e-001
 -7.4861651e-001
 -8.1874469e-001
 -8.7132343e-001
 -9.0314035e-001
 -9.1160442e-001
 -8.9488317e-001
 -8.5204300e-001
 -7.8317871e-001
 -6.8951488e-001
 -5.7346066e-001
 -4.3860125e-001
 -2.8961465e-001
 -1.3210879e-001
  2.7616316e-002
  1.8286856e-001
  3.2690471e-001
  4.5328595e-001
  5.5621905e-001
  6.3085548e-001
  6.7352536e-001
  6.8189061e-001
  6.5501073e-001
  5.9332411e-001
  4.9855652e-001
  3.7357469e-001
  2.2220615e-001
  4.9046751e-002
 -1.4072609e-001
 -3.4152191e-001
 -5.4748211e-001
 -7.5260308e-001
 -9.5084518e-001
 -1.1362393e+000
 -1.3030035e+000
 -1.4456794e+000
 -1.5592954e+000
 -1.6395537e+000
 -1.6830336e+000
 -1.6873963e+000
 -1.6515702e+000
 -1.5758955e+000
 -1.4622066e+000
 -1.3138355e+000
 -1.1355290e+000
 -9.3327573e-001
 -7.1405564e-001
 -4.8552620e-001
 -2.5567104e-001
 -3.2437071e-002
  1.7661233e-001
  3.6460436e-001
  5.2560580e-001
  6.5480371e-001
  7.4861537e-001
  8.0473257e-001
  8.2211090e-001
  8.0091802e-001
  7.4245533e-001
  6.4906537e-001
  5.2403362e-001
  3.7148823e-001
  1.9629661e-001
  3.9539157e-003
 -1.9954330e-001
 -4.0784507e-001
 -6.1442169e-001
 -8.1276329e-001
 -9.9660026e-001
 -1.1601345e+000
 -1.2982669e+000
 -1.4068055e+000
 -1.4826356e+000
 -1.5238397e+000
 -1.5297559e+000
 -1.5009707e+000
 -1.4392496e+000
 -1.3474128e+000
 -1.2291701e+000
 -1.0889314e+000
 -9.3160709e-001
 -7.6241566e-001
 -5.8670678e-001
 -4.0980675e-001
 -2.3688677e-001
 -7.2850286e-002
  7.7766834e-002
  2.1089054e-001
  3.2300313e-001
  4.1124086e-001
  4.7349318e-001
  5.0849755e-001
  5.1592008e-001
  4.9640972e-001
  4.5161347e-001
  3.8414222e-001
  2.9748100e-001
  1.9584312e-001
  8.3974353e-002
 -3.3080425e-002
 -1.5023100e-001
 -2.6259565e-001
 -3.6573465e-001
 -4.5584545e-001
 -5.2990612e-001
 -5.8576015e-001
 -6.2214255e-001
 -6.3865393e-001
 -6.3569399e-001
 -6.1436943e-001
 -5.7639106e-001
 -5.2397350e-001
 -4.5974625e-001
 -3.8668028e-001
 -3.0802815e-001
 -2.2727152e-001
 -1.4806658e-001
 -7.4177106e-002
 -9.3863230e-003
  4.2617468e-002
  7.8381664e-002
  9.4850809e-002
  8.9537756e-002
  6.0689610e-002
  7.4316263e-003
 -7.0127177e-002
 -1.7083997e-001
 -2.9252785e-001
 -4.3204740e-001
 -5.8541554e-001
 -7.4798115e-001
 -9.1462899e-001
 -1.0799988e+000
 -1.2387031e+000
 -1.3855293e+000
 -1.5156161e+000
 -1.6245982e+000
 -1.7087203e+000
 -1.7649224e+000
 -1.7909031e+000
 -1.7851689e+000
 -1.7470722e+000
 -1.6768438e+000
 -1.5756163e+000
 -1.4454368e+000
 -1.2892590e+000
 -1.1109082e+000
 -9.1501148e-001
 -7.0688622e-001
 -4.9238743e-001
 -2.7771694e-001
 -6.9203468e-002
  1.2693304e-001
  3.0481706e-001
  4.5913652e-001
  5.8533027e-001
  6.7973304e-001
  7.3967176e-001
  7.6351304e-001
  7.5066707e-001
  7.0155720e-001
  6.1756641e-001
  5.0097223e-001
  3.5487854e-001
  1.8314918e-001
 -9.6571950e-003
 -2.1835622e-001
 -4.3721999e-001
 -6.6008293e-001
 -8.8048120e-001
 -1.0918320e+000
 -1.2876534e+000
 -1.4618173e+000
 -1.6088236e+000
 -1.7240725e+000
 -1.8041132e+000
 -1.8468421e+000
 -1.8516298e+000
 -1.8193575e+000
 -1.7523589e+000
 -1.6542667e+000
 -1.5297792e+000
 -1.3843684e+000
 -1.2239573e+000
 -1.0545984e+000
 -8.8218183e-001
 -7.1219671e-001
 -5.4956120e-001
 -3.9852532e-001
 -2.6264081e-001
 -1.4478296e-001
 -4.7203339e-002
  2.8410003e-002
  8.0886342e-002
  1.0955590e-001
  1.1427059e-001
  9.5459198e-002
  5.4204883e-002
 -7.6749094e-003
 -8.7570162e-002
 -1.8206581e-001
 -2.8699498e-001
 -3.9756981e-001
 -5.0859087e-001
 -6.1472476e-001
 -7.1082797e-001
 -7.9228727e-001
 -8.5534173e-001
 -8.9735196e-001
 -9.1698691e-001
 -9.1430748e-001
 -8.9073815e-001
 -8.4893094e-001
 -7.9253826e-001
 -7.2592122e-001
 -6.5382610e-001
 -5.8106328e-001
 -5.1221980e-001
 -4.5142959e-001
 -4.0221553e-001
 -3.6740625e-001
 -3.4911995e-001
 -3.4879902e-001
 -3.6727391e-001
 -4.0483367e-001
 -4.6128316e-001
 -5.3597298e-001
 -6.2779676e-001
 -7.3515895e-001
 -8.5592464e-001
 -9.8736902e-001
 -1.1261462e+000
 -1.2682970e+000
 -1.4093100e+000
 -1.5442440e+000
 -1.6679103e+000
 -1.7751053e+000
 -1.8608756e+000
 -1.9207922e+000
 -1.9512089e+000
 -1.9494815e+000
 -1.9141270e+000
 -1.8449114e+000
 -1.7428609e+000
 -1.6102005e+000
 -1.4502300e+000
 -1.2671549e+000
 -1.0658884e+000
 -8.5184387e-001
 -6.3073279e-001
 -4.0837753e-001
 -1.9054597e-001
  1.7192595e-002
  2.0959353e-001
  3.8185043e-001
  5.2970203e-001
  6.4953637e-001
  7.3849303e-001
  7.9456037e-001
  8.1666134e-001
  8.0471839e-001
  7.5968747e-001
  6.8355154e-001
  5.7926730e-001
  4.5066263e-001
  3.0228767e-001
  1.3922746e-001
 -3.3111661e-002
 -2.0922686e-001
 -3.8373882e-001
 -5.5159229e-001
 -7.0822521e-001
 -8.4969903e-001
 -9.7278739e-001
 -1.0750250e+000
 -1.1547227e+000
 -1.2109554e+000
 -1.2435332e+000
 -1.2529606e+000
 -1.2403899e+000
 -1.2075712e+000
 -1.1567953e+000
 -1.0908291e+000
 -1.0128361e+000
 -9.2627919e-001
 -8.3480326e-001
 -7.4209793e-001
 -6.5174577e-001
 -5.6706378e-001
 -4.9094967e-001
 -4.2574565e-001
 -3.7313239e-001
 -3.3406348e-001
 -3.0874714e-001
 -2.9667708e-001
 -2.9670893e-001
 -3.0717416e-001
 -3.2601912e-001
 -3.5095545e-001
 -3.7960738e-001
 -4.0964383e-001
 -4.3888630e-001
 -4.6538832e-001
 -4.8748638e-001
 -5.0382702e-001
 -5.1337677e-001
 -5.1542369e-001
 -5.0957781e-001
 -4.9577613e-001
 -4.7429418e-001
 -4.4576238e-001
 -4.1118190e-001
 -3.7193218e-001
 -3.2976153e-001
 -2.8675273e-001
 -2.4525839e-001
 -2.0780481e-001
 -1.7696750e-001
 -1.5522643e-001
 -1.4481263e-001
 -1.4756033e-001
 -1.6477872e-001
 -1.9715623e-001
 -2.4470633e-001
 -3.0675916e-001
 -3.8199799e-001
 -4.6853428e-001
 -5.6401120e-001
 -6.6572307e-001
 -7.7073781e-001
 -8.7601112e-001
 -9.7848454e-001
 -1.0751635e+000
 -1.1631766e+000
 -1.2398208e+000
 -1.3025998e+000
 -1.3492650e+000
 -1.3778661e+000
 -1.3868148e+000
 -1.3749642e+000
 -1.3416983e+000
 -1.2870231e+000
 -1.2116472e+000
 -1.1170390e+000
 -1.0054460e+000
 -8.7986793e-001
 -7.4397512e-001
 -6.0197522e-001
 -4.5843268e-001
 -3.1805401e-001
 -1.8545578e-001
 -6.4934261e-002
  3.9743621e-002
  1.2551097e-001
  1.9012052e-001
  2.3220608e-001
  2.5128524e-001
  2.4770890e-001
  2.2256805e-001
  1.7757172e-001
  1.1491093e-001
  3.7122932e-002
 -5.3032957e-002
 -1.5268054e-001
 -2.5890999e-001
 -3.6884057e-001
 -4.7966776e-001
 -5.8870168e-001
 -6.9340414e-001
 -7.9143062e-001
 -8.8068098e-001
 -9.5935927e-001
 -1.0260400e+000
 -1.0797347e+000
 -1.1199504e+000
 -1.1467322e+000
 -1.1606801e+000
 -1.1629349e+000
 -1.1551300e+000
 -1.1393084e+000
 -1.1178100e+000
 -1.0931362e+000
 -1.0678021e+000
 -1.0441860e+000
 -1.0243903e+000
 -1.0101206e+000
 -1.0025938e+000
 -1.0024795e+000
 -1.0098766e+000
 -1.0243263e+000
 -1.0448561e+000
 -1.0700521e+000
 -1.0981517e+000
 -1.1271513e+000
 -1.1549199e+000
 -1.1793157e+000
 -1.1982962e+000
 -1.2100205e+000
 -1.2129379e+000
 -1.2058611e+000
 -1.1880222e+000
 -1.1591098e+000
 -1.1192879e+000
 -1.0691960e+000
 -1.0099323e+000
 -9.4302091e-001
 -8.7036502e-001
 -7.9418818e-001
 -7.1696544e-001
 -6.4134625e-001
 -5.7007075e-001
 -5.0588065e-001
 -4.5142594e-001
 -4.0916881e-001
 -3.8128624e-001
 -3.6957386e-001
 -3.7535421e-001
 -3.9939396e-001
 -4.4183520e-001
 -5.0214692e-001
 -5.7910268e-001
 -6.7078966e-001
 -7.7465286e-001
 -8.8757583e-001
 -1.0059962e+000
 -1.1260513e+000
 -1.2437452e+000
 -1.3551269e+000
 -1.4564674e+000
 -1.5444220e+000
 -1.6161670e+000
 -1.6695013e+000
 -1.7029069e+000
 -1.7155676e+000
 -1.7073477e+000
 -1.6787386e+000
 -1.6307818e+000
 -1.5649798e+000
 -1.4832043e+000
 -1.3876118e+000
 -1.2805706e+000
 -1.1646024e+000
 -1.0423366e+000
 -9.1647228e-001
 -7.8974287e-001
 -6.6487560e-001
 -5.4454245e-001
 -4.3129946e-001
 -3.2751634e-001
 -2.3530135e-001
 -1.5642961e-001
 -9.2284490e-002
 -4.3821589e-002
 -1.1562606e-002
  4.3776472e-003
  4.2329646e-003
 -1.1496379e-002
 -4.2137279e-002
 -8.6933393e-002
 -1.4511424e-001
 -2.1592934e-001
 -2.9863766e-001
 -3.9244981e-001
 -4.9642866e-001
 -6.0936263e-001
 -7.2963271e-001
 -8.5509898e-001
 -9.8303280e-001
 -1.1101174e+000
 -1.2325324e+000
 -1.3461267e+000
 -1.4466721e+000
 -1.5301768e+000
 -1.5932275e+000
 -1.6333218e+000
 -1.6491486e+000
 -1.6407798e+000
 -1.6097424e+000
 -1.5589555e+000
 -1.4925310e+000
 -1.4154550e+000
 -1.3331810e+000
 -1.2511777e+000
 -1.1744825e+000
 -1.1073080e+000
 -1.0527450e+000
 -1.0125925e+000
 -9.8732791e-001
 -9.7621378e-001
 -9.7751918e-001
 -9.8882050e-001
 -1.0073369e+000
 -1.0302538e+000
 -1.0549904e+000
 -1.0793813e+000
 -1.1017511e+000
 -1.1208837e+000
 -1.1359014e+000
 -1.1460837e+000
 -1.1506646e+000
 -1.1486517e+000
 -1.1387046e+000
 -1.1191033e+000
 -1.0878202e+000
 -1.0426972e+000
 -9.8170747e-001
 -9.0327242e-001
 -8.0659165e-001
 -6.9194064e-001
 -5.6089336e-001
 -4.1643516e-001
 -2.6294380e-001
 -1.0603269e-001
  4.7733835e-002
  1.9122833e-001
  3.1721527e-001
  4.1883067e-001
  4.9004267e-001
  5.2605336e-001
  5.2361023e-001
  4.8120674e-001
  3.9916376e-001
  2.7959510e-001
  1.2627032e-001
 -5.5605216e-002
 -2.5966970e-001
 -4.7871990e-001
 -7.0504046e-001
 -9.3072991e-001
 -1.1480108e+000
 -1.3495151e+000
 -1.5285394e+000
 -1.6792671e+000
 -1.7969526e+000
 -1.8780668e+000
 -1.9203960e+000
 -1.9230932e+000
 -1.8866744e+000
 -1.8129600e+000
 -1.7049615e+000
 -1.5667180e+000
 -1.4030950e+000
 -1.2195560e+000
 -1.0219276e+000
 -8.1617250e-001
 -6.0818848e-001
 -4.0364530e-001
 -2.0786498e-001
 -2.5745787e-002
  1.3827771e-001
  2.8025127e-001
  3.9671029e-001
  4.8469825e-001
  5.4180766e-001
  5.6625123e-001
  5.5696326e-001
  5.1372268e-001
  4.3728144e-001
  3.2947610e-001
  1.9329831e-001
  3.2900992e-002
 -1.4647712e-001
 -3.3867745e-001
 -5.3687556e-001
 -7.3390909e-001
 -9.2265511e-001
 -1.0964242e+000
 -1.2493352e+000
 -1.3766345e+000
 -1.4749313e+000
 -1.5423271e+000
 -1.5784317e+000
 -1.5842710e+000
 -1.5621030e+000
 -1.5151683e+000
 -1.4474071e+000
 -1.3631747e+000
 -1.2669850e+000
 -1.1633012e+000
 -1.0563870e+000
 -9.5021658e-001
 -8.4843379e-001
 -7.5434483e-001
 -6.7092243e-001
 -6.0080248e-001
 -5.4625738e-001
 -5.0913806e-001
 -4.9078547e-001
 -4.9192165e-001
 -5.1253701e-001
 -5.5179540e-001
 -6.0797837e-001
 -6.7848678e-001
 -7.5991110e-001
 -8.4817233e-001
 -9.3872583e-001
 -1.0268111e+000
 -1.1077245e+000
 -1.1770869e+000
 -1.2310828e+000
 -1.2666467e+000
 -1.2815852e+000
 -1.2746292e+000
 -1.2454216e+000
 -1.1944536e+000
 -1.1229674e+000
 -1.0328465e+000
 -9.2651151e-001
 -8.0683434e-001
 -6.7707738e-001
 -5.4085518e-001
 -4.0210880e-001
 -2.6507803e-001
 -1.3425427e-001
 -1.4298543e-002
  9.0085759e-002
  1.7432831e-001
  2.3420896e-001
  2.6610125e-001
  2.6721978e-001
  2.3584485e-001
  1.7149735e-001
  7.5041044e-002
 -5.1303414e-002
 -2.0403821e-001
 -3.7855642e-001
 -5.6938250e-001
 -7.7046134e-001
 -9.7546733e-001
 -1.1781042e+000
 -1.3723702e+000
 -1.5527700e+000
 -1.7144640e+000
 -1.8533547e+000
 -1.9661211e+000
 -2.0502141e+000
 -2.1038344e+000
 -2.1259082e+000
 -2.1160764e+000
 -2.0747029e+000
 -2.0029020e+000
 -1.9025743e+000
 -1.7764387e+000
 -1.6280407e+000
 -1.4617200e+000
 -1.2825247e+000
 -1.0960659e+000
 -9.0831421e-001
 -7.2535098e-001
 -5.5309270e-001
 -3.9701388e-001
 -2.6189396e-001
 -1.5161238e-001
 -6.9009710e-002
 -1.5824281e-002
  7.2959401e-003
  7.1590839e-004
 -3.4312204e-002
 -9.5801209e-002
 -1.8118501e-001
 -2.8745900e-001
 -4.1129137e-001
 -5.4909973e-001
 -6.9709657e-001
 -8.5131414e-001
 -1.0076247e+000
 -1.1617735e+000
 -1.3094408e+000
 -1.4463417e+000
 -1.5683670e+000
 -1.6717587e+000
 -1.7533036e+000
 -1.8105249e+000
 -1.8418473e+000
 -1.8467110e+000
 -1.8256187e+000
 -1.7801020e+000
 -1.7126100e+000
 -1.6263299e+000
 -1.5249586e+000
 -1.4124521e+000
 -1.2927815e+000
 -1.1697219e+000
 -1.0466951e+000
 -9.2667712e-001
 -8.1217270e-001
 -7.0524645e-001
 -6.0759293e-001
 -5.2062265e-001
 -4.4553958e-001
 -3.8338925e-001
 -3.3506349e-001
 -3.0125745e-001
 -2.8238457e-001
 -2.7846516e-001
 -2.8901056e-001
 -3.1292814e-001
 -3.4847098e-001
 -3.9325025e-001
 -4.4431961e-001
 -4.9832965e-001
 -5.5173973e-001
 -6.0106491e-001
 -6.4312986e-001
 -6.7529959e-001
 -6.9565989e-001
 -7.0312711e-001
 -6.9747700e-001
 -6.7929392e-001
 -6.4985242e-001
 -6.1095230e-001
 -5.6473342e-001
 -5.1349722e-001
 -4.5955872e-001
 -4.0514517e-001
 -3.5234798e-001
 -3.0312405e-001
 -2.5933327e-001
 -2.2279228e-001
 -1.9532157e-001
 -1.7876468e-001
 -1.7496328e-001
 -1.8568094e-001
 -2.1247811e-001
 -2.5655100e-001
 -3.1855526e-001
 -3.9843993e-001
 -4.9531812e-001
 -6.0739695e-001
 -7.3198223e-001
 -8.6556303e-001
 -1.0039709e+000
 -1.1425978e+000
 -1.2766497e+000
 -1.4014086e+000
 -1.5124751e+000
 -1.6059695e+000
 -1.6786748e+000
 -1.7281168e+000
 -1.7525837e+000
 -1.7510978e+000
 -1.7233576e+000
 -1.6696694e+000
 -1.5908868e+000
 -1.4883714e+000
 -1.3639795e+000
 -1.2200724e+000
 -1.0595397e+000
 -8.8581831e-001
 -7.0288930e-001
 -5.1523555e-001
 -3.2774705e-001
 -1.4557014e-001
  2.6094633e-002
  1.8223209e-001
  3.1826788e-001
  4.3031390e-001
  5.1537735e-001
  5.7151045e-001
  5.9788511e-001
  5.9478628e-001
  5.6352825e-001
  5.0630778e-001
  4.2601566e-001
  3.2603182e-001
  2.1002943e-001
  8.1809069e-002
 -5.4822984e-002
 -1.9612775e-001
 -3.3846243e-001
 -4.7827812e-001
 -6.1210472e-001
 -7.3654308e-001
 -8.4828252e-001
 -9.4415600e-001
 -1.0212372e+000
 -1.0769748e+000
 -1.1093497e+000
 -1.1170359e+000
 -1.0995413e+000
 -1.0573048e+000
 -9.9173308e-001
 -9.0516500e-001
 -8.0076290e-001
 -6.8233997e-001
 -5.5414078e-001
 -4.2059860e-001
 -2.8609558e-001
 -1.5474989e-001
 -3.0249434e-002
  8.4256737e-002
  1.8620698e-001
  2.7362232e-001
  3.4506254e-001
  3.9956139e-001
  4.3656017e-001
  4.5585633e-001
  4.5757766e-001
  4.4218567e-001
  4.1050312e-001
  3.6375447e-001
  3.0360281e-001
  2.3216582e-001
  1.5199544e-001
  6.6010957e-002
 -2.2616956e-002
 -1.1062554e-001
 -1.9484871e-001
 -2.7241557e-001
 -3.4093598e-001
 -3.9865101e-001
 -4.4453034e-001
 -4.7830553e-001
 -5.0043701e-001
 -5.1202121e-001
 -5.1465255e-001
 -5.1026006e-001
 -5.0094027e-001
 -4.8880705e-001
 -4.7587376e-001
 -4.6397645e-001
 -4.5473866e-001
 -4.4957076e-001
 -4.4969093e-001
 -4.5615179e-001
 -4.6985698e-001
 -4.9155527e-001
 -5.2180584e-001
 -5.6091567e-001
 -6.0885729e-001
 -6.6518117e-001
 -7.2894053e-001
 -7.9864633e-001
 -8.7226756e-001
 -9.4728526e-001
 -1.0208015e+000
 -1.0896953e+000
 -1.1508115e+000
 -1.2011603e+000
 -1.2381069e+000
 -1.2595294e+000
 -1.2639278e+000
 -1.2504770e+000
 -1.2190214e+000
 -1.1700205e+000
 -1.1044589e+000
 -1.0237416e+000
 -9.2959056e-001
 -8.2396230e-001
 -7.0899406e-001
 -5.8698314e-001
 -4.6039309e-001
 -3.3187479e-001
 -2.0428569e-001
 -8.0689276e-002
  3.5680583e-002
  1.4149985e-001
  2.3348065e-001
  3.0853595e-001
  3.6396696e-001
  3.9765092e-001
  4.0820506e-001
  3.9510320e-001
  3.5872714e-001
  3.0034359e-001
  2.2200724e-001
  1.2640163e-001
  1.6638054e-002
 -1.0396149e-001
 -2.3206927e-001
 -3.6451972e-001
 -4.9842194e-001
 -6.3120806e-001
 -7.6061968e-001
 -8.8464527e-001
 -1.0014292e+000
 -1.1091780e+000
 -1.2060882e+000
 -1.2903181e+000
 -1.3600139e+000
 -1.4133936e+000
 -1.4488788e+000
 -1.4652554e+000
 -1.4618378e+000
 -1.4386091e+000
 -1.3963110e+000
 -1.3364657e+000
 -1.2613208e+000
 -1.1737202e+000
 -1.0769166e+000
 -9.7434807e-001
 -8.6940913e-001
 -7.6524455e-001
 -6.6459294e-001
 -5.6969622e-001
 -4.8228156e-001
 -4.0360995e-001
 -3.3457479e-001
 -2.7582650e-001
 -2.2789531e-001
 -1.9128635e-001
 -1.6652690e-001
 -1.5415546e-001
 -1.5465395e-001
 -1.6833552e-001
 -1.9520972e-001
 -2.3485226e-001
 -2.8630713e-001
 -3.4804443e-001
 -4.1798869e-001
 -4.9362097e-001
 -5.7214548e-001
 -6.5070053e-001
 -7.2658541e-001
 -7.9747150e-001
 -8.6156759e-001
 -9.1771637e-001
 -9.6540949e-001
 -1.0047215e+000
 -1.0361758e+000
 -1.0605663e+000
 -1.0787651e+000
 -1.0915483e+000
 -1.0994669e+000
 -1.1027843e+000
 -1.1014860e+000
 -1.0953571e+000
 -1.0841100e+000
 -1.0675354e+000
 -1.0456459e+000
 -1.0187828e+000
 -9.8766167e-001
 -9.5334526e-001
 -9.1714269e-001
 -8.8044923e-001
 -8.4455109e-001
 -8.1042698e-001
 -7.7858036e-001
 -7.4893199e-001
 -7.2079382e-001
 -6.9293249e-001
 -6.6371625e-001
 -6.3132613e-001
 -5.9400105e-001
 -5.5028165e-001
 -4.9921688e-001
 -4.4050383e-001
 -3.7454140e-001
 -3.0239228e-001
 -2.2566186e-001
 -1.4631568e-001
 -6.6465728e-002
  1.1839852e-002
  8.6791441e-002
  1.5693179e-001
  2.2119535e-001
  2.7887287e-001
  3.2951418e-001
  3.7279288e-001
  4.0836294e-001
  4.3573821e-001
  4.5422114e-001
  4.6289789e-001
  4.6070441e-001
  4.4655494e-001
  4.1951263e-001
  3.7897338e-001
  3.2483119e-001
  2.5759492e-001
  1.7843459e-001
  8.9146105e-002
 -7.9628740e-003
 -1.1025020e-001
 -2.1495355e-001
 -3.1940961e-001
 -4.2124505e-001
 -5.1851186e-001
 -6.0974847e-001
 -6.9396164e-001
 -7.7053732e-001
 -8.3910082e-001
 -8.9935537e-001
 -9.5093129e-001
 -9.9327599e-001
 -1.0256073e+000
 -1.0469408e+000
 -1.0561895e+000
 -1.0523183e+000
 -1.0345290e+000
 -1.0024423e+000
 -9.5624452e-001
 -8.9677131e-001
 -8.2551246e-001
 -7.4453219e-001
 -6.5631607e-001
 -5.6356644e-001
 -4.6897756e-001
 -3.7502467e-001
 -2.8379875e-001
 -1.9691060e-001
 -1.1547611e-001
 -4.0179915e-002
  2.8598307e-002
  9.0621967e-002
  1.4563292e-001
  1.9321720e-001
  2.3272856e-001
  2.6328677e-001
  2.8385379e-001
  2.9337665e-001
  2.9097320e-001
  2.7612840e-001
  2.4886565e-001
  2.0986116e-001
  1.6047777e-001
  1.0270814e-001
  3.9031914e-002
 -2.7793947e-002
 -9.4981092e-002
 -1.5995530e-001
 -2.2056471e-001
 -2.7522024e-001
 -3.2294883e-001
 -3.6335517e-001
 -3.9650261e-001
 -4.2273778e-001
 -4.4249234e-001
 -4.5609895e-001
 -4.6365518e-001
 -4.6496000e-001
 -4.5953413e-001
 -4.4671992e-001
 -4.2584175e-001
 -3.9639635e-001
 -3.5823651e-001
 -3.1171209e-001
 -2.5773912e-001
 -1.9778031e-001
 -1.3373575e-001
 -6.7758755e-002
 -2.0257150e-003
  6.1502327e-002
  1.2128595e-001
  1.7634566e-001
  2.2630731e-001
  2.7134517e-001
  3.1203082e-001
  3.4911244e-001
  3.8326179e-001
  4.1483252e-001
  4.4367269e-001
  4.6902598e-001
  4.8954176e-001
  5.0339619e-001
  5.0850770e-001
  5.0281408e-001
  4.8456733e-001
  4.5259899e-001
  4.0651244e-001
  3.4677095e-001
  2.7466646e-001
  1.9217427e-001
  1.0171721e-001
  5.8781124e-003
 -9.2892410e-002
 -1.9252542e-001
 -2.9150041e-001
 -3.8890408e-001
 -4.8437456e-001
 -5.7794456e-001
 -6.6981475e-001
 -7.6010072e-001
 -8.4860201e-001
 -9.3463781e-001
 -1.0169825e+000
 -1.0939173e+000
 -1.1633919e+000
 -1.2232742e+000
 -1.2716447e+000
 -1.3070885e+000
 -1.3289331e+000
 -1.3373905e+000
 -1.3335773e+000
 -1.3194039e+000
 -1.2973508e+000
 -1.2701623e+000
 -1.2405093e+000
 -1.2106707e+000
 -1.1822861e+000
 -1.1562172e+000
 -1.1325373e+000
 -1.1106472e+000
 -1.0894950e+000
 -1.0678580e+000
 -1.0446369e+000
 -1.0191100e+000
 -9.9110147e-001
 -9.6103703e-001
 -9.2987653e-001
 -8.9893870e-001
 -8.6965115e-001
 -8.4327347e-001
 -8.2064648e-001
 -8.0201670e-001
 -7.8697234e-001
 -7.7450724e-001
 -7.6320632e-001
 -7.5152368e-001
 -7.3810684e-001
 -7.2211066e-001
 -7.0344429e-001
 -6.8290451e-001
 -6.6216689e-001
 -6.4362981e-001
 -6.3013164e-001
 -6.2458319e-001
 -6.2957291e-001
 -6.4700794e-001
 -6.7784894e-001
 -7.2198155e-001
 -7.7824444e-001
 -8.4460772e-001
 -9.1846962e-001
 -9.9701916e-001
 -1.0776011e+000
 -1.1580188e+000
 -1.2367224e+000
 -1.3128490e+000
 -1.3861093e+000
 -1.4565425e+000
 -1.5241877e+000
 -1.5887336e+000
 -1.6492191e+000
 -1.7038469e+000
 -1.7499563e+000
 -1.7841758e+000
 -1.8027413e+000
 -1.8019416e+000
 -1.7786236e+000
 -1.7306787e+000
 -1.6574333e+000
 -1.5598744e+000
 -1.4406717e+000
 -1.3039841e+000
 -1.1550773e+000
 -9.9980787e-001
 -8.4405125e-001
 -6.9316069e-001
 -5.5153977e-001
 -4.2239078e-001
 -3.0767183e-001
 -2.0826004e-001
 -1.2428205e-001
 -5.5543955e-002
 -1.9751885e-003
  3.6002674e-002
  5.7258184e-002
  5.9933424e-002
  4.1642773e-002
 -1.3788065e-004
 -6.7552272e-002
 -1.6180238e-001
 -2.8264361e-001
 -4.2803084e-001
 -5.9398814e-001
 -7.7474073e-001
 -9.6310540e-001
 -1.1510929e+000
 -1.3306394e+000
 -1.4943611e+000
 -1.6362205e+000
 -1.7520028e+000
 -1.8395350e+000
 -1.8986168e+000
 -1.9306825e+000
 -1.9382579e+000
 -1.9243080e+000
 -1.8915934e+000
 -1.8421476e+000
 -1.7769713e+000
 -1.6959970e+000
 -1.5983323e+000
 -1.4827399e+000
 -1.3482645e+000
 -1.1948915e+000
 -1.0241085e+000
 -8.3925342e-001
 -6.4556583e-001
 -4.4990636e-001
 -2.6016457e-001
 -8.4431949e-002
  6.9939995e-002
  1.9725044e-001
  2.9418100e-001
  3.6022361e-001
  3.9772418e-001
  4.1152159e-001
  4.0822669e-001
  3.9524611e-001
  3.7970029e-001
  3.6740644e-001
  3.6209121e-001
  3.6496370e-001
  3.7472356e-001
  3.8800821e-001
  4.0021022e-001
  4.0653160e-001
  4.0309804e-001
  3.8793987e-001
  3.6166199e-001
  3.2767028e-001
  2.9189086e-001
  2.6200029e-001
  2.4626652e-001
  2.5216909e-001
  2.8501112e-001
  3.4674685e-001
  4.3522459e-001
  5.4398862e-001
  6.6270238e-001
  7.7816200e-001
  8.7577823e-001
  9.4132951e-001
  9.6274300e-001
  9.3165011e-001
  8.4449153e-001
  7.0300996e-001
  5.1405720e-001
  2.8874285e-001
  4.1048977e-002
 -2.1388642e-001
 -4.6156639e-001
 -6.8975233e-001
 -8.8967199e-001
 -1.0566540e+000
 -1.1901158e+000
 -1.2929329e+000
 -1.3703138e+000
 -1.4283815e+000
 -1.4727039e+000
 -1.5070239e+000
 -1.5323991e+000
 -1.5468983e+000
 -1.5459027e+000
