  1.0340470e+000
  2.5511340e+000
  3.2362409e+000
  3.2737164e+000
  2.8763784e+000
  2.2450083e+000
  1.5437418e+000
  8.8928688e-001
  3.5066242e-001
 -4.4180005e-002
 -2.9818543e-001
 -4.3413903e-001
 -4.8457843e-001
 -4.8374613e-001
 -4.6199817e-001
 -4.4260437e-001
 -4.4057440e-001
 -4.6299903e-001
 -5.1037056e-001
 -5.7840061e-001
 -6.5994934e-001
 -7.4679123e-001
 -8.3104724e-001
 -9.0620190e-001
 -9.6769224e-001
 -1.0131035e+000
 -1.0420370e+000
 -1.0557343e+000
 -1.0565456e+000
 -1.0473344e+000
 -1.0308981e+000
 -1.0094764e+000
 -9.8440020e-001
 -9.5591472e-001
 -9.2318788e-001
 -8.8449213e-001
 -8.3752715e-001
 -7.7983375e-001
 -7.0923863e-001
 -6.2426648e-001
 -5.2446097e-001
 -4.1056907e-001
 -2.8456198e-001
 -1.4948868e-001
 -9.1815347e-003
  1.3214596e-001
  2.7035378e-001
  4.0181928e-001
  5.2380846e-001
  6.3472266e-001
  7.3418617e-001
  8.2296229e-001
  9.0271010e-001
  9.7561641e-001
  1.0439555e+000
  1.1096400e+000
  1.1738265e+000
  1.2366351e+000
  1.2970214e+000
  1.3528238e+000
  1.4009778e+000
  1.4378714e+000
  1.4597913e+000
  1.4633972e+000
  1.4461596e+000
  1.4066982e+000
  1.3449751e+000
  1.2623131e+000
  1.1612400e+000
  1.0451783e+000
  9.1802556e-001
  7.8368513e-001
  6.4561219e-001
  5.0644071e-001
  3.6774258e-001
  2.2995270e-001
  9.2469400e-002
 -4.6085393e-002
 -1.8748487e-001
 -3.3345096e-001
 -4.8520829e-001
 -6.4310388e-001
 -8.0634890e-001
 -9.7292096e-001
 -1.1396430e+000
 -1.3024290e+000
 -1.4566638e+000
 -1.5976636e+000
 -1.7211543e+000
 -1.8236999e+000
 -1.9030233e+000
 -1.9581746e+000
 -1.9895254e+000
 -1.9985936e+000
 -1.9877254e+000
 -1.9596833e+000
 -1.9172030e+000
 -1.8625837e+000
 -1.7973744e+000
 -1.7222025e+000
 -1.6367708e+000
 -1.5400230e+000
 -1.4304540e+000
 -1.3065180e+000
 -1.1670736e+000
 -1.0117968e+000
 -8.4149827e-001
 -6.5829379e-001
 -4.6559558e-001
 -2.6792064e-001
 -7.0536401e-002
  1.2101126e-001
  3.0142491e-001
  4.6616605e-001
  6.1187878e-001
  7.3666793e-001
  8.4019233e-001
  9.2355993e-001
  9.8903912e-001
  1.0396266e+000
  1.0785325e+000
  1.1086568e+000
  1.1321293e+000
  1.1499822e+000
  1.1620000e+000
  1.1667702e+000
  1.1619289e+000
  1.1445653e+000
  1.1117293e+000
  1.0609674e+000
  9.9081074e-001
  9.0114138e-001
  7.9338217e-001
  6.7047838e-001
  5.3666884e-001
  3.9707377e-001
  2.5715287e-001
  1.2210583e-001
 -3.7034581e-003
 -1.1722050e-001
 -2.1700626e-001
 -3.0333328e-001
 -3.7805805e-001
 -4.4428678e-001
 -5.0588018e-001
 -5.6686528e-001
 -6.3083502e-001
 -7.0041831e-001
 -7.7689294e-001
 -8.5999408e-001
 -9.4794348e-001
 -1.0376937e+000
 -1.1253514e+000
 -1.2067194e+000
 -1.2778793e+000
 -1.3357324e+000
 -1.3784226e+000
 -1.4055808e+000
 -1.4183562e+000
 -1.4192321e+000
 -1.4116506e+000
 -1.3995015e+000
 -1.3865480e+000
 -1.3758710e+000
 -1.3694119e+000
 -1.3676793e+000
 -1.3696611e+000
 -1.3729562e+000
 -1.3741071e+000
 -1.3690865e+000
 -1.3538692e+000
 -1.3250093e+000
 -1.2801401e+000
 -1.2183262e+000
 -1.1402188e+000
 -1.0479920e+000
 -9.4506932e-001
 -8.3567991e-001
 -7.2430862e-001
 -6.1511738e-001
 -5.1142142e-001
 -4.1529460e-001
 -3.2736021e-001
 -2.4679654e-001
 -1.7155598e-001
 -9.8765426e-002
 -2.5249500e-002
  5.1899590e-002
  1.3478891e-001
  2.2430666e-001
  3.1988113e-001
  4.1945348e-001
  5.1967066e-001
  6.1627260e-001
  7.0462014e-001
  7.8028896e-001
  8.3964492e-001
  8.8031821e-001
  9.0150715e-001
  9.0406683e-001
  8.9036742e-001
  8.6394046e-001
  8.2896130e-001
  7.8963992e-001
  7.4960581e-001
  7.1137438e-001
  6.7597133e-001
  6.4276989e-001
  6.0956581e-001
  5.7288204e-001
  5.2846210e-001
  4.7188471e-001
  3.9921431e-001
  3.0759698e-001
  1.9571812e-001
  6.4057588e-002
 -8.5094075e-002
 -2.4786109e-001
 -4.1921846e-001
 -5.9357769e-001
 -7.6544038e-001
 -9.3002784e-001
 -1.0837984e+000
 -1.2247800e+000
 -1.3526709e+000
 -1.4686955e+000
 -1.5752360e+000
 -1.6752925e+000
 -1.7718501e+000
 -1.8672431e+000
 -1.9626104e+000
 -2.0575192e+000
 -2.1498166e+000
 -2.2357315e+000
 -2.3102179e+000
 -2.3674942e+000
 -2.4017077e+000
 -2.4076328e+000
 -2.3813098e+000
 -2.3205359e+000
 -2.2251419e+000
 -2.0970196e+000
 -1.9398948e+000
 -1.7588816e+000
 -1.5598800e+000
 -1.3489022e+000
 -1.1314210e+000
 -9.1183239e-001
 -6.9310329e-001
 -4.7665339e-001
 -2.6248220e-001
 -4.9519284e-002
  1.6385727e-001
  3.7921325e-001
  5.9745388e-001
  8.1831429e-001
  1.0400235e+000
  1.2591957e+000
  1.4709705e+000
  1.6693868e+000
  1.8479435e+000
  2.0002708e+000
  2.1208203e+000
  2.2054793e+000
  2.2520235e+000
  2.2603448e+000
  2.2324223e+000
  2.1720410e+000
  2.0842954e+000
  1.9749499e+000
  1.8497419e+000
  1.7137273e+000
  1.5707566e+000
  1.4231547e+000
  1.2716461e+000
  1.1155325e+000
  9.5309346e-001
  7.8214934e-001
  6.0070049e-001
  4.0754754e-001
  2.0279849e-001
 -1.1815285e-002
 -2.3286465e-001
 -4.5540609e-001
 -6.7340192e-001
 -8.8032177e-001
 -1.0698434e+000
 -1.2365552e+000
 -1.3765629e+000
 -1.4879117e+000
 -1.5707663e+000
 -1.6273184e+000
 -1.6614330e+000
 -1.6780815e+000
 -1.6826382e+000
 -1.6801362e+000
 -1.6745876e+000
 -1.6684597e+000
 -1.6623823e+000
 -1.6551236e+000
 -1.6438395e+000
 -1.6245594e+000
 -1.5928391e+000
 -1.5444876e+000
 -1.4762651e+000
 -1.3864518e+000
 -1.2752061e+000
 -1.1446598e+000
 -9.9873632e-001
 -8.4271643e-001
 -6.8261046e-001
 -5.2442675e-001
 -3.7343819e-001
 -2.3355094e-001
 -1.0686489e-001
  6.5114395e-003
  1.0836452e-001
  2.0201065e-001
  2.9171288e-001
  3.8196187e-001
  4.7672211e-001
  5.7875032e-001
  6.8908303e-001
  8.0676711e-001
  9.2887271e-001
  1.0507890e+000
  1.1667626e+000
  1.2706057e+000
  1.3564746e+000
  1.4196114e+000
  1.4569465e+000
  1.4674759e+000
  1.4523634e+000
  1.4147524e+000
  1.3593155e+000
  1.2916041e+000
  1.2172918e+000
  1.1414168e+000
  1.0677310e+000
  9.9824564e-001
  9.3303899e-001
  8.7035016e-001
  8.0694538e-001
  7.3870289e-001
  6.6133147e-001
  5.7111847e-001
  4.6559875e-001
  3.4404655e-001
  2.0771755e-001
  5.9803324e-002
 -9.4898392e-002
 -2.5055402e-001
 -4.0102669e-001
 -5.4066908e-001
 -6.6506527e-001
 -7.7161679e-001
 -8.5988884e-001
 -9.3166623e-001
 -9.9070839e-001
 -1.0422351e+000
 -1.0922123e+000
 -1.1465346e+000
 -1.2102174e+000
 -1.2867085e+000
 -1.3774137e+000
 -1.4815000e+000
 -1.5960038e+000
 -1.7162244e+000
 -1.8363488e+000
 -1.9502163e+000
 -2.0521170e+000
 -2.1375088e+000
 -2.2035547e+000
 -2.2494031e+000
 -2.2761735e+000
 -2.2866514e+000
 -2.2847360e+000
 -2.2747223e+000
 -2.2605209e+000
 -2.2449293e+000
 -2.2290611e+000
 -2.2120188e+000
 -2.1908615e+000
 -2.1608759e+000
 -2.1161208e+000
 -2.0501720e+000
 -1.9569692e+000
 -1.8316508e+000
 -1.6712639e+000
 -1.4752536e+000
 -1.2456649e+000
 -9.8703188e-001
 -7.0596894e-001
 -4.1052197e-001
 -1.0936727e-001
  1.8903222e-001
  4.7720040e-001
  7.4924885e-001
  1.0012284e+000
  1.2311909e+000
  1.4389615e+000
  1.6256642e+000
  1.7930758e+000
  1.9429108e+000
  2.0761450e+000
  2.1924826e+000
  2.2900497e+000
  2.3653624e+000
  2.4135821e+000
  2.4290242e+000
  2.4058551e+000
  2.3388800e+000
  2.2243151e+000
  2.0604342e+000
  1.8480016e+000
  1.5904273e+000
  1.2936221e+000
  9.6556836e-001
  6.1566286e-001
  2.5391583e-001
 -1.0988869e-001
 -4.6696423e-001
 -8.1012868e-001
 -1.1341748e+000
 -1.4359668e+000
 -1.7142648e+000
 -1.9693163e+000
 -2.2022855e+000
 -2.4146148e+000
 -2.6074153e+000
 -2.7809817e+000
 -2.9345024e+000
 -3.0660061e+000
 -3.1725510e+000
 -3.2506223e+000
 -3.2966765e+000
 -3.3077433e+000
 -3.2819918e+000
 -3.2191670e+000
 -3.1208267e+000
 -2.9903328e+000
 -2.8325900e+000
 -2.6535619e+000
 -2.4596257e+000
 -2.2568554e+000
 -2.0503296e+000
 -1.8435651e+000
 -1.6381546e+000
 -1.4336646e+000
 -1.2278103e+000
 -1.0168889e+000
 -7.9641353e-001
 -5.6186658e-001
 -3.0946986e-001
 -3.6870648e-002
  2.5634812e-001
  5.6839979e-001
  8.9530139e-001
  1.2311522e+000
  1.5686426e+000
  1.8997212e+000
  2.2163306e+000
  2.5111112e+000
  2.7779838e+000
  3.0125392e+000
  3.2121910e+000
  3.3760877e+000
  3.5048086e+000
  3.5999041e+000
  3.6633569e+000
  3.6970543e+000
  3.7023536e+000
  3.6798068e+000
  3.6290864e+000
  3.5491181e+000
  3.4383968e+000
  3.2954302e+000
  3.1192381e+000
  2.9098218e+000
  2.6685268e+000
  2.3982363e+000
  2.1033590e+000
  1.7896065e+000
  1.4635907e+000
  1.1322960e+000
  8.0250566e-001
  4.8026507e-001
  1.7046469e-001
 -1.2339645e-001
 -3.9923077e-001
 -6.5616447e-001
 -8.9415525e-001
 -1.1134888e+000
 -1.3142389e+000
 -1.4957829e+000
 -1.6564623e+000
 -1.7934542e+000
 -1.9028918e+000
 -1.9802347e+000
 -2.0208489e+000
 -2.0207215e+000
 -1.9772133e+000
 -1.8897356e+000
 -1.7602454e+000
 -1.5934724e+000
 -1.3968230e+000
 -1.1799505e+000
 -9.5402443e-001
 -7.3077736e-001
 -5.2143619e-001
 -3.3566885e-001
 -1.8067601e-001
 -6.0543212e-002
  2.4063326e-002
  7.5817488e-002
  1.0028033e-001
  1.0513195e-001
  9.9187892e-002
  9.1327627e-002
  8.9473474e-002
  9.9749770e-002
  1.2592622e-001
  1.6920892e-001
  2.2839344e-001
  3.0034388e-001
  3.8071606e-001
  4.6480987e-001
  5.4841899e-001
  6.2854826e-001
  7.0389066e-001
  7.7499253e-001
  8.4408363e-001
  9.1459990e-001
  9.9047417e-001
  1.0753071e+000
  1.1715503e+000
  1.2798355e+000
  1.3985624e+000
  1.5238227e+000
  1.6496875e+000
  1.7688307e+000
  1.8734085e+000
  1.9560737e+000
  2.0109767e+000
  2.0346025e+000
  2.0263100e+000
  1.9884759e+000
  1.9262040e+000
  1.8466146e+000
  1.7577990e+000
  1.6675686e+000
  1.5821684e+000
  1.5051354e+000
  1.4364735e+000
  1.3722768e+000
  1.3048814e+000
  1.2235553e+000
  1.1156648e+000
  9.6818847e-001
  7.6940020e-001
  5.1051203e-001
  1.8706719e-001
 -2.0010182e-001
 -6.4448458e-001
 -1.1341391e+000
 -1.6525601e+000
 -2.1800774e+000
 -2.6956269e+000
 -3.1786858e+000
 -3.6111460e+000
 -3.9789028e+000
 -4.2729768e+000
 -4.4900405e+000
 -4.6323029e+000
 -4.7067788e+000
 -4.7240550e+000
 -4.6967174e+000
 -4.6376511e+000
 -4.5584286e+000
 -4.4679894e+000
 -4.3717666e+000
 -4.2713535e+000
 -4.1647280e+000
 -4.0469764e+000
 -3.9113929e+000
 -3.7507818e+000
 -3.5587697e+000
 -3.3309359e+000
 -3.0656040e+000
 -2.7641898e+000
 -2.4310667e+000
 -2.0729839e+000
 -1.6981370e+000
 -1.3150404e+000
 -9.3138187e-001
 -5.5303828e-001
 -1.8340854e-001
  1.7682852e-001
  5.2948786e-001
  8.7821048e-001
  1.2274494e+000
  1.5812585e+000
  1.9420671e+000
  2.3096311e+000
  2.6803283e+000
  3.0469250e+000
  3.3988713e+000
  3.7231119e+000
  4.0053225e+000
  4.2314203e+000
  4.3891521e+000
  4.4695462e+000
  4.4680289e+000
  4.3850412e+000
  4.2260610e+000
  4.0010084e+000
  3.7230975e+000
  3.4072717e+000
  3.0684205e+000
  2.7196042e+000
  2.3705225e+000
  2.0264288e+000
  1.6876420e+000
  1.3497275e+000
  1.0043363e+000
  6.4060416e-001
  2.4693761e-001
 -1.8703463e-001
 -6.6859259e-001
 -1.2003760e+000
 -1.7793538e+000
 -2.3964472e+000
 -3.0368577e+000
 -3.6810650e+000
 -4.3063769e+000
 -4.8888443e+000
 -5.4053138e+000
 -5.8353755e+000
 -6.1629817e+000
 -6.3775583e+000
 -6.4744974e+000
 -6.4550015e+000
 -6.3253293e+000
 -6.0955687e+000
 -5.7781172e+000
 -5.3860797e+000
 -4.9317969e+000
 -4.4256899e+000
 -3.8755589e+000
 -3.2864064e+000
 -2.6607816e+000
 -1.9995725e+000
 -1.3031124e+000
 -5.7242707e-001
  1.8956577e-001
  9.7708262e-001
  1.7808726e+000
  2.5880801e+000
  3.3826032e+000
  4.1459116e+000
  4.8582311e+000
  5.4999556e+000
  6.0531218e+000
  6.5027774e+000
  6.8380931e+000
  7.0531027e+000
  7.1470061e+000
  7.1240228e+000
  6.9928391e+000
  6.7657334e+000
  6.4574982e+000
  6.0842872e+000
  5.6625159e+000
  5.2079203e+000
  4.7348496e+000
  4.2558279e+000
  3.7813818e+000
  3.3200955e+000
  2.8788300e+000
  2.4630285e+000
  2.0770318e+000
  1.7243376e+000
  1.4077577e+000
  1.1294557e+000
  8.9086912e-001
  6.9254891e-001
  5.3395856e-001
  4.1328676e-001
  3.2732202e-001
  2.7142774e-001
  2.3963928e-001
  2.2488493e-001
  2.1931463e-001
  2.1470500e-001
  2.0290140e-001
  1.7625589e-001
  1.2802546e-001
  5.2705490e-002
 -5.3713837e-002
 -1.9356721e-001
 -3.6739941e-001
 -5.7390047e-001
 -8.0987621e-001
 -1.0702465e+000
 -1.3480739e+000
 -1.6346378e+000
 -1.9195789e+000
 -2.1911459e+000
 -2.4365730e+000
 -2.6426072e+000
 -2.7961888e+000
 -2.8852606e+000
 -2.8996573e+000
 -2.8320017e+000
 -2.6785143e+000
 -2.4396354e+000
 -2.1203652e+000
 -1.7302475e+000
 -1.2829551e+000
 -7.9548247e-001
 -2.8699657e-001
  2.2255181e-001
  7.1391865e-001
  1.1699958e+000
  1.5770127e+000
  1.9253638e+000
  2.2099539e+000
  2.4300133e+000
  2.5884003e+000
  2.6904823e+000
  2.7427452e+000
  2.7513291e+000
  2.7207073e+000
  2.6527153e+000
  2.5461014e+000
  2.3967007e+000
  2.1982537e+000
  1.9437965e+000
  1.6274608e+000
  1.2464493e+000
  8.0291026e-001
  3.0541985e-001
 -2.3018320e-001
 -7.8080525e-001
 -1.3170424e+000
 -1.8050430e+000
 -2.2091477e+000
 -2.4950588e+000
 -2.6332070e+000
 -2.6019382e+000
 -2.3901461e+000
 -1.9990212e+000
 -1.4426818e+000
 -7.4757271e-001
  4.9337212e-002
  9.0338908e-001
  1.7658032e+000
  2.5876003e+000
  3.3234472e+000
  3.9350106e+000
  4.3934641e+000
  4.6809026e+000
  4.7905529e+000
  4.7258269e+000
  4.4984024e+000
  4.1256396e+000
  3.6277171e+000
  3.0248947e+000
  2.3352798e+000
  1.5733895e+000
  7.4967701e-001
 -1.2895679e-001
 -1.0577953e+000
 -2.0323430e+000
 -3.0461220e+000
 -4.0886261e+000
 -5.1438137e+000
 -6.1894485e+000
 -7.1974762e+000
 -8.1354695e+000
 -8.9690151e+000
 -9.6647627e+000
 -1.0193741e+001
 -1.0534486e+001
 -1.0675527e+001
 -1.0616841e+001
 -1.0370013e+001
 -9.9570172e+000
 -9.4077057e+000
 -8.7562952e+000
 -8.0372848e+000
 -7.2813393e+000
 -6.5117020e+000
 -5.7416539e+000
 -4.9734115e+000
 -4.1986764e+000
 -3.4008284e+000
 -2.5585268e+000
 -1.6502772e+000
 -6.5936585e-001
  4.2151914e-001
  1.5866521e+000
  2.8151974e+000
  4.0710978e+000
  5.3050806e+000
  6.4586680e+000
  7.4698088e+000
  8.2795156e+000
  8.8387321e+000
  9.1145845e+000
  9.0952091e+000
  8.7924855e+000
  8.2422381e+000
  7.5017580e+000
  6.6448188e+000
  5.7546684e+000
  4.9157367e+000
  4.2049720e+000
  3.6837855e+000
  3.3915316e+000
  3.3412877e+000
  3.5184362e+000
  3.8822310e+000
  4.3701811e+000
  4.9047557e+000
  5.4016451e+000
  5.7786322e+000
  5.9640644e+000
  5.9039766e+000
  5.5670839e+000
  4.9471330e+000
  4.0624196e+000
  2.9526289e+000
  1.6734685e+000
  2.8982381e-001
 -1.1316804e+000
 -2.5297772e+000
 -3.8544545e+000
 -5.0709711e+000
 -6.1615720e+000
 -7.1247938e+000
 -7.9725668e+000
 -8.7256025e+000
 -9.4077686e+000
 -1.0040267e+001
 -1.0636441e+001
 -1.1197924e+001
 -1.1712663e+001
 -1.2155068e+001
 -1.2488258e+001
 -1.2668094e+001
 -1.2648432e+001
 -1.2386895e+001
 -1.1850397e+001
 -1.1019668e+001
 -9.8922200e+000
 -8.4833621e+000
 -6.8251721e+000
 -4.9635908e+000
 -2.9540569e+000
 -8.5628728e-001
  1.2710892e+000
  3.3753361e+000
  5.4132338e+000
  7.3530873e+000
  9.1749146e+000
  1.0868877e+001
  1.2432262e+001
  1.3865539e+001
  1.5168133e+001
  1.6334603e+001
  1.7351868e+001
  1.8197947e+001
  1.8842487e+001
  1.9249091e+001
  1.9379188e+001
  1.9196973e+001
  1.8674752e+001
  1.7797991e+001
  1.6569331e+001
  1.5010993e+001
  1.3165165e+001
  1.1092216e+001
  8.8668777e+000
  6.5727598e+000
  4.2958184e+000
  2.1174984e+000
  1.0833785e-001
 -1.6772451e+000
 -3.2044058e+000
 -4.4592133e+000
 -5.4477834e+000
 -6.1933851e+000
 -6.7319434e+000
 -7.1065478e+000
 -7.3616818e+000
 -7.5378937e+000
 -7.6675501e+000
 -7.7721426e+000
 -7.8613987e+000
 -7.9341922e+000
 -7.9810112e+000
 -7.9875300e+000
 -7.9386997e+000
 -7.8227149e+000
 -7.6342500e+000
 -7.3764792e+000
 -7.0615781e+000
 -6.7096310e+000
 -6.3460999e+000
 -5.9982207e+000
 -5.6908495e+000
 -5.4423640e+000
 -5.2612242e+000
 -5.1437106e+000
 -5.0732025e+000
 -5.0211509e+000
 -4.9496736e+000
 -4.8154792e+000
 -4.5746508e+000
 -4.1876989e+000
 -3.6242596e+000
 -2.8668550e+000
 -1.9132567e+000
 -7.7717155e-001
  5.1281376e-001
  1.9158738e+000
  3.3828161e+000
  4.8606811e+000
  6.2974908e+000
  7.6465597e+000
  8.8698632e+000
  9.9400934e+000
  1.0841222e+001
  1.1567594e+001
  1.2121764e+001
  1.2511478e+001
  1.2746252e+001
  1.2834117e+001
  1.2778975e+001
  1.2578983e+001
  1.2226189e+001
  1.1707465e+001
  1.1006615e+001
  1.0107351e+001
  8.9967270e+000
  7.6685420e+000
  6.1262488e+000
  4.3849547e+000
  2.4722368e+000
  4.2764452e-001
 -1.6990649e+000
 -3.8507509e+000
 -5.9664417e+000
 -7.9851989e+000
 -9.8498603e+000
 -1.1510262e+001
 -1.2925629e+001
 -1.4065955e+001
 -1.4912329e+001
 -1.5456314e+001
 -1.5698595e+001
 -1.5647212e+001
 -1.5315689e+001
 -1.4721387e+001
 -1.3884316e+001
 -1.2826538e+001
 -1.1572179e+001
 -1.0147953e+001
 -8.5839704e+000
 -6.9145727e+000
 -5.1788976e+000
 -3.4209060e+000
 -1.6886873e+000
 -3.2962006e-002
  1.4951705e+000
  2.8470651e+000
  3.9796655e+000
  4.8585906e+000
  5.4608015e+000
  5.7765071e+000
  5.8100468e+000
  5.5796047e+000
  5.1157526e+000
  4.4589615e+000
  3.6563517e+000
  2.7580446e+000
  1.8135243e+000
  8.6841376e-001
 -3.7998482e-002
 -8.7424427e-001
 -1.6170810e+000
 -2.2508689e+000
 -2.7661134e+000
 -3.1574797e+000
 -3.4216508e+000
 -3.5554165e+000
 -3.5543373e+000
 -3.4122366e+000
 -3.1216428e+000
 -2.6751551e+000
 -2.0675585e+000
 -1.2983873e+000
 -3.7454914e-001
  6.8741030e-001
  1.8598004e+000
  3.1033550e+000
  4.3680716e+000
  5.5953606e+000
  6.7213813e+000
  7.6812886e+000
  8.4139939e+000
  8.8669724e+000
  9.0006282e+000
  8.7917724e+000
  8.2358604e+000
  7.3477714e+000
  6.1610645e+000
  4.7258114e+000
  3.1052425e+000
  1.3715572e+000
 -3.9868898e-001
 -2.1291958e+000
 -3.7481394e+000
 -5.1916939e+000
 -6.4066533e+000
 -7.3520731e+000
 -7.9999690e+000
 -8.3352064e+000
 -8.3547791e+000
 -8.0667051e+000
 -7.4887544e+000
 -6.6471813e+000
 -5.5755658e+000
 -4.3137941e+000
 -2.9071334e+000
 -1.4053053e+000
  1.3856867e-001
  1.6692688e+000
  3.1311102e+000
  4.4699295e+000
  5.6353709e+000
  6.5833377e+000
  7.2784087e+000
  7.6959778e+000
  7.8238635e+000
  7.6631659e+000
  7.2282147e+000
  6.5455408e+000
  5.6519220e+000
  4.5916592e+000
  3.4133442e+000
  2.1664453e+000
  8.9807153e-001
 -3.4974146e-001
 -1.5419412e+000
 -2.6513792e+000
 -3.6586841e+000
 -4.5511653e+000
 -5.3209504e+000
 -5.9626646e+000
 -6.4710202e+000
 -6.8387022e+000
 -7.0548931e+000
 -7.1047005e+000
 -6.9696261e+000
 -6.6290734e+000
 -6.0627471e+000
 -5.2536682e+000
 -4.1914366e+000
 -2.8753241e+000
 -1.3167873e+000
  4.5895112e-001
  2.4125018e+000
  4.4912013e+000
  6.6312613e+000
  8.7609932e+000
  1.0804805e+001
  1.2687588e+001
  1.4339063e+001
  1.5697703e+001
  1.6713873e+001
  1.7351972e+001
  1.7591452e+001
  1.7426756e+001
  1.6866308e+001
  1.5930797e+001
  1.4651047e+001
  1.3065772e+001
  1.1219484e+001
  9.1607502e+000
  6.9409026e+000
  4.6131943e+000
  2.2323121e+000
 -1.4592833e-001
 -2.4649150e+000
 -4.6678067e+000
 -6.6985069e+000
 -8.5031411e+000
 -1.0032039e+001
 -1.1242123e+001
 -1.2099504e+001
 -1.2582017e+001
 -1.2681408e+001
 -1.2404847e+001
 -1.1775548e+001
 -1.0832305e+001
 -9.6279113e+000
 -8.2265178e+000
 -6.7001259e+000
 -5.1244991e+000
 -3.5748453e+000
 -2.1216430e+000
 -8.2695990e-001
  2.5844782e-001
  1.0970703e+000
  1.6655377e+000
  1.9545212e+000
  1.9677911e+000
  1.7206637e+000
  1.2381049e+000
  5.5276261e-001
 -2.9684507e-001
 -1.2678304e+000
 -2.3140613e+000
 -3.3869480e+000
 -4.4360108e+000
 -5.4094122e+000
 -6.2546607e+000
 -6.9196774e+000
 -7.3543637e+000
 -7.5127198e+000
 -7.3554577e+000
 -6.8529427e+000
 -5.9882008e+000
 -4.7596612e+000
 -3.1832772e+000
 -1.2936898e+000
  8.5583339e-001
  3.1948393e+000
  5.6385298e+000
  8.0918682e+000
  1.0454674e+001
  1.2627317e+001
  1.4516527e+001
  1.6040850e+001
  1.7135246e+001
  1.7754486e+001
  1.7875064e+001
  1.7495525e+001
  1.6635266e+001
  1.5332013e+001
  1.3638292e+001
  1.1617301e+001
  9.3386099e+000
  6.8740822e+000
  4.2943688e+000
  1.6661851e+000
 -9.4951505e-001
 -3.4984911e+000
 -5.9334207e+000
 -8.2135651e+000
 -1.0304142e+001
 -1.2175646e+001
 -1.3803330e+001
 -1.5166960e+001
 -1.6250916e+001
 -1.7044563e+001
 -1.7542797e+001
 -1.7746583e+001
 -1.7663308e+001
 -1.7306780e+001
 -1.6696763e+001
 -1.5858024e+001
 -1.4818946e+001
 -1.3609850e+001
 -1.2261228e+001
 -1.0802144e+001
 -9.2590241e+000
 -7.6550353e+000
 -6.0101622e+000
 -4.3419857e+000
 -2.6670524e+000
 -1.0026152e+000
  6.3155485e-001
  2.2116310e+000
  3.7088032e+000
  5.0892421e+000
  6.3151255e+000
  7.3467646e+000
  8.1457030e+000
  8.6785121e+000
  8.9208761e+000
  8.8614743e+000
  8.5051458e+000
  7.8748601e+000
  7.0121230e+000
  5.9756054e+000
  4.8379774e+000
  3.6811397e+000
  2.5902370e+000
  1.6469993e+000
  9.2305505e-001
  4.7388684e-001
  3.3405380e-001
  5.1417851e-001
  1.0000175e+000
  1.7537136e+000
  2.7170968e+000
  3.8166862e+000
  4.9698694e+000
  6.0916267e+000
  7.1011264e+000
  7.9275612e+000
  8.5147049e+000
  8.8238374e+000
  8.8348850e+000
  8.5458336e+000
  7.9706615e+000
  7.1361864e+000
  6.0783138e+000
  4.8381921e+000
  3.4587402e+000
  1.9819068e+000
  4.4687976e-001
 -1.1106997e+000
 -2.6586217e+000
 -4.1673258e+000
 -5.6087748e+000
 -6.9553381e+000
 -8.1790120e+000
 -9.2512263e+000
 -1.0143369e+001
 -1.0828026e+001
 -1.1280790e+001
 -1.1482391e+001
 -1.1420825e+001
 -1.1093121e+001
 -1.0506451e+001
 -9.6783361e+000
 -8.6358631e+000
 -7.4139297e+000
 -6.0527134e+000
 -4.5946545e+000
 -3.0813352e+000
 -1.5506568e+000
 -3.4684098e-002
  1.4415620e+000
  2.8602158e+000
  4.2095920e+000
  5.4822953e+000
  6.6727259e+000
  7.7743920e+000
  8.7774833e+000
  9.6671361e+000
  1.0422739e+001
  1.1018482e+001
  1.1425191e+001
  1.1613279e+001
  1.1556499e+001
  1.1236036e+001
  1.0644379e+001
  9.7884473e+000
  8.6914677e+000
  7.3932661e+000
  5.9487964e+000
  4.4249592e+000
  2.8959666e+000
  1.4377024e+000
  1.2165989e-001
 -9.9089293e-001
 -1.8538827e+000
 -2.4399892e+000
 -2.7424050e+000
 -2.7746166e+000
 -2.5682547e+000
 -2.1692845e+000
 -1.6329947e+000
 -1.0183721e+000
 -3.8250506e-001
  2.2436412e-001
  7.6262093e-001
  1.2055368e+000
  1.5398494e+000
  1.7647252e+000
  1.8893663e+000
  1.9296792e+000
  1.9045270e+000
  1.8321107e+000
  1.7269758e+000
  1.5980340e+000
  1.4478213e+000
  1.2730291e+000
  1.0661595e+000
  8.1799124e-001
  5.2043203e-001
  1.6928340e-001
 -2.3353922e-001
 -6.7870231e-001
 -1.1493015e+000
 -1.6219249e+000
 -2.0688183e+000
 -2.4608757e+000
 -2.7710517e+000
 -2.9777295e+000
 -3.0675686e+000
 -3.0374263e+000
 -2.8950636e+000
 -2.6585084e+000
 -2.3541287e+000
 -2.0136427e+000
 -1.6704362e+000
 -1.3556530e+000
 -1.0945587e+000
 -9.0364232e-001
 -7.8882988e-001
 -7.4503509e-001
 -7.5710428e-001
 -8.0202964e-001
 -8.5214422e-001
 -8.7888800e-001
 -8.5666516e-001
 -7.6630658e-001
 -5.9770781e-001
 -3.5132403e-001
 -3.8353169e-002
  3.2039294e-001
  6.9676506e-001
  1.0583971e+000
  1.3722709e+000
  1.6082840e+000
  1.7423944e+000
  1.7589892e+000
  1.6522363e+000
  1.4263174e+000
  1.0945908e+000
  6.7786019e-001
  2.0203214e-001
 -3.0450030e-001
 -8.1340069e-001
 -1.2985534e+000
 -1.7376241e+000
 -2.1129017e+000
 -2.4114239e+000
 -2.6245022e+000
 -2.7468465e+000
 -2.7755410e+000
 -2.7091292e+000
 -2.5470285e+000
 -2.2894230e+000
 -1.9376808e+000
 -1.4952377e+000
 -9.6878746e-001
 -3.6954350e-001
  2.8570372e-001
  9.7400275e-001
  1.6663531e+000
  2.3286476e+000
  2.9234643e+000
  3.4126051e+000
  3.7601562e+000
  3.9357538e+000
  3.9176829e+000
  3.6954274e+000
  3.2713344e+000
  2.6611411e+000
  1.8932430e+000
  1.0067194e+000
  4.8288388e-002
 -9.3151425e-001
 -1.8825371e+000
 -2.7591528e+000
 -3.5238958e+000
 -4.1502159e+000
 -4.6240666e+000
 -4.9441842e+000
 -5.1210646e+000
 -5.1747927e+000
 -5.1320076e+000
 -5.0223757e+000
 -4.8749883e+000
 -4.7150922e+000
 -4.5615056e+000
 -4.4249736e+000
 -4.3075968e+000
 -4.2033311e+000
 -4.0994309e+000
 -3.9786052e+000
 -3.8215828e+000
 -3.6097605e+000
 -3.3276159e+000
 -2.9646263e+000
 -2.5165100e+000
 -1.9857104e+000
 -1.3811394e+000
 -7.1728689e-001
 -1.2871237e-002
  7.1076193e-001
  1.4312764e+000
  2.1268312e+000
  2.7772765e+000
  3.3649874e+000
  3.8753270e+000
  4.2967933e+000
  4.6209450e+000
  4.8422215e+000
  4.9577694e+000
  4.9673589e+000
  4.8734336e+000
  4.6812837e+000
  4.3992848e+000
  4.0391089e+000
  3.6157905e+000
  3.1475401e+000
  2.6552197e+000
  2.1614438e+000
  1.6893293e+000
  1.2609790e+000
  8.9583921e-001
  6.0911392e-001
  4.1042985e-001
  3.0293651e-001
  2.8298396e-001
  3.4045686e-001
  4.5976396e-001
  6.2139790e-001
  8.0390269e-001
  9.8602780e-001
  1.1488162e+000
  1.2773750e+000
  1.3621131e+000
  1.3992943e+000
  1.3908429e+000
  1.3434344e+000
  1.2670006e+000
  1.1728544e+000
  1.0716959e+000
  9.7177559e-001
  8.7747292e-001
  7.8849341e-001
  6.9980486e-001
  6.0233266e-001
  4.8433074e-001
  3.3325077e-001
  1.3786154e-001
 -1.0966742e-001
 -4.1200360e-001
 -7.6545821e-001
 -1.1595373e+000
 -1.5773176e+000
 -1.9966218e+000
 -2.3918630e+000
 -2.7363459e+000
 -3.0047509e+000
 -3.1755086e+000
 -3.2327885e+000
 -3.1678778e+000
 -2.9798081e+000
 -2.6751841e+000
 -2.2672710e+000
 -1.7744873e+000
 -1.2185174e+000
 -6.2229691e-001
 -8.1226611e-003
  6.0389024e-001
  1.1968483e+000
  1.7575394e+000
  2.2763257e+000
  2.7465661e+000
  3.1637293e+000
  3.5243979e+000
  3.8253689e+000
  4.0630306e+000
  4.2331410e+000
  4.3310585e+000
  4.3523945e+000
  4.2939809e+000
  4.1549829e+000
  3.9379567e+000
  3.6496439e+000
  3.3013305e+000
  2.9086512e+000
  2.4908027e+000
  2.0692154e+000
  1.6658181e+000
  1.3010966e+000
  9.9218762e-001
  7.5125805e-001
  5.8438713e-001
  4.9111273e-001
  4.6471446e-001
  4.9321048e-001
  5.6094702e-001
  6.5057792e-001
  7.4517561e-001
  8.3019390e-001
  8.9502077e-001
  9.3391329e-001
  9.4619048e-001
  9.3566248e-001
  9.0938080e-001
  8.7589087e-001
  8.4324079e-001
  8.1703849e-001
  7.9884751e-001
  7.8517004e-001
  7.6718827e-001
  7.3133331e-001
  6.6063746e-001
  5.3671654e-001
  3.4213893e-001
  6.2879322e-002
 -3.0946349e-001
 -7.7598139e-001
 -1.3295373e+000
 -1.9547486e+000
 -2.6288975e+000
 -3.3236732e+000
 -4.0075468e+000
 -4.6484977e+000
 -5.2167707e+000
 -5.6873373e+000
 -6.0417822e+000
 -6.2694083e+000
 -6.3674597e+000
 -6.3404776e+000
 -6.1989118e+000
 -5.9572071e+000
 -5.6316402e+000
 -5.2382092e+000
 -4.7908560e+000
 -4.3002478e+000
 -3.7732543e+000
 -3.2131575e+000
 -2.6205232e+000
 -1.9945687e+000
 -1.3347959e+000
 -6.4262131e-001
  7.7259059e-002
  8.1599023e-001
  1.5603125e+000
  2.2930032e+000
  2.9939605e+000
  3.6417902e+000
  4.2156835e+000
  4.6973350e+000
  5.0726389e+000
  5.3329390e+000
  5.4756665e+000
  5.5042880e+000
  5.4275818e+000
  5.2583538e+000
  5.0117795e+000
  4.7036090e+000
  4.3484853e+000
  3.9586041e+000
  3.5428912e+000
  3.1067919e+000
  2.6526754e+000
  2.1807665e+000
  1.6904362e+000
  1.1816299e+000
  6.5619297e-001
  1.1886470e-001
 -4.2223527e-001
 -9.5573151e-001
 -1.4677383e+000
 -1.9431424e+000
 -2.3672542e+000
 -2.7276009e+000
 -3.0156019e+000
 -3.2278794e+000
 -3.3669969e+000
 -3.4414944e+000
 -3.4651819e+000
 -3.4557533e+000
 -3.4328783e+000
 -3.4160004e+000
 -3.4221162e+000
 -3.4638136e+000
 -3.5478199e+000
 -3.6742389e+000
 -3.8365746e+000
 -4.0225279e+000
 -4.2154585e+000
 -4.3963153e+000
 -4.5457790e+000
 -4.6463409e+000
 -4.6840524e+000
 -4.6497320e+000
 -4.5394961e+000
 -4.3545745e+000
 -4.1004730e+000
 -3.7856363e+000
 -3.4198299e+000
 -3.0124960e+000
 -2.5713374e+000
 -2.1013447e+000
 -1.6044126e+000
 -1.0796029e+000
 -5.2401291e-001
  6.5884750e-002
  6.9263533e-001
  1.3561790e+000
  2.0524679e+000
  2.7725513e+000
  3.5022939e+000
  4.2228053e+000
  4.9115610e+000
  5.5440962e+000
  6.0960741e+000
  6.5454713e+000
  6.8746087e+000
  7.0717674e+000
  7.1321850e+000
  7.0583098e+000
  6.8592851e+000
  6.5497391e+000
  6.1480472e+000
  5.6742996e+000
  5.1482446e+000
  4.5874734e+000
  4.0060783e+000
  3.4139404e+000
  2.8167182e+000
  2.2165040e+000
  1.6130236e+000
  1.0051784e+000
  3.9268220e-001
 -2.2246683e-001
 -8.3491028e-001
 -1.4354258e+000
 -2.0110853e+000
 -2.5460713e+000
 -3.0230483e+000
 -3.4249107e+000
 -3.7366673e+000
 -3.9472045e+000
 -4.0506830e+000
 -4.0473722e+000
 -3.9438018e+000
 -3.7522042e+000
 -3.4893167e+000
 -3.1747000e+000
 -2.8287926e+000
 -2.4709555e+000
 -2.1177586e+000
 -1.7817223e+000
 -1.4706630e+000
 -1.1877024e+000
 -9.3190558e-001
 -6.9942741e-001
 -4.8497240e-001
 -2.8333489e-001
 -9.0777250e-002
  9.3967906e-002
  2.6922637e-001
  4.3051522e-001
  5.7126053e-001
  6.8399049e-001
  7.6182004e-001
  7.9999454e-001
  7.9724595e-001
  7.5673581e-001
  6.8641417e-001
  5.9870390e-001
  5.0951490e-001
  4.3668869e-001
  3.9805818e-001
  4.0936667e-001
  4.8231703e-001
  6.2301130e-001
  8.3099491e-001
  1.0990430e+000
  1.4137308e+000
  1.7567275e+000
  2.1066571e+000
  2.4412981e+000
  2.7398464e+000
  2.9849617e+000
  3.1643477e+000
  3.2716808e+000
  3.3067893e+000
  3.2750878e+000
  3.1863699e+000
  3.0531455e+000
  2.8887669e+000
  2.7056095e+000
  2.5135582e+000
  2.3190009e+000
  2.1244523e+000
  1.9288386e+000
  1.7283732e+000
  1.5178718e+000
  1.2922869e+000
  1.0482151e+000
  7.8513095e-001
  5.0614621e-001
  2.1816063e-001
 -6.8636435e-002
 -3.4185888e-001
 -5.8846498e-001
 -7.9653098e-001
 -9.5700128e-001
 -1.0651560e+000
 -1.1215706e+000
 -1.1324080e+000
 -1.1089759e+000
 -1.0665815e+000
 -1.0228162e+000
 -9.9548362e-001
 -1.0004407e+000
 -1.0496340e+000
 -1.1495974e+000
 -1.3006139e+000
 -1.4966613e+000
 -1.7261551e+000
 -1.9733953e+000
 -2.2205282e+000
 -2.4497661e+000
 -2.6455680e+000
 -2.7964925e+000
 -2.8964754e+000
 -2.9453613e+000
 -2.9486214e+000
 -2.9162974e+000
 -2.8613173e+000
 -2.7974156e+000
 -2.7369424e+000
 -2.6888632e+000
 -2.6572263e+000
 -2.6403112e+000
 -2.6305800e+000
 -2.6154483e+000
 -2.5787780e+000
 -2.5029017e+000
 -2.3709153e+000
 -2.1689385e+000
 -1.8880516e+000
 -1.5256557e+000
 -1.0860848e+000
 -5.8039403e-001
 -2.5360399e-002
  5.5816910e-001
  1.1473599e+000
  1.7196315e+000
  2.2547688e+000
  2.7366419e+000
  3.1543255e+000
  3.5025017e+000
  3.7811263e+000
  3.9944395e+000
  4.1494925e+000
  4.2544212e+000
  4.3167283e+000
  4.3418280e+000
  4.3320608e+000
  4.2863169e+000
  4.2003130e+000
  4.0674708e+000
  3.8802585e+000
  3.6317875e+000
  3.3174175e+000
  2.9361250e+000
  2.4914182e+000
  1.9916483e+000
  1.4496526e+000
  8.8175932e-001
  3.0627510e-001
 -2.5834634e-001
 -7.9541142e-001
 -1.2917104e+000
 -1.7388214e+000
 -2.1338124e+000
 -2.4792418e+000
 -2.7824482e+000
 -3.0542215e+000
 -3.3070280e+000
 -3.5530239e+000
 -3.8021205e+000
 -4.0603601e+000
 -4.3288147e+000
 -4.6031559e+000
 -4.8739491e+000
 -5.1276309e+000
 -5.3480377e+000
 -5.5182795e+000
 -5.6227093e+000
 -5.6487305e+000
 -5.5882040e+000
 -5.4382800e+000
 -5.2015533e+000
 -4.8855378e+000
 -4.5015465e+000
 -4.0631429e+000
 -3.5843864e+000
 -3.0781205e+000
 -2.5545410e+000
 -2.0202426e+000
 -1.4778717e+000
 -9.2642985e-001
 -3.6217865e-001
  2.1998512e-001
  8.2488112e-001
  1.4553598e+000
  2.1108211e+000
  2.7861514e+000
  3.4712396e+000
  4.1511522e+000
  4.8069634e+000
  5.4171476e+000
  5.9593691e+000
  6.4124507e+000
  6.7582852e+000
  6.9834559e+000
  7.0803804e+000
  7.0478471e+000
  6.8908978e+000
  6.6200923e+000
  6.2502646e+000
  5.7989444e+000
  5.2846498e+000
  4.7252669e+000
  4.1367078e+000
  3.5319965e+000
  2.9208615e+000
  2.3098483e+000
  1.7028859e+000
  1.1021876e+000
  5.0932025e-001
 -7.3737614e-002
 -6.4371985e-001
 -1.1955180e+000
 -1.7220330e+000
 -2.2144570e+000
 -2.6629438e+000
 -3.0575679e+000
 -3.3894325e+000
 -3.6517613e+000
 -3.8408150e+000
 -3.9564959e+000
 -4.0025471e+000
 -3.9863102e+000
 -3.9180645e+000
 -3.8100278e+000
 -3.6751425e+000
 -3.5257974e+000
 -3.3726434e+000
 -3.2236423e+000
 -3.0834580e+000
 -2.9532480e+000
 -2.8308637e+000
 -2.7114102e+000
 -2.5880768e+000
 -2.4531162e+000
 -2.2988388e+000
 -2.1184966e+000
 -1.9069541e+000
 -1.6610804e+000
 -1.3798425e+000
 -1.0641238e+000
 -7.1633150e-001
 -3.3988327e-001
  6.1322599e-002
  4.8335594e-001
  9.2254208e-001
  1.3755408e+000
  1.8392077e+000
  2.3102683e+000
  2.7848697e+000
  3.2580970e+000
  3.7235544e+000
  4.1731006e+000
  4.5968126e+000
  4.9832165e+000
  5.3197883e+000
  5.5936846e+000
  5.7926328e+000
  5.9058797e+000
  5.9250913e+000
  5.8450963e+000
  5.6643855e+000
  5.3853095e+000
  5.0139548e+000
  4.5597178e+000
  4.0346336e+000
  3.4525456e+000
  2.8282147e+000
  2.1764724e+000
  1.5115070e+000
  8.4634915e-001
  1.9258905e-001
 -4.3967645e-001
 -1.0417040e+000
 -1.6058336e+000
 -2.1251682e+000
 -2.5932831e+000
 -3.0040400e+000
 -3.3515530e+000
 -3.6303318e+000
 -3.8355889e+000
 -3.9636705e+000
 -4.0125469e+000
 -3.9822811e+000
 -3.8753969e+000
 -3.6970752e+000
 -3.4551299e+000
 -3.1597449e+000
 -2.8229843e+000
 -2.4581217e+000
 -2.0788561e+000
 -1.6985000e+000
 -1.3292262e+000
 -9.8145239e-001
 -6.6342116e-001
 -3.8100746e-001
 -1.3775162e-001
  6.4911735e-002
  2.2728422e-001
  3.5096417e-001
  4.3841150e-001
  4.9258340e-001
  5.1668988e-001
  5.1409205e-001
  4.8833815e-001
  4.4330478e-001
  3.8338979e-001
  3.1369139e-001
  2.4010757e-001
  1.6930121e-001
  1.0849762e-001
  6.5109592e-002
  4.6215818e-002
  5.7946880e-002
  1.0485462e-001
  1.8935126e-001
  3.1130248e-001
  4.6784364e-001
  6.5346138e-001
  8.6034879e-001
  1.0790048e+000
  1.2990135e+000
  1.5099130e+000
  1.7020461e+000
  1.8672874e+000
  1.9995555e+000
  2.0950456e+000
  2.1521588e+000
  2.1711467e+000
  2.1535296e+000
  2.1013841e+000
  2.0166129e+000
  1.9003202e+000
  1.7523983e+000
  1.5714062e+000
  1.3547801e+000
  1.0993635e+000
  8.0220074e-001
  4.6149156e-001
  7.7574778e-002
 -3.4620243e-001
 -8.0286839e-001
 -1.2815760e+000
 -1.7677877e+000
 -2.2439128e+000
 -2.6903583e+000
 -3.0868984e+000
 -3.4142256e+000
 -3.6555197e+000
 -3.7978633e+000
 -3.8333488e+000
 -3.7597548e+000
 -3.5807208e+000
 -3.3054070e+000
 -2.9476855e+000
 -2.5249631e+000
 -2.0567748e+000
 -1.5633091e+000
 -1.0640248e+000
 -5.7650172e-001
 -1.1562541e-001
  3.0683894e-001
  6.8228677e-001
  1.0049815e+000
  1.2715249e+000
  1.4802114e+000
  1.6303966e+000
  1.7219949e+000
  1.7551945e+000
  1.7304331e+000
  1.6486294e+000
  1.5116193e+000
  1.3227037e+000
  1.0871934e+000
  8.1282687e-001
  5.0995201e-001
  1.9139191e-001
 -1.2803917e-001
 -4.3235322e-001
 -7.0547040e-001
 -9.3245358e-001
 -1.1007537e+000
 -1.2013140e+000
 -1.2293920e+000
 -1.1849880e+000
 -1.0728155e+000
 -9.0180714e-001
 -6.8420643e-001
 -4.3435077e-001
 -1.6729041e-001
  1.0259046e-001
  3.6278520e-001
  6.0356609e-001
  8.1847519e-001
  1.0043597e+000
  1.1609681e+000
  1.2901837e+000
  1.3950190e+000
  1.4785274e+000
  1.5427983e+000
  1.5881872e+000
  1.6128996e+000
  1.6129963e+000
  1.5828255e+000
  1.5158283e+000
  1.4056073e+000
  1.2471111e+000
  1.0377657e+000
  7.7839142e-001
  4.7376774e-001
  1.3275540e-001
 -2.3205697e-001
 -6.0515138e-001
 -9.6923522e-001
 -1.3066166e+000
 -1.6006359e+000
 -1.8369847e+000
 -2.0047569e+000
 -2.0971204e+000
 -2.1115427e+000
 -2.0495720e+000
 -1.9162280e+000
 -1.7191137e+000
 -1.4673865e+000
 -1.1707473e+000
 -8.3859099e-001
 -4.7943478e-001
 -1.0069107e-001
  2.9120380e-001
  6.9035346e-001
  1.0907573e+000
  1.4855944e+000
  1.8665875e+000
  2.2235929e+000
  2.5445320e+000
  2.8157334e+000
  3.0226923e+000
  3.1511931e+000
  3.1886781e+000
  3.1257060e+000
  2.9573119e+000
  2.6840876e+000
  2.3128199e+000
  1.8565756e+000
  1.3341826e+000
  7.6913147e-001
  1.8798907e-001
 -3.8151938e-001
 -9.1256474e-001
 -1.3811895e+000
 -1.7679981e+000
 -2.0593897e+000
 -2.2482151e+000
 -2.3338101e+000
 -2.3214300e+000
 -2.2211802e+000
 -2.0465930e+000
 -1.8130378e+000
 -1.5361610e+000
 -1.2305366e+000
 -9.0867352e-001
 -5.8046698e-001
 -2.5311751e-001
  6.8523206e-002
  3.8127953e-001
  6.8279216e-001
  9.7063200e-001
  1.2415444e+000
  1.4909547e+000
  1.7128222e+000
  1.8998723e+000
  2.0441791e+000
  2.1380148e+000
  2.1748407e+000
  2.1502923e+000
  2.0630087e+000
  1.9151776e+000
  1.7127054e+000
  1.4649743e+000
  1.1842060e+000
  8.8450458e-001
  5.8069790e-001
  2.8712136e-001
  1.6496107e-002
 -2.2096116e-001
 -4.1809401e-001
 -5.7097284e-001
 -6.7867300e-001
 -7.4272017e-001
 -7.6630490e-001
 -7.5339944e-001
 -7.0792120e-001
 -6.3307735e-001
 -5.3099510e-001
 -4.0269654e-001
 -2.4842226e-001
 -6.8251932e-002
  1.3707925e-001
  3.6530432e-001
  6.1184050e-001
  8.6924313e-001
  1.1270159e+000
  1.3718500e+000
  1.5883078e+000
  1.7599049e+000
  1.8704867e+000
  1.9057518e+000
  1.8547471e+000
  1.7111562e+000
  1.4742202e+000
  1.1491727e+000
  7.4712479e-001
  2.8440087e-001
 -2.1861000e-001
 -7.3896423e-001
 -1.2528738e+000
 -1.7374334e+000
 -2.1721841e+000
 -2.5403607e+000
 -2.8297100e+000
 -3.0328279e+000
 -3.1470203e+000
 -3.1737544e+000
 -3.1178102e+000
 -2.9862751e+000
 -2.7875310e+000
 -2.5303726e+000
 -2.2233662e+000
 -1.8745105e+000
 -1.4912114e+000
 -1.0805317e+000
 -6.4962923e-001
 -2.0627170e-001
  2.4069850e-001
  6.8106683e-001
  1.1032080e+000
  1.4943569e+000
  1.8411920e+000
  2.1306813e+000
  2.3511014e+000
  2.4931029e+000
  2.5506872e+000
  2.5219585e+000
  2.4095438e+000
  2.2206088e+000
  1.9664502e+000
  1.6616956e+000
  1.3231937e+000
  9.6871408e-001
  6.1560007e-001
  2.7952300e-001
 -2.6530703e-002
 -2.9293850e-001
 -5.1373122e-001
 -6.8648825e-001
 -8.1188349e-001
 -8.9297038e-001
 -9.3432308e-001
 -9.4116376e-001
 -9.1859964e-001
 -8.7107015e-001
 -8.0206798e-001
 -7.1415276e-001
 -6.0922957e-001
 -4.8902350e-001
 -3.5565097e-001
 -2.1217376e-001
 -6.3024253e-002
  8.5790393e-002
  2.2676393e-001
  3.5126263e-001
  4.5016343e-001
  5.1468700e-001
  5.3732173e-001
  5.1271669e-001
  4.3842018e-001
  3.1535742e-001
  1.4797174e-001
 -5.6003541e-002
 -2.8612787e-001
 -5.3013020e-001
 -7.7498044e-001
 -1.0080309e+000
 -1.2180942e+000
 -1.3963316e+000
 -1.5368527e+000
 -1.6369627e+000
 -1.6970412e+000
 -1.7200822e+000
 -1.7109692e+000
 -1.6755881e+000
 -1.6199028e+000
 -1.5491140e+000
 -1.4670100e+000
 -1.3755880e+000
 -1.2749828e+000
 -1.1637000e+000
 -1.0391066e+000
 -8.9809977e-001
 -7.3785120e-001
 -5.5651842e-001
 -3.5382214e-001
 -1.3141034e-001
  1.0703778e-001
  3.5597715e-001
  6.0840309e-001
  8.5643759e-001
  1.0920121e+000
  1.3075530e+000
  1.4965814e+000
  1.6541517e+000
  1.7770860e+000
  1.8639871e+000
  1.9150520e+000
  1.9317324e+000
  1.9163127e+000
  1.8714823e+000
  1.7999778e+000
  1.7043532e+000
  1.5869132e+000
  1.4498124e+000
  1.2952943e+000
  1.1260145e+000
  9.4537719e-001
  7.5780351e-001
  5.6886129e-001
  3.8519908e-001
  2.1425916e-001
  6.3776886e-002
 -5.8890791e-002
 -1.4753429e-001
 -1.9786232e-001
 -2.0817031e-001
 -1.7980683e-001
 -1.1735773e-001
 -2.8499383e-002
  7.6488436e-002
  1.8551684e-001
  2.8571615e-001
  3.6459328e-001
  4.1119397e-001
  4.1714101e-001
  3.7743192e-001
  2.9090579e-001
  1.6032693e-001
 -7.9220413e-003
 -2.0450000e-001
 -4.1804107e-001
 -6.3625311e-001
 -8.4705458e-001
 -1.0396225e+000
 -1.2052387e+000
 -1.3378508e+000
 -1.4342997e+000
 -1.4942120e+000
 -1.5195928e+000
 -1.5141933e+000
 -1.4827486e+000
 -1.4301950e+000
 -1.3609701e+000
 -1.2784821e+000
 -1.1848070e+000
 -1.0806377e+000
 -9.6547233e-001
 -8.3799571e-001
 -6.9658449e-001
 -5.3985068e-001
 -3.6713786e-001
 -1.7889493e-001
  2.3126360e-002
  2.3587539e-001
  4.5520274e-001
  6.7622119e-001
  8.9376978e-001
  1.1029085e+000
  1.2993687e+000
  1.4798925e+000
  1.6424125e+000
  1.7860478e+000
  1.9109219e+000
  2.0178342e+000
  2.1078390e+000
  2.1818005e+000
  2.2399960e+000
  2.2818326e+000
  2.3057249e+000
  2.3091597e+000
  2.2889435e+000
  2.2416042e+000
  2.1638928e+000
  2.0533166e+000
  1.9086299e+000
  1.7302126e+000
  1.5202802e+000
  1.2828938e+000
  1.0237628e+000
  7.4986217e-001
  4.6891069e-001
  1.8877354e-001
 -8.3136853e-002
 -3.4038960e-001
 -5.7793219e-001
 -7.9231282e-001
 -9.8171016e-001
 -1.1457786e+000
 -1.2853422e+000
 -1.4019888e+000
 -1.4976291e+000
 -1.5740854e+000
 -1.6327693e+000
 -1.6744925e+000
 -1.6994300e+000
 -1.7072364e+000
 -1.6972878e+000
 -1.6690058e+000
 -1.6222064e+000
 -1.5574135e+000
 -1.4760815e+000
 -1.3806866e+000
 -1.2746629e+000
 -1.1621858e+000
 -1.0478261e+000
 -9.3611664e-001
 -8.3109045e-001
 -7.3585008e-001
 -6.5222848e-001
 -5.8058781e-001
 -5.1978561e-001
 -4.6731531e-001
 -4.1960535e-001
 -3.7244027e-001
 -3.2145181e-001
 -2.6261959e-001
 -1.9272069e-001
 -1.0967566e-001
 -1.2752706e-002
  9.7388205e-002
  2.1880882e-001
  3.4854075e-001
  4.8292902e-001
  6.1802166e-001
  7.4995240e-001
  8.7526807e-001
  9.9116291e-001
  1.0955974e+000
  1.1872967e+000
  1.2656428e+000
  1.3304859e+000
  1.3819151e+000
  1.4200271e+000
  1.4447340e+000
  1.4556391e+000
  1.4519988e+000
  1.4327747e+000
  1.3967631e+000
  1.3427793e+000
  1.2698649e+000
  1.1774834e+000
  1.0656730e+000
  9.3513296e-001
  7.8723147e-001
  6.2393599e-001
  4.4767998e-001
  2.6118964e-001
  6.7301013e-002
 -1.3120205e-001
 -3.3170214e-001
 -5.3179708e-001
 -7.2927750e-001
 -9.2204042e-001
 -1.1079584e+000
 -1.2847330e+000
 -1.4497662e+000
 -1.6000828e+000
 -1.7323293e+000
 -1.8428675e+000
 -1.9279619e+000
 -1.9840508e+000
 -2.0080707e+000
 -1.9978005e+000
 -1.9521781e+000
 -1.8715505e+000
 -1.7578176e+000
 -1.6144475e+000
 -1.4463520e+000
 -1.2596310e+000
 -1.0612085e+000
 -8.5839790e-001
 -6.5844055e-001
 -4.6806546e-001
 -2.9311307e-001
 -1.3825647e-001
 -6.8397545e-003
  9.9162657e-002
  1.7907777e-001
  2.3338158e-001
  2.6349609e-001
  2.7157214e-001
  2.6029152e-001
  2.3271359e-001
  1.9217922e-001
  1.4227104e-001
  8.6815495e-002
  2.9901353e-002
 -2.4116105e-002
 -7.0656495e-002
 -1.0502617e-001
 -1.2261407e-001
 -1.1916987e-001
 -9.1146334e-002
 -3.6072402e-002
  4.7088113e-002
  1.5764264e-001
  2.9298991e-001
  4.4859380e-001
  6.1813519e-001
  7.9384552e-001
  9.6700289e-001
  1.1285501e+000
  1.2697760e+000
  1.3829903e+000
  1.4621207e+000
  1.5031647e+000
  1.5044485e+000
  1.4666615e+000
  1.3926674e+000
  1.2871138e+000
  1.1558912e+000
  1.0055069e+000
  8.4245039e-001
  6.7262644e-001
  5.0092045e-001
  3.3094334e-001
  1.6497744e-001
  4.1175950e-003
 -1.5142479e-001
 -3.0190862e-001
 -4.4760885e-001
 -5.8839347e-001
 -7.2339798e-001
 -8.5084877e-001
 -9.6806418e-001
 -1.0716353e+000
 -1.1577626e+000
 -1.2226997e+000
 -1.2632409e+000
 -1.2771813e+000
 -1.2636791e+000
 -1.2234678e+000
 -1.1588803e+000
 -1.0736790e+000
 -9.7271018e-001
 -8.6142613e-001
 -7.4533938e-001
 -6.2948119e-001
 -5.1793749e-001
 -4.1352443e-001
 -3.1764573e-001
 -2.3034864e-001
 -1.5056636e-001
 -7.6508301e-002
 -6.1378467e-003
  6.2335770e-002
  1.3002707e-001
  1.9707265e-001
  2.6250698e-001
  3.2433852e-001
  3.7981952e-001
  4.2587360e-001
  4.5962058e-001
  4.7892190e-001
  4.8286402e-001
  4.7210349e-001
  4.4901437e-001
  4.1760471e-001
  3.8320036e-001
  3.5192641e-001
  3.3004605e-001
  3.2323795e-001
  3.3590394e-001
  3.7059759e-001
  4.2765043e-001
  5.0504806e-001
  5.9857694e-001
  7.0222739e-001
  8.0880554e-001
  9.1067896e-001
  1.0005642e+000
  1.0722585e+000
  1.1212261e+000
  1.1449694e+000
  1.1431437e+000
  1.1174092e+000
  1.0710484e+000
  1.0084075e+000
  9.3424379e-001
  8.5307079e-001
  7.6859231e-001
  6.8330131e-001
  5.9829502e-001
  5.1332610e-001
  4.2707527e-001
  3.3759881e-001
  2.4287957e-001
  1.4139509e-001
  3.2614289e-002
 -8.2655463e-002
 -2.0212747e-001
 -3.2212760e-001
 -4.3791179e-001
 -5.4416889e-001
 -6.3564097e-001
 -7.0777532e-001
 -7.5731601e-001
 -7.8275010e-001
 -7.8454250e-001
 -7.6512205e-001
 -7.2861557e-001
 -6.8036158e-001
 -6.2626628e-001
 -5.7208690e-001
 -5.2273841e-001
 -4.8171732e-001
 -4.5072098e-001
 -4.2951465e-001
 -4.1606493e-001
 -4.0692195e-001
 -3.9779823e-001
 -3.8426528e-001
 -3.6247224e-001
 -3.2978725e-001
 -2.8527237e-001
 -2.2992497e-001
 -1.6664985e-001
 -9.9962552e-002
 -3.5460639e-002
  2.0868924e-002
  6.3416184e-002
  8.7688138e-002
  9.0925482e-002
  7.2515764e-002
  3.4149535e-002
 -2.0300129e-002
 -8.5158195e-002
 -1.5353843e-001
 -2.1806811e-001
 -2.7165470e-001
 -3.0819949e-001
 -3.2317250e-001
 -3.1398412e-001
 -2.8011744e-001
 -2.2301855e-001
 -1.4577387e-001
 -5.2631050e-002
  5.1561880e-002
  1.6191736e-001
  2.7399184e-001
  3.8413053e-001
  4.8963585e-001
  5.8875061e-001
  6.8047648e-001
  7.6427283e-001
  8.3969935e-001
  9.0607280e-001
  9.6220455e-001
  1.0062718e+000
  1.0358520e+000
  1.0481240e+000
  1.0402086e+000
  1.0096011e+000
  9.5462546e-001
  8.7483802e-001
  7.7130948e-001
  6.4672996e-001
  5.0530647e-001
  3.5245117e-001
  1.9428992e-001
  3.7048274e-002
 -1.1360712e-001
 -2.5318431e-001
 -3.7885316e-001
 -4.8973257e-001
 -5.8693126e-001
 -6.7332739e-001
 -7.5310745e-001
 -8.3111778e-001
 -9.1210883e-001
 -9.9996885e-001
 -1.0970474e+000
 -1.2036601e+000
 -1.3178432e+000
 -1.4353971e+000
 -1.5502198e+000
 -1.6548944e+000
 -1.7414629e+000
 -1.8022922e+000
 -1.8309284e+000
 -1.8228357e+000
 -1.7759295e+000
 -1.6908413e+000
 -1.5708860e+000
 -1.4217390e+000
 -1.2508659e+000
 -1.0667782e+000
 -8.7820740e-001
 -6.9329543e-001
 -5.1889681e-001
 -3.6006722e-001
 -2.1978806e-001
 -9.8943559e-002
  3.4657639e-003
  8.9919113e-002
  1.6384858e-001
  2.2906874e-001
  2.8924214e-001
  3.4744901e-001
  4.0590960e-001
  4.6588134e-001
  5.2772511e-001
  5.9110936e-001
  6.5530080e-001
  7.1947963e-001
  7.8301646e-001
  8.4565717e-001
  9.0757984e-001
  9.6931125e-001
  1.0315155e+000
  1.0946907e+000
  1.1588271e+000
  1.2230893e+000
  1.2855851e+000
  1.3432702e+000
  1.3920242e+000
  1.4269014e+000
  1.4425410e+000
  1.4336891e+000
  1.3957711e+000
  1.3254404e+000
  1.2210292e+000
  1.0828387e+000
  9.1322431e-001
  7.1646051e-001
  4.9839632e-001
  2.6594308e-001
  2.6458073e-002
 -2.1289797e-001
 -4.4574746e-001
 -6.6695236e-001
 -8.7288437e-001
 -1.0614784e+000
 -1.2320697e+000
 -1.3850449e+000
 -1.5213636e+000
 -1.6420263e+000
 -1.7475697e+000
 -1.8376701e+000
 -1.9109166e+000
 -1.9647936e+000
 -1.9958820e+000
 -2.0002540e+000
 -1.9740119e+000
 -1.9138952e+000
 -1.8178710e+000
 -1.6856230e+000
 -1.5188645e+000
 -1.3214263e+000
 -1.0990973e+000
 -8.5923134e-001
 -6.1016311e-001
 -3.6050362e-001
 -1.1840151e-001
  1.0913834e-001
  3.1679514e-001
  5.0126623e-001
  6.6135731e-001
  7.9782403e-001
  9.1299265e-001
  1.0102170e+000
  1.0932490e+000
  1.1656113e+000
  1.2300562e+000
  1.2881831e+000
  1.3402630e+000
  1.3852848e+000
  1.4212125e+000
  1.4454060e+000
  1.4551395e+000
  1.4481382e+000
  1.4230487e+000
  1.3797747e+000
  1.3196253e+000
  1.2452529e+000
  1.1603898e+000
  1.0694209e+000
  9.7685381e-001
  8.8676515e-001
  8.0230359e-001
  7.2532293e-001
  6.5620030e-001
  5.9386752e-001
  5.3605243e-001
  4.7969676e-001
  4.2149035e-001
  3.5844435e-001
  2.8841880e-001
  2.1052606e-001
  1.2534797e-001
  3.4930971e-002
 -5.7444991e-002
 -1.4769524e-001
 -2.3149923e-001
 -3.0493017e-001
 -3.6505596e-001
 -4.1042328e-001
 -4.4135148e-001
 -4.5998761e-001
 -4.7010571e-001
 -4.7666889e-001
 -4.8520538e-001
 -5.0107639e-001
 -5.2873003e-001
 -5.7103923e-001
 -6.2881251e-001
 -7.0054507e-001
 -7.8244748e-001
 -8.6875355e-001
 -9.5227355e-001
 -1.0251272e+000
 -1.0795684e+000
 -1.1088025e+000
 -1.1076989e+000
 -1.0733152e+000
 -1.0051768e+000
 -9.0528439e-001
 -7.7785909e-001
 -6.2886687e-001
 -4.6538979e-001
 -2.9492843e-001
 -1.2472415e-001
  3.8817415e-002
  1.9053877e-001
  3.2674225e-001
  4.4519436e-001
  5.4494631e-001
  6.2601924e-001
  6.8901965e-001
  7.3475721e-001
  7.6393232e-001
  7.7694586e-001
  7.7386081e-001
  7.5451825e-001
  7.1878278e-001
  6.6686947e-001
  5.9968823e-001
  5.1913640e-001
  4.2827534e-001
  3.3134267e-001
  2.3357570e-001
  1.4085020e-001
  5.9167926e-002
 -5.9485247e-003
 -5.0076880e-002
 -7.0448509e-002
 -6.6354409e-002
 -3.9340264e-002
  6.8476401e-003
  6.6572175e-002
  1.3284382e-001
  1.9802984e-001
  2.5465235e-001
  2.9617965e-001
  3.1771434e-001
  3.1649275e-001
  2.9213363e-001
  2.4660504e-001
  1.8391390e-001
  1.0955816e-001
  2.9811494e-002
 -4.9068792e-002
 -1.2161027e-001
 -1.8377438e-001
 -2.3340609e-001
 -2.7043108e-001
 -2.9678074e-001
 -3.1606050e-001
 -3.3301007e-001
 -3.5283003e-001
 -3.8046482e-001
 -4.1993587e-001
 -4.7380927e-001
 -5.4286263e-001
 -6.2598743e-001
 -7.2033091e-001
 -8.2164948e-001
 -9.2481852e-001
 -1.0244241e+000
 -1.1153543e+000
 -1.1933110e+000
 -1.2551774e+000
 -1.2991989e+000
 -1.3249646e+000
 -1.3332044e+000
 -1.3254427e+000
 -1.3035719e+000
 -1.2694159e+000
 -1.2243540e+000
 -1.1690658e+000
 -1.1034375e+000
 -1.0266424e+000
 -9.3738438e-001
 -8.3426602e-001
 -7.1622214e-001
 -5.8295163e-001
 -4.3527673e-001
 -2.7536991e-001
 -1.0680612e-001
  6.5576794e-002
  2.3599976e-001
  3.9821004e-001
  5.4603739e-001
  6.7396809e-001
  7.7766290e-001
  8.5435147e-001
  9.0305250e-001
  9.2459189e-001
  9.2141844e-001
  8.9724374e-001
  8.5655635e-001
  8.0407626e-001
  7.4422296e-001
  6.8066696e-001
  6.1602163e-001
  5.5171151e-001
  4.8802782e-001
  4.2435467e-001
  3.5952597e-001
  2.9225432e-001
  2.2156392e-001
  1.4715950e-001
  6.9673646e-002
 -9.2473317e-003
 -8.7034586e-002
 -1.6045452e-001
 -2.2599822e-001
 -2.8034775e-001
 -3.2085294e-001
 -3.4594951e-001
 -3.5545698e-001
 -3.5071072e-001
 -3.3450492e-001
 -3.1084902e-001
 -2.8456570e-001
 -2.6077983e-001
 -2.4436257e-001
 -2.3940097e-001
 -2.4875925e-001
 -2.7378559e-001
 -3.1419846e-001
 -3.6816217e-001
 -4.3253643e-001
 -5.0326229e-001
 -5.7582981e-001
 -6.4576395e-001
 -7.0906527e-001
 -7.6255062e-001
 -8.0405543e-001
 -8.3248020e-001
 -8.4768688e-001
 -8.5027207e-001
 -8.4126115e-001
 -8.2177733e-001
 -7.9274131e-001
 -7.5465081e-001
 -7.0747539e-001
 -6.5068284e-001
 -5.8339257e-001
 -5.0463065e-001
 -4.1364514e-001
 -3.1023006e-001
 -1.9500401e-001
 -6.9595297e-002
  6.3301497e-002
  2.0001416e-001
  3.3612242e-001
  4.6680335e-001
  5.8725040e-001
  6.9311242e-001
  7.8089556e-001
  8.4827492e-001
  8.9427522e-001
  9.1929698e-001
  9.2498618e-001
  9.1396630e-001
  8.8947036e-001
  8.5492387e-001
  8.1353550e-001
  7.6795016e-001
  7.2000993e-001
  6.7065171e-001
  6.1995120e-001
  5.6730147e-001
  5.1169552e-001
  4.5206781e-001
  3.8764204e-001
  3.1823203e-001
  2.4445044e-001
  1.6779366e-001
  9.0589661e-002
  1.5815392e-002
 -5.3190834e-002
 -1.1308178e-001
 -1.6086954e-001
 -1.9425905e-001
 -2.1190184e-001
 -2.1353753e-001
 -2.0000667e-001
 -1.7313780e-001
 -1.3552896e-001
 -9.0258686e-002
 -4.0570351e-002
  1.0424310e-002
  5.9981330e-002
  1.0587048e-001
  1.4641679e-001
  1.8044090e-001
  2.0711852e-001
  2.2579272e-001
  2.3578074e-001
  2.3621840e-001
  2.2597905e-001
  2.0369188e-001
  1.6786800e-001
  1.1712346e-001
  5.0471075e-002
 -3.2361563e-002
 -1.3063861e-001
 -2.4239859e-001
 -3.6435751e-001
 -4.9196288e-001
 -6.1960941e-001
 -7.4100527e-001
 -8.4965613e-001
 -9.3941605e-001
 -1.0050427e+000
 -1.0426905e+000
 -1.0502803e+000
 -1.0276983e+000
 -9.7679639e-001
 -9.0119087e-001
 -8.0588192e-001
 -6.9673807e-001
 -5.7990756e-001
 -4.6122737e-001
 -3.4570025e-001
 -2.3710070e-001
 -1.3775353e-001
 -4.8505060e-002
  3.1117875e-002
  1.0259119e-001
  1.6796882e-001
  2.2941318e-001
  2.8874795e-001
  3.4709567e-001
  4.0464859e-001
  4.6060134e-001
  5.1325022e-001
  5.6023975e-001
  5.9891620e-001
  6.2673320e-001
  6.4164751e-001
  6.4244572e-001
  6.2895324e-001
  6.0209499e-001
  5.6379934e-001
  5.1676010e-001
  4.6409234e-001
  4.0893326e-001
  3.5404753e-001
  3.0149539e-001
  2.5241261e-001
  2.0693434e-001
  1.6427358e-001
  1.2294168e-001
  8.1076695e-002
  3.6828949e-002
 -1.1255837e-002
 -6.3916144e-002
 -1.2096837e-001
 -1.8124983e-001
 -2.4272422e-001
 -3.0273863e-001
 -3.5839815e-001
 -4.0700543e-001
 -4.4650158e-001
 -4.7584252e-001
 -4.9525216e-001
 -5.0630962e-001
 -5.1185033e-001
 -5.1568621e-001
 -5.2217585e-001
 -5.3569713e-001
 -5.6008952e-001
 -5.9813884e-001
 -6.5117292e-001
 -7.1882275e-001
 -7.9898238e-001
 -8.8797445e-001
 -9.8090136e-001
 -1.0721371e+000
 -1.1558972e+000
 -1.2268125e+000
 -1.2804365e+000
 -1.3136215e+000
 -1.3247212e+000
 -1.3136003e+000
 -1.2814597e+000
 -1.2305101e+000
 -1.1635475e+000
 -1.0834988e+000
 -9.9300458e-001
 -8.9410311e-001
 -7.8805933e-001
 -6.7536322e-001
 -5.5589315e-001
 -4.2921559e-001
 -2.9497044e-001
 -1.5327761e-001
 -5.0958093e-003
  1.4752964e-001
  3.0137768e-001
  4.5214643e-001
  5.9473012e-001
  7.2364927e-001
  8.3358134e-001
  9.1992273e-001
  9.7930605e-001
  1.0100001e+000
  1.0121347e+000
  9.8771360e-001
  9.4041009e-001
  8.7516459e-001
  7.9763574e-001
  7.1357355e-001
  6.2819591e-001
  5.4564997e-001
  4.6862836e-001
  3.9818988e-001
  3.3380645e-001
  2.7362710e-001
  2.1492016e-001
  1.5463016e-001
  8.9970337e-002
  1.8966541e-002
 -5.9124608e-002
 -1.4358310e-001
 -2.3221215e-001
 -3.2154725e-001
 -4.0725945e-001
 -4.8469759e-001
 -5.4949443e-001
 -5.9815239e-001
 -6.2852738e-001
 -6.4014283e-001
 -6.3428967e-001
 -6.1389757e-001
 -5.8319432e-001
 -5.4719950e-001
 -5.1112141e-001
 -4.7973924e-001
 -4.5685398e-001
 -4.4488138e-001
 -4.4463988e-001
 -4.5535839e-001
 -4.7489764e-001
 -5.0014863e-001
 -5.2754652e-001
 -5.5362258e-001
 -5.7551178e-001
 -5.9134084e-001
 -6.0043941e-001
 -6.0334361e-001
 -6.0159217e-001
 -5.9734653e-001
 -5.9289321e-001
 -5.9010553e-001
 -5.8994920e-001
 -5.9211173e-001
 -5.9481954e-001
 -5.9488036e-001
 -5.8795696e-001
 -5.6904464e-001
 -5.3309474e-001
 -4.7570368e-001
 -3.9377511e-001
 -2.8606363e-001
 -1.5352174e-001
  6.0344994e-004
  1.7094501e-001
  3.5044809e-001
  5.3101001e-001
  7.0425184e-001
  8.6232633e-001
  9.9866219e-001
  1.1085523e+000
  1.1895144e+000
  1.2413823e+000
  1.2661220e+000
  1.2674036e+000
  1.2499899e+000
  1.2190299e+000
  1.1793528e+000
  1.1348586e+000
  1.0880865e+000
  1.0400143e+000
  9.9011007e-001
  9.3662268e-001
  8.7706011e-001
  8.0878221e-001
  7.2961584e-001
  6.3839901e-001
  5.3537057e-001
  4.2234478e-001
  3.0264130e-001
  1.8077650e-001
  6.1957039e-002
 -4.8554056e-002
 -1.4610949e-001
 -2.2729143e-001
 -2.9037730e-001
 -3.3558785e-001
 -3.6507705e-001
 -3.8265935e-001
 -3.9330668e-001
 -4.0248005e-001
 -4.1538482e-001
 -4.3625052e-001
 -4.6773408e-001
 -5.1052977e-001
 -5.6324168e-001
 -6.2253922e-001
 -6.8357788e-001
 -7.4063075e-001
 -7.8784756e-001
 -8.2003947e-001
 -8.3338400e-001
 -8.2595420e-001
 -7.9799945e-001
 -7.5193841e-001
 -6.9206319e-001
 -6.2399260e-001
 -5.5394631e-001
 -4.8793593e-001
 -4.3098019e-001
 -3.8644848e-001
 -3.5561993e-001
 -3.3751608e-001
 -3.2902919e-001
 -3.2532865e-001
 -3.2049124e-001
 -3.0827178e-001
 -2.8291299e-001
 -2.3988888e-001
 -1.7648638e-001
 -9.2152516e-002
  1.1433611e-002
  1.3056719e-001
  2.5996876e-001
  3.9341431e-001
  5.2445620e-001
  6.4713666e-001
  7.5659920e-001
  8.4951964e-001
  9.2430551e-001
  9.8104609e-001
  1.0212309e+000
  1.0472863e+000
  1.0620060e+000
  1.0679619e+000
  1.0669879e+000
  1.0598107e+000
  1.0458861e+000
  1.0234619e+000
  9.8986149e-001
  9.4194323e-001
  8.7667014e-001
  7.9170463e-001
  6.8593976e-001
  5.5988657e-001
  4.1585678e-001
  2.5790843e-001
  9.1555155e-002
 -7.6727160e-002
 -2.4013411e-001
 -3.9222469e-001
 -5.2758074e-001
 -6.4234700e-001
 -7.3458097e-001
 -8.0436726e-001
 -8.5368284e-001
 -8.8603322e-001
 -9.0591022e-001
 -9.1814538e-001
 -9.2724658e-001
 -9.3680632e-001
 -9.4905956e-001
 -9.6464726e-001
 -9.8261315e-001
 -1.0006286e+000
 -1.0154095e+000
 -1.0232634e+000
 -1.0206866e+000
 -1.0049287e+000
 -9.7444338e-001
 -9.2916458e-001
 -8.7057191e-001
 -8.0153763e-001
 -7.2597987e-001
 -6.4837267e-001
 -5.7318292e-001
 -5.0431374e-001
 -4.4463167e-001
 -3.9564228e-001
 -3.5735721e-001
 -3.2836772e-001
 -3.0611105e-001
 -2.8728847e-001
 -2.6837313e-001
 -2.4613401e-001
 -2.1810112e-001
 -1.8290605e-001
 -1.4045126e-001
 -9.1886139e-002
 -3.9396198e-002
  1.4161424e-002
  6.5720895e-002
  1.1249994e-001
  1.5244827e-001
  1.8458545e-001
  2.0917771e-001
  2.2772613e-001
  2.4276575e-001
  2.5750251e-001
  2.7533772e-001
  2.9934650e-001
  3.3178322e-001
  3.7368354e-001
  4.2461992e-001
  4.8264610e-001
  5.4444030e-001
  6.0563005e-001
  6.6125657e-001
  7.0631817e-001
  7.3632203e-001
  7.4777307e-001
  7.3853830e-001
  7.0804230e-001
  6.5727341e-001
  5.8860559e-001
  5.0546597e-001
  4.1189777e-001
  3.1208119e-001
  2.0987827e-001
  1.0846231e-001
  1.0077939e-002
 -8.4041901e-002
 -1.7359969e-001
 -2.5901843e-001
 -3.4112853e-001
 -4.2081041e-001
 -4.9865159e-001
 -5.7467384e-001
 -6.4817361e-001
 -7.1770141e-001
 -7.8118355e-001
 -8.3616786e-001
 -8.8015573e-001
 -9.1096922e-001
 -9.2709624e-001
 -9.2795952e-001
 -9.1406576e-001
 -8.8700881e-001
 -8.4932196e-001
 -8.0419652e-001
 -7.5510384e-001
 -7.0537225e-001
 -6.5777781e-001
 -6.1420618e-001
 -5.7543367e-001
 -5.4105875e-001
 -5.0959445e-001
 -4.7870928e-001
 -4.4558342e-001
 -4.0733078e-001
 -3.6142798e-001
 -3.0609066e-001
 -2.4054500e-001
 -1.6515709e-001
 -8.1403145e-002
  8.3140297e-003
  1.0097511e-001
  1.9333611e-001
  2.8234580e-001
  3.6552927e-001
  4.4128358e-001
  5.0904410e-001
  5.6929916e-001
  6.2345225e-001
  6.7355297e-001
  7.2193644e-001
  7.7082384e-001
  8.2194179e-001
  8.7621512e-001
  9.3357681e-001
  9.9292113e-001
  1.0522056e+000
  1.1086858e+000
  1.1592465e+000
  1.2007825e+000
  1.2305700e+000
  1.2465781e+000
  1.2476726e+000
  1.2336866e+000
  1.2053480e+000
  1.1640785e+000
  1.1116964e+000
  1.0500721e+000
  9.8079099e-001
  9.0487867e-001
  8.2263476e-001
  7.3360522e-001
  6.3670281e-001
  5.3046258e-001
  4.1339854e-001
  2.8441089e-001
  1.4318392e-001
 -9.4864603e-003
 -1.7148878e-001
 -3.3935335e-001
 -5.0838730e-001
 -6.7297945e-001
 -8.2704386e-001
 -9.6455094e-001
 -1.0800820e+000
 -1.1693385e+000
 -1.2295424e+000
 -1.2596770e+000
 -1.2605371e+000
 -1.2345849e+000
 -1.1856283e+000
 -1.1183670e+000
 -1.0378620e+000
 -9.4899947e-001
 -8.5601457e-001
 -7.6213413e-001
 -6.6937886e-001
 -5.7854347e-001
 -4.8934817e-001
 -4.0073188e-001
 -3.1123854e-001
 -2.1943612e-001
 -1.2430506e-001
 -2.5538857e-002
  7.6286256e-002
  1.7969567e-001
  2.8245437e-001
  3.8183548e-001
  4.7497679e-001
  5.5926972e-001
  6.3272050e-001
  6.9422731e-001
  7.4372953e-001
  7.8220426e-001
  8.1150776e-001
  8.3408259e-001
  8.5257152e-001
  8.6939385e-001
  8.8634588e-001
  9.0428534e-001
  9.2294809e-001
  9.4092743e-001
  9.5582321e-001
  9.6454424e-001
  9.6372477e-001
  9.5019933e-001
  9.2147077e-001
  8.7610620e-001
  8.1400443e-001
  7.3649546e-001
  6.4625522e-001
  5.4704374e-001
  4.4329934e-001
  3.3964133e-001
  2.4034622e-001
  1.4886699e-001
  6.7458808e-002
 -3.0391827e-003
 -6.3237607e-002
 -1.1504260e-001
 -1.6133528e-001
 -2.0552904e-001
 -2.5106485e-001
 -3.0091277e-001
 -3.5714625e-001
 -4.2064536e-001
 -4.9096675e-001
 -5.6639514e-001
 -6.4416588e-001
 -7.2082521e-001
 -7.9267591e-001
 -8.5624567e-001
 -9.0871285e-001
 -9.4823185e-001
 -9.7411469e-001
 -9.8684706e-001
 -9.8794014e-001
 -9.7964309e-001
 -9.6456060e-001
 -9.4523271e-001
 -9.2373885e-001
 -9.0138397e-001
 -8.7851221e-001
 -8.5447472e-001
 -8.2775579e-001
 -7.9623855e-001
 -7.5757124e-001
 -7.0958075e-001
 -6.5067284e-001
 -5.8016093e-001
 -4.9847484e-001
 -4.0721826e-001
 -3.0906503e-001
 -2.0750707e-001
 -1.0648796e-001
 -9.9718002e-003
  7.8493408e-002
  1.5615845e-001
  2.2134977e-001
  2.7360371e-001
  3.1364145e-001
  3.4319039e-001
  3.6467914e-001
  3.8085065e-001
  3.9434933e-001
  4.0734059e-001
  4.2121638e-001
  4.3642713e-001
  4.5246192e-001
  4.6797726e-001
  4.8105312e-001
  4.8953675e-001
  4.9142184e-001
  4.8520611e-001
  4.7017318e-001
  4.4655592e-001
  4.1555577e-001
  3.7921337e-001
  3.4014772e-001
  3.0120049e-001
  2.6503599e-001
  2.3375471e-001
  2.0857674e-001
  1.8964220e-001
  1.7595971e-001
  1.6551329e-001
  1.5551570e-001
  1.4277571e-001
  1.2413030e-001
  9.6883274e-002
  5.9190516e-002
  1.0338613e-002
 -4.9121712e-002
 -1.1740655e-001
 -1.9169085e-001
 -2.6843631e-001
 -3.4381156e-001
 -4.1414831e-001
 -4.7637280e-001
 -5.2835512e-001
 -5.6913060e-001
 -5.9896498e-001
 -6.1925630e-001
 -6.3228868e-001
 -6.4087293e-001
 -6.4792351e-001
 -6.5602960e-001
 -6.6707759e-001
 -6.8197447e-001
 -7.0050712e-001
 -7.2135323e-001
 -7.4223888e-001
 -7.6021796e-001
 -7.7203283e-001
 -7.7450583e-001
 -7.6490839e-001
 -7.4125979e-001
 -7.0251880e-001
 -6.4864794e-001
 -5.8054885e-001
 -4.9988559e-001
 -4.0882828e-001
 -3.0975959e-001
 -2.0499030e-001
 -9.6527071e-002
  1.4074451e-002
  1.2575214e-001
  2.3787387e-001
  3.5008324e-001
  4.6208445e-001
  5.7340613e-001
  6.8318730e-001
  7.9002591e-001
  8.9192067e-001
  9.8632292e-001
  1.0702981e+000
  1.1407794e+000
  1.1948803e+000
  1.2302248e+000
  1.2452469e+000
  1.2394154e+000
  1.2133505e+000
  1.1688094e+000
  1.1085407e+000
  1.0360217e+000
  9.5511174e-001
  8.6966495e-001
  7.8315398e-001
  6.9835269e-001
  6.1711966e-001
  5.4030973e-001
  4.6782311e-001
  3.9878260e-001
  3.3181154e-001
  2.6537111e-001
  1.9810759e-001
  1.2915879e-001
  5.8375328e-002
 -1.3575634e-002
 -8.5239203e-002
 -1.5453028e-001
 -2.1899718e-001
 -2.7615344e-001
 -3.2382981e-001
 -3.6049543e-001
 -3.8550103e-001
 -3.9920801e-001
 -4.0298320e-001
 -3.9905795e-001
 -3.9026921e-001
 -3.7971717e-001
 -3.7038544e-001
 -3.6477527e-001
 -3.6460321e-001
 -3.7060266e-001
 -3.8245520e-001
 -3.9885926e-001
 -4.1772481e-001
 -4.3646490e-001
 -4.5234220e-001
 -4.6282110e-001
 -4.6587642e-001
 -4.6021625e-001
 -4.4539021e-001
 -4.2177079e-001
 -3.9041481e-001
 -3.5282946e-001
 -3.1068117e-001
 -2.6549426e-001
 -2.1838716e-001
 -1.6988862e-001
 -1.1986404e-001
 -6.7565519e-002
 -1.1800308e-002
  4.8805729e-002
  1.1548806e-001
  1.8901485e-001
  2.6940027e-001
  3.5570578e-001
  4.4596374e-001
  5.3724129e-001
  6.2584274e-001
  7.0762939e-001
  7.7841838e-001
  8.3441069e-001
  8.7259307e-001
  8.9106144e-001
  8.8922283e-001
  8.6784908e-001
  8.2897469e-001
  7.7565217e-001
  7.1159691e-001
  6.4076835e-001
  5.6694198e-001
  4.9332763e-001
  4.2228232e-001
  3.5515251e-001
  2.9226225e-001
  2.3304358e-001
  1.7628591e-001
  1.2046482e-001
  6.4100813e-002
  6.0946280e-003
 -5.4009509e-002
 -1.1587060e-001
 -1.7832903e-001
 -2.3951848e-001
 -2.9709470e-001
 -3.4854740e-001
 -3.9154994e-001
 -4.2429620e-001
 -4.4577624e-001
 -4.5595116e-001
 -4.5580233e-001
 -4.4724807e-001
 -4.3293932e-001
 -4.1596334e-001
 -3.9949638e-001
 -3.8645337e-001
 -3.7918187e-001
 -3.7924037e-001
 -3.8728829e-001
 -4.0309800e-001
 -4.2568153e-001
 -4.5350782e-001
 -4.8477368e-001
 -5.1768464e-001
 -5.5070123e-001
 -5.8271274e-001
 -6.1311272e-001
 -6.4176619e-001
 -6.6887657e-001
 -6.9477632e-001
 -7.1967839e-001
 -7.4343277e-001
 -7.6533268e-001
 -7.8400860e-001
 -7.9743576e-001
 -8.0306364e-001
 -7.9805771e-001
 -7.7962528e-001
 -7.4538361e-001
 -6.9371946e-001
 -6.2408825e-001
 -5.3720687e-001
 -4.3510746e-001
 -3.2103714e-001
 -1.9920990e-001
 -7.4436766e-002
  4.8321836e-002
  1.6442632e-001
  2.6999117e-001
  3.6222554e-001
  4.3963708e-001
  5.0207295e-001
  5.5059325e-001
  5.8719503e-001
  6.1442491e-001
  6.3493385e-001
  6.5103539e-001
  6.6432838e-001
  6.7543631e-001
  6.8389948e-001
  6.8823517e-001
  6.8615765e-001
  6.7492788e-001
  6.5178457e-001
  6.1439688e-001
  5.6127579e-001
  4.9208652e-001
  4.0781780e-001
  3.1078313e-001
  2.0445205e-001
  9.3132293e-002
 -1.8455993e-002
 -1.2565858e-001
 -2.2435583e-001
 -3.1136138e-001
 -3.8470060e-001
 -4.4373537e-001
 -4.8912307e-001
 -5.2262013e-001
 -5.4676153e-001
 -5.6446347e-001
 -5.7860610e-001
 -5.9165373e-001
 -6.0536357e-001
 -6.2061919e-001
 -6.3740642e-001
 -6.5492765e-001
 -6.7183058e-001
 -6.8651065e-001
 -6.9743664e-001
 -7.0344598e-001
 -7.0396226e-001
 -6.9909999e-001
 -6.8963959e-001
 -6.7687637e-001
 -6.6236718e-001
 -6.4761537e-001
 -6.3374491e-001
 -6.2121803e-001
 -6.0964510e-001
 -5.9772298e-001
 -5.8331956e-001
 -5.6370029e-001
 -5.3587124e-001
 -4.9699429e-001
 -4.4481779e-001
 -3.7806132e-001
 -2.9669711e-001
 -2.0208343e-001
 -9.6924186e-002
  1.4947344e-002
  1.2893855e-001
  2.4017711e-001
  3.4403987e-001
  4.3666211e-001
  5.1535943e-001
  5.7890470e-001
  6.2762096e-001
  6.6327502e-001
  6.8878314e-001
  7.0776545e-001
  7.2400660e-001
  7.4089316e-001
  7.6090254e-001
  7.8521172e-001
  8.1347912e-001
  8.4383033e-001
  8.7305153e-001
  8.9696741e-001
  9.1095570e-001
  9.1053279e-001
  8.9193541e-001
  8.5262399e-001
  7.9164395e-001
  7.0979988e-001
  6.0962216e-001
  4.9513266e-001
  3.7144191e-001
  2.4423122e-001
  1.1918685e-001
  1.4578887e-003
 -1.0479600e-001
 -1.9671444e-001
 -2.7287222e-001
 -3.3323404e-001
 -3.7894530e-001
 -4.1199821e-001
 -4.3482740e-001
 -4.4989689e-001
 -4.5933844e-001
 -4.6469115e-001
 -4.6677503e-001
 -4.6570951e-001
 -4.6106580e-001
 -4.5212089e-001
 -4.3816619e-001
 -4.1881572e-001
 -3.9425910e-001
 -3.6541384e-001
 -3.3394679e-001
 -3.0215548e-001
 -2.7272209e-001
 -2.4837287e-001
 -2.3149209e-001
 -2.2374776e-001
 -2.2578685e-001
 -2.3704946e-001
 -2.5573538e-001
 -2.7893604e-001
 -3.0292100e-001
 -3.2354638e-001
 -3.3673437e-001
 -3.3896186e-001
 -3.2769358e-001
 -3.0170139e-001
 -2.6122583e-001
 -2.0795681e-001
 -1.4483433e-001
 -7.5694276e-002
 -4.8053532e-003
  6.3642351e-002
  1.2603000e-001
  1.7971947e-001
  2.2332681e-001
  2.5682523e-001
  2.8146679e-001
  2.9953617e-001
  3.1397267e-001
  3.2791399e-001
  3.4422519e-001
  3.6507727e-001
  3.9163209e-001
  4.2387459e-001
  4.6061243e-001
  4.9963925e-001
  5.3803552e-001
  5.7256171e-001
  6.0008699e-001
  6.1799219e-001
  6.2449127e-001
  6.1882783e-001
  6.0132197e-001
  5.7326523e-001
  5.3668275e-001
  4.9400131e-001
  4.4767452e-001
  3.9982232e-001
  3.5193851e-001
  3.0470956e-001
  2.5797047e-001
  2.1080288e-001
  1.6175881e-001
  1.0917456e-001
  5.1525558e-002
 -1.2233338e-002
 -8.2395923e-002
 -1.5834469e-001
 -2.3853010e-001
 -3.2059557e-001
 -4.0163268e-001
 -4.7853143e-001
 -5.4837530e-001
 -6.0882346e-001
 -6.5842296e-001
 -6.9680310e-001
 -7.2472043e-001
 -7.4394388e-001
 -7.5699282e-001
 -7.6676224e-001
 -7.7608631e-001
 -7.8730156e-001
 -8.0187224e-001
 -8.2013248e-001
 -8.4118487e-001
 -8.6297319e-001
 -8.8252288e-001
 -8.9631950e-001
 -9.0077493e-001
 -8.9271890e-001
 -8.6984814e-001
 -8.3107131e-001
 -7.7670081e-001
 -7.0846380e-001
 -6.2932903e-001
 -5.4317167e-001
 -4.5432052e-001
 -3.6704833e-001
 -2.8507417e-001
 -2.1114479e-001
 -1.4675140e-001
 -9.2019287e-002
 -4.5783912e-002
 -5.8409969e-003
  3.0665720e-002
  6.6774604e-002
  1.0522074e-001
  1.4800353e-001
  1.9606777e-001
  2.4914268e-001
  3.0576008e-001
  3.6344814e-001
  4.1907111e-001
  4.6926543e-001
  5.1090827e-001
  5.4155015e-001
  5.5974857e-001
  5.6525366e-001
  5.5901825e-001
  5.4303042e-001
  5.1999210e-001
  4.9289022e-001
  4.6452299e-001
  4.3705092e-001
  4.1163976e-001
  3.8825002e-001
  3.6560723e-001
  3.4136177e-001
  3.1241976e-001
  2.7540162e-001
  2.2716594e-001
  1.6532552e-001
  8.8682417e-002
 -2.4815396e-003
 -1.0630322e-001
 -2.1944449e-001
 -3.3739696e-001
 -4.5494811e-001
 -5.6674917e-001
 -6.6791022e-001
 -7.5454361e-001
 -8.2418273e-001
 -8.7601973e-001
 -9.1092960e-001
 -9.3127708e-001
 -9.4053204e-001
 -9.4274521e-001
 -9.4195497e-001
 -9.4160566e-001
 -9.4405607e-001
 -9.5024481e-001
 -9.5955768e-001
 -9.6991479e-001
 -9.7806512e-001
 -9.8004793e-001
 -9.7175804e-001
 -9.4953755e-001
 -9.1071355e-001
 -8.5400880e-001
 -7.7976991e-001
 -6.8998283e-001
 -5.8807429e-001
 -4.7852718e-001
 -3.6636293e-001
 -2.5656150e-001
 -1.5349759e-001
 -6.0468588e-002
  2.0623753e-002
  8.9397681e-002
  1.4690895e-001
  1.9537731e-001
  2.3776432e-001
  2.7726470e-001
  3.1678513e-001
  3.5848489e-001
  4.0344333e-001
  4.5150019e-001
  5.0128987e-001
  5.5046253e-001
  5.9605822e-001
  6.3497817e-001
  6.6448332e-001
  6.8264635e-001
  6.8868984e-001
  6.8315922e-001
  6.6790272e-001
  6.4585787e-001
  6.2067176e-001
  5.9620614e-001
  5.7599535e-001
  5.6273241e-001
  5.5785553e-001
  5.6129417e-001
  5.7141239e-001
  5.8516034e-001
  5.9841665e-001
  6.0647821e-001
  6.0463411e-001
  5.8874859e-001
  5.5577695e-001
  5.0414761e-001
  4.3396126e-001
  3.4698318e-001
  2.4643248e-001
  1.3659894e-001
  2.2340848e-002
 -9.1467745e-002
 -2.0046636e-001
 -3.0124470e-001
 -3.9163139e-001
 -4.7080082e-001
 -5.3919038e-001
 -5.9824629e-001
 -6.5004001e-001
 -6.9681431e-001
 -7.4052664e-001
 -7.8245652e-001
 -8.2293323e-001
 -8.6122157e-001
 -8.9558050e-001
 -9.2348390e-001
 -9.4196960e-001
 -9.4806450e-001
 -9.3922322e-001
 -9.1371596e-001
 -8.7090952e-001
 -8.1140067e-001
 -7.3698320e-001
 -6.5045354e-001
 -5.5528359e-001
 -4.5520803e-001
 -3.5378564e-001
 -2.5399776e-001
 -1.5794098e-001
 -6.6657754e-002
  1.9871926e-002
  1.0257799e-001
  1.8301046e-001
  2.6295611e-001
  3.4401897e-001
  4.2722777e-001
  5.1272962e-001
  5.9961717e-001
  6.8591764e-001
  7.6874880e-001
  8.4462294e-001
  9.0985859e-001
  9.6104353e-001
  9.9548490e-001
  1.0115829e+000
  1.0090747e+000
  9.8911216e-001
  9.5416057e-001
  9.0772838e-001
  8.5396285e-001
  7.9716361e-001
  7.4127802e-001
  6.8944449e-001
  6.4364323e-001
  6.0449932e-001
  5.7126224e-001
  5.4196193e-001
  5.1371802e-001
  4.8315838e-001
  4.4688958e-001
  4.0195544e-001
  3.4622352e-001
  2.7864996e-001
  1.9939167e-001
  1.0975629e-001
  1.2003405e-002
 -9.0969205e-002
 -1.9600515e-001
 -3.0007798e-001
 -4.0063217e-001
 -4.9582853e-001
 -5.8466167e-001
 -6.6693668e-001
 -7.4311409e-001
 -8.1405154e-001
 -8.8068643e-001
 -9.4371212e-001
 -1.0033013e+000
 -1.0589225e+000
 -1.1092815e+000
 -1.1524012e+000
 -1.1858303e+000
 -1.2069532e+000
 -1.2133571e+000
 -1.2032011e+000
 -1.1755324e+000
 -1.1305000e+000
 -1.0694304e+000
 -9.9474936e-001
 -9.0975506e-001
 -8.1826996e-001
 -7.2421679e-001
 -6.3117534e-001
 -5.4198122e-001
 -4.5842256e-001
 -3.8107856e-001
 -3.0932424e-001
 -2.4150356e-001
 -1.7524956e-001
 -1.0790959e-001
 -3.7018927e-002
  3.9241679e-002
  1.2166727e-001
  2.0978164e-001
  3.0175775e-001
  3.9451895e-001
  4.8401059e-001
  5.6560875e-001
  6.3461473e-001
  6.8677264e-001
  7.1874465e-001
  7.2848437e-001
  7.1546266e-001
  6.8071990e-001
  6.2674158e-001
  5.5717719e-001
  4.7644188e-001
  3.8925458e-001
  3.0017269e-001
  2.1318139e-001
  1.3138600e-001
  5.6839603e-002
 -9.4818051e-003
 -6.7565606e-002
 -1.1813810e-001
 -1.6237159e-001
 -2.0157298e-001
 -2.3690387e-001
 -2.6917483e-001
 -2.9874279e-001
 -3.2552287e-001
 -3.4910676e-001
 -3.6896220e-001
 -3.8467482e-001
 -3.9618612e-001
 -4.0398185e-001
 -4.0919194e-001
 -4.1357726e-001
 -4.1939582e-001
 -4.2916072e-001
 -4.4531982e-001
 -4.6990133e-001
 -5.0417670e-001
 -5.4839276e-001
 -6.0161702e-001
 -6.6172591e-001
 -7.2554652e-001
 -7.8914095e-001
 -8.4820216e-001
 -8.9851348e-001
 -9.3641360e-001
 -9.5920653e-001
 -9.6546177e-001
 -9.5516372e-001
 -9.2968858e-001
 -8.9160987e-001
 -8.4435666e-001
 -7.9176839e-001
 -7.3760448e-001
 -6.8507295e-001
 -6.3644053e-001
 -5.9277519e-001
 -5.5385508e-001
 -5.1825479e-001
 -4.8359643e-001
 -4.4693075e-001
 -4.0519591e-001
 -3.5569158e-001
 -2.9650415e-001
 -2.2682588e-001
 -1.4712547e-001
 -5.9148228e-002
  3.4253068e-002
  1.2943237e-001
  2.2236620e-001
  3.0911445e-001
  3.8626427e-001
  4.5129843e-001
  5.0284088e-001
  5.4075007e-001
  5.6605171e-001
  5.8072526e-001
  5.8737788e-001
  5.8885461e-001
  5.8784070e-001
  5.8651175e-001
  5.8627860e-001
  5.8765902e-001
  5.9028870e-001
  5.9306342e-001
  5.9438489e-001
  5.9246821e-001
  5.8566042e-001
  5.7271933e-001
  5.5300889e-001
  5.2658143e-001
  4.9413530e-001
  4.5685690e-001
  4.1617460e-001
  3.7346720e-001
  3.2977741e-001
  2.8558153e-001
  2.4065872e-001
  1.9408867e-001
  1.4438682e-001
  8.9764374e-002
  2.8479664e-002
 -4.0769244e-002
 -1.1847052e-001
 -2.0400427e-001
 -2.9548127e-001
 -3.8975213e-001
 -4.8260188e-001
 -5.6911934e-001
 -6.4420507e-001
 -7.0315987e-001
 -7.4228079e-001
 -7.5938602e-001
 -7.5419441e-001
 -7.2850046e-001
 -6.8610852e-001
 -6.3251933e-001
 -5.7439282e-001
 -5.1884056e-001
 -4.7262470e-001
 -4.4135492e-001
 -4.2877860e-001
 -4.3625152e-001
 -4.6245756e-001
 -5.0341833e-001
 -5.5280053e-001
 -6.0249481e-001
 -6.4340762e-001
 -6.6638312e-001
 -6.6315622e-001
 -6.2723431e-001
 -5.5461281e-001
 -4.4424860e-001
 -2.9824273e-001
 -1.2171588e-001
  7.7606171e-002
  2.9004907e-001
  5.0481596e-001
  7.1089505e-001
  8.9795567e-001
  1.0571451e+000
  1.1817139e+000
  1.2674194e+000
  1.3126833e+000
  1.3185083e+000
  1.2881803e+000
  1.2268072e+000
  1.1407528e+000
  1.0370324e+000
  9.2273184e-001
  8.0450094e-001
  6.8815759e-001
  5.7842164e-001
  4.7877953e-001
  3.9146626e-001
  3.1754032e-001
  2.5702163e-001
  2.0906243e-001
  1.7212516e-001
  1.4414914e-001
  1.2269718e-001
  1.0508188e-001
  8.8478825e-002
  7.0037524e-002
  4.7001409e-002
  1.6844708e-002
 -2.2572008e-002
 -7.2833631e-002
 -1.3480336e-001
 -2.0847646e-001
 -2.9287806e-001
 -3.8602738e-001
 -4.8498630e-001
 -5.8600173e-001
 -6.8474004e-001
 -7.7660014e-001
 -8.5707970e-001
 -9.2216018e-001
 -9.6867100e-001
 -9.9459255e-001
 -9.9926253e-001
 -9.8345960e-001
 -9.4935126e-001
 -9.0030816e-001
 -8.4060238e-001
 -7.7502053e-001
 -7.0843232e-001
 -6.4536046e-001
 -5.8959676e-001
 -5.4390342e-001
 -5.0982813e-001
 -4.8764733e-001
 -4.7643713e-001
 -4.7425693e-001
 -4.7841834e-001
 -4.8580437e-001
 -4.9320015e-001
 -4.9759831e-001
 -4.9644853e-001
 -4.8783035e-001
 -4.7054001e-001
 -4.4409417e-001
 -4.0866347e-001
 -3.6495682e-001
 -3.1408081e-001
 -2.5739857e-001
 -1.9640853e-001
 -1.3265635e-001
 -6.7685296e-002
 -3.0215460e-003
  5.9816292e-002
  1.1929873e-001
  1.7387486e-001
  2.2198462e-001
  2.6210363e-001
  2.9282331e-001
  3.1296092e-001
  3.2168654e-001
  3.1864837e-001
  3.0407494e-001
  2.7883361e-001
  2.4442887e-001
  2.0293167e-001
  1.5683997e-001
  1.0888108e-001
  6.1775225e-002
  1.7986669e-002
 -2.0507921e-002
 -5.2405033e-002
 -7.7189766e-002
 -9.5165613e-002
 -1.0739387e-001
 -1.1554972e-001
 -1.2171307e-001
 -1.2812082e-001
 -1.3691233e-001
 -1.4990049e-001
 -1.6839670e-001
 -1.9311042e-001
 -2.2413289e-001
 -2.6100277e-001
 -3.0283943e-001
 -3.4852042e-001
 -3.9687352e-001
 -4.4685231e-001
 -4.9766750e-001
 -5.4885367e-001
 -6.0026172e-001
 -6.5197949e-001
 -7.0419489e-001
 -7.5702570e-001
 -8.1034616e-001
 -8.6364214e-001
 -9.1592289e-001
 -9.6570955e-001
 -1.0111088e+000
 -1.0499669e+000
 -1.0800862e+000
 -1.0994753e+000
 -1.1065980e+000
 -1.1005815e+000
 -1.0813534e+000
 -1.0496797e+000
 -1.0070944e+000
 -9.5572416e-001
 -8.9802670e-001
 -8.3647689e-001
 -7.7324166e-001
 -7.0988987e-001
 -6.4717950e-001
 -5.8495600e-001
 -5.2218117e-001
 -4.5709458e-001
 -3.8749093e-001
 -3.1108021e-001
 -2.2588433e-001
 -1.3061746e-001
 -2.4997139e-002
  9.0059063e-002
  2.1238288e-001
  3.3866354e-001
  4.6470696e-001
  5.8581781e-001
  6.9725923e-001
  7.9473373e-001
  8.7482488e-001
  9.3534300e-001
  9.7553009e-001
  9.9609638e-001
  9.9908278e-001
  9.8756590e-001
  9.6524272e-001
  9.3594797e-001
  9.0316613e-001
  8.6960054e-001
  8.3685497e-001
  8.0526782e-001
  7.7391948e-001
  7.4081032e-001
  7.0318452e-001
  6.5795629e-001
  6.0218156e-001
  5.3351314e-001
  4.5058015e-001
  3.5324310e-001
  2.4269326e-001
  1.2138576e-001
 -7.1819178e-003
 -1.3881428e-001
 -2.6903779e-001
 -3.9354037e-001
 -5.0857316e-001
 -6.1126450e-001
 -6.9980889e-001
 -7.7351270e-001
 -8.3269804e-001
 -8.7848634e-001
 -9.1249883e-001
 -9.3652165e-001
 -9.5218644e-001
 -9.6071308e-001
 -9.6275033e-001
 -9.5833411e-001
 -9.4696476e-001
 -9.2778601e-001
 -8.9983300e-001
 -8.6230621e-001
 -8.1482433e-001
 -7.5761270e-001
 -6.9159391e-001
 -6.1836262e-001
 -5.4004465e-001
 -4.5905914e-001
 -3.7781807e-001
 -2.9840847e-001
 -2.2230695e-001
 -1.5017278e-001
 -8.1755777e-002
 -1.5938987e-002
  4.9082900e-002
  1.1550877e-001
  1.8555710e-001
  2.6106302e-001
  3.4310284e-001
  4.3170074e-001
  5.2566307e-001
  6.2256927e-001
  7.1892815e-001
  8.1048560e-001
  8.9264911e-001
  9.6097768e-001
  1.0116756e+000
  1.0420268e+000
  1.0507136e+000
  1.0379763e+000
  1.0055932e+000
  9.5668041e-001
  8.9533757e-001
  8.2618260e-001
  7.5383537e-001
  6.8241529e-001
  6.1511573e-001
  5.5390808e-001
  4.9941004e-001
  4.5093124e-001
  4.0668527e-001
  3.6413584e-001
  3.2042710e-001
  2.7283832e-001
  2.1920098e-001
  1.5822289e-001
  8.9678000e-002
  1.4439858e-002
 -6.5641136e-002
 -1.4799482e-001
 -2.2968268e-001
 -3.0779126e-001
 -3.7981030e-001
 -4.4394209e-001
 -4.9929931e-001
 -5.4596543e-001
 -5.8491234e-001
 -6.1779037e-001
 -6.4662453e-001
 -6.7346366e-001
 -7.0003581e-001
 -7.2746136e-001
 -7.5606662e-001
 -7.8532510e-001
 -8.1393489e-001
 -8.4002001e-001
 -8.6142524e-001
 -8.7605996e-001
 -8.8223919e-001
 -8.7896988e-001
 -8.6613872e-001
 -8.4457148e-001
 -8.1595292e-001
 -7.8261663e-001
 -7.4723322e-001
 -7.1244073e-001
 -6.8046994e-001
 -6.5281880e-001
 -6.3002398e-001
 -6.1156398e-001
 -5.9591021e-001
 -5.8072137e-001
 -5.6315636e-001
 -5.4026363e-001
 -5.0939405e-001
 -4.6858042e-001
 -4.1683121e-001
 -3.5429753e-001
 -2.8229001e-001
 -2.0314314e-001
 -1.1994563e-001
 -3.6174188e-002
  4.4718501e-002
  1.1970470e-001
  1.8651610e-001
  2.4386616e-001
  2.9153068e-001
  3.3027697e-001
  3.6165371e-001
  3.8767314e-001
  4.1043263e-001
  4.3173114e-001
  4.5273670e-001
  4.7375376e-001
  4.9412463e-001
  5.1228029e-001
  5.2593405e-001
  5.3239113e-001
  5.2893020e-001
  5.1320251e-001
  4.8359115e-001
  4.3947848e-001
  3.8138213e-001
  3.1093887e-001
  2.3073642e-001
  1.4401549e-001
  5.4282181e-002
 -3.5115881e-002
 -1.2139097e-001
 -2.0263847e-001
 -2.7803666e-001
 -3.4789488e-001
 -4.1354314e-001
 -4.7707786e-001
 -5.4099882e-001
 -6.0778732e-001
 -6.7948357e-001
 -7.5732161e-001
 -8.4147167e-001
 -9.3092524e-001
 -1.0235378e+000
 -1.1162231e+000
 -1.2052707e+000
 -1.2867441e+000
 -1.3569036e+000
 -1.4125970e+000
 -1.4515668e+000
 -1.4726338e+000
 -1.4757362e+000
 -1.4618240e+000
 -1.4326281e+000
 -1.3903426e+000
 -1.3372686e+000
 -1.2754747e+000
 -1.2065236e+000
 -1.1313047e+000
 -1.0499971e+000
 -9.6216444e-001
 -8.6696714e-001
 -7.6345511e-001
 -6.5089591e-001
 -5.2908452e-001
 -3.9858495e-001
 -2.6086296e-001
 -1.1828555e-001
  2.6017861e-002
  1.6841647e-001
  3.0512703e-001
  4.3260230e-001
  5.4790406e-001
  6.4900653e-001
  7.3498525e-001
  8.0606208e-001
  8.6349733e-001
  9.0934161e-001
  9.4608074e-001
  9.7622254e-001
  1.0018839e+000
  1.0244372e+000
  1.0442673e+000
  1.0606771e+000
  1.0719565e+000
  1.0756090e+000
  1.0687073e+000
  1.0483293e+000
  1.0120160e+000
  9.5818674e-001
  8.8645350e-001
  7.9778876e-001
  6.9452078e-001
  5.8015396e-001
  4.5903585e-001
  3.3591317e-001
  2.1543523e-001
  1.0167001e-001
 -2.3028907e-003
 -9.4668855e-002
 -1.7498852e-001
 -2.4412840e-001
 -3.0402331e-001
 -3.5730475e-001
 -4.0684765e-001
 -4.5529882e-001
 -5.0465218e-001
 -5.5592925e-001
 -6.0900790e-001
 -6.6262147e-001
 -7.1452653e-001
 -7.6181359e-001
 -8.0131542e-001
 -8.3005425e-001
 -8.4566367e-001
 -8.4672570e-001
 -8.3297514e-001
 -8.0534310e-001
 -7.6583405e-001
 -7.1725505e-001
 -6.6283606e-001
 -6.0579646e-001
 -5.4891969e-001
 -4.9419696e-001
 -4.4259091e-001
 -3.9395273e-001
 -3.4710427e-001
 -3.0007308e-001
 -2.5044632e-001
 -1.9579244e-001
 -1.3408991e-001
 -6.4100974e-002
  1.4363744e-002
  1.0032833e-001
  1.9170024e-001
  2.8547850e-001
  3.7809305e-001
  4.6582787e-001
  5.4526874e-001
  6.1371284e-001
  6.6948295e-001
  7.1210230e-001
  7.4230605e-001
  7.6188860e-001
  7.7340913e-001
  7.7979785e-001
  7.8391962e-001
  7.8815734e-001
  7.9407452e-001
  8.0220513e-001
  8.1200016e-001
  8.2193777e-001
  8.2978048e-001
  8.3294105e-001
  8.2890346e-001
  8.1563673e-001
  7.9194035e-001
  7.5766976e-001
  7.1380709e-001
  6.6236488e-001
  6.0613438e-001
  5.4831283e-001
  4.9206157e-001
  4.4005801e-001
  3.9410542e-001
  3.5485769e-001
  3.2170006e-001
  2.9280567e-001
  2.6536281e-001
  2.3594405e-001
  2.0096813e-001
  1.5719214e-001
  1.0216692e-001
  3.4593196e-002
 -4.5470533e-002
 -1.3657700e-001
 -2.3604040e-001
 -3.4024708e-001
 -4.4508402e-001
 -5.4642590e-001
 -6.4061416e-001
 -7.2486260e-001
 -7.9753465e-001
 -8.5825614e-001
 -9.0785012e-001
 -9.4810585e-001
 -9.8141707e-001
 -1.0103431e+000
 -1.0371568e+000
 -1.0634445e+000
 -1.0898168e+000
 -1.1157693e+000
 -1.1397163e+000
 -1.1591893e+000
 -1.1711734e+000
 -1.1725319e+000
 -1.1604584e+000
 -1.1328900e+000
 -1.0888231e+000
 -1.0284844e+000
 -9.5333382e-001
 -8.6589656e-001
 -7.6944948e-001
 -6.6760611e-001
 -5.6386002e-001
 -4.6115257e-001
 -3.6152787e-001
 -2.6592553e-001
 -1.7414213e-001
 -8.4968481e-002
  3.5158971e-003
  9.3532239e-002
  1.8713439e-001
  2.8575046e-001
  3.8980108e-001
  4.9845112e-001
  6.0953361e-001
  7.1966079e-001
  8.2451109e-001
  9.1925662e-001
  9.9907527e-001
  1.0596799e+000
  1.0977942e+000
  1.1115111e+000
  1.1004873e+000
  1.0659465e+000
  1.0104947e+000
  9.3777168e-001
  8.5198828e-001
  7.5741327e-001
  6.5787938e-001
  5.5637526e-001
  4.5477711e-001
  3.5375335e-001
  2.5285132e-001
  1.5074883e-001
  4.5630502e-002
 -6.4368545e-002
 -1.8071812e-001
 -3.0411319e-001
 -4.3421472e-001
 -5.6954888e-001
 -7.0757899e-001
 -8.4493935e-001
 -9.7779641e-001
 -1.1022840e+000
 -1.2149489e+000
 -1.3131409e+000
 -1.3952900e+000
 -1.4610301e+000
 -1.5111499e+000
 -1.5473782e+000
 -1.5720345e+000
 -1.5875965e+000
 -1.5962481e+000
 -1.5994758e+000
 -1.5977739e+000
 -1.5905066e+000
 -1.5759490e+000
 -1.5515066e+000
 -1.5140856e+000
 -1.4605642e+000
 -1.3882992e+000
 -1.2955978e+000
 -1.1820849e+000
 -1.0489138e+000
 -8.9878439e-001
 -7.3576453e-001
 -5.6493244e-001
 -3.9188656e-001
 -2.2218577e-001
 -6.0793812e-002
  8.8398842e-002
  2.2291268e-001
  3.4183261e-001
  4.4575861e-001
  5.3656294e-001
  6.1698957e-001
  6.9015324e-001
  7.5900880e-001
  8.2586508e-001
  8.9201072e-001
  9.5750293e-001
  1.0211469e+000
  1.0806660e+000
  1.1330365e+000
  1.1749365e+000
  1.2032424e+000
  1.2155016e+000
  1.2103114e+000
  1.1875496e+000
  1.1484228e+000
  1.0953258e+000
  1.0315321e+000
  9.6075991e-001
  8.8667806e-001
  8.1242227e-001
  7.4019405e-001
  6.7100091e-001
  6.0457737e-001
  5.3950002e-001
  4.7348191e-001
  4.0380521e-001
  3.2783072e-001
  2.4351066e-001
  1.4982983e-001
  4.7109238e-002
 -6.2875017e-002
 -1.7697929e-001
 -2.9097905e-001
 -4.0001934e-001
 -4.9916980e-001
 -5.8401014e-001
 -6.5116605e-001
 -6.9872195e-001
 -7.2645295e-001
 -7.3584272e-001
 -7.2988318e-001
 -7.1268170e-001
 -6.8892792e-001
 -6.6329165e-001
 -6.3983275e-001
 -6.2150217e-001
 -6.0980072e-001
 -6.0464034e-001
 -6.0442434e-001
 -6.0633335e-001
 -6.0677466e-001
 -6.0193106e-001
 -5.8833126e-001
 -5.6336190e-001
 -5.2564984e-001
 -4.7526216e-001
 -4.1369732e-001
 -3.4367073e-001
 -2.6872700e-001
 -1.9273571e-001
 -1.1934395e-001
 -5.1464615e-002
  9.1255896e-003
  6.2020542e-002
  1.0821745e-001
  1.4994297e-001
  1.9029721e-001
  2.3276641e-001
  2.8067404e-001
  3.3664895e-001
  4.0218735e-001
  4.7737213e-001
  5.6079080e-001
  6.4966533e-001
  7.4017677e-001
  8.2793989e-001
  9.0856117e-001
  9.7820141e-001
  1.0340628e+000
  1.0747308e+000
  1.1003207e+000
  1.1124079e+000
  1.1137475e+000
  1.1078250e+000
  1.0982976e+000
  1.0884059e+000
  1.0804402e+000
  1.0753367e+000
  1.0724643e+000
  1.0696343e+000
  1.0633358e+000
  1.0491679e+000
  1.0224120e+000
  9.7866839e-001
  9.1447057e-001
  8.2779419e-001
  7.1839139e-001
  5.8790413e-001
  4.3974058e-001
  2.7873061e-001
  1.1060623e-001
 -5.8623396e-002
 -2.2331891e-001
 -3.7879357e-001
 -5.2175536e-001
 -6.5055151e-001
 -7.6518621e-001
 -8.6711372e-001
 -9.5883997e-001
 -1.0433919e+000
 -1.1237315e+000
 -1.2021981e+000
 -1.2800584e+000
 -1.3572269e+000
 -1.4321946e+000
 -1.5021758e+000
 -1.5634504e+000
 -1.6118510e+000
 -1.6433265e+000
 -1.6545005e+000
 -1.6431451e+000
 -1.6085040e+000
 -1.5514194e+000
 -1.4742436e+000
 -1.3805508e+000
 -1.2746894e+000
 -1.1612383e+000
 -1.0444448e+000
 -9.2772502e-001
 -8.1329471e-001
 -7.0198493e-001
 -5.9326608e-001
 -4.8547659e-001
 -3.7622239e-001
 -2.6288901e-001
 -1.4319206e-001
 -1.5686144e-002
  1.1984189e-001
  2.6215349e-001
  4.0854605e-001
  5.5505206e-001
  6.9682389e-001
  8.2865237e-001
  9.4554792e-001
  1.0433041e+000
  1.1189658e+000
  1.1711363e+000
  1.2000827e+000
  1.2076224e+000
  1.1968098e+000
  1.1714648e+000
  1.1356115e+000
  1.0929033e+000
  1.0461176e+000
  9.9678901e-001
  9.4503323e-001
  8.8958638e-001
  8.2805422e-001
  7.5733642e-001
  6.7416641e-001
  5.7569139e-001
  4.6001074e-001
  3.2659735e-001
  1.7654180e-001
  1.2584176e-002
 -1.6107261e-001
 -3.3914424e-001
 -5.1579053e-001
 -6.8521492e-001
 -8.4225794e-001
 -9.8290574e-001
 -1.1046470e+000
 -1.2066323e+000
 -1.2896181e+000
 -1.3557053e+000
 -1.4079137e+000
 -1.4496504e+000
 -1.4841497e+000
 -1.5139610e+000
 -1.5405547e+000
 -1.5640991e+000
 -1.5834376e+000
 -1.5962652e+000
 -1.5994778e+000
 -1.5896432e+000
 -1.5635267e+000
 -1.5185974e+000
 -1.4534447e+000
 -1.3680487e+000
 -1.2638685e+000
 -1.1437386e+000
 -1.0115897e+000
 -8.7203490e-001
 -7.2988016e-001
 -5.8962536e-001
 -4.5502499e-001
 -3.2876500e-001
 -2.1229600e-001
 -1.0583948e-001
 -8.5589130e-003
  8.1135577e-002
  1.6519857e-001
  2.4553702e-001
  3.2363627e-001
  4.0027908e-001
  4.7539717e-001
  5.4807421e-001
  6.1669571e-001
  6.7921956e-001
  7.3352239e-001
  7.7776657e-001
  8.1072922e-001
  8.3204117e-001
  8.4229735e-001
  8.4301979e-001
  8.3647679e-001
  8.2538343e-001
  8.1252711e-001
  8.0037314e-001
  7.9070914e-001
  7.8438178e-001
  7.8116633e-001
  7.7979030e-001
  7.7811001e-001
  7.7341642e-001
  7.6282763e-001
  7.4371213e-001
  7.1408198e-001
  6.7289891e-001
