  2.1407122e-001
  5.5016330e-001
  7.1766353e-001
  7.3657555e-001
  6.3805551e-001
  4.5806063e-001
  2.3273907e-001
 -4.8263321e-003
 -2.2692647e-001
 -4.1287505e-001
 -5.5011596e-001
 -6.3475534e-001
 -6.7139999e-001
 -6.7218601e-001
 -6.5496349e-001
 -6.4073921e-001
 -6.5062990e-001
 -7.0270485e-001
 -8.0916409e-001
 -9.7428749e-001
 -1.1934976e+000
 -1.4537187e+000
 -1.7350124e+000
 -2.0132659e+000
 -2.2635327e+000
 -2.4635151e+000
 -2.5966519e+000
 -2.6543348e+000
 -2.6369165e+000
 -2.5533731e+000
 -2.4196948e+000
 -2.2562857e+000
 -2.0848044e+000
 -1.9249584e+000
 -1.7917568e+000
 -1.6936399e+000
 -1.6317446e+000
 -1.6003736e+000
 -1.5885331e+000
 -1.5822367e+000
 -1.5671551e+000
 -1.5311553e+000
 -1.4663082e+000
 -1.3700555e+000
 -1.2453823e+000
 -1.1000205e+000
 -9.4487295e-001
 -7.9197745e-001
 -6.5239364e-001
 -5.3439399e-001
 -4.4226930e-001
 -3.7593653e-001
 -3.3138544e-001
 -3.0184760e-001
 -2.7944474e-001
 -2.5699388e-001
 -2.2962813e-001
 -1.9593466e-001
 -1.5840724e-001
 -1.2313952e-001
 -9.8824968e-002
 -9.5252694e-002
 -1.2157568e-001
 -1.8466268e-001
 -2.8782396e-001
 -4.3012824e-001
 -6.0641888e-001
 -8.0801137e-001
 -1.0239350e+000
 -1.2424905e+000
 -1.4528465e+000
 -1.6464012e+000
 -1.8176871e+000
 -1.9646847e+000
 -2.0885240e+000
 -2.1926609e+000
 -2.2817081e+000
 -2.3601563e+000
 -2.4312286e+000
 -2.4960829e+000
 -2.5534974e+000
 -2.6000857e+000
 -2.6309824e+000
 -2.6408544e+000
 -2.6250361e+000
 -2.5805660e+000
 -2.5069254e+000
 -2.4063400e+000
 -2.2835885e+000
 -2.1453563e+000
 -1.9992542e+000
 -1.8526865e+000
 -1.7117732e+000
 -1.5805218e+000
 -1.4603950e+000
 -1.3503425e+000
 -1.2472850e+000
 -1.1469493e+000
 -1.0448983e+000
 -9.3756037e-001
 -8.2307308e-001
 -7.0178862e-001
 -5.7635725e-001
 -4.5138175e-001
 -3.3271515e-001
 -2.2653777e-001
 -1.3838603e-001
 -7.2310685e-002
 -3.0313497e-002
 -1.2156228e-002
 -1.5564823e-002
 -3.6777622e-002
 -7.1323937e-002
 -1.1487923e-001
 -1.6403264e-001
 -2.1682302e-001
 -2.7294684e-001
 -3.3360542e-001
 -4.0102844e-001
 -4.7777200e-001
 -5.6593138e-001
 -6.6642359e-001
 -7.7848085e-001
 -8.9945519e-001
 -1.0249757e+000
 -1.1494339e+000
 -1.2667117e+000
 -1.3710224e+000
 -1.4577143e+000
 -1.5238951e+000
 -1.5687694e+000
 -1.5936329e+000
 -1.6015316e+000
 -1.5966521e+000
 -1.5835585e+000
 -1.5664131e+000
 -1.5483203e+000
 -1.5309036e+000
 -1.5141835e+000
 -1.4967626e+000
 -1.4762702e+000
 -1.4499708e+000
 -1.4154126e+000
 -1.3709893e+000
 -1.3163083e+000
 -1.2522971e+000
 -1.1810347e+000
 -1.1053457e+000
 -1.0282426e+000
 -9.5232919e-001
 -8.7928695e-001
 -8.0954676e-001
 -7.4221572e-001
 -6.7527718e-001
 -6.0603106e-001
 -5.3169513e-001
 -4.5005671e-001
 -3.6005428e-001
 -2.6218019e-001
 -1.5862841e-001
 -5.3156832e-002
  4.9314328e-002
  1.4329983e-001
  2.2343960e-001
  2.8516398e-001
  3.2522276e-001
  3.4199310e-001
  3.3552314e-001
  3.0731665e-001
  2.5991059e-001
  1.9633320e-001
  1.1954939e-001
  3.1998418e-002
 -6.4692117e-002
 -1.6976832e-001
 -2.8318519e-001
 -4.0525646e-001
 -5.3619622e-001
 -6.7564995e-001
 -8.2231411e-001
 -9.7372591e-001
 -1.1262718e+000
 -1.2754216e+000
 -1.4161507e+000
 -1.5434791e+000
 -1.6530317e+000
 -1.7415199e+000
 -1.8070614e+000
 -1.8492813e+000
 -1.8691821e+000
 -1.8688069e+000
 -1.8507645e+000
 -1.8177026e+000
 -1.7718282e+000
 -1.7145614e+000
 -1.6463837e+000
 -1.5669046e+000
 -1.4751278e+000
 -1.3698634e+000
 -1.2502038e+000
 -1.1159707e+000
 -9.6804719e-001
 -8.0853113e-001
 -6.4068046e-001
 -4.6865920e-001
 -2.9713113e-001
 -1.3077506e-001
  2.6190610e-002
  1.7038958e-001
  2.9951004e-001
  4.1233329e-001
  5.0857138e-001
  5.8855264e-001
  6.5282267e-001
  7.0174341e-001
  7.3517278e-001
  7.5229093e-001
  7.5161075e-001
  7.3117427e-001
  6.8890109e-001
  6.2302502e-001
  5.3253795e-001
  4.1755763e-001
  2.7954885e-001
  1.2135439e-001
 -5.2974440e-002
 -2.3852136e-001
 -4.2996629e-001
 -6.2208690e-001
 -8.1021815e-001
 -9.9059611e-001
 -1.1605355e+000
 -1.3184215e+000
 -1.4635308e+000
 -1.5957282e+000
 -1.7151047e+000
 -1.8216350e+000
 -1.9149216e+000
 -1.9940774e+000
 -2.0577678e+000
 -2.1044012e+000
 -2.1324282e+000
 -2.1406862e+000
 -2.1287178e+000
 -2.0969953e+000
 -2.0470017e+000
 -1.9811446e+000
 -1.9025122e+000
 -1.8145108e+000
 -1.7204451e+000
 -1.6231147e+000
 -1.5244989e+000
 -1.4255838e+000
 -1.3263636e+000
 -1.2260134e+000
 -1.1232014e+000
 -1.0164843e+000
 -9.0471390e-001
 -7.8738273e-001
 -6.6484898e-001
 -5.3840312e-001
 -4.1016889e-001
 -2.8286147e-001
 -1.5945110e-001
 -4.2796982e-002
  6.4680212e-002
  1.6122768e-001
  2.4585233e-001
  3.1826290e-001
  3.7867935e-001
  4.2755165e-001
  4.6524770e-001
  4.9177499e-001
  5.0659425e-001
  5.0856492e-001
  4.9603683e-001
  4.6707410e-001
  4.1977196e-001
  3.5260867e-001
  2.6476805e-001
  1.5637267e-001
  2.8584523e-002
 -1.1644629e-001
 -2.7577598e-001
 -4.4597004e-001
 -6.2346042e-001
 -8.0489360e-001
 -9.8740859e-001
 -1.1687979e+000
 -1.3475274e+000
 -1.5226166e+000
 -1.6934090e+000
 -1.8592805e+000
 -2.0193472e+000
 -2.1722307e+000
 -2.3159314e+000
 -2.4478353e+000
 -2.5648590e+000
 -2.6637064e+000
 -2.7411954e+000
 -2.7945945e+000
 -2.8219120e+000
 -2.8220871e+000
 -2.7950517e+000
 -2.7416561e+000
 -2.6634768e+000
 -2.5625464e+000
 -2.4410583e+000
 -2.3011049e+000
 -2.1444982e+000
 -1.9727049e+000
 -1.7869084e+000
 -1.5881796e+000
 -1.3777228e+000
 -1.1571428e+000
 -9.2867767e-001
 -6.9534465e-001
 -4.6096505e-001
 -2.3005261e-001
 -7.5767958e-003
  2.0136561e-001
  3.9192073e-001
  5.5983230e-001
  7.0172672e-001
  8.1528706e-001
  8.9929502e-001
  9.5354330e-001
  9.7864348e-001
  9.7577214e-001
  9.4640683e-001
  8.9210272e-001
  8.1435045e-001
  7.1453743e-001
  5.9401324e-001
  4.5423795e-001
  2.9697472e-001
  1.2447903e-001
 -6.0363997e-002
 -2.5399270e-001
 -4.5223429e-001
 -6.5048314e-001
 -8.4397037e-001
 -1.0280860e+000
 -1.1987035e+000
 -1.3524552e+000
 -1.4869157e+000
 -1.6006653e+000
 -1.6932264e+000
 -1.7648898e+000
 -1.8164638e+000
 -1.8489935e+000
 -1.8635015e+000
 -1.8607950e+000
 -1.8413702e+000
 -1.8054267e+000
 -1.7529820e+000
 -1.6840594e+000
 -1.5989048e+000
 -1.4981890e+000
 -1.3831488e+000
 -1.2556377e+000
 -1.1180716e+000
 -9.7327612e-001
 -8.2426072e-001
 -6.7395924e-001
 -5.2498195e-001
 -3.7942280e-001
 -2.3875452e-001
 -1.0382810e-001
  2.5026356e-002
  1.4781924e-001
  2.6467761e-001
  3.7562171e-001
  4.8038465e-001
  5.7830947e-001
  6.6834258e-001
  7.4912400e-001
  8.1915663e-001
  8.7702166e-001
  9.2159892e-001
  9.5225025e-001
  9.6893114e-001
  9.7220941e-001
  9.6318741e-001
  9.4334166e-001
  9.1430935e-001
  8.7766003e-001
  8.3469328e-001
  7.8629733e-001
  7.3289204e-001
  6.7446332e-001
  6.1067963e-001
  5.4106623e-001
  4.6520317e-001
  3.8291011e-001
  2.9438490e-001
  2.0027295e-001
  1.0165865e-001
 -1.4698850e-005
 -1.0307649e-001
 -2.0578294e-001
 -3.0646172e-001
 -4.0361857e-001
 -4.9598657e-001
 -5.8251167e-001
 -6.6228186e-001
 -7.3441983e-001
 -7.9796642e-001
 -8.5178481e-001
 -8.9451089e-001
 -9.2456618e-001
 -9.4023654e-001
 -9.3980661e-001
 -9.2172823e-001
 -8.8479354e-001
 -8.2828255e-001
 -7.5205925e-001
 -6.5660059e-001
 -5.4295590e-001
 -4.1264789e-001
 -2.6753822e-001
 -1.0968723e-001
  5.8761671e-002
  2.3564828e-001
  4.1879887e-001
  6.0596729e-001
  7.9472931e-001
  9.8235795e-001
  1.1657145e+000
  1.3411898e+000
  1.5047241e+000
  1.6519196e+000
  1.7782446e+000
  1.8793084e+000
  1.9511744e+000
  1.9906656e+000
  1.9956192e+000
  1.9650499e+000
  1.8991975e+000
  1.7994509e+000
  1.6681632e+000
  1.5083890e+000
  1.3235875e+000
  1.1173426e+000
  8.9314487e-001
  6.5426968e-001
  4.0376695e-001
  1.4455791e-001
 -1.2038747e-001
 -3.8783366e-001
 -6.5407325e-001
 -9.1478083e-001
 -1.1649670e+000
 -1.3990562e+000
 -1.6110900e+000
 -1.7950375e+000
 -1.9451746e+000
 -2.0564820e+000
 -2.1250094e+000
 -2.1481567e+000
 -2.1248394e+000
 -2.0555194e+000
 -1.9421088e+000
 -1.7877678e+000
 -1.5966355e+000
 -1.3735374e+000
 -1.1237119e+000
 -8.5258951e-001
 -5.6564387e-001
 -2.6831668e-001
  3.3998537e-002
  3.3593941e-001
  6.3215736e-001
  9.1733074e-001
  1.1862316e+000
  1.4338554e+000
  1.6556089e+000
  1.8475340e+000
  2.0065379e+000
  2.1305927e+000
  2.2188691e+000
  2.2717802e+000
  2.2909218e+000
  2.2789139e+000
  2.2391621e+000
  2.1755690e+000
  2.0922342e+000
  1.9931776e+000
  1.8821165e+000
  1.7623148e+000
  1.6365068e+000
  1.5068886e+000
  1.3751553e+000
  1.2425603e+000
  1.1099724e+000
  9.7791348e-001
  8.4656921e-001
  7.1577742e-001
  5.8500971e-001
  4.5336754e-001
  3.1961608e-001
  1.8227335e-001
  3.9762056e-002
 -1.0938251e-001
 -2.6626942e-001
 -4.3140677e-001
 -6.0449328e-001
 -7.8428555e-001
 -9.6857093e-001
 -1.1542615e+000
 -1.3376048e+000
 -1.5144874e+000
 -1.6807901e+000
 -1.8327414e+000
 -1.9672170e+000
 -2.0819350e+000
 -2.1755180e+000
 -2.2474107e+000
 -2.2976688e+000
 -2.3266562e+000
 -2.3347042e+000
 -2.3217955e+000
 -2.2873296e+000
 -2.2300176e+000
 -2.1479297e+000
 -2.0386951e+000
 -1.8998281e+000
 -1.7291336e+000
 -1.5251318e+000
 -1.2874409e+000
 -1.0170609e+000
 -7.1652392e-001
 -3.8989300e-001
 -4.2620080e-002
  3.1870857e-001
  6.8669484e-001
  1.0534704e+000
  1.4110124e+000
  1.7514019e+000
  2.0670099e+000
  2.3506169e+000
  2.5954885e+000
  2.7954377e+000
  2.9449092e+000
  3.0391105e+000
  3.0742031e+000
  3.0475436e+000
  2.9579490e+000
  2.8059436e+000
  2.5939361e+000
  2.3262810e+000
  2.0091901e+000
  1.6504800e+000
  1.2591698e+000
  8.4496760e-001
  4.1770602e-001
 -1.3203287e-002
 -4.3922523e-001
 -8.5301109e-001
 -1.2485298e+000
 -1.6210187e+000
 -1.9667825e+000
 -2.2828965e+000
 -2.5668842e+000
 -2.8164440e+000
 -3.0292862e+000
 -3.2031187e+000
 -3.3357846e+000
 -3.4255244e+000
 -3.4713017e+000
 -3.4731159e+000
 -3.4322199e+000
 -3.3511743e+000
 -3.2336991e+000
 -3.0843209e+000
 -2.9078557e+000
 -2.7088062e+000
 -2.4907769e+000
 -2.2560181e+000
 -2.0051970e+000
 -1.7374636e+000
 -1.4508295e+000
 -1.1428266e+000
 -8.1135717e-001
 -4.5561078e-001
 -7.6896319e-002
  3.2075449e-001
  7.3033220e-001
  1.1420131e+000
  1.5437491e+000
  1.9222253e+000
  2.2640688e+000
  2.5571471e+000
  2.7917805e+000
  2.9617009e+000
  3.0646244e+000
  3.1023654e+000
  3.0804857e+000
  3.0075417e+000
  2.8940481e+000
  2.7513170e+000
  2.5903362e+000
  2.4208387e+000
  2.2506728e+000
  2.0855226e+000
  1.9289724e+000
  1.7828453e+000
  1.6477090e+000
  1.5234193e+000
  1.4095828e+000
  1.3058432e+000
  1.2119475e+000
  1.1275991e+000
  1.0521569e+000
  9.8427555e-001
  9.2160164e-001
  8.6062944e-001
  7.9679350e-001
  7.2482545e-001
  6.3934809e-001
  5.3562668e-001
  4.1035786e-001
  2.6235876e-001
  9.3026137e-002
 -9.3531849e-002
 -2.9073616e-001
 -4.9013182e-001
 -6.8225738e-001
 -8.5765933e-001
 -1.0078944e+000
 -1.1263626e+000
 -1.2088408e+000
 -1.2536404e+000
 -1.2613755e+000
 -1.2343987e+000
 -1.1760193e+000
 -1.0896573e+000
 -9.7809469e-001
 -8.4296713e-001
 -6.8459141e-001
 -5.0215889e-001
 -2.9425467e-001
 -5.9597989e-002
  2.0214512e-001
  4.8964254e-001
  7.9942068e-001
  1.1257392e+000
  1.4608570e+000
  1.7956548e+000
  2.1205110e+000
  2.4262751e+000
  2.7051593e+000
  2.9513825e+000
  3.1614398e+000
  3.3339458e+000
  3.4690752e+000
  3.5677103e+000
  3.6304620e+000
  3.6567687e+000
  3.6442694e+000
  3.5886055e+000
  3.4837358e+000
  3.3227512e+000
  3.0990850e+000
  2.8079322e+000
  2.4476398e+000
  2.0208226e+000
  1.5349886e+000
  1.0025335e+000
  4.4006305e-001
 -1.3288761e-001
 -6.9556538e-001
 -1.2278924e+000
 -1.7122582e+000
 -2.1349391e+000
 -2.4869327e+000
 -2.7640916e+000
 -2.9665571e+000
 -3.0976129e+000
 -3.1621766e+000
 -3.1652090e+000
 -3.1103348e+000
 -2.9989298e+000
 -2.8298480e+000
 -2.5998475e+000
 -2.3046478e+000
 -1.9404391e+000
 -1.5055759e+000
 -1.0021506e+000
 -4.3715570e-001
  1.7699355e-001
  8.2270018e-001
  1.4781889e+000
  2.1191460e+000
  2.7207652e+000
  3.2599052e+000
  3.7170500e+000
  4.0778005e+000
  4.3337088e+000
  4.4823803e+000
  4.5268873e+000
  4.4746506e+000
  4.3360215e+000
  4.1228314e+000
  3.8471583e+000
  3.5204976e+000
  3.1534309e+000
  2.7557754e+000
  2.3370944e+000
  1.9073743e+000
  1.4776369e+000
  1.0602706e+000
  6.6892277e-001
  3.1788759e-001
  2.1035704e-002
 -2.0956499e-001
 -3.6510769e-001
 -4.4131769e-001
 -4.3928330e-001
 -3.6565705e-001
 -2.3214073e-001
 -5.4291870e-002
  1.5018785e-001
  3.6342381e-001
  5.6928628e-001
  7.5494321e-001
  9.1179470e-001
  1.0356426e+000
  1.1260854e+000
  1.1852722e+000
  1.2162700e+000
  1.2213817e+000
  1.2007660e+000
  1.1516703e+000
  1.0684770e+000
  9.4362056e-001
  7.6926312e-001
  5.3946623e-001
  2.5248219e-001
 -8.7262859e-002
 -4.6789935e-001
 -8.6986766e-001
 -1.2668499e+000
 -1.6278459e+000
 -1.9201682e+000
 -2.1129647e+000
 -2.1807765e+000
 -2.1066089e+000
 -1.8840501e+000
 -1.5181081e+000
 -1.0246257e+000
 -4.2835150e-001
  2.4004885e-001
  9.4759094e-001
  1.6626361e+000
  2.3580721e+000
  3.0135424e+000
  3.6164119e+000
  4.1613668e+000
  4.6487681e+000
  5.0820818e+000
  5.4648571e+000
  5.7977976e+000
  6.0764481e+000
  6.2899207e+000
  6.4209066e+000
  6.4470137e+000
  6.3432501e+000
  6.0852903e+000
  5.6530372e+000
  5.0339447e+000
  4.2256087e+000
  3.2372500e+000
  2.0898846e+000
  8.1517591e-001
 -5.4684294e-001
 -1.9508374e+000
 -3.3495957e+000
 -4.6973557e+000
 -5.9526362e+000
 -7.0802858e+000
 -8.0526160e+000
 -8.8496434e+000
 -9.4586078e+000
 -9.8730294e+000
 -1.0091609e+001
 -1.0117249e+001
 -9.9564056e+000
 -9.6188529e+000
 -9.1178352e+000
 -8.4704542e+000
 -7.6980695e+000
 -6.8264640e+000
 -5.8855529e+000
 -4.9084971e+000
 -3.9301966e+000
 -2.9852640e+000
 -2.1056992e+000
 -1.3185594e+000
 -6.4395624e-001
 -9.3677713e-002
  3.2934751e-001
  6.3064825e-001
  8.2292024e-001
  9.2403125e-001
  9.5461353e-001
  9.3559357e-001
  8.8600868e-001
  8.2140089e-001
  7.5297217e-001
  6.8754975e-001
  6.2827121e-001
  5.7578013e-001
  5.2964614e-001
  4.8970064e-001
  4.5701470e-001
  4.3433136e-001
  4.2588359e-001
  4.3665889e-001
  4.7128740e-001
  5.3280958e-001
  6.2160796e-001
  7.3475788e-001
  8.6597091e-001
  1.0061866e+000
  1.1447343e+000
  1.2708654e+000
  1.3753666e+000
  1.4519334e+000
  1.4980054e+000
  1.5148552e+000
  1.5068515e+000
  1.4799751e+000
  1.4398148e+000
  1.3893913e+000
  1.3272232e+000
  1.2460408e+000
  1.1324787e+000
  9.6793895e-001
  7.3063214e-001
  3.9861010e-001
 -4.6574681e-002
 -6.1607801e-001
 -1.3103957e+000
 -2.1169499e+000
 -3.0090580e+000
 -3.9465377e+000
 -4.8779892e+000
 -5.7445641e+000
 -6.4848281e+000
 -7.0401675e+000
 -7.3601121e+000
 -7.4069522e+000
 -7.1591190e+000
 -6.6129555e+000
 -5.7827142e+000
 -4.6988400e+000
 -3.4048005e+000
 -1.9528957e+000
 -3.9957241e-001
  1.1992001e+000
  2.7919895e+000
  4.3349978e+000
  5.7939542e+000
  7.1447321e+000
  8.3727845e+000
  9.4716269e+000
  1.0440691e+001
  1.1282912e+001
  1.2002397e+001
  1.2602478e+001
  1.3084338e+001
  1.3446339e+001
  1.3684039e+001
  1.3790813e+001
  1.3758955e+001
  1.3581049e+001
  1.3251451e+001
  1.2767689e+001
  1.2131648e+001
  1.1350430e+001
  1.0436821e+001
  9.4093443e+000
  8.2918815e+000
  7.1128905e+000
  5.9042656e+000
  4.6998942e+000
  3.5339945e+000
  2.4393315e+000
  1.4454339e+000
  5.7694170e-001
 -1.4777422e-001
 -7.1759164e-001
 -1.1291091e+000
 -1.3865453e+000
 -1.5010555e+000
 -1.4895184e+000
 -1.3729095e+000
 -1.1744318e+000
 -9.1760893e-001
 -6.2455591e-001
 -3.1462213e-001
 -3.5521302e-003
  2.9676177e-001
  5.7794636e-001
  8.3433114e-001
  1.0618194e+000
  1.2566662e+000
  1.4143998e+000
  1.5290999e+000
  1.5931944e+000
  1.5978510e+000
  1.5339453e+000
  1.3934886e+000
  1.1713179e+000
  8.6679545e-001
  4.8524690e-001
  3.8891753e-002
 -4.5292383e-001
 -9.6429208e-001
 -1.4641041e+000
 -1.9180987e+000
 -2.2914020e+000
 -2.5512978e+000
 -2.6699370e+000
 -2.6267086e+000
 -2.4100332e+000
 -2.0184189e+000
 -1.4607024e+000
 -7.5549515e-001
  7.0065312e-002
  9.8209231e-001
  1.9420535e+000
  2.9089892e+000
  3.8416521e+000
  4.7004160e+000
  5.4488515e+000
  6.0549257e+000
  6.4918322e+000
  6.7384987e+000
  6.7798441e+000
  6.6068601e+000
  6.2165893e+000
  5.6120446e+000
  4.8020953e+000
  3.8013141e+000
  2.6297588e+000
  1.3126503e+000
 -1.2009753e-001
 -1.6345307e+000
 -3.1935127e+000
 -4.7577850e+000
 -6.2872067e+000
 -7.7421250e+000
 -9.0848080e+000
 -1.0280860e+001
 -1.1300526e+001
 -1.2119811e+001
 -1.2721312e+001
 -1.3094734e+001
 -1.3237024e+001
 -1.3152129e+001
 -1.2850394e+001
 -1.2347654e+001
 -1.1664099e+001
 -1.0823011e+001
 -9.8495072e+000
 -8.7693764e+000
 -7.6081418e+000
 -6.3904124e+000
 -5.1395690e+000
 -3.8777776e+000
 -2.6262745e+000
 -1.4058246e+000
 -2.3721822e-001
  8.5834228e-001
  1.8591072e+000
  2.7430100e+000
  3.4883231e+000
  4.0747360e+000
  4.4847763e+000
  4.7054285e+000
  4.7297519e+000
  4.5582725e+000
  4.1999280e+000
  3.6723843e+000
  3.0016119e+000
  2.2206992e+000
  1.3679831e+000
  4.8466978e-001
 -3.8780663e-001
 -1.2103998e+000
 -1.9487515e+000
 -2.5749311e+000
 -3.0684460e+000
 -3.4164614e+000
 -3.6132820e+000
 -3.6592529e+000
 -3.5593202e+000
 -3.3215303e+000
 -2.9557425e+000
 -2.4727763e+000
 -1.8841234e+000
 -1.2022403e+000
 -4.4131555e-001
  3.8169524e-001
  1.2460465e+000
  2.1264900e+000
  2.9931398e+000
  3.8121026e+000
  4.5469360e+000
  5.1608641e+000
  5.6195398e+000
  5.8940346e+000
  5.9636754e+000
  5.8183375e+000
  5.4598638e+000
  4.9023844e+000
  4.1714632e+000
  3.3021572e+000
  2.3362309e+000
  1.3188847e+000
  2.9542052e-001
 -6.9173205e-001
 -1.6052729e+000
 -2.4143377e+000
 -3.0947768e+000
 -3.6285008e+000
 -4.0021378e+000
 -4.2053596e+000
 -4.2292852e+000
 -4.0653503e+000
 -3.7049478e+000
 -3.1400052e+000
 -2.3644924e+000
 -1.3766803e+000
 -1.8181530e-001
  1.2052252e+000
  2.7577721e+000
  4.4361358e+000
  6.1876454e+000
  7.9481297e+000
  9.6448279e+000
  1.1200523e+001
  1.2538523e+001
  1.3587997e+001
  1.4289120e+001
  1.4597504e+001
  1.4487458e+001
  1.3953805e+001
  1.3012097e+001
  1.1697306e+001
  1.0061196e+001
  8.1687147e+000
  6.0938208e+000
  3.9151642e+000
  1.7119985e+000
 -4.3937962e-001
 -2.4684887e+000
 -4.3127568e+000
 -5.9189001e+000
 -7.2437115e+000
 -8.2544276e+000
 -8.9288429e+000
 -9.2553074e+000
 -9.2326874e+000
 -8.8702979e+000
 -8.1877541e+000
 -7.2146401e+000
 -5.9898733e+000
 -4.5606556e+000
 -2.9809381e+000
 -1.3093925e+000
  3.9304762e-001
  2.0659391e+000
  3.6521785e+000
  5.1007188e+000
  6.3689171e+000
  7.4243021e+000
  8.2456070e+000
  8.8229859e+000
  9.1574182e+000
  9.2593928e+000
  9.1470341e+000
  8.8438891e+000
  8.3766159e+000
  7.7728177e+000
  7.0592295e+000
  6.2604166e+000
  5.3980709e+000
  4.4909174e+000
  3.5551660e+000
  2.6053804e+000
  1.6555884e+000
  7.2043024e-001
 -1.8385847e-001
 -1.0388109e+000
 -1.8235785e+000
 -2.5153431e+000
 -3.0902978e+000
 -3.5251298e+000
 -3.7988687e+000
 -3.8949099e+000
 -3.8029879e+000
 -3.5208633e+000
 -3.0555069e+000
 -2.4236078e+000
 -1.6513023e+000
 -7.7310158e-001
  1.6991025e-001
  1.1324547e+000
  2.0677885e+000
  2.9305179e+000
  3.6792214e+000
  4.2786288e+000
  4.7011666e+000
  4.9277620e+000
  4.9479011e+000
  4.7590358e+000
  4.3655217e+000
  3.7773252e+000
  3.0087590e+000
  2.0774837e+000
  1.0039470e+000
 -1.8865860e-001
 -1.4739552e+000
 -2.8215978e+000
 -4.1963896e+000
 -5.5575869e+000
 -6.8586946e+000
 -8.0480115e+000
 -9.0700925e+000
 -9.8681668e+000
 -1.0387405e+001
 -1.0578782e+001
 -1.0403171e+001
 -9.8352279e+000
 -8.8666003e+000
 -7.5080759e+000
 -5.7903532e+000
 -3.7632982e+000
 -1.4937101e+000
  9.3820275e-001
  3.4432923e+000
  5.9284424e+000
  8.3015640e+000
  1.0476164e+001
  1.2375128e+001
  1.3933489e+001
  1.5100109e+001
  1.5838357e+001
  1.6125980e+001
  1.5954461e+001
  1.5328150e+001
  1.4263443e+001
  1.2788173e+001
  1.0941272e+001
  8.7726196e+000
  6.3428917e+000
  3.7231409e+000
  9.9382538e-001
 -1.7569592e+000
 -4.4361937e+000
 -6.9495998e+000
 -9.2061059e+000
 -1.1122804e+001
 -1.2629973e+001
 -1.3675664e+001
 -1.4229366e+001
 -1.4284293e+001
 -1.3858032e+001
 -1.2991402e+001
 -1.1745614e+001
 -1.0197990e+001
 -8.4366616e+000
 -6.5547657e+000
 -4.6446719e+000
 -2.7927581e+000
 -1.0751295e+000
  4.4545949e-001
  1.7213879e+000
  2.7207212e+000
  3.4267326e+000
  3.8366720e+000
  3.9600935e+000
  3.8170244e+000
  3.4361921e+000
  2.8534268e+000
  2.1102579e+000
  1.2526302e+000
  3.2961355e-001
 -6.0803873e-001
 -1.5095963e+000
 -2.3263703e+000
 -3.0140016e+000
 -3.5348777e+000
 -3.8604598e+000
 -3.9732462e+000
 -3.8680960e+000
 -3.5526768e+000
 -3.0468869e+000
 -2.3812221e+000
 -1.5941919e+000
 -7.2901684e-001
  1.7005582e-001
  1.0614208e+000
  1.9093631e+000
  2.6865266e+000
  3.3753366e+000
  3.9682434e+000
  4.4667963e+000
  4.8797035e+000
  5.2201522e+000
  5.5027435e+000
  5.7404315e+000
  5.9418402e+000
  6.1092682e+000
  6.2375964e+000
  6.3142008e+000
  6.3198498e+000
  6.2304647e+000
  6.0195329e+000
  5.6609180e+000
  5.1317854e+000
  4.4153791e+000
  3.5034155e+000
  2.3979131e+000
  1.1123316e+000
 -3.2804735e-001
 -1.8865174e+000
 -3.5160976e+000
 -5.1613760e+000
 -6.7609566e+000
 -8.2503932e+000
 -9.5654654e+000
 -1.0645629e+001
 -1.1437447e+001
 -1.1897784e+001
 -1.1996556e+001
 -1.1718816e+001
 -1.1065986e+001
 -1.0056125e+001
 -8.7231497e+000
 -7.1150358e+000
 -5.2911231e+000
 -3.3187140e+000
 -1.2692405e+000
  7.8568493e-001
  2.7780137e+000
  4.6465014e+000
  6.3392120e+000
  7.8151374e+000
  9.0448932e+000
  1.0010553e+001
  1.0704775e+001
  1.1129446e+001
  1.1294086e+001
  1.1214260e+001
  1.0910190e+001
  1.0405695e+001
  9.7274905e+000
  8.9048084e+000
  7.9691994e+000
  6.9543666e+000
  5.8958447e+000
  4.8303783e+000
  3.7949075e+000
  2.8251502e+000
  1.9538600e+000
  1.2089193e+000
  6.1148602e-001
  1.7443971e-001
 -9.8642386e-002
 -2.1379796e-001
 -1.8618446e-001
 -3.8781844e-002
  1.9959463e-001
  4.9676493e-001
  8.1986521e-001
  1.1379372e+000
  1.4241383e+000
  1.6573394e+000
  1.8229668e+000
  1.9130487e+000
  1.9255425e+000
  1.8631108e+000
  1.7315872e+000
  1.5384017e+000
  1.2912228e+000
  9.9702402e-001
  6.6169698e-001
  2.9023353e-001
 -1.1260314e-001
 -5.4128622e-001
 -9.8843814e-001
 -1.4438958e+000
 -1.8941549e+000
 -2.3223606e+000
 -2.7089254e+000
 -3.0327518e+000
 -3.2729344e+000
 -3.4107336e+000
 -3.4315586e+000
 -3.3266790e+000
 -3.0944162e+000
 -2.7406290e+000
 -2.2783998e+000
 -1.7269419e+000
 -1.1098524e+000
 -4.5292864e-001
  2.1817324e-001
  8.8014022e-001
  1.5137854e+000
  2.1051965e+000
  2.6461226e+000
  3.1335836e+000
  3.5687909e+000
  3.9555684e+000
  4.2985246e+000
  4.6012592e+000
  4.8648733e+000
  5.0870045e+000
  5.2615236e+000
  5.3789326e+000
  5.4273973e+000
  5.3942587e+000
  5.2677966e+000
  5.0389872e+000
  4.7030019e+000
  4.2602329e+000
  3.7167069e+000
  3.0838348e+000
  2.3775441e+000
  1.6169249e+000
  8.2258743e-001
  1.4963757e-002
 -7.8721560e-001
 -1.5680708e+000
 -2.3152128e+000
 -3.0198185e+000
 -3.6761713e+000
 -4.2807775e+000
 -4.8312259e+000
 -5.3249939e+000
 -5.7584030e+000
 -6.1258972e+000
 -6.4197660e+000
 -6.6303591e+000
 -6.7467685e+000
 -6.7578824e+000
 -6.6536621e+000
 -6.4264681e+000
 -6.0722561e+000
 -5.5914902e+000
 -4.9896675e+000
 -4.2774043e+000
 -3.4700967e+000
 -2.5872236e+000
 -1.6513994e+000
 -6.8730080e-001
  2.7940753e-001
  1.2230496e+000
  2.1187547e+000
  2.9430960e+000
  3.6745752e+000
  4.2940094e+000
  4.7848915e+000
  5.1337931e+000
  5.3308546e+000
  5.3703728e+000
  5.2514496e+000
  4.9786259e+000
  4.5623877e+000
  4.0194178e+000
  3.3724718e+000
  2.6497846e+000
  1.8839626e+000
  1.1103795e+000
  3.6516020e-001
 -3.1709839e-001
 -9.0567465e-001
 -1.3759143e+000
 -1.7110461e+000
 -1.9034280e+000
 -1.9550837e+000
 -1.8774614e+000
 -1.6904275e+000
 -1.4205850e+000
 -1.0990797e+000
 -7.5909879e-001
 -4.3329916e-001
 -1.5139176e-001
  6.1912739e-002
  1.8844342e-001
  2.1749944e-001
  1.4614279e-001
 -2.1112923e-002
 -2.7313235e-001
 -5.9338569e-001
 -9.6143308e-001
 -1.3545244e+000
 -1.7491857e+000
 -2.1226868e+000
 -2.4543126e+000
 -2.7263911e+000
 -2.9250545e+000
 -3.0407322e+000
 -3.0683856e+000
 -3.0075034e+000
 -2.8618767e+000
 -2.6391758e+000
 -2.3503505e+000
 -2.0088773e+000
 -1.6298845e+000
 -1.2291927e+000
 -8.2231722e-001
 -4.2348954e-001
 -4.4760078e-002
  3.0475354e-001
  6.1941174e-001
  8.9734181e-001
  1.1404366e+000
  1.3540504e+000
  1.5464040e+000
  1.7277337e+000
  1.9092435e+000
  2.1019359e+000
  2.3154104e+000
  2.5567241e+000
  2.8294071e+000
  3.1327170e+000
  3.4612023e+000
  3.8046238e+000
  4.1482586e+000
  4.4735853e+000
  4.7593187e+000
  4.9827346e+000
  5.1212004e+000
  5.1538044e+000
  5.0629638e+000
  4.8358829e+000
  4.4657408e+000
  3.9525026e+000
  3.3032734e+000
  2.5321559e+000
  1.6596097e+000
  7.1136258e-001
 -2.8303813e-001
 -1.2919066e+000
 -2.2831840e+000
 -3.2261315e+000
 -4.0928084e+000
 -4.8592168e+000
 -5.5060401e+000
 -6.0189521e+000
 -6.3885270e+000
 -6.6098271e+000
 -6.6817832e+000
 -6.6064981e+000
 -6.3886014e+000
 -6.0347655e+000
 -5.5534463e+000
 -4.9548701e+000
 -4.2512294e+000
 -3.4570068e+000
 -2.5893105e+000
 -1.6680920e+000
 -7.1612372e-001
  2.4135612e-001
  1.1773765e+000
  2.0643313e+000
  2.8753707e+000
  3.5859612e+000
  4.1754538e+000
  4.6284873e+000
  4.9360606e+000
  5.0961446e+000
  5.1137546e+000
  5.0004685e+000
  4.7734409e+000
  4.4540202e+000
  4.0661191e+000
  3.6345085e+000
  3.1832026e+000
  2.7340784e+000
  2.3058316e+000
  1.9133192e+000
  1.5672870e+000
  1.2744332e+000
  1.0377274e+000
  8.5688871e-001
  7.2892755e-001
  6.4867462e-001
  6.0924908e-001
  6.0244903e-001
  6.1907828e-001
  6.4924401e-001
  6.8266886e-001
  7.0905609e-001
  7.1852957e-001
  7.0214532e-001
  6.5244408e-001
  5.6399014e-001
  4.3382735e-001
  2.6178052e-001
  5.0542476e-002
 -1.9448876e-001
 -4.6562538e-001
 -7.5352446e-001
 -1.0479755e+000
 -1.3387511e+000
 -1.6164191e+000
 -1.8730209e+000
 -2.1025384e+000
 -2.3011027e+000
 -2.4669364e+000
 -2.6000554e+000
 -2.7017923e+000
 -2.7742187e+000
 -2.8195572e+000
 -2.8396609e+000
 -2.8356257e+000
 -2.8075695e+000
 -2.7545852e+000
 -2.6748477e+000
 -2.5658341e+000
 -2.4246093e+000
 -2.2481283e+000
 -2.0335188e+000
 -1.7783258e+000
 -1.4807149e+000
 -1.1396528e+000
 -7.5508614e-001
 -3.2814426e-001
  1.3862083e-001
  6.4095986e-001
  1.1726415e+000
  1.7252014e+000
  2.2877833e+000
  2.8471349e+000
  3.3878136e+000
  3.8926363e+000
  4.3433788e+000
  4.7216950e+000
  5.0101898e+000
  5.1935538e+000
  5.2596494e+000
  5.2004348e+000
  5.0126307e+000
  4.6980564e+000
  4.2636068e+000
  3.7208792e+000
  3.0855023e+000
  2.3762476e+000
  1.6140263e+000
  8.2087131e-001
  1.8996662e-002
 -7.7000284e-001
 -1.5257788e+000
 -2.2296849e+000
 -2.8650903e+000
 -3.4175996e+000
 -3.8752302e+000
 -4.2285946e+000
 -4.4711104e+000
 -4.5992381e+000
 -4.6127199e+000
 -4.5147687e+000
 -4.3121460e+000
 -4.0150705e+000
 -3.6369108e+000
 -3.1936443e+000
 -2.7031000e+000
 -2.1840325e+000
 -1.6551099e+000
 -1.1339124e+000
 -6.3604428e-001
 -1.7444941e-001
  2.4100685e-001
  6.0366197e-001
  9.0990094e-001
  1.1587731e+000
  1.3514613e+000
  1.4906975e+000
  1.5802193e+000
  1.6243409e+000
  1.6276851e+000
  1.5950851e+000
  1.5316286e+000
  1.4427860e+000
  1.3345506e+000
  1.2135111e+000
  1.0867971e+000
  9.6186002e-001
  8.4608974e-001
  7.4630366e-001
  6.6817494e-001
  6.1568745e-001
  5.9070872e-001
  5.9276008e-001
  6.1903617e-001
  6.6468844e-001
  7.2334647e-001
  7.8781262e-001
  8.5083773e-001
  9.0587217e-001
  9.4769039e-001
  9.7280748e-001
  9.7963931e-001
  9.6839832e-001
  9.4075777e-001
  8.9935149e-001
  8.4719805e-001
  7.8714500e-001
  7.2141930e-001
  6.5134660e-001
  5.7726955e-001
  4.9865963e-001
  4.1438472e-001
  3.2307087e-001
  2.2348640e-001
  1.1487923e-001
 -2.7858287e-003
 -1.2871837e-001
 -2.6132287e-001
 -3.9832259e-001
 -5.3694271e-001
 -6.7410032e-001
 -8.0655354e-001
 -9.3097717e-001
 -1.0439552e+000
 -1.1419057e+000
 -1.2209771e+000
 -1.2769665e+000
 -1.3053178e+000
 -1.3012424e+000
 -1.2599891e+000
 -1.1772565e+000
 -1.0497133e+000
 -8.7556194e-001
 -6.5506513e-001
 -3.9094799e-001
 -8.8600373e-002
  2.4397247e-001
  5.9646766e-001
  9.5684846e-001
  1.3120942e+000
  1.6490477e+000
  1.9552570e+000
  2.2197091e+000
  2.4333721e+000
  2.5894944e+000
  2.6836479e+000
  2.7135462e+000
  2.6787009e+000
  2.5800046e+000
  2.4193369e+000
  2.1992755e+000
  1.9229740e+000
  1.5942257e+000
  1.2176960e+000
  7.9926423e-001
  3.4638995e-001
 -1.3159508e-001
 -6.2336274e-001
 -1.1157034e+000
 -1.5939147e+000
 -2.0424558e+000
 -2.4458135e+000
 -2.7894910e+000
 -3.0610049e+000
 -3.2507715e+000
 -3.3527743e+000
 -3.3649351e+000
 -3.2891493e+000
 -3.1309952e+000
 -2.8991645e+000
 -2.6047014e+000
 -2.2601510e+000
 -1.8787237e+000
 -1.4735671e+000
 -1.0572072e+000
 -6.4118891e-001
 -2.3590387e-001
  1.4943319e-001
  5.0672380e-001
  8.2890954e-001
  1.1099428e+000
  1.3448460e+000
  1.5298735e+000
  1.6627569e+000
  1.7429892e+000
  1.7720816e+000
  1.7537233e+000
  1.6937796e+000
  1.6000851e+000
  1.4820210e+000
  1.3498955e+000
  1.2141828e+000
  1.0846997e+000
  9.6981285e-001
  8.7576884e-001
  8.0622690e-001
  7.6204536e-001
  7.4134201e-001
  7.3981184e-001
  7.5125422e-001
  7.6823775e-001
  7.8281915e-001
  7.8723300e-001
  7.7448175e-001
  7.3877734e-001
  6.7581183e-001
  5.8286204e-001
  4.5875539e-001
  3.0373988e-001
  1.1930670e-001
 -9.1989205e-002
 -3.2667721e-001
 -5.8047056e-001
 -8.4831848e-001
 -1.1244280e+000
 -1.4022835e+000
 -1.6746966e+000
 -1.9339159e+000
 -2.1718159e+000
 -2.3801721e+000
 -2.5510129e+000
 -2.6770240e+000
 -2.7519718e+000
 -2.7711053e+000
 -2.7314969e+000
 -2.6322883e+000
 -2.4748164e+000
 -2.2626083e+000
 -2.0012436e+000
 -1.6980968e+000
 -1.3619772e+000
 -1.0026926e+000
 -6.3056244e-001
 -2.5590808e-001
  1.1145316e-001
  4.6268482e-001
  7.9035446e-001
  1.0887788e+000
  1.3542672e+000
  1.5852420e+000
  1.7822177e+000
  1.9476273e+000
  2.0854982e+000
  2.2009872e+000
  2.2998073e+000
  2.3875879e+000
  2.4692279e+000
  2.5483047e+000
  2.6266077e+000
  2.7038522e+000
  2.7776184e+000
  2.8435309e+000
  2.8956738e+000
  2.9271988e+000
  2.9310660e+000
  2.9008325e+000
  2.8313971e+000
  2.7196133e+000
  2.5646964e+000
  2.3683756e+000
  2.1347751e+000
  1.8700421e+000
  1.5817706e+000
  1.2782984e+000
  9.6796535e-001
  6.5842558e-001
  3.5609600e-001
  6.5800059e-002
 -2.0936150e-001
 -4.6791423e-001
 -7.0971976e-001
 -9.3554804e-001
 -1.1465835e+000
 -1.3439402e+000
 -1.5282545e+000
 -1.6994057e+000
 -1.8563920e+000
 -1.9973650e+000
 -2.1197988e+000
 -2.2207539e+000
 -2.2971826e+000
 -2.3462241e+000
 -2.3654417e+000
 -2.3529706e+000
 -2.3075632e+000
 -2.2285397e+000
 -2.1156649e+000
 -1.9689910e+000
 -1.7887045e+000
 -1.5750197e+000
 -1.3281457e+000
 -1.0483464e+000
 -7.3609184e-001
 -3.9228499e-001
 -1.8534321e-002
  3.8256647e-001
  8.0719303e-001
  1.2501176e+000
  1.7046390e+000
  2.1626337e+000
  2.6147312e+000
  3.0506055e+000
  3.4593608e+000
  3.8299813e+000
  4.1518124e+000
  4.4150383e+000
  4.6111252e+000
  4.7332038e+000
  4.7763744e+000
  4.7379219e+000
  4.6174375e+000
  4.4168491e+000
  4.1403635e+000
  3.7943315e+000
  3.3870429e+000
  2.9284618e+000
  2.4299142e+000
  1.9037353e+000
  1.3628902e+000
  8.2057744e-001
  2.8982678e-001
 -2.1689534e-001
 -6.8806226e-001
 -1.1134330e+000
 -1.4843570e+000
 -1.7940289e+000
 -2.0376835e+000
 -2.2127265e+000
 -2.3187950e+000
 -2.3577444e+000
 -2.3335605e+000
 -2.2521971e+000
 -2.1213397e+000
 -1.9501021e+000
 -1.7486612e+000
 -1.5278417e+000
 -1.2986655e+000
 -1.0718827e+000
 -8.5750599e-001
 -6.6437045e-001
 -4.9974279e-001
 -3.6900193e-001
 -2.7540997e-001
 -2.1998822e-001
 -2.0150639e-001
 -2.1658667e-001
 -2.5991682e-001
 -3.2456007e-001
 -4.0234377e-001
 -4.8430431e-001
 -5.6116352e-001
 -6.2381032e-001
 -6.6376227e-001
 -6.7358369e-001
 -6.4723988e-001
 -5.8037124e-001
 -4.7047572e-001
 -3.1699332e-001
 -1.2129208e-001
  1.1343921e-001
  3.8238041e-001
  6.7933506e-001
  9.9703012e-001
  1.3274367e+000
  1.6620868e+000
  1.9923641e+000
  2.3097479e+000
  2.6060017e+000
  2.8732997e+000
  3.1042998e+000
  3.2921779e+000
  3.4306451e+000
  3.5139748e+000
  3.5370664e+000
  3.4955639e+000
  3.3860444e+000
  3.2062708e+000
  2.9554969e+000
  2.6347912e+000
  2.2473407e+000
  1.7986869e+000
  1.2968473e+000
  7.5228272e-001
  1.7768694e-001
 -4.1240816e-001
 -1.0021954e+000
 -1.5752853e+000
 -2.1154748e+000
 -2.6075244e+000
 -3.0378754e+000
 -3.3952440e+000
 -3.6710435e+000
 -3.8596080e+000
 -3.9582146e+000
 -3.9669241e+000
 -3.8882835e+000
 -3.7269431e+000
 -3.4892485e+000
 -3.1828613e+000
 -2.8164496e+000
 -2.3994685e+000
 -1.9420326e+000
 -1.4548566e+000
 -9.4922821e-001
 -4.3696777e-001
  6.9671340e-002
  5.5819628e-001
  1.0161811e+000
  1.4316833e+000
  1.7937446e+000
  2.0929339e+000
  2.3218733e+000
  2.4756883e+000
  2.5523261e+000
  2.5527016e+000
  2.4806491e+000
  2.3426843e+000
  2.1476010e+000
  1.9059465e+000
  1.6294328e+000
  1.3303385e+000
  1.0209560e+000
  7.1312061e-001
  4.1784259e-001
  1.4504334e-001
 -9.6619472e-002
 -2.9986461e-001
 -4.5886880e-001
 -5.6934484e-001
 -6.2863407e-001
 -6.3581699e-001
 -5.9182999e-001
 -4.9956310e-001
 -3.6390483e-001
 -1.9169880e-001
  8.4172400e-003
  2.2630655e-001
  4.5076166e-001
  6.7004536e-001
  8.7250639e-001
  1.0472186e+000
  1.1845870e+000
  1.2768650e+000
  1.3185397e+000
  1.3065553e+000
  1.2403670e+000
  1.1218361e+000
  9.5499380e-001
  7.4571387e-001
  5.0133612e-001
  2.3028134e-001
 -5.8311809e-002
 -3.5491015e-001
 -6.4986592e-001
 -9.3366117e-001
 -1.1971324e+000
 -1.4316923e+000
 -1.6295619e+000
 -1.7840162e+000
 -1.8896355e+000
 -1.9425423e+000
 -1.9405956e+000
 -1.8835107e+000
 -1.7728769e+000
 -1.6120541e+000
 -1.4059472e+000
 -1.1606726e+000
 -8.8315109e-001
 -5.8067317e-001
 -2.6049137e-001
  7.0509017e-002
  4.0601893e-001
  7.4037121e-001
  1.0684625e+000
  1.3855555e+000
  1.6870070e+000
  1.9679811e+000
  2.2232141e+000
  2.4468902e+000
  2.6326730e+000
  2.7739148e+000
  2.8640364e+000
  2.8970445e+000
  2.8681281e+000
  2.7742620e+000
  2.6147383e+000
  2.3915556e+000
  2.1096086e+000
  1.7766491e+000
  1.4030133e+000
  1.0011418e+000
  5.8493812e-001
  1.6903089e-001
 -2.3199028e-001
 -6.0429874e-001
 -9.3545866e-001
 -1.2149189e+000
 -1.4343550e+000
 -1.5878603e+000
 -1.6720043e+000
 -1.6857840e+000
 -1.6304992e+000
 -1.5095806e+000
 -1.3283892e+000
 -1.0940000e+000
 -8.1497106e-001
 -5.0109174e-001
 -1.6310290e-001
  1.8761963e-001
  5.3942031e-001
  8.8075267e-001
  1.2005878e+000
  1.4888217e+000
  1.7366547e+000
  1.9369182e+000
  2.0843240e+000
  2.1756222e+000
  2.2096589e+000
  2.1873392e+000
  2.1115051e+000
  1.9867467e+000
  1.8191661e+000
  1.6161110e+000
  1.3858938e+000
  1.1375020e+000
  8.8030602e-001
  6.2375994e-001
  3.7709668e-001
  1.4901623e-001
 -5.2626654e-002
 -2.2112315e-001
 -3.5118080e-001
 -4.3914059e-001
 -4.8311665e-001
 -4.8303841e-001
 -4.4058329e-001
 -3.5899992e-001
 -2.4283585e-001
 -9.7596701e-002
  7.0625845e-002
  2.5551515e-001
  4.5083907e-001
  6.5067557e-001
  8.4953612e-001
  1.0423860e+000
  1.2245790e+000
  1.3917385e+000
  1.5396283e+000
  1.6640568e+000
  1.7608538e+000
  1.8259457e+000
  1.8555345e+000
  1.8463682e+000
  1.7960671e+000
  1.7034611e+000
  1.5688837e+000
  1.3943721e+000
  1.1837363e+000
  9.4247769e-001
  6.7756142e-001
  3.9706716e-001
  1.0976402e-001
 -1.7533721e-001
 -4.4939914e-001
 -7.0409460e-001
 -9.3183734e-001
 -1.1259011e+000
 -1.2804449e+000
 -1.3904832e+000
 -1.4518481e+000
 -1.4611982e+000
 -1.4161115e+000
 -1.3152862e+000
 -1.1588451e+000
 -9.4870787e-001
 -6.8897627e-001
 -3.8625466e-001
 -4.9827363e-002
  3.0837880e-001
  6.7409555e-001
  1.0312937e+000
  1.3630212e+000
  1.6524370e+000
  1.8839492e+000
  2.0443423e+000
  2.1237761e+000
  2.1165470e+000
  2.0215299e+000
  1.8422564e+000
  1.5866254e+000
  1.2662882e+000
  8.9578353e-001
  4.9152131e-001
  7.0725421e-002
 -3.4956304e-001
 -7.5333888e-001
 -1.1262891e+000
 -1.4562328e+000
 -1.7333557e+000
 -1.9502790e+000
 -2.1020117e+000
 -2.1858445e+000
 -2.2012303e+000
 -2.1496816e+000
 -2.0346923e+000
 -1.8616720e+000
 -1.6378623e+000
 -1.3721983e+000
 -1.0750813e+000
 -7.5803720e-001
 -4.3326074e-001
 -1.1306086e-001
  1.9074924e-001
  4.6746130e-001
  7.0801570e-001
  9.0541882e-001
  1.0549874e+000
  1.1543961e+000
  1.2035314e+000
  1.2041827e+000
  1.1596238e+000
  1.0741512e+000
  9.5264825e-001
  8.0023493e-001
  6.2204282e-001
  4.2313054e-001
  2.0852572e-001
 -1.6644237e-002
 -2.4698737e-001
 -4.7670955e-001
 -6.9955986e-001
 -9.0889862e-001
 -1.0979038e+000
 -1.2599041e+000
 -1.3888019e+000
 -1.4795290e+000
 -1.5284688e+000
 -1.5337814e+000
 -1.4955808e+000
 -1.4159357e+000
 -1.2986937e+000
 -1.1491549e+000
 -9.7364540e-001
 -7.7905295e-001
 -5.7239079e-001
 -3.6044684e-001
 -1.4955543e-001
  5.4495583e-002
  2.4643737e-001
  4.2141042e-001
  5.7482714e-001
  7.0226646e-001
  7.9945343e-001
  8.6235984e-001
  8.8743659e-001
  8.7196055e-001
  8.1445208e-001
  7.1509962e-001
  5.7611867e-001
  4.0197498e-001
  1.9941712e-001
 -2.2711831e-002
 -2.5388293e-001
 -4.8247881e-001
 -6.9652090e-001
 -8.8444951e-001
 -1.0358729e+000
 -1.1422076e+000
 -1.1971487e+000
 -1.1969357e+000
 -1.1404071e+000
 -1.0288661e+000
 -8.6580323e-001
 -6.5653287e-001
 -4.0780598e-001
 -1.2745115e-001
  1.7591985e-001
  4.9312813e-001
  8.1457436e-001
  1.1303444e+000
  1.4303144e+000
  1.7042980e+000
  1.9422719e+000
  2.1347000e+000
  2.2729535e+000
  2.3498037e+000
  2.3599410e+000
  2.3004618e+000
  2.1712581e+000
  1.9752506e+000
  1.7184219e+000
  1.4096275e+000
  1.0601887e+000
  6.8330016e-001
  2.9330293e-001
 -9.5107944e-002
 -4.6766915e-001
 -8.1126009e-001
 -1.1144849e+000
 -1.3680908e+000
 -1.5652109e+000
 -1.7014418e+000
 -1.7747820e+000
 -1.7854715e+000
 -1.7357727e+000
 -1.6297301e+000
 -1.4729369e+000
 -1.2723194e+000
 -1.0359409e+000
 -7.7280896e-001
 -4.9266783e-001
 -2.0575276e-001
  7.7509643e-002
  3.4686226e-001
  5.9263256e-001
  8.0618126e-001
  9.8035147e-001
  1.1098776e+000
  1.1917112e+000
  1.2252243e+000
  1.2122626e+000
  1.1570341e+000
  1.0658354e+000
  9.4663608e-001
  8.0855508e-001
  6.6127260e-001
  5.1442646e-001
  3.7704048e-001
  2.5702595e-001
  1.6078722e-001
  9.2950435e-002
  5.6221134e-002
  5.1365904e-002
  7.7303903e-002
  1.3128890e-001
  2.0916013e-001
  3.0564064e-001
  4.1466450e-001
  5.2971693e-001
  6.4417503e-001
  7.5163835e-001
  8.4623994e-001
  9.2292762e-001
  9.7770479e-001
  1.0078184e+000
  1.0118815e+000
  9.8991901e-001
  9.4332812e-001
  8.7474943e-001
  7.8785234e-001
  6.8704516e-001
  5.7712903e-001
  4.6292111e-001
  3.4887822e-001
  2.3875384e-001
  1.3532055e-001
  4.0185620e-002
 -4.6280658e-002
 -1.2489401e-001
 -1.9748470e-001
 -2.6661951e-001
 -3.3524181e-001
 -4.0626371e-001
 -4.8214924e-001
 -5.6452993e-001
 -6.5389155e-001
 -7.4936507e-001
 -8.4864490e-001
 -9.4804629e-001
 -1.0426998e+000
 -1.1268684e+000
 -1.1943600e+000
 -1.2389998e+000
 -1.2551213e+000
 -1.2380320e+000
 -1.1844137e+000
 -1.0926239e+000
 -9.6287409e-001
 -7.9727346e-001
 -5.9973887e-001
 -3.7578387e-001
 -1.3221010e-001
  1.2326920e-001
  3.8244038e-001
  6.3700266e-001
  8.7895503e-001
  1.1009348e+000
  1.2964938e+000
  1.4603068e+000
  1.5883124e+000
  1.6777945e+000
  1.7274103e+000
  1.7371767e+000
  1.7084184e+000
  1.6436835e+000
  1.5466254e+000
  1.4218481e+000
  1.2747140e+000
  1.1111113e+000
  9.3718660e-001
  7.5905077e-001
  5.8247544e-001
  4.1260078e-001
  2.5368064e-001
  1.0889047e-001
 -1.9780312e-002
 -1.3153688e-001
 -2.2668493e-001
 -3.0644277e-001
 -3.7268033e-001
 -4.2761626e-001
 -4.7351035e-001
 -5.1238943e-001
 -5.4584057e-001
 -5.7489517e-001
 -6.0001442e-001
 -6.2117051e-001
 -6.3800378e-001
 -6.5002379e-001
 -6.5681612e-001
 -6.5821605e-001
 -6.5441697e-001
 -6.4599319e-001
 -6.3383234e-001
 -6.1898990e-001
 -6.0249285e-001
 -5.8513094e-001
 -5.6727740e-001
 -5.4877865e-001
 -5.2894150e-001
 -5.0663071e-001
 -4.8047055e-001
 -4.4912468e-001
 -4.1161292e-001
 -3.6761355e-001
 -3.1769798e-001
 -2.6345142e-001
 -2.0744813e-001
 -1.5307014e-001
 -1.0418206e-001
 -6.4697046e-002
 -3.8087327e-002
 -2.6903499e-002
 -3.2368848e-002
 -5.4106924e-002
 -9.0044376e-002
 -1.3650840e-001
 -1.8851268e-001
 -2.4020099e-001
 -2.8539739e-001
 -3.1819867e-001
 -3.3354095e-001
 -3.2767727e-001
 -2.9851663e-001
 -2.4579432e-001
 -1.7106574e-001
 -7.7537937e-002
  3.0228866e-002
  1.4670499e-001
  2.6581059e-001
  3.8132342e-001
  4.8723693e-001
  5.7804380e-001
  6.4893540e-001
  6.9592203e-001
  7.1589009e-001
  7.0661888e-001
  6.6678106e-001
  5.9594648e-001
  4.9460143e-001
  3.6418528e-001
  2.0713601e-001
  2.6928399e-002
 -1.7191653e-001
 -3.8387246e-001
 -6.0251680e-001
 -8.2071772e-001
 -1.0308992e+000
 -1.2253731e+000
 -1.3967167e+000
 -1.5381682e+000
 -1.6440070e+000
 -1.7098865e+000
 -1.7330907e+000
 -1.7126933e+000
 -1.6496065e+000
 -1.5465172e+000
 -1.4077185e+000
 -1.2388502e+000
 -1.0465723e+000
 -8.3819503e-001
 -6.2129322e-001
 -4.0332975e-001
 -1.9131186e-001
  8.5013377e-003
  1.9082579e-001
  3.5150513e-001
  4.8758546e-001
  5.9731427e-001
  6.8007003e-001
  7.3623396e-001
  7.6701860e-001
  7.7427074e-001
  7.6026716e-001
  7.2752129e-001
  6.7861648e-001
  6.1607772e-001
  5.4228860e-001
  4.5945392e-001
  3.6960308e-001
  2.7462379e-001
  1.7631274e-001
  7.6428405e-002
 -2.3267285e-002
 -1.2098843e-001
 -2.1493043e-001
 -3.0329986e-001
 -3.8436232e-001
 -4.5649738e-001
 -5.1824828e-001
 -5.6835459e-001
 -6.0576031e-001
 -6.2959522e-001
 -6.3913447e-001
 -6.3374773e-001
 -6.1285422e-001
 -5.7590166e-001
 -5.2238560e-001
 -4.5192020e-001
 -3.6436276e-001
 -2.5998406e-001
 -1.3966596e-001
 -5.0987051e-003
  1.4105498e-001
  2.9506258e-001
  4.5212032e-001
  6.0646694e-001
  7.5161864e-001
  8.8071542e-001
  9.8695400e-001
  1.0640693e+000
  1.1068180e+000
  1.1114166e+000
  1.0758867e+000
  1.0002750e+000
  8.8672445e-001
  7.3939236e-001
  5.6422723e-001
  3.6862870e-001
  1.6102654e-001
 -4.9582052e-002
 -2.5409795e-001
 -4.4375555e-001
 -6.1050439e-001
 -7.4732387e-001
 -8.4846793e-001
 -9.0964438e-001
 -9.2813806e-001
 -9.0288725e-001
 -8.3452000e-001
 -7.2535220e-001
 -5.7934291e-001
 -4.0199847e-001
 -2.0021446e-001
  1.7953766e-002
  2.4359585e-001
  4.6732231e-001
  6.7969696e-001
  8.7170115e-001
  1.0351974e+000
  1.1633550e+000
  1.2510009e+000
  1.2948658e+000
  1.2937022e+000
  1.2482703e+000
  1.1611958e+000
  1.0367225e+000
  8.8038957e-001
  6.9867127e-001
  4.9861509e-001
  2.8751107e-001
  7.2613804e-002
 -1.3907238e-001
 -3.4094720e-001
 -5.2691975e-001
 -6.9148460e-001
 -8.2978967e-001
 -9.3771401e-001
 -1.0119660e+000
 -1.0502030e+000
 -1.0511618e+000
 -1.0147820e+000
 -9.4229741e-001
 -8.3626997e-001
 -7.0054638e-001
 -5.4012456e-001
 -3.6093052e-001
 -1.6951859e-001
  2.7280176e-002
  2.2272800e-001
  4.1053160e-001
  5.8513964e-001
  7.4195817e-001
  8.7746772e-001
  9.8923868e-001
  1.0758559e+000
  1.1367746e+000
  1.1721372e+000
  1.1825840e+000
  1.1690854e+000
  1.1328207e+000
  1.0751114e+000
  9.9741330e-001
  9.0135230e-001
  7.8878928e-001
  6.6188859e-001
  5.2316917e-001
  3.7552010e-001
  2.2217019e-001
  6.6610399e-002
 -8.7523808e-002
 -2.3659585e-001
 -3.7711943e-001
 -5.0589977e-001
 -6.2014959e-001
 -7.1757057e-001
 -7.9639748e-001
 -8.5540921e-001
 -8.9391540e-001
 -9.1173034e-001
 -9.0914492e-001
 -8.8690463e-001
 -8.4619658e-001
 -7.8864311e-001
 -7.1629448e-001
 -6.3161069e-001
 -5.3742170e-001
 -4.3685811e-001
 -3.3324921e-001
 -2.2999156e-001
 -1.3039777e-001
 -3.7540187e-002
  4.5892966e-002
  1.1771198e-001
  1.7629708e-001
  2.2061971e-001
  2.5021443e-001
  2.6510992e-001
  2.6573400e-001
  2.5281141e-001
  2.2727289e-001
  1.9019100e-001
  1.4275108e-001
  8.6257960e-002
  2.2170029e-002
 -4.7854325e-002
 -1.2191698e-001
 -1.9786615e-001
 -2.7332339e-001
 -3.4575902e-001
 -4.1261412e-001
 -4.7145705e-001
 -5.2015442e-001
 -5.5703141e-001
 -5.8099577e-001
 -5.9160427e-001
 -5.8905890e-001
 -5.7413132e-001
 -5.4802665e-001
 -5.1220811e-001
 -4.6821190e-001
 -4.1748379e-001
 -3.6126627e-001
 -3.0055627e-001
 -2.3614168e-001
 -1.6871015e-001
 -9.9010442e-002
 -2.8035486e-002
  4.2809156e-002
  1.1158762e-001
  1.7579638e-001
  2.3242493e-001
  2.7811704e-001
  3.0941898e-001
  3.2308664e-001
  3.1641346e-001
  2.8753647e-001
  2.3567989e-001
  1.6130427e-001
  6.6141949e-002
 -4.6884562e-002
 -1.7384909e-001
 -3.1008781e-001
 -4.5051076e-001
 -5.8992168e-001
 -7.2331199e-001
 -8.4610244e-001
 -9.5431716e-001
 -1.0446870e+000
 -1.1146901e+000
 -1.1625467e+000
 -1.1871873e+000
 -1.1882139e+000
 -1.1658689e+000
 -1.1210179e+000
 -1.0551436e+000
 -9.7034191e-001
 -8.6930429e-001
 -7.5527086e-001
 -6.3194101e-001
 -5.0333572e-001
 -3.7361450e-001
 -2.4686004e-001
 -1.2685169e-001
 -1.6854321e-002
  8.0550383e-002
  1.6356694e-001
  2.3120867e-001
  2.8323632e-001
  3.2002168e-001
  3.4235673e-001
  3.5123690e-001
  3.4765162e-001
  3.3241359e-001
  3.0605245e-001
  2.6878807e-001
  2.2058634e-001
  1.6128773e-001
  9.0787923e-002
  9.2423322e-003
 -8.2736370e-002
 -1.8391686e-001
 -2.9234705e-001
 -4.0532524e-001
 -5.1944871e-001
 -6.3073356e-001
 -7.3479252e-001
 -8.2705215e-001
 -9.0298977e-001
 -9.5837183e-001
 -9.8947956e-001
 -9.9331196e-001
 -9.6776104e-001
 -9.1175684e-001
 -8.2538099e-001
 -7.0994624e-001
 -5.6803749e-001
 -4.0350641e-001
 -2.2141007e-001
 -2.7883755e-002
  1.7005938e-001
  3.6480335e-001
  5.4847300e-001
  7.1333043e-001
  8.5219929e-001
  9.5888449e-001
  1.0285510e+000
  1.0580259e+000
  1.0459930e+000
  9.9306094e-001
  9.0169559e-001
  7.7602688e-001
  6.2154994e-001
  4.4475399e-001
  2.5271794e-001
  5.2712538e-002
 -1.4815556e-001
 -3.4323207e-001
 -5.2652240e-001
 -6.9281802e-001
 -8.3775377e-001
 -9.5781654e-001
 -1.0503292e+000
 -1.1134330e+000
 -1.1460839e+000
 -1.1480711e+000
 -1.1200538e+000
 -1.0636021e+000
 -9.8122355e-001
 -8.7635138e-001
 -7.5327538e-001
 -6.1700291e-001
 -4.7304819e-001
 -3.2716024e-001
 -1.8501147e-001
 -5.1876914e-002
  6.7661724e-002
  1.6995495e-001
  2.5244193e-001
  3.1371034e-001
  3.5345870e-001
  3.7237409e-001
  3.7194878e-001
  3.5426648e-001
  3.2179038e-001
  2.7718067e-001
  2.2316116e-001
  1.6244213e-001
  9.7694644e-002
  3.1560320e-002
 -3.3326409e-002
 -9.4328781e-002
 -1.4883276e-001
 -1.9432036e-001
 -2.2849352e-001
 -2.4943813e-001
 -2.5580676e-001
 -2.4699079e-001
 -2.2325019e-001
 -1.8577251e-001
 -1.3664133e-001
 -7.8707569e-002
 -1.5371486e-002
  4.9702042e-002
  1.1290145e-001
  1.7097975e-001
  2.2131910e-001
  2.6211510e-001
  2.9245823e-001
  3.1230528e-001
  3.2234897e-001
  3.2380869e-001
  3.1817547e-001
  3.0694959e-001
  2.9140794e-001
  2.7243197e-001
  2.5041550e-001
  2.2525871e-001
  1.9644078e-001
  1.6315258e-001
  1.2446325e-001
  7.9491982e-002
  2.7558797e-002
 -3.1705313e-002
 -9.8299229e-002
 -1.7184368e-001
 -2.5161548e-001
 -3.3660864e-001
 -4.2560428e-001
 -5.1723236e-001
 -6.1001257e-001
 -7.0236887e-001
 -7.9261941e-001
 -8.7895060e-001
 -9.5938858e-001
 -1.0317834e+000
 -1.0938190e+000
 -1.1430593e+000
 -1.1770323e+000
 -1.1933494e+000
 -1.1898502e+000
 -1.1647584e+000
 -1.1168332e+000
 -1.0455014e+000
 -9.5095834e-001
 -8.3423067e-001
 -6.9719778e-001
 -5.4257494e-001
 -3.7386198e-001
 -1.9526317e-001
 -1.1582811e-002
  1.7190157e-001
  3.4958862e-001
  5.1572760e-001
  6.6462046e-001
  7.9085202e-001
  8.8954467e-001
  9.5662784e-001
  9.8910595e-001
  9.8530228e-001
  9.4505236e-001
  8.6982009e-001
  7.6271292e-001
  6.2838070e-001
  4.7279352e-001
  3.0290792e-001
  1.2624372e-001
 -4.9593476e-002
 -2.1740186e-001
 -3.7083900e-001
 -5.0480072e-001
 -6.1568869e-001
 -7.0154504e-001
 -7.6204788e-001
 -7.9837726e-001
 -8.1297525e-001
 -8.0923385e-001
 -7.9114912e-001
 -7.6297930e-001
 -7.2893890e-001
 -6.9295061e-001
 -6.5846583e-001
 -6.2835244e-001
 -6.0483986e-001
 -5.8950497e-001
 -5.8328187e-001
 -5.8648034e-001
 -5.9880471e-001
 -6.1937162e-001
 -6.4673312e-001
 -6.7891661e-001
 -7.1349521e-001
 -7.4770011e-001
 -7.7858081e-001
 -8.0321021e-001
 -8.1892178e-001
 -8.2355690e-001
 -8.1569382e-001
 -7.9482720e-001
 -7.6147010e-001
 -7.1715757e-001
 -6.6434255e-001
 -6.0618895e-001
 -5.4628053e-001
 -4.8827673e-001
 -4.3555427e-001
 -3.9087632e-001
 -3.5612806e-001
 -3.3214866e-001
 -3.1867750e-001
 -3.1441741e-001
 -3.1720324e-001
 -3.2425138e-001
 -3.3245770e-001
 -3.3870743e-001
 -3.4016275e-001
 -3.3449969e-001
 -3.2007598e-001
 -2.9602224e-001
 -2.6225966e-001
 -2.1945622e-001
 -1.6893857e-001
 -1.1257875e-001
 -5.2672785e-002
  8.1759410e-003
  6.7162171e-002
  1.2137242e-001
  1.6787125e-001
  2.0378741e-001
  2.2640694e-001
  2.3327841e-001
  2.2233099e-001
  1.9200116e-001
  1.4135898e-001
  7.0221744e-002
 -2.0758974e-002
 -1.3004955e-001
 -2.5523531e-001
 -3.9307489e-001
 -5.3960712e-001
 -6.9030369e-001
 -8.4025706e-001
 -9.8439004e-001
 -1.1176730e+000
 -1.2353361e+000
 -1.3330656e+000
 -1.4071774e+000
 -1.4547640e+000
 -1.4738119e+000
 -1.4632887e+000
 -1.4231992e+000
 -1.3546079e+000
 -1.2596246e+000
 -1.1413490e+000
 -1.0037701e+000
 -8.5161831e-001
 -6.9017155e-001
 -5.2502158e-001
 -3.6181118e-001
 -2.0595901e-001
 -6.2392079e-002
  6.4692564e-002
  1.7201660e-001
  2.5734328e-001
  3.1952456e-001
  3.5847104e-001
  3.7505151e-001
  3.7093689e-001
  3.4840870e-001
  3.1015480e-001
  2.5907441e-001
  1.9811020e-001
  1.3011908e-001
  5.7785397e-002
 -1.6427090e-002
 -9.0294271e-002
 -1.6183507e-001
 -2.2931286e-001
 -2.9124594e-001
 -3.4643325e-001
 -3.9399473e-001
 -4.3341982e-001
 -4.6461238e-001
 -4.8791781e-001
 -5.0411905e-001
 -5.1439168e-001
 -5.2021476e-001
 -5.2324175e-001
 -5.2514324e-001
 -5.2743970e-001
 -5.3134534e-001
 -5.3764447e-001
 -5.4661741e-001
 -5.5802670e-001
 -5.7116514e-001
 -5.8495804e-001
 -5.9810437e-001
 -6.0923539e-001
 -6.1706816e-001
 -6.2053280e-001
 -6.1885796e-001
 -6.1160701e-001
 -5.9866604e-001
 -5.8019333e-001
 -5.5654556e-001
 -5.2819941e-001
 -4.9568569e-001
 -4.5954914e-001
 -4.2034000e-001
 -3.7863527e-001
 -3.3508006e-001
 -2.9043394e-001
 -2.4560465e-001
 -2.0165344e-001
 -1.5976079e-001
 -1.2114962e-001
 -8.6971724e-002
 -5.8172043e-002
 -3.5351742e-002
 -1.8653968e-002
 -7.6949777e-003
 -1.5577390e-003
  1.1437250e-003
  2.1318826e-003
  3.2787053e-003
  6.3869267e-003
  1.2968114e-002
  2.4047457e-002
  4.0021784e-002
  6.0589731e-002
  8.4762465e-002
  1.1095170e-001
  1.3712086e-001
  1.6097702e-001
  1.8017673e-001
  1.9251924e-001
  1.9610490e-001
  1.8944436e-001
  1.7151404e-001
  1.4176268e-001
  1.0008192e-001
  4.6758369e-002
 -1.7574562e-002
 -9.1969958e-002
 -1.7517721e-001
 -2.6562786e-001
 -3.6140540e-001
 -4.6021381e-001
 -5.5936327e-001
 -6.5579156e-001
 -7.4613535e-001
 -8.2685851e-001
 -8.9443465e-001
 -9.4557141e-001
 -9.7745514e-001
 -9.8798932e-001
 -9.7599762e-001
 -9.4136582e-001
 -8.8510279e-001
 -8.0931052e-001
 -7.1706404e-001
 -6.1221276e-001
 -4.9912353e-001
 -3.8239147e-001
 -2.6654649e-001
 -1.5578158e-001
 -5.3724040e-002
  3.6736337e-002
  1.1355568e-001
  1.7558190e-001
  2.2254423e-001
  2.5499572e-001
  2.7421908e-001
  2.8210498e-001
  2.8100987e-001
  2.7359791e-001
  2.6267034e-001
  2.5098536e-001
  2.4107291e-001
  2.3505189e-001
  2.3446068e-001
  2.4011468e-001
  2.5200668e-001
  2.6926499e-001
  2.9018112e-001
  3.1231267e-001
  3.3265914e-001
  3.4789937e-001
  3.5467063e-001
  3.4986301e-001
  3.3089902e-001
  2.9596919e-001
  2.4419885e-001
  1.7572942e-001
  9.1708481e-002
 -5.8063663e-003
 -1.1401384e-001
 -2.2958232e-001
 -3.4888267e-001
 -4.6821360e-001
 -5.8399704e-001
 -6.9292848e-001
 -7.9207699e-001
 -8.7893845e-001
 -9.5145349e-001
 -1.0080059e+000
 -1.0474180e+000
 -1.0689569e+000
 -1.0723576e+000
 -1.0578640e+000
 -1.0262776e+000
 -9.7899963e-001
 -9.1804817e-001
 -8.4603255e-001
 -7.6607209e-001
 -6.8165397e-001
 -5.9643529e-001
 -5.1400400e-001
 -4.3762266e-001
 -3.6998347e-001
 -3.1300464e-001
 -2.6769405e-001
 -2.3409837e-001
 -2.1134488e-001
 -1.9777097e-001
 -1.9112504e-001
 -1.8881325e-001
 -1.8816191e-001
 -1.8666480e-001
 -1.8218894e-001
 -1.7312040e-001
 -1.5844159e-001
 -1.3774256e-001
 -1.1117730e-001
 -7.9383017e-002
 -4.3382179e-002
 -4.4861364e-003
  3.5786233e-002
  7.5768315e-002
  1.1368533e-001
  1.4768183e-001
  1.7584965e-001
  1.9626984e-001
  2.0707969e-001
  2.0657029e-001
  1.9331265e-001
  1.6630216e-001
  1.2510446e-001
  6.9981533e-002
  1.9759143e-003
 -7.7065745e-002
 -1.6454188e-001
 -2.5722090e-001
 -3.5143444e-001
 -4.4332204e-001
 -5.2910296e-001
 -6.0534677e-001
 -6.6921441e-001
 -7.1864536e-001
 -7.5247354e-001
 -7.7046396e-001
 -7.7327153e-001
 -7.6233231e-001
 -7.3970386e-001
 -7.0787494e-001
 -6.6956499e-001
 -6.2753168e-001
 -5.8439997e-001
 -5.4252105e-001
 -5.0386428e-001
 -4.6994121e-001
 -4.4175835e-001
 -4.1979517e-001
 -4.0400431e-001
 -3.9383320e-001
 -3.8826781e-001
 -3.8590027e-001
 -3.8502171e-001
 -3.8373966e-001
 -3.8011601e-001
 -3.7231749e-001
 -3.5876688e-001
 -3.3828046e-001
 -3.1017636e-001
 -2.7434051e-001
 -2.3124094e-001
 -1.8188739e-001
 -1.2774050e-001
 -7.0582033e-002
 -1.2362858e-002
  4.4951066e-002
  9.9514971e-002
  1.4970734e-001
  1.9418762e-001
  2.3190745e-001
  2.6208167e-001
  2.8413234e-001
  2.9762395e-001
  3.0220868e-001
  2.9759817e-001
  2.8357213e-001
  2.6002582e-001
  2.2704920e-001
  1.8502259e-001
  1.3470798e-001
  7.7313410e-002
  1.4510372e-002
 -5.1609105e-002
 -1.1863956e-001
 -1.8402596e-001
 -2.4526642e-001
 -3.0012764e-001
 -3.4684272e-001
 -3.8426192e-001
 -4.1193233e-001
 -4.3009263e-001
 -4.3958150e-001
 -4.4167154e-001
 -4.3785201e-001
 -4.2959208e-001
 -4.1811934e-001
 -4.0424612e-001
 -3.8826885e-001
 -3.6995426e-001
 -3.4861316e-001
 -3.2324864e-001
 -2.9275529e-001
 -2.5613811e-001
 -2.1271847e-001
 -1.6229722e-001
 -1.0525290e-001
 -4.2563989e-002
  2.4244164e-002
  9.3215456e-002
  1.6212173e-001
  2.2863876e-001
  2.9051411e-001
  3.4570564e-001
  3.9247679e-001
  4.2944370e-001
  4.5557864e-001
  4.7018139e-001
  4.7283476e-001
  4.6336153e-001
  4.4179711e-001
  4.0838678e-001
  3.6360925e-001
  3.0822066e-001
  2.4330731e-001
  1.7033148e-001
  9.1154656e-002
  8.0247874e-003
 -7.6480046e-002
 -1.5955237e-001
 -2.3829380e-001
 -3.0987850e-001
 -3.7172429e-001
 -4.2165327e-001
 -4.5802469e-001
 -4.7982743e-001
 -4.8672491e-001
 -4.7905149e-001
 -4.5776552e-001
 -4.2436793e-001
 -3.8079789e-001
 -3.2931658e-001
 -2.7238851e-001
 -2.1256653e-001
 -1.5238327e-001
 -9.4249399e-002
 -4.0357160e-002
  7.4115875e-003
  4.7572192e-002
  7.9115245e-002
  1.0156928e-001
  1.1503933e-001
  1.2021183e-001
  1.1831779e-001
  1.1105003e-001
  1.0043539e-001
  8.8669952e-002
  7.7931201e-002
  7.0186484e-002
  6.7019589e-002
  6.9496707e-002
  7.8089074e-002
  9.2662622e-002
  1.1253601e-001
  1.3659878e-001
  1.6347264e-001
  1.9169274e-001
  2.1988270e-001
  2.4689879e-001
  2.7192341e-001
  2.9449665e-001
  3.1448452e-001
  3.3199258e-001
  3.4724257e-001
  3.6043489e-001
  3.7162174e-001
  3.8061320e-001
  3.8693250e-001
  3.8982812e-001
  3.8834041e-001
  3.8141167e-001
  3.6802146e-001
  3.4732505e-001
  3.1877346e-001
  2.8219684e-001
  2.3783993e-001
  1.8634641e-001
  1.2869762e-001
  6.6117918e-002
 -3.6162111e-005
 -6.8384522e-002
 -1.3761328e-001
 -2.0653378e-001
 -2.7410521e-001
 -3.3942238e-001
 -4.0167618e-001
 -4.6009888e-001
 -5.1390804e-001
 -5.6226233e-001
 -6.0423890e-001
 -6.3883776e-001
 -6.6501271e-001
 -6.8172393e-001
 -6.8800366e-001
 -6.8302503e-001
 -6.6616451e-001
 -6.3705107e-001
 -5.9559825e-001
 -5.4201941e-001
 -4.7682919e-001
 -4.0083623e-001
 -3.1513217e-001
 -2.2108044e-001
 -1.2030580e-001
 -1.4682372e-002
  9.3684910e-002
  2.0249164e-001
  3.0928444e-001
  4.1153455e-001
  5.0673461e-001
  5.9251423e-001
  6.6676463e-001
  7.2775950e-001
  7.7425671e-001
  8.0556675e-001
  8.2157686e-001
  8.2272536e-001
  8.0992790e-001
  7.8446446e-001
  7.4784204e-001
  7.0165198e-001
  6.4744169e-001
  5.8661789e-001
  5.2039344e-001
  4.4978192e-001
  3.7563594e-001
  2.9871780e-001
  2.1978524e-001
  1.3967286e-001
  5.9351017e-002
 -2.0051473e-002
 -9.7267314e-002
 -1.7095136e-001
 -2.3977183e-001
 -3.0251572e-001
 -3.5818894e-001
 -4.0609207e-001
 -4.4585721e-001
 -4.7743809e-001
 -5.0105497e-001
 -5.1710413e-001
 -5.2604929e-001
 -5.2831590e-001
 -5.2420963e-001
 -5.1387599e-001
 -4.9731107e-001
 -4.7442316e-001
 -4.4513580e-001
 -4.0951360e-001
 -3.6788724e-001
 -3.2095242e-001
 -2.6982100e-001
 -2.1600974e-001
 -1.6136217e-001
 -1.0791055e-001
 -5.7695048e-002
 -1.2565248e-002
  2.6007553e-002
  5.7079679e-002
  8.0324343e-002
  9.6048394e-002
  1.0513543e-001
  1.0892550e-001
  1.0905098e-001
  1.0725415e-001
  1.0521341e-001
  1.0440153e-001
  1.0599276e-001
  1.1082525e-001
  1.1941527e-001
  1.3201045e-001
  1.4866288e-001
  1.6930077e-001
  1.9377941e-001
  2.2189821e-001
  2.5337902e-001
  2.8781069e-001
  3.2457336e-001
  3.6276184e-001
  4.0112966e-001
  4.3807316e-001
  4.7166885e-001
  4.9976804e-001
  5.2014277e-001
  5.3066725e-001
  5.2951190e-001
  5.1532391e-001
  4.8736893e-001
  4.4561439e-001
  3.9074318e-001
  3.2409727e-001
  2.4756128e-001
  1.6340438e-001
  7.4104536e-002
 -1.7820356e-002
 -1.0995275e-001
 -2.0007255e-001
 -2.8620540e-001
 -3.6662600e-001
 -4.3982850e-001
 -5.0448143e-001
 -5.5938602e-001
 -6.0345461e-001
 -6.3571972e-001
 -6.5537662e-001
 -6.6185326e-001
 -6.5489437e-001
 -6.3464149e-001
 -6.0168961e-001
 -5.5710404e-001
 -5.0238744e-001
 -4.3939538e-001
 -3.7020826e-001
 -2.9697584e-001
 -2.2175596e-001
 -1.4637118e-001
 -7.2304679e-002
 -6.5075819e-004
  6.7873618e-002
  1.3285992e-001
  1.9409490e-001
  2.5142364e-001
  3.0461293e-001
  3.5323892e-001
  3.9661836e-001
  4.3379532e-001
  4.6358592e-001
  4.8467393e-001
  4.9574237e-001
  4.9562084e-001
  4.8342708e-001
  4.5868330e-001
  4.2139324e-001
  3.7207318e-001
  3.1173793e-001
  2.4184962e-001
  1.6424169e-001
  8.1032047e-002
 -5.4618662e-003
 -9.2797651e-002
 -1.7846886e-001
 -2.5995480e-001
 -3.3476627e-001
 -4.0049647e-001
 -4.5488599e-001
 -4.9590733e-001
 -5.2186915e-001
 -5.3153393e-001
 -5.2423657e-001
 -4.9998744e-001
 -4.5954153e-001
 -4.0441761e-001
 -3.3685635e-001
 -2.5971411e-001
 -1.7629847e-001
 -9.0159883e-002
 -4.8611453e-003
  7.6250105e-002
  1.5024080e-001
  2.1474283e-001
  2.6804099e-001
  3.0909431e-001
  3.3749683e-001
  3.5339188e-001
  3.5735995e-001
  3.5030187e-001
  3.3333694e-001
  3.0772996e-001
  2.7485291e-001
  2.3617825e-001
  1.9329298e-001
  1.4791707e-001
  1.0190830e-001
  5.7237709e-002
  1.5925774e-002
 -2.0062237e-002
 -4.8953989e-002
 -6.9324645e-002
 -8.0246222e-002
 -8.1407579e-002
 -7.3183100e-002
 -5.6634449e-002
 -3.3439183e-002
 -5.7508876e-003
  2.3993965e-002
  5.3298935e-002
  7.9832136e-002
  1.0162403e-001
  1.1721445e-001
  1.2573294e-001
  1.2690675e-001
  1.2100196e-001
  1.0871248e-001
  9.1018633e-002
  6.9039609e-002
  4.3902378e-002
  1.6644648e-002
 -1.1838758e-002
 -4.0805604e-002
 -6.9639930e-002
 -9.7803718e-002
 -1.2478350e-001
 -1.5004803e-001
 -1.7302927e-001
 -1.9313207e-001
 -2.0977120e-001
 -2.2242683e-001
 -2.3070540e-001
 -2.3439051e-001
 -2.3347053e-001
 -2.2813358e-001
 -2.1872794e-001
 -2.0569269e-001
 -1.8947057e-001
 -1.7041918e-001
 -1.4873800e-001
 -1.2442685e-001
 -9.7285790e-002
 -6.6959077e-002
 -3.3017885e-002
  4.9313814e-003
  4.7131156e-002
  9.3569150e-002
  1.4390531e-001
  1.9744220e-001
  2.5314413e-001
  3.0970164e-001
  3.6562990e-001
  4.1938386e-001
  4.6947032e-001
  5.1453823e-001
  5.5343354e-001
  5.8521221e-001
  6.0911370e-001
  6.2450555e-001
  6.3081567e-001
  6.2747209e-001
  6.1386849e-001
  5.8936922e-001
  5.5335982e-001
  5.0533947e-001
  4.4504314e-001
  3.7257392e-001
  2.8852253e-001
  1.9405113e-001
  9.0923511e-002
 -1.8528801e-002
 -1.3150466e-001
 -2.4488599e-001
 -3.5542671e-001
 -4.5995408e-001
 -5.5555745e-001
 -6.3974211e-001
 -7.1053252e-001
 -7.6651820e-001
 -8.0684513e-001
 -8.3116416e-001
 -8.3955374e-001
 -8.3243672e-001
 -8.1050885e-001
 -7.7469158e-001
 -7.2611386e-001
 -6.6611919e-001
 -5.9628664e-001
 -5.1844985e-001
 -4.3469638e-001
 -3.4733313e-001
 -2.5880924e-001
 -1.7159721e-001
 -8.8041986e-002
 -1.0196149e-002
  6.0335131e-002
  1.2251464e-001
  1.7593749e-001
  2.2082509e-001
  2.5794498e-001
  2.8846429e-001
  3.1375556e-001
  3.3518166e-001
  3.5389045e-001
  3.7064872e-001
  3.8573897e-001
  3.9893280e-001
  4.0954247e-001
  4.1654044e-001
  4.1872593e-001
  4.1491152e-001
  4.0410078e-001
  3.8563076e-001
  3.5926098e-001
  3.2520022e-001
  2.8407357e-001
  2.3684207e-001
  1.8469419e-001
  1.2893124e-001
  7.0867479e-002
  1.1759994e-002
 -4.7224679e-002
 -1.0500933e-001
 -1.6058072e-001
 -2.1295620e-001
 -2.6116013e-001
 -3.0422572e-001
 -3.4123181e-001
 -3.7137554e-001
 -3.9407253e-001
 -4.0906794e-001
 -4.1653668e-001
 -4.1714982e-001
 -4.1208751e-001
 -4.0298675e-001
 -3.9182231e-001
 -3.8073104e-001
 -3.7179997e-001
 -3.6684621e-001
 -3.6721944e-001
 -3.7365571e-001
 -3.8620378e-001
 -4.0423474e-001
 -4.2653228e-001
 -4.5144883e-001
 -4.7710253e-001
 -5.0158419e-001
 -5.2314315e-001
 -5.4032550e-001
 -5.5204766e-001
 -5.5760043e-001
 -5.5659131e-001
 -5.4884386e-001
 -5.3428029e-001
 -5.1281570e-001
 -4.8428952e-001
 -4.4845157e-001
 -4.0500925e-001
 -3.5372971e-001
 -2.9457937e-001
 -2.2787489e-001
 -1.5441597e-001
 -7.5571979e-002
  6.6986419e-003
  8.9906865e-002
  1.7116704e-001
  2.4739173e-001
  3.1552254e-001
  3.7276623e-001
  4.1680451e-001
  4.4595038e-001
  4.5923280e-001
  4.5640286e-001
  4.3786708e-001
  4.0456437e-001
  3.5781074e-001
  2.9913901e-001
  2.3015926e-001
  1.5245940e-001
  6.7556485e-002
 -2.3101300e-002
 -1.1809188e-001
 -2.1595284e-001
 -3.1511238e-001
 -4.1383807e-001
 -5.1021962e-001
 -6.0219430e-001
 -6.8761489e-001
 -7.6435173e-001
 -8.3041333e-001
 -8.8406709e-001
 -9.2394145e-001
 -9.4909465e-001
 -9.5904185e-001
 -9.5374006e-001
 -9.3353794e-001
 -8.9910367e-001
 -8.5134702e-001
 -7.9135166e-001
 -7.2033004e-001
 -6.3960754e-001
 -5.5063482e-001
 -4.5502063e-001
 -3.5457184e-001
 -2.5132459e-001
 -1.4755129e-001
 -4.5731920e-002
  5.1515629e-002
  1.4154387e-001
  2.2181280e-001
  2.9004018e-001
  3.4434588e-001
  3.8337167e-001
  4.0636054e-001
  4.1318613e-001
  4.0433000e-001
  3.8081210e-001
  3.4408654e-001
  2.9591863e-001
  2.3826052e-001
  1.7314084e-001
  1.0257950e-001
  2.8532654e-002
 -4.7133291e-002
 -1.2264546e-001
 -1.9631621e-001
 -2.6653426e-001
 -3.3176510e-001
 -3.9056706e-001
 -4.4162470e-001
 -4.8379599e-001
 -5.1616610e-001
 -5.3809808e-001
 -5.4927106e-001
 -5.4969852e-001
 -5.3972354e-001
 -5.1999212e-001
 -4.9141049e-001
 -4.5509493e-001
 -4.1232396e-001
 -3.6450093e-001
 -3.1313185e-001
 -2.5981801e-001
 -2.0625791e-001
 -1.5424835e-001
 -1.0567262e-001
 -6.2463487e-002
 -2.6532733e-002
  3.3557727e-004
  1.6623018e-002
  2.1233131e-002
  1.3646798e-002
 -5.9465785e-003
 -3.6565483e-002
 -7.6419803e-002
 -1.2297341e-001
 -1.7308745e-001
 -2.2323474e-001
 -2.6976493e-001
 -3.0919220e-001
 -3.3847311e-001
 -3.5524277e-001
 -3.5798307e-001
 -3.4610583e-001
 -3.1994541e-001
 -2.8066774e-001
 -2.3011334e-001
 -1.7059956e-001
 -1.0471077e-001
 -3.5103728e-002
  3.5650294e-002
  1.0517344e-001
  1.7133650e-001
  2.3226803e-001
  2.8633163e-001
  3.3208942e-001
  3.6826993e-001
  3.9375488e-001
  4.0759248e-001
  4.0903720e-001
  3.9760796e-001
  3.7315130e-001
  3.3589312e-001
  2.8646411e-001
  2.2588798e-001
  1.5552930e-001
  7.7005540e-002
 -7.9242903e-003
 -9.7476468e-002
 -1.8994513e-001
 -2.8377254e-001
 -3.7757481e-001
 -4.7011903e-001
 -5.6025765e-001
 -6.4683452e-001
 -7.2858397e-001
 -8.0404672e-001
 -8.7152524e-001
 -9.2909471e-001
 -9.7467683e-001
 -1.0061724e+000
 -1.0216380e+000
 -1.0194824e+000
 -9.9865590e-001
 -9.5880197e-001
 -9.0034893e-001
 -8.2452612e-001
 -7.3330110e-001
 -6.2924663e-001
 -5.1535655e-001
 -3.9483688e-001
 -2.7090121e-001
 -1.4659701e-001
 -2.4682681e-002
  9.2434954e-002
  2.0270416e-001
  3.0438498e-001
  3.9597886e-001
  4.7615501e-001
  5.4369569e-001
  5.9747769e-001
  6.3649806e-001
  6.5994169e-001
  6.6727854e-001
  6.5837046e-001
  6.3356413e-001
  5.9374731e-001
  5.4035123e-001
  4.7529114e-001
  4.0084773e-001
  3.1950306e-001
  2.3375336e-001
  1.4592559e-001
  5.8025034e-002
 -2.8363844e-002
 -1.1210976e-001
 -1.9249790e-001
 -2.6913352e-001
 -3.4180550e-001
 -4.1033576e-001
 -4.7444284e-001
 -5.3364460e-001
 -5.8721809e-001
 -6.3422386e-001
 -6.7359096e-001
 -7.0424772e-001
 -7.2527617e-001
 -7.3606364e-001
 -7.3642640e-001
 -7.2668523e-001
 -7.0768148e-001
 -6.8073210e-001
 -6.4753228e-001
 -6.1002196e-001
 -5.7023696e-001
 -5.3016596e-001
 -4.9163100e-001
 -4.5620276e-001
 -4.2515386e-001
 -3.9944565e-001
 -3.7973764e-001
 -3.6640600e-001
 -3.5955776e-001
 -3.5903115e-001
 -3.6437904e-001
 -3.7483940e-001
 -3.8930378e-001
 -4.0629873e-001
 -4.2399692e-001
 -4.4027104e-001
 -4.5279834e-001
 -4.5921401e-001
 -4.5730250e-001
 -4.4520711e-001
 -4.2163197e-001
 -3.8600891e-001
 -3.3860406e-001
 -2.8054658e-001
 -2.1377166e-001
 -1.4088278e-001
 -6.4949128e-002
  1.0736081e-002
  8.2905834e-002
  1.4854706e-001
  2.0507962e-001
  2.5046912e-001
  2.8326743e-001
  3.0258691e-001
  3.0802421e-001
  2.9955698e-001
  2.7743859e-001
  2.4211385e-001
  1.9417177e-001
  1.3434159e-001
  6.3527965e-002
 -1.7128626e-002
 -1.0618660e-001
 -2.0185574e-001
 -3.0198773e-001
 -4.0411826e-001
 -5.0556450e-001
 -6.0357092e-001
 -6.9548625e-001
 -7.7894744e-001
 -8.5204340e-001
 -9.1343336e-001
 -9.6240133e-001
 -9.9883806e-001
 -1.0231539e+000
 -1.0361368e+000
 -1.0387795e+000
 -1.0321035e+000
 -1.0170079e+000
 -9.9416711e-001
 -9.6399047e-001
 -9.2664746e-001
 -8.8214986e-001
 -8.3047247e-001
 -7.7168819e-001
 -7.0609150e-001
 -6.3428743e-001
 -5.5723054e-001
 -4.7620796e-001
 -3.9277142e-001
 -3.0863199e-001
 -2.2553800e-001
 -1.4515830e-001
 -6.8991005e-002
  1.6884212e-003
  6.5834630e-002
  1.2259992e-001
  1.7127474e-001
  2.1121987e-001
  2.4181053e-001
  2.6241026e-001
  2.7238593e-001
  2.7116617e-001
  2.5833599e-001
  2.3375130e-001
  1.9765159e-001
  1.5074715e-001
  9.4260075e-002
  2.9905297e-002
 -4.0192204e-002
 -1.1363689e-001
 -1.8794150e-001
 -2.6072065e-001
 -3.2987122e-001
 -3.9371338e-001
 -4.5107231e-001
 -5.0129018e-001
 -5.4416990e-001
 -5.7986299e-001
 -6.0872320e-001
 -6.3115268e-001
 -6.4746759e-001
 -6.5780614e-001
 -6.6209337e-001
 -6.6006655e-001
 -6.5135393e-001
 -6.3558992e-001
 -6.1254392e-001
 -5.8223762e-001
 -5.4502863e-001
 -5.0164490e-001
 -4.5316349e-001
 -4.0093782e-001
 -3.4648628e-001
 -2.9136195e-001
 -2.3702538e-001
 -1.8474124e-001
 -1.3551382e-001
 -9.0068694e-002
 -4.8878441e-002
 -1.2222316e-002
  1.9736582e-002
  4.6875412e-002
  6.9054514e-002
  8.6091833e-002
  9.7774214e-002
  1.0390256e-001
  1.0436031e-001
  9.9189174e-002
  8.8654260e-002
  7.3282020e-002
  5.3859839e-002
  3.1393306e-002
  7.0255977e-003
 -1.8069018e-002
 -4.2800309e-002
 -6.6266640e-002
 -8.7831599e-002
 -1.0716055e-001
 -1.2421263e-001
 -1.3919217e-001
 -1.5247124e-001
 -1.6450031e-001
 -1.7572601e-001
 -1.8653277e-001
 -1.9721961e-001
 -2.0801568e-001
 -2.1912875e-001
 -2.3081332e-001
 -2.4343949e-001
 -2.5754210e-001
 -2.7383241e-001
 -2.9316097e-001
 -3.1642972e-001
 -3.4446195e-001
 -3.7784784e-001
 -4.1679043e-001
 -4.6097919e-001
 -5.0951599e-001
 -5.6091132e-001
 -6.1315812e-001
 -6.6387787e-001
 -7.1052189e-001
 -7.5060090e-001
 -7.8191083e-001
 -8.0272271e-001
 -8.1190986e-001
 -8.0899548e-001
 -7.9411663e-001
 -7.6791398e-001
 -7.3136874e-001
 -6.8561627e-001
 -6.3176915e-001
 -5.7077987e-001
 -5.0336590e-001
 -4.3000826e-001
 -3.5102170e-001
 -2.6668178e-001
 -1.7738425e-001
 -8.3806411e-002
  1.2959944e-002
  1.1132988e-001
  2.0921721e-001
  3.0410156e-001
  3.9316306e-001
  4.7346605e-001
  5.4216635e-001
  5.9671353e-001
  6.3502198e-001
  6.5559077e-001
  6.5756162e-001
  6.4071477e-001
  6.0541219e-001
  5.5250500e-001
  4.8322537e-001
  3.9908315e-001
  3.0178305e-001
  1.9317182e-001
  7.5216403e-002
 -4.9993019e-002
 -1.8022738e-001
 -3.1310508e-001
 -4.4609464e-001
 -5.7654404e-001
 -7.0174125e-001
 -8.1900363e-001
 -9.2578740e-001
 -1.0198036e+000
 -1.0991259e+000
 -1.1622746e+000
 -1.2082692e+000
 -1.2366412e+000
 -1.2474133e+000
 -1.2410479e+000
 -1.2183810e+000
 -1.1805510e+000
 -1.1289348e+000
 -1.0650997e+000
 -9.9077203e-001
 -9.0781961e-001
 -8.1823967e-001
 -7.2414194e-001
 -6.2771589e-001
 -5.3117506e-001
 -4.3667591e-001
 -3.4621577e-001
 -2.6152030e-001
 -1.8393604e-001
 -1.1434567e-001
 -5.3122295e-002
 -1.3453056e-004
  4.5193022e-002
  8.3768291e-002
  1.1668216e-001
  1.4504073e-001
  1.6980322e-001
  1.9164925e-001
  2.1089503e-001
  2.2747056e-001
  2.4095994e-001
  2.5069681e-001
  2.5589786e-001
  2.5581134e-001
  2.4985555e-001
  2.3772449e-001
  2.1944435e-001
  1.9537339e-001
  1.6614804e-001
  1.3258763e-001
  9.5576730e-002
  5.5947818e-002
  1.4385472e-002
 -2.8631421e-002
 -7.2841218e-002
 -1.1816598e-001
 -1.6464299e-001
 -2.1233832e-001
 -2.6126275e-001
 -3.1130923e-001
 -3.6222653e-001
 -4.1363538e-001
 -4.6508432e-001
 -5.1613310e-001
 -5.6644509e-001
 -6.1586649e-001
 -6.6447183e-001
 -7.1256046e-001
 -7.6059762e-001
 -8.0910443e-001
 -8.5851129e-001
 -9.0899768e-001
 -9.6034526e-001
 -1.0118314e+000
 -1.0621842e+000
 -1.1096128e+000
 -1.1519111e+000
 -1.1866272e+000
 -1.2112739e+000
 -1.2235544e+000
 -1.2215708e+000
 -1.2039898e+000
 -1.1701457e+000
 -1.1200699e+000
 -1.0544527e+000
 -9.7454705e-001
 -8.8203946e-001
 -7.7890986e-001
 -6.6730614e-001
 -5.4945082e-001
 -4.2758918e-001
 -3.0397797e-001
 -1.8090413e-001
 -6.0715742e-002
  5.4155502e-002
  1.6119968e-001
  2.5787527e-001
  3.4170164e-001
  4.1039136e-001
  4.6200669e-001
  4.9511741e-001
  5.0893405e-001
  5.0339256e-001
  4.7917277e-001
  4.3764325e-001
  3.8073677e-001
  3.1077240e-001
  2.3024899e-001
  1.4163973e-001
  4.7217310e-002
 -5.1066384e-002
 -1.5163144e-001
 -2.5324951e-001
 -3.5496167e-001
 -4.5595465e-001
 -5.5542236e-001
 -6.5244096e-001
 -7.4588258e-001
 -8.3438431e-001
 -9.1637869e-001
 -9.9017967e-001
 -1.0541080e+000
 -1.1066330e+000
 -1.1465046e+000
 -1.1728533e+000
 -1.1852414e+000
 -1.1836599e+000
 -1.1684759e+000
 -1.1403451e+000
 -1.1001117e+000
 -1.0487187e+000
 -9.8714939e-001
 -9.1641403e-001
 -8.3758439e-001
 -7.5186768e-001
 -6.6070130e-001
 -5.6584263e-001
 -4.6942653e-001
 -3.7396614e-001
 -2.8228187e-001
 -1.9735504e-001
 -1.2211728e-001
 -5.9199052e-002
 -1.0670743e-002
  2.2186057e-002
  3.9041234e-002
  4.0584874e-002
  2.8486912e-002
  5.2483324e-003
 -2.6039515e-002
 -6.1997341e-002
 -9.9283047e-002
 -1.3489772e-001
 -1.6643445e-001
 -1.9224148e-001
 -2.1148498e-001
 -2.2411217e-001
 -2.3073021e-001
 -2.3242754e-001
 -2.3057063e-001
 -2.2660969e-001
 -2.2192110e-001
 -2.1770520e-001
 -2.1494521e-001
 -2.1442122e-001
 -2.1676268e-001
 -2.2251657e-001
 -2.3220746e-001
 -2.4636901e-001
 -2.6553456e-001
 -2.9018461e-001
 -3.2065949e-001
 -3.5705427e-001
 -3.9911846e-001
 -4.4618324e-001
 -4.9713556e-001
 -5.5045022e-001
 -6.0428069e-001
 -6.5659910e-001
 -7.0536620e-001
 -7.4870681e-001
 -7.8506445e-001
 -8.1331243e-001
 -8.3280593e-001
 -8.4336954e-001
 -8.4522586e-001
 -8.3888015e-001
 -8.2498336e-001
 -8.0419824e-001
 -7.7709186e-001
 -7.4407218e-001
 -7.0537728e-001
 -6.6111656e-001
 -6.1135326e-001
 -5.5621087e-001
 -4.9598224e-001
 -4.3122060e-001
 -3.6279552e-001
 -2.9190395e-001
 -2.2003475e-001
 -1.4889305e-001
 -8.0297393e-002
 -1.6066120e-002
  4.2090354e-002
  9.2657429e-002
  1.3437577e-001
  1.6627008e-001
  1.8765108e-001
  1.9809919e-001
  1.9744063e-001
  1.8572610e-001
  1.6321897e-001
  1.3039543e-001
  8.7953387e-002
  3.6822755e-002
 -2.1833204e-002
 -8.6635514e-002
 -1.5603365e-001
 -2.2837859e-001
 -3.0202091e-001
 -3.7542357e-001
 -4.4727433e-001
 -5.1658007e-001
 -5.8272622e-001
 -6.4548847e-001
 -7.0499073e-001
 -7.6161151e-001
 -8.1584947e-001
 -8.6816555e-001
 -9.1882346e-001
 -9.6775124e-001
 -1.0144431e+000
 -1.0579155e+000
 -1.0967226e+000
 -1.1290282e+000
 -1.1527247e+000
 -1.1655813e+000
 -1.1654068e+000
 -1.1502084e+000
 -1.1183351e+000
 -1.0685989e+000
 -1.0003723e+000
 -9.1366505e-001
 -8.0918626e-001
 -6.8839435e-001
 -5.5353659e-001
 -4.0767207e-001
 -2.5466709e-001
 -9.9146883e-002
  5.3613784e-002
  1.9787609e-001
  3.2770618e-001
  4.3732400e-001
  5.2151401e-001
  5.7606555e-001
  5.9819856e-001
  5.8692281e-001
  5.4327871e-001
  4.7041473e-001
  3.7347180e-001
  2.5926624e-001
  1.3578717e-001
  1.1549314e-002
 -1.0513697e-001
 -2.0690252e-001
 -2.8798247e-001
 -3.4473081e-001
 -3.7592753e-001
 -3.8284298e-001
 -3.6905330e-001
 -3.4002963e-001
 -3.0255055e-001
 -2.6400639e-001
 -2.3167397e-001
 -2.1204036e-001
 -2.1024347e-001
 -2.2967928e-001
 -2.7180210e-001
 -3.3611965e-001
 -4.2036239e-001
 -5.2078916e-001
 -6.3258132e-001
 -7.5027485e-001
 -8.6818502e-001
 -9.8078771e-001
 -1.0830348e+000
 -1.1705941e+000
 -1.2400144e+000
 -1.2888265e+000
 -1.3155887e+000
 -1.3198914e+000
 -1.3023245e+000
 -1.2644128e+000
 -1.2085151e+000
 -1.1376858e+000
 -1.0554946e+000
 -9.6580878e-001
 -8.7254569e-001
 -7.7941248e-001
 -6.8965668e-001
 -6.0585370e-001
 -5.2975761e-001
 -4.6223558e-001
 -4.0329693e-001
 -3.5221477e-001
 -3.0772492e-001
 -2.6827461e-001
 -2.3228553e-001
 -1.9839293e-001
 -1.6562656e-001
 -1.3350857e-001
 -1.0205782e-001
 -7.1706126e-002
 -4.3147378e-002
 -1.7152213e-002
  5.6129876e-003
  2.4725165e-002
  4.0072149e-002
  5.1832972e-002
  6.0372281e-002
  6.6067617e-002
  6.9102716e-002
  6.9268802e-002
  6.5817131e-002
  5.7399474e-002
  4.2119604e-002
  1.7700563e-002
 -1.8247589e-002
 -6.7893018e-002
 -1.3282709e-001
 -2.1374167e-001
 -3.1018865e-001
 -4.2046100e-001
 -5.4161725e-001
 -6.6965064e-001
 -7.9978329e-001
 -9.2684795e-001
 -1.0457085e+000
 -1.1516663e+000
 -1.2408047e+000
 -1.3102343e+000
 -1.3582198e+000
 -1.3841856e+000
 -1.3886170e+000
 -1.3728837e+000
 -1.3390232e+000
 -1.2895170e+000
 -1.2270913e+000
 -1.1545596e+000
 -1.0747132e+000
 -9.9025389e-001
 -9.0375274e-001
 -8.1761607e-001
 -7.3404061e-001
 -6.5494611e-001
 -5.8188410e-001
 -5.1593197e-001
 -4.5759144e-001
 -4.0671603e-001
 -3.6249238e-001
 -3.2349520e-001
 -2.8782439e-001
 -2.5331953e-001
 -2.1783186e-001
 -1.7952164e-001
 -1.3714039e-001
 -9.0256672e-002
 -3.9389056e-002
  1.3977557e-002
  6.7499799e-002
  1.1819678e-001
  1.6275593e-001
  1.9788276e-001
  2.2064692e-001
  2.2877862e-001
  2.2087767e-001
  1.9651216e-001
  1.5620163e-001
  1.0129725e-001
  3.3787036e-002
 -4.3936935e-002
 -1.2930910e-001
 -2.1978376e-001
 -3.1296642e-001
 -4.0667324e-001
 -4.9892376e-001
 -5.8788612e-001
 -6.7180242e-001
 -7.4892484e-001
 -8.1748935e-001
 -8.7574410e-001
 -9.2203652e-001
 -9.5494877e-001
 -9.7345889e-001
 -9.7709716e-001
 -9.6606506e-001
 -9.4128918e-001
 -9.0439276e-001
 -8.5758151e-001
 -8.0345610e-001
 -7.4477672e-001
 -6.8421447e-001
 -6.2412691e-001
 -5.6639116e-001
 -5.1231759e-001
 -4.6265283e-001
 -4.1766468e-001
 -3.7728699e-001
 -3.4129206e-001
 -3.0945430e-001
 -2.8167142e-001
 -2.5801903e-001
 -2.3872856e-001
 -2.2409448e-001
 -2.1433218e-001
 -2.0941867e-001
 -2.0895337e-001
 -2.1207407e-001
 -2.1745368e-001
 -2.2338913e-001
 -2.2797632e-001
 -2.2934876e-001
 -2.2594398e-001
 -2.1675530e-001
 -2.0152675e-001
 -1.8085715e-001
 -1.5619324e-001
 -1.2970966e-001
 -1.0409162e-001
 -8.2251491e-002
 -6.7020692e-002
 -6.0860727e-002
 -6.5632665e-002
 -8.2452966e-002
 -1.1164793e-001
 -1.5280203e-001
 -2.0488013e-001
 -2.6639297e-001
 -3.3557078e-001
 -4.1051288e-001
 -4.8928962e-001
 -5.6998664e-001
 -6.5069563e-001
 -7.2946944e-001
 -8.0426794e-001
 -8.7292435e-001
 -9.3315752e-001
 -9.8264635e-001
 -1.0191682e+000
 -1.0407885e+000
 -1.0460742e+000
 -1.0342975e+000
 -1.0055890e+000
 -9.6101049e-001
 -9.0252344e-001
 -8.3284927e-001
 -7.5523279e-001
 -6.7313850e-001
 -5.8992046e-001
 -5.0851191e-001
 -4.3117828e-001
 -3.5936724e-001
 -2.9367365e-001
 -2.3391868e-001
 -1.7932435e-001
 -1.2874997e-001
 -8.0948905e-002
 -3.4803242e-002
  1.0499219e-002
  5.5368091e-002
  9.9799731e-002
  1.4344189e-001
  1.8570885e-001
  2.2591386e-001
  2.6338428e-001
  2.9753091e-001
  3.2785493e-001
  3.5389130e-001
  3.7510360e-001
  3.9075808e-001
  3.9981248e-001
  4.0085479e-001
  3.9212052e-001
  3.7160243e-001
  3.3724996e-001
  2.8723662e-001
  2.2025894e-001
  1.3582078e-001
  3.4455637e-002
 -8.2153858e-002
 -2.1118515e-001
 -3.4882058e-001
 -4.9051324e-001
 -6.3134034e-001
 -7.6639676e-001
 -8.9117548e-001
 -1.0018847e+000
 -1.0956625e+000
 -1.1706679e+000
 -1.2260473e+000
 -1.2617954e+000
 -1.2785459e+000
 -1.2773365e+000
 -1.2593920e+000
 -1.2259640e+000
 -1.1782482e+000
 -1.1173874e+000
 -1.0445430e+000
 -9.6101144e-001
 -8.6834423e-001
 -7.6843746e-001
 -6.6355693e-001
 -5.5628246e-001
 -4.4937018e-001
 -3.4555003e-001
 -2.4728996e-001
 -1.5656746e-001
 -7.4689763e-002
 -2.1973286e-003
  6.1128650e-002
  1.1615199e-001
  1.6417675e-001
  2.0668444e-001
  2.4505641e-001
  2.8032730e-001
  3.1301001e-001
  3.4301993e-001
  3.6970811e-001
  3.9199382e-001
  4.0856929e-001
  4.1813713e-001
  4.1963593e-001
  4.1241308e-001
  3.9631496e-001
  3.7168090e-001
  3.3924657e-001
  2.9997960e-001
  2.5488347e-001
  2.0481137e-001
  1.5032945e-001
  9.1658728e-002
  2.8709084e-002
 -3.8799890e-002
 -1.1115421e-001
 -1.8843352e-001
 -2.7031501e-001
 -3.5593461e-001
 -4.4383746e-001
 -5.3203327e-001
 -6.1815345e-001
 -6.9968734e-001
 -7.7426006e-001
 -8.3990586e-001
 -8.9529079e-001
 -9.3984650e-001
 -9.7379251e-001
 -9.9804311e-001
 -1.0140153e+000
 -1.0233708e+000
 -1.0277358e+000
 -1.0284453e+000
 -1.0263524e+000
 -1.0217322e+000
 -1.0142875e+000
 -1.0032522e+000
 -9.8756349e-001
 -9.6606785e-001
 -9.3772062e-001
 -9.0174127e-001
 -8.5769950e-001
 -8.0552189e-001
 -7.4542663e-001
 -6.7780901e-001
 -6.0311083e-001
 -5.2171043e-001
 -4.3386504e-001
 -3.3972626e-001
 -2.3943301e-001
 -1.3326883e-001
 -2.1854644e-002
  9.3662187e-002
  2.1146470e-001
  3.2900614e-001
  4.4305689e-001
  5.4986495e-001
  6.4541621e-001
  7.2576284e-001
  7.8737465e-001
  8.2746328e-001
  8.4423203e-001
  8.3701602e-001
  8.0629479e-001
  7.5358065e-001
  6.8120557e-001
  5.9204519e-001
  4.8922690e-001
  3.7586844e-001
  2.5488490e-001
  1.2888649e-001
  1.7051258e-004
 -1.2920804e-001
 -2.5731812e-001
 -3.8222590e-001
 -5.0189930e-001
 -6.1417570e-001
 -7.1680995e-001
 -8.0760148e-001
 -8.8458105e-001
 -9.4622265e-001
 -9.9163835e-001
 -1.0207137e+000
 -1.0341509e+000
 -1.0334017e+000
 -1.0204940e+000
 -9.9777340e-001
 -9.6760095e-001
 -9.3205552e-001
 -8.9269134e-001
 -8.5039238e-001
 -8.0534909e-001
 -7.5716125e-001
 -7.0504868e-001
 -6.4813166e-001
 -5.8573055e-001
 -5.1763018e-001
 -4.4426112e-001
 -3.6676472e-001
 -2.8693012e-001
 -2.0701470e-001
 -1.2948060e-001
 -5.6695050e-002
  9.3513215e-003
  6.7257918e-002
  1.1632214e-001
  1.5652460e-001
  1.8839749e-001
  2.1280391e-001
  2.3067259e-001
  2.4274071e-001
  2.4935549e-001
  2.5037406e-001
  2.4518188e-001
  2.3282730e-001
  2.1224719e-001
  1.8254076e-001
  1.4323901e-001
  9.4517028e-002
  3.7306650e-002
 -2.6714946e-002
 -9.5262540e-002
 -1.6568447e-001
 -2.3526781e-001
 -3.0155459e-001
 -3.6261471e-001
 -4.1722908e-001
 -4.6495366e-001
 -5.0605650e-001
 -5.4134398e-001
 -5.7191180e-001
 -5.9887004e-001
 -6.2309480e-001
 -6.4505283e-001
 -6.6473028e-001
 -6.8167551e-001
 -6.9514317e-001
 -7.0430631e-001
 -7.0849004e-001
 -7.0737532e-001
 -7.0112771e-001
 -6.9042033e-001
 -6.7634167e-001
 -6.6020210e-001
 -6.4327389e-001
 -6.2651442e-001
 -6.1032733e-001
 -5.9441135e-001
 -5.7773161e-001
 -5.5862642e-001
 -5.3503761e-001
 -5.0482947e-001
 -4.6614426e-001
 -4.1773434e-001
 -3.5921424e-001
 -2.9118925e-001
 -2.1523881e-001
 -1.3375799e-001
 -4.9685447e-002
  3.3834608e-002
  1.1379809e-001
  1.8763635e-001
  2.5341400e-001
  3.0990140e-001
  3.5651859e-001
  3.9317167e-001
  4.2002273e-001
  4.3724635e-001
  4.4482688e-001
  4.4244122e-001
  4.2945384e-001
  4.0502705e-001
  3.6832545e-001
  3.1877331e-001
  2.5631156e-001
  1.8159922e-001
  9.6113687e-002
  2.1223062e-003
 -9.7477696e-002
 -1.9942880e-001
 -3.0044843e-001
 -3.9757250e-001
 -4.8844683e-001
 -5.7151483e-001
 -6.4606809e-001
 -7.1215163e-001
 -7.7034269e-001
 -8.2144527e-001
 -8.6615900e-001
 -9.0478561e-001
 -9.3702987e-001
 -9.6193365e-001
 -9.7795746e-001
 -9.8319509e-001
 -9.7568223e-001
 -9.5374143e-001
 -9.1629866e-001
 -8.6311169e-001
 -7.9486681e-001
 -7.1312552e-001
 -6.2013092e-001
 -5.1851075e-001
 -4.1093354e-001
 -2.9978395e-001
 -1.8691969e-001
 -7.3556998e-002
  3.9693230e-002
  1.5264583e-001
  2.6525412e-001
  3.7727285e-001
  4.8794066e-001
  5.9574948e-001
  6.9835408e-001
  7.9264936e-001
  8.7501271e-001
  9.4167734e-001
  9.8917740e-001
  1.0147908e+000
  1.0169042e+000
  9.9523694e-001
  9.5088508e-001
  8.8617706e-001
  8.0436652e-001
  7.0921528e-001
  6.0453845e-001
  4.9378876e-001
  3.7974877e-001
  2.6437780e-001
  1.4883099e-001
  3.3634933e-002
 -8.1024825e-002
 -1.9496995e-001
 -3.0772207e-001
 -4.1828886e-001
 -5.2509059e-001
 -6.2604546e-001
 -7.1879988e-001
 -8.0105933e-001
 -8.7095444e-001
 -9.2736739e-001
 -9.7014956e-001
 -1.0001805e+000
 -1.0192474e+000
 -1.0297588e+000
 -1.0343381e+000
 -1.0353661e+000
 -1.0345561e+000
 -1.0326375e+000
 -1.0292092e+000
 -1.0227927e+000
 -1.0110796e+000
 -9.9133131e-001
 -9.6086440e-001
 -9.1753414e-001
 -8.6013283e-001
 -7.8863253e-001
 -7.0423058e-001
 -6.0919233e-001
 -5.0652224e-001
 -3.9952564e-001
 -2.9134300e-001
 -1.8454227e-001
 -8.0843433e-002
  1.8976992e-002
  1.1498810e-001
  2.0783755e-001
  2.9837186e-001
  3.8722219e-001
  4.7444058e-001
  5.5926172e-001
  6.4004104e-001
  7.1438570e-001
  7.7945709e-001
  8.3238955e-001
  8.7074607e-001
  8.9292323e-001
  8.9842539e-001
  8.8795203e-001
  8.6327658e-001
  8.2693462e-001
  7.8177602e-001
  7.3046226e-001
  6.7500231e-001
  6.1641444e-001
  5.5457972e-001
  4.8831737e-001
  4.1567191e-001
  3.3436178e-001
  2.4230903e-001
  1.3815357e-001
  2.1657394e-002
 -1.0607563e-001
 -2.4260561e-001
 -3.8438726e-001
 -5.2718302e-001
 -6.6658257e-001
 -7.9853304e-001
 -9.1978272e-001
 -1.0281583e+000
 -1.1226274e+000
 -1.2031410e+000
 -1.2702919e+000
 -1.3248620e+000
 -1.3673555e+000
 -1.3976161e+000
 -1.4146132e+000
 -1.4164502e+000
 -1.4006044e+000
 -1.3643631e+000
 -1.3053803e+000
 -1.2222537e+000
 -1.1150105e+000
 -9.8540769e-001
 -8.3698061e-001
 -6.7481815e-001
 -5.0509314e-001
 -3.3441945e-001
 -1.6914016e-001
 -1.4664516e-002
  1.2503690e-001
  2.4769709e-001
  3.5273907e-001
  4.4099559e-001
  5.1422138e-001
  5.7449461e-001
  6.2362277e-001
  6.6266548e-001
  6.9166329e-001
  7.0962054e-001
  7.1474138e-001
  7.0486825e-001
  6.7803306e-001
  6.3300851e-001
  5.6974635e-001
  4.8961052e-001
  3.9535203e-001
  2.9082234e-001
  1.8047276e-001
  6.8730176e-002
 -4.0635235e-002
 -1.4503069e-001
 -2.4334934e-001
 -3.3600485e-001
 -4.2468140e-001
 -5.1184235e-001
 -6.0008746e-001
 -6.9147910e-001
 -7.8696526e-001
 -8.8601159e-001
 -9.8651632e-001
 -1.0850301e+000
 -1.1772452e+000
 -1.2586673e+000
 -1.3253474e+000
 -1.3745377e+000
 -1.4051494e+000
 -1.4179225e+000
 -1.4152758e+000
 -1.4008593e+000
 -1.3788915e+000
 -1.3534046e+000
 -1.3275364e+000
 -1.3030046e+000
 -1.2798622e+000
 -1.2565819e+000
 -1.2304548e+000
 -1.1982295e+000
 -1.1568689e+000
 -1.1042795e+000
 -1.0398711e+000
 -9.6483445e-001
 -8.8207636e-001
 -7.9581871e-001
 -7.1092960e-001
 -6.3210965e-001
 -5.6308589e-001
 -5.0596764e-001
 -4.6089158e-001
 -4.2603057e-001
 -3.9797373e-001
 -3.7241490e-001
 -3.4502692e-001
 -3.1236120e-001
 -2.7260392e-001
 -2.2604312e-001
 -1.7515220e-001
 -1.2426492e-001
 -7.8892905e-002
 -4.4803808e-002
 -2.7025412e-002
 -2.8956980e-002
 -5.1752358e-002
 -9.4091134e-002
 -1.5238357e-001
 -2.2137493e-001
 -2.9503998e-001
 -3.6760308e-001
 -4.3449394e-001
 -4.9305950e-001
 -5.4289634e-001
 -5.8573838e-001
 -6.2491867e-001
 -6.6450528e-001
 -7.0827539e-001
 -7.5872550e-001
 -8.1631249e-001
 -8.7908005e-001
 -9.4275473e-001
 -1.0013078e+000
 -1.0478900e+000
 -1.0759739e+000
 -1.0804923e+000
 -1.0587606e+000
 -1.0110018e+000
 -9.4036723e-001
 -8.5243569e-001
 -7.5427305e-001
 -6.5321842e-001
 -5.5561821e-001
 -4.6574460e-001
 -3.8510550e-001
 -3.1228416e-001
 -2.4334960e-001
 -1.7277220e-001
 -9.4681237e-002
 -4.2320872e-003
  1.0117678e-001
  2.2107567e-001
  3.5165703e-001
  4.8614191e-001
  6.1573425e-001
  7.3100525e-001
  8.2346434e-001
  8.8702998e-001
  9.1912280e-001
  9.2116471e-001
  8.9837105e-001
  8.5885073e-001
  8.1215803e-001
  7.6754646e-001
  7.3223853e-001
  7.1003265e-001
  7.0051686e-001
  6.9905588e-001
  6.9758088e-001
  6.8606388e-001
  6.5442882e-001
  5.9456151e-001
  5.0205071e-001
  3.7732844e-001
  2.2597525e-001
  5.8100694e-002
 -1.1312596e-001
 -2.7356143e-001
 -4.1043660e-001
 -5.1455150e-001
 -5.8191322e-001
 -6.1449699e-001
 -6.1995612e-001
 -6.1028772e-001
 -5.9964853e-001
 -6.0167435e-001
 -6.2675981e-001
 -6.7978077e-001
 -7.5868466e-001
 -8.5423953e-001
 -9.5104388e-001
 -1.0296857e+000
 -1.0697383e+000
 -1.0531253e+000
 -9.6731058e-001
 -8.0777550e-001
 -5.7935193e-001
 -2.9615303e-001
  1.9931053e-002
  3.4197199e-001
  6.4157125e-001
  8.9271116e-001
  1.0752904e+000
  1.1777910e+000
  1.1986596e+000
  1.1461949e+000
  1.0369685e+000
  8.9304856e-001
  7.3848351e-001
  5.9561773e-001
  4.8183300e-001
  4.0722839e-001
  3.7358807e-001
  3.7476588e-001
