 -2.6638313e-001
 -7.3305599e-001
 -1.0407193e+000
 -1.2124159e+000
 -1.2842563e+000
 -1.2952362e+000
 -1.2815017e+000
 -1.2714439e+000
 -1.2845500e+000
 -1.3306136e+000
 -1.4113777e+000
 -1.5218172e+000
 -1.6527177e+000
 -1.7922676e+000
 -1.9282437e+000
 -2.0490302e+000
 -2.1450019e+000
 -2.2088344e+000
 -2.2362024e+000
 -2.2256432e+000
 -2.1787601e+000
 -2.0996931e+000
 -1.9951115e+000
 -1.8734316e+000
 -1.7444139e+000
 -1.6181573e+000
 -1.5045150e+000
 -1.4119606e+000
 -1.3470346e+000
 -1.3135451e+000
 -1.3123573e+000
 -1.3411308e+000
 -1.3948222e+000
 -1.4660296e+000
 -1.5458952e+000
 -1.6247981e+000
 -1.6933712e+000
 -1.7431321e+000
 -1.7673523e+000
 -1.7614222e+000
 -1.7232736e+000
 -1.6532624e+000
 -1.5541360e+000
 -1.4306390e+000
 -1.2892548e+000
 -1.1375516e+000
 -9.8368198e-001
 -8.3565979e-001
 -7.0093857e-001
 -5.8583123e-001
 -4.9527472e-001
 -4.3247408e-001
 -3.9893123e-001
 -3.9434163e-001
 -4.1678281e-001
 -4.6283099e-001
 -5.2809515e-001
 -6.0776187e-001
 -6.9730457e-001
 -7.9285708e-001
 -8.9163772e-001
 -9.9200751e-001
 -1.0935669e+000
 -1.1969499e+000
 -1.3036358e+000
 -1.4154672e+000
 -1.5342489e+000
 -1.6611726e+000
 -1.7964915e+000
 -1.9390902e+000
 -2.0863634e+000
 -2.2341607e+000
 -2.3770619e+000
 -2.5086517e+000
 -2.6220385e+000
 -2.7102974e+000
 -2.7670375e+000
 -2.7869034e+000
 -2.7661656e+000
 -2.7031581e+000
 -2.5987040e+000
 -2.4561617e+000
 -2.2812626e+000
 -2.0816984e+000
 -1.8666091e+000
 -1.6458184e+000
 -1.4291184e+000
 -1.2252988e+000
 -1.0413850e+000
 -8.8206904e-001
 -7.4959956e-001
 -6.4385168e-001
 -5.6261775e-001
 -5.0202148e-001
 -4.5700897e-001
 -4.2168784e-001
 -3.8988579e-001
 -3.5561248e-001
 -3.1358192e-001
 -2.5966061e-001
 -1.9123720e-001
 -1.0764420e-001
 -1.0331144e-002
  9.7265570e-002
  2.0994987e-001
  3.2128012e-001
  4.2423354e-001
  5.1203632e-001
  5.7884528e-001
  6.2046436e-001
  6.3477498e-001
  6.2200879e-001
  5.8465945e-001
  5.2730756e-001
  4.5610557e-001
  3.7825318e-001
  3.0126110e-001
  2.3228424e-001
  1.7736616e-001
  1.4081901e-001
  1.2462463e-001
  1.2811218e-001
  1.4792430e-001
  1.7840971e-001
  2.1222534e-001
  2.4117489e-001
  2.5707842e-001
  2.5259531e-001
  2.2184315e-001
  1.6102445e-001
  6.8745829e-002
 -5.3801903e-002
 -2.0292668e-001
 -3.7253139e-001
 -5.5439741e-001
 -7.3861717e-001
 -9.1422003e-001
 -1.0697373e+000
 -1.1939772e+000
 -1.2768191e+000
 -1.3101094e+000
 -1.2883332e+000
 -1.2091159e+000
 -1.0734598e+000
 -8.8583688e-001
 -6.5398185e-001
 -3.8851299e-001
 -1.0215272e-001
  1.9112589e-001
  4.7714101e-001
  7.4243635e-001
  9.7526966e-001
  1.1664684e+000
  1.3101674e+000
  1.4041656e+000
  1.4499794e+000
  1.4523906e+000
  1.4187803e+000
  1.3581499e+000
  1.2801207e+000
  1.1938906e+000
  1.1074493e+000
  1.0270008e+000
  9.5667982e-001
  8.9847152e-001
  8.5231084e-001
  8.1636066e-001
  7.8748668e-001
  7.6177179e-001
  7.3509043e-001
  7.0355607e-001
  6.6398481e-001
  6.1420923e-001
  5.5329510e-001
  4.8153667e-001
  4.0036342e-001
  3.1206910e-001
  2.1945904e-001
  1.2557325e-001
  3.3436855e-002
 -5.4187888e-002
 -1.3499036e-001
 -2.0733889e-001
 -2.7037930e-001
 -3.2413476e-001
 -3.6945593e-001
 -4.0810211e-001
 -4.4269544e-001
 -4.7658385e-001
 -5.1359430e-001
 -5.5769308e-001
 -6.1238324e-001
 -6.8019340e-001
 -7.6209225e-001
 -8.5708353e-001
 -9.6206955e-001
 -1.0719641e+000
 -1.1799885e+000
 -1.2782315e+000
 -1.3582995e+000
 -1.4119408e+000
 -1.4316438e+000
 -1.4112693e+000
 -1.3465454e+000
 -1.2354604e+000
 -1.0786973e+000
 -8.8001408e-001
 -6.4616936e-001
 -3.8657625e-001
 -1.1265716e-001
  1.6300734e-001
  4.2769317e-001
  6.6953418e-001
  8.7856826e-001
  1.0473200e+000
  1.1711996e+000
  1.2485454e+000
  1.2804549e+000
  1.2704083e+000
  1.2237727e+000
  1.1471854e+000
  1.0479223e+000
  9.3324213e-001
  8.0979992e-001
  6.8307654e-001
  5.5695832e-001
  4.3351406e-001
  3.1310827e-001
  1.9466283e-001
  7.6401086e-002
 -4.3419253e-002
 -1.6572787e-001
 -2.9016336e-001
 -4.1490269e-001
 -5.3668367e-001
 -6.5108717e-001
 -7.5306093e-001
 -8.3747251e-001
 -8.9985333e-001
 -9.3698862e-001
 -9.4729439e-001
 -9.3104308e-001
 -8.9034250e-001
 -8.2910697e-001
 -7.5298320e-001
 -6.6903422e-001
 -5.8531889e-001
 -5.1037597e-001
 -4.5264579e-001
 -4.1982212e-001
 -4.1821549e-001
 -4.5211538e-001
 -5.2333995e-001
 -6.3092329e-001
 -7.7108890e-001
 -9.3745076e-001
 -1.1214338e+000
 -1.3129632e+000
 -1.5013014e+000
 -1.6758477e+000
 -1.8269654e+000
 -1.9466537e+000
 -2.0287474e+000
 -2.0689880e+000
 -2.0651207e+000
 -2.0167223e+000
 -1.9250258e+000
 -1.7927012e+000
 -1.6237874e+000
 -1.4237053e+000
 -1.1993492e+000
 -9.5903104e-001
 -7.1210319e-001
 -4.6856976e-001
 -2.3848038e-001
 -3.1298144e-002
  1.4468848e-001
  2.8293578e-001
  3.7896001e-001
  4.3062862e-001
  4.3834480e-001
  4.0509961e-001
  3.3617766e-001
  2.3879020e-001
  1.2112196e-001
 -8.7619060e-003
 -1.4405960e-001
 -2.8006734e-001
 -4.1465039e-001
 -5.4827100e-001
 -6.8361404e-001
 -8.2470111e-001
 -9.7593104e-001
 -1.1410349e+000
 -1.3221420e+000
 -1.5189340e+000
 -1.7281032e+000
 -1.9431433e+000
 -2.1546099e+000
 -2.3507730e+000
 -2.5186393e+000
 -2.6452750e+000
 -2.7190837e+000
 -2.7309002e+000
 -2.6749067e+000
 -2.5492596e+000
 -2.3566208e+000
 -2.1039358e+000
 -1.8022767e+000
 -1.4660978e+000
 -1.1122915e+000
 -7.5919113e-001
 -4.2541263e-001
 -1.2860166e-001
  1.1565630e-001
  2.9505684e-001
  4.0142709e-001
  4.3151517e-001
  3.8719176e-001
  2.7547183e-001
  1.0829677e-001
 -9.8217161e-002
 -3.2486421e-001
 -5.5077905e-001
 -7.5509306e-001
 -9.1854183e-001
 -1.0250125e+000
 -1.0628196e+000
 -1.0255723e+000
 -9.1290724e-001
 -7.3081901e-001
 -4.9103679e-001
 -2.0982056e-001
  9.3708616e-002
  3.9906040e-001
  6.8652393e-001
  9.3900447e-001
  1.1436825e+000
  1.2931198e+000
  1.3858209e+000
  1.4261054e+000
  1.4235804e+000
  1.3920114e+000
  1.3478789e+000
  1.3085362e+000
  1.2901400e+000
  1.3057604e+000
  1.3638284e+000
  1.4672481e+000
  1.6127961e+000
  1.7912539e+000
  1.9880911e+000
  2.1848448e+000
  2.3608567e+000
  2.4954601e+000
  2.5697141e+000
  2.5683105e+000
  2.4812051e+000
  2.3044805e+000
  2.0409367e+000
  1.7001449e+000
  1.2980730e+000
  8.5621450e-001
  3.9989056e-001
 -4.3490578e-002
 -4.4651252e-001
 -7.8376465e-001
 -1.0336785e+000
 -1.1801506e+000
 -1.2137486e+000
 -1.1323748e+000
 -9.4144527e-001
 -6.5355872e-001
 -2.8753925e-001
  1.3293022e-001
  5.8118822e-001
  1.0296520e+000
  1.4519946e+000
  1.8250779e+000
  2.1306632e+000
  2.3564224e+000
  2.4964265e+000
  2.5508555e+000
  2.5255019e+000
  2.4311391e+000
  2.2825176e+000
  2.0969574e+000
  1.8924284e+000
  1.6862619e+000
  1.4940416e+000
  1.3281003e+000
  1.1964707e+000
  1.1023146e+000
  1.0440580e+000
  1.0158030e+000
  1.0086977e+000
  1.0118942e+000
  1.0135119e+000
  1.0017773e+000
  9.6629315e-001
  8.9923301e-001
  7.9636952e-001
  6.5778141e-001
  4.8805612e-001
  2.9592633e-001
  9.3662811e-002
 -1.0382457e-001
 -2.8062984e-001
 -4.2103198e-001
 -5.1077130e-001
 -5.3837504e-001
 -4.9670441e-001
 -3.8287135e-001
 -1.9909286e-001
  4.7079554e-002
  3.4258454e-001
  6.6940194e-001
  1.0056038e+000
  1.3267430e+000
  1.6075653e+000
  1.8238693e+000
  1.9544209e+000
  1.9830315e+000
  1.8998647e+000
  1.7021856e+000
  1.3946653e+000
  9.8915609e-001
  5.0399715e-001
 -3.7164152e-002
 -6.0689930e-001
 -1.1758174e+000
 -1.7144837e+000
 -2.1952952e+000
 -2.5943962e+000
 -2.8932528e+000
 -3.0791828e+000
 -3.1460797e+000
 -3.0946356e+000
 -2.9318694e+000
 -2.6701831e+000
 -2.3261245e+000
 -1.9190410e+000
 -1.4695969e+000
 -9.9840528e-001
 -5.2495443e-001
 -6.6590568e-002
  3.6209662e-001
  7.4973842e-001
  1.0882241e+000
  1.3727958e+000
  1.6016891e+000
  1.7756686e+000
  1.8977016e+000
  1.9718018e+000
  2.0026130e+000
  1.9949345e+000
  1.9529339e+000
  1.8799038e+000
  1.7778691e+000
  1.6477084e+000
  1.4892059e+000
  1.3013736e+000
  1.0830585e+000
  8.3370274e-001
  5.5421058e-001
  2.4780405e-001
 -7.9453895e-002
 -4.1822864e-001
 -7.5602201e-001
 -1.0776214e+000
 -1.3658613e+000
 -1.6029286e+000
 -1.7717683e+000
 -1.8576148e+000
 -1.8494806e+000
 -1.7414847e+000
 -1.5338238e+000
 -1.2332675e+000
 -8.5313841e-001
 -4.1275369e-001
  6.3586373e-002
  5.4810036e-001
  1.0114342e+000
  1.4246965e+000
  1.7614522e+000
  1.9996291e+000
  2.1230540e+000
  2.1225295e+000
  1.9964152e+000
  1.7506939e+000
  1.3984266e+000
  9.5881511e-001
  4.5576643e-001
 -8.3769382e-002
 -6.3172779e-001
 -1.1605211e+000
 -1.6446312e+000
 -2.0620730e+000
 -2.3955855e+000
 -2.6333809e+000
 -2.7695773e+000
 -2.8041125e+000
 -2.7422466e+000
 -2.5937614e+000
 -2.3718628e+000
 -2.0918057e+000
 -1.7694198e+000
 -1.4198600e+000
 -1.0566436e+000
 -6.9103582e-001
 -3.3184511e-001
  1.4617549e-002
  3.4417517e-001
  6.5428160e-001
  9.4331494e-001
  1.2098434e+000
  1.4518999e+000
  1.6664580e+000
  1.8491290e+000
  1.9941841e+000
  2.0948487e+000
  2.1438984e+000
  2.1344510e+000
  2.0608359e+000
  1.9194134e+000
  1.7092930e+000
  1.4328233e+000
  1.0959314e+000
  7.0815109e-001
  2.8243615e-001
 -1.6536939e-001
 -6.1725604e-001
 -1.0540933e+000
 -1.4567185e+000
 -1.8071264e+000
 -2.0896287e+000
 -2.2918708e+000
 -2.4056606e+000
 -2.4275407e+000
 -2.3590219e+000
 -2.2064605e+000
 -1.9807514e+000
 -1.6967384e+000
 -1.3722482e+000
 -1.0269235e+000
 -6.8082385e-001
 -3.5313223e-001
 -6.1036891e-002
  1.8140880e-001
  3.6420537e-001
  4.8195751e-001
  5.3410268e-001
  5.2468183e-001
  4.6180319e-001
  3.5683244e-001
  2.2335171e-001
  7.6019811e-002
 -7.0626578e-002
 -2.0323437e-001
 -3.1059208e-001
 -3.8442705e-001
 -4.1974075e-001
 -4.1491268e-001
 -3.7144211e-001
 -2.9356306e-001
 -1.8750703e-001
 -6.0559312e-002
  7.9933370e-002
  2.2745457e-001
  3.7706747e-001
  5.2582609e-001
  6.7286885e-001
  8.1910832e-001
  9.6699394e-001
  1.1200206e+000
  1.2820885e+000
  1.4567314e+000
  1.6463309e+000
  1.8514472e+000
  2.0703494e+000
  2.2987174e+000
  2.5298145e+000
  2.7548084e+000
  2.9631443e+000
  3.1431426e+000
  3.2828433e+000
  3.3710052e+000
  3.3980484e+000
  3.3568611e+000
  3.2434706e+000
  3.0574741e+000
  2.8022628e+000
  2.4850200e+000
  2.1165248e+000
  1.7107488e+000
  1.2842489e+000
  8.5520587e-001
  4.4222847e-001
  6.3086284e-002
 -2.6648769e-001
 -5.3391926e-001
 -7.3067326e-001
 -8.5246851e-001
 -8.9945453e-001
 -8.7602409e-001
 -7.9024487e-001
 -6.5306412e-001
 -4.7721623e-001
 -2.7634515e-001
 -6.3972812e-002
  1.4735420e-001
  3.4687614e-001
  5.2637591e-001
  6.8062716e-001
  8.0753247e-001
  9.0797665e-001
  9.8538121e-001
  1.0449131e+000
  1.0926578e+000
  1.1348179e+000
  1.1770089e+000
  1.2236772e+000
  1.2775935e+000
  1.3395296e+000
  1.4081509e+000
  1.4801395e+000
  1.5505474e+000
  1.6133525e+000
  1.6621311e+000
  1.6908002e+000
  1.6943482e+000
  1.6696954e+000
  1.6162922e+000
  1.5364176e+000
  1.4351314e+000
  1.3199273e+000
  1.2001458e+000
  1.0860698e+000
  9.8791107e-001
  9.1471202e-001
  8.7325148e-001
  8.6719079e-001
  8.9646129e-001
  9.5695913e-001
  1.0408007e+000
  1.1369378e+000
  1.2320380e+000
  1.3116628e+000
  1.3614346e+000
  1.3682083e+000
  1.3210994e+000
  1.2123737e+000
  1.0381087e+000
  7.9857796e-001
  4.9835315e-001
  1.4613375e-001
 -2.4575747e-001
 -6.6216506e-001
 -1.0860744e+000
 -1.4996975e+000
 -1.8856165e+000
 -2.2279039e+000
 -2.5130612e+000
 -2.7307906e+000
 -2.8744253e+000
 -2.9411550e+000
 -2.9319535e+000
 -2.8512448e+000
 -2.7063953e+000
 -2.5070335e+000
 -2.2642321e+000
 -1.9897141e+000
 -1.6950845e+000
 -1.3911463e+000
 -1.0874143e+000
 -7.9166064e-001
 -5.0975781e-001
 -2.4560216e-001
 -1.2179464e-003
  2.2292838e-001
  4.2741939e-001
  6.1333039e-001
  7.8169170e-001
  9.3312063e-001
  1.0675826e+000
  1.1842745e+000
  1.2816304e+000
  1.3574347e+000
  1.4089156e+000
  1.4330421e+000
  1.4270046e+000
  1.3887712e+000
  1.3176091e+000
  1.2145098e+000
  1.0824768e+000
  9.2660008e-001
  7.5389902e-001
  5.7292027e-001
  3.9321324e-001
  2.2462704e-001
  7.6437446e-002
 -4.3265590e-002
 -1.2833684e-001
 -1.7510727e-001
 -1.8275769e-001
 -1.5350553e-001
 -9.2560900e-002
 -7.8802376e-003
  9.0297264e-002
  1.9013603e-001
  2.7899444e-001
  3.4440884e-001
  3.7502502e-001
  3.6143854e-001
  2.9696360e-001
  1.7827020e-001
  5.7886367e-003
 -2.1612066e-001
 -4.7930830e-001
 -7.7221665e-001
 -1.0805881e+000
 -1.3883692e+000
 -1.6787697e+000
 -1.9353860e+000
 -2.1432779e+000
 -2.2899267e+000
 -2.3660256e+000
 -2.3660472e+000
 -2.2884844e+000
 -2.1358739e+000
 -1.9145641e+000
 -1.6341456e+000
 -1.3066754e+000
 -9.4579948e-001
 -5.6581867e-001
 -1.8073512e-001
  1.9663213e-001
  5.5546159e-001
  8.8743016e-001
  1.1869195e+000
  1.4509969e+000
  1.6791951e+000
  1.8730300e+000
  2.0353089e+000
  2.1694149e+000
  2.2786365e+000
  2.3655070e+000
  2.4312887e+000
  2.4757875e+000
  2.4973937e+000
  2.4933048e+000
  2.4601260e+000
  2.3944143e+000
  2.2932098e+000
  2.1545818e+000
  1.9780447e+000
  1.7649053e+000
  1.5184418e+000
  1.2439307e+000
  9.4852433e-001
  6.4096796e-001
  3.3122952e-001
  2.9955651e-002
 -2.5216124e-001
 -5.0506783e-001
 -7.2014500e-001
 -8.9089166e-001
 -1.0133421e+000
 -1.0862634e+000
 -1.1111851e+000
 -1.0922325e+000
 -1.0357216e+000
 -9.4962753e-001
 -8.4296714e-001
 -7.2510352e-001
 -6.0506424e-001
 -4.9089681e-001
 -3.8916167e-001
 -3.0453538e-001
 -2.3958104e-001
 -1.9471439e-001
 -1.6833790e-001
 -1.5712440e-001
 -1.5643140e-001
 -1.6077429e-001
 -1.6425637e-001
 -1.6108826e-001
 -1.4600067e-001
 -1.1464996e-001
 -6.3912771e-002
  7.9132570e-003
  1.0105979e-001
  2.1432992e-001
  3.4529881e-001
  4.9058457e-001
  6.4624488e-001
  8.0813452e-001
  9.7228884e-001
  1.1352120e+000
  1.2941025e+000
  1.4469230e+000
  1.5923556e+000
  1.7297185e+000
  1.8588928e+000
  1.9801514e+000
  2.0939546e+000
  2.2006167e+000
  2.2999270e+000
  2.3908002e+000
  2.4710732e+000
  2.5374114e+000
  2.5854121e+000
  2.6098388e+000
  2.6050273e+000
  2.5653540e+000
  2.4858112e+000
  2.3624740e+000
  2.1929115e+000
  1.9765737e+000
  1.7150854e+000
  1.4124535e+000
  1.0751040e+000
  7.1172616e-001
  3.3296884e-001
 -4.9075321e-002
 -4.2153074e-001
 -7.7151300e-001
 -1.0868998e+000
 -1.3570409e+000
 -1.5733532e+000
 -1.7298044e+000
 -1.8232225e+000
 -1.8534653e+000
 -1.8233577e+000
 -1.7384016e+000
 -1.6063117e+000
 -1.4363865e+000
 -1.2388186e+000
 -1.0240087e+000
 -8.0184778e-001
 -5.8106720e-001
 -3.6868248e-001
 -1.6961367e-001
  1.3463242e-002
  1.8000695e-001
  3.3130575e-001
  4.6999138e-001
  5.9942712e-001
  7.2304985e-001
  8.4379958e-001
  9.6360488e-001
  1.0830393e+000
  1.2011549e+000
  1.3155002e+000
  1.4222990e+000
  1.5167302e+000
  1.5933107e+000
  1.6463801e+000
  1.6706569e+000
  1.6619017e+000
  1.6174863e+000
  1.5368683e+000
  1.4218559e+000
  1.2766744e+000
  1.1077153e+000
  9.2315739e-001
  7.3228479e-001
  5.4487316e-001
  3.7043707e-001
  2.1750879e-001
  9.2948078e-002
  1.3398757e-003
 -5.5492164e-002
 -7.8410660e-002
 -7.1079668e-002
 -3.9617085e-002
  7.8381821e-003
  6.1722236e-002
  1.1174399e-001
  1.4772245e-001
  1.6038822e-001
  1.4215044e-001
  8.7738011e-002
 -5.3570087e-003
 -1.3666189e-001
 -3.0269206e-001
 -4.9714060e-001
 -7.1137180e-001
 -9.3500245e-001
 -1.1566645e+000
 -1.3648748e+000
 -1.5488687e+000
 -1.6993088e+000
 -1.8088252e+000
 -1.8725138e+000
 -1.8879896e+000
 -1.8553712e+000
 -1.7769995e+000
 -1.6570253e+000
 -1.5008572e+000
 -1.3146001e+000
 -1.1044521e+000
 -8.7621848e-001
 -6.3494141e-001
 -3.8478799e-001
 -1.2905703e-001
  1.2959765e-001
  3.8890945e-001
  6.4668323e-001
  9.0047269e-001
  1.1472954e+000
  1.3834762e+000
  1.6046143e+000
  1.8056665e+000
  1.9811637e+000
  2.1253954e+000
  2.2328101e+000
  2.2984687e+000
  2.3184725e+000
  2.2903687e+000
  2.2134618e+000
  2.0890209e+000
  1.9203321e+000
  1.7127130e+000
  1.4732820e+000
  1.2106102e+000
  9.3432648e-001
  6.5467104e-001
  3.8191763e-001
  1.2586720e-001
 -1.0459804e-001
 -3.0192655e-001
 -4.6028168e-001
 -5.7579080e-001
 -6.4669044e-001
 -6.7334978e-001
 -6.5820359e-001
 -6.0560962e-001
 -5.2160451e-001
 -4.1355551e-001
 -2.8978780e-001
 -1.5908794e-001
 -3.0162639e-002
  8.8926704e-002
  1.9128159e-001
  2.7159827e-001
  3.2641060e-001
  3.5424017e-001
  3.5560782e-001
  3.3291244e-001
  2.9015474e-001
  2.3257300e-001
  1.6621710e-001
  9.7494886e-002
  3.2711059e-002
 -2.2325328e-002
 -6.2600739e-002
 -8.4097172e-002
 -8.3905694e-002
 -6.0287965e-002
 -1.2713321e-002
  5.8205412e-002
  1.5079599e-001
  2.6249430e-001
  3.9009086e-001
  5.3006428e-001
  6.7882421e-001
  8.3307951e-001
  9.8996090e-001
  1.1470388e+000
  1.3021470e+000
  1.4532324e+000
  1.5980953e+000
  1.7341725e+000
  1.8583884e+000
  1.9671886e+000
  2.0565836e+000
  2.1224788e+000
  2.1609166e+000
  2.1684426e+000
  2.1423910e+000
  2.0810972e+000
  1.9840681e+000
  1.8520659e+000
  1.6870904e+000
  1.4923415e+000
  1.2721497e+000
  1.0319063e+000
  7.7796129e-001
  5.1750668e-001
  2.5837751e-001
  8.7836524e-003
 -2.2301673e-001
 -4.2907370e-001
 -6.0217535e-001
 -7.3622393e-001
 -8.2663788e-001
 -8.7070925e-001
 -8.6783215e-001
 -8.1958209e-001
 -7.2968213e-001
 -6.0379682e-001
 -4.4908522e-001
 -2.7374491e-001
 -8.6451659e-002
  1.0418595e-001
  2.9020598e-001
  4.6470092e-001
  6.2197864e-001
  7.5772208e-001
  8.6896539e-001
  9.5405309e-001
  1.0125763e+000
  1.0451819e+000
  1.0533809e+000
  1.0394252e+000
  1.0060798e+000
  9.5651773e-001
  8.9417367e-001
  8.2268817e-001
  7.4586146e-001
  6.6759449e-001
  5.9179604e-001
  5.2228961e-001
  4.6268261e-001
  4.1618875e-001
  3.8540399e-001
  3.7214796e-001
  3.7731277e-001
  4.0079670e-001
  4.4147780e-001
  4.9728161e-001
  5.6526558e-001
  6.4187060e-001
  7.2317425e-001
  8.0519674e-001
  8.8414766e-001
  9.5655045e-001
  1.0192017e+000
  1.0691396e+000
  1.1035085e+000
  1.1193974e+000
  1.1139127e+000
  1.0842266e+000
  1.0277308e+000
  9.4232903e-001
  8.2673179e-001
  6.8077028e-001
  5.0566378e-001
  3.0421958e-001
  8.0900626e-002
 -1.5824163e-001
 -4.0572001e-001
 -6.5287854e-001
 -8.9033944e-001
 -1.1085868e+000
 -1.2985838e+000
 -1.4523639e+000
 -1.5635602e+000
 -1.6278276e+000
 -1.6432357e+000
 -1.6102905e+000
 -1.5318108e+000
 -1.4126319e+000
 -1.2592267e+000
 -1.0792454e+000
 -8.8106208e-001
 -6.7333196e-001
 -4.6461404e-001
 -2.6307405e-001
 -7.6204064e-002
  8.9523876e-002
  2.2895817e-001
  3.3852693e-001
  4.1630969e-001
  4.6205393e-001
  4.7700212e-001
  4.6364874e-001
  4.2543015e-001
  3.6630391e-001
  2.9037021e-001
  2.0158813e-001
  1.0347526e-001
 -9.8247415e-004
 -1.0928606e-001
 -2.1927584e-001
 -3.2896377e-001
 -4.3626198e-001
 -5.3881768e-001
 -6.3381438e-001
 -7.1795421e-001
 -7.8753000e-001
 -8.3866176e-001
 -8.6761359e-001
 -8.7115256e-001
 -8.4690984e-001
 -7.9377608e-001
 -7.1211526e-001
 -6.0394356e-001
 -4.7298508e-001
 -3.2456328e-001
 -1.6534040e-001
 -2.8875647e-003
  1.5483314e-001
  2.9981595e-001
  4.2446413e-001
  5.2195551e-001
  5.8682885e-001
  6.1530748e-001
  6.0569700e-001
  5.5852431e-001
  4.7660284e-001
  3.6488418e-001
  2.3019507e-001
  8.0814757e-002
 -7.4025250e-002
 -2.2469110e-001
 -3.6171187e-001
 -4.7634792e-001
 -5.6112619e-001
 -6.1030117e-001
 -6.2020957e-001
 -5.8947348e-001
 -5.1907861e-001
 -4.1224554e-001
 -2.7408834e-001
 -1.1115455e-001
  6.9156236e-002
  2.5920955e-001
  4.5169709e-001
  6.4009708e-001
  8.1889656e-001
  9.8376751e-001
  1.1316336e+000
  1.2607222e+000
  1.3704286e+000
  1.4611766e+000
  1.5341723e+000
  1.5912059e+000
  1.6343894e+000
  1.6658804e+000
  1.6875870e+000
  1.7007865e+000
  1.7059077e+000
  1.7023993e+000
  1.6888752e+000
  1.6633827e+000
  1.6238090e+000
  1.5684535e+000
  1.4965180e+000
  1.4085607e+000
  1.3067430e+000
  1.1948942e+000
  1.0782811e+000
  9.6324925e-001
  8.5666468e-001
  7.6527094e-001
  6.9516801e-001
  6.5133763e-001
  6.3727282e-001
  6.5466468e-001
  7.0323863e-001
  7.8072903e-001
  8.8297753e-001
  1.0041654e+000
  1.1372575e+000
  1.2745127e+000
  1.4079429e+000
  1.5297933e+000
  1.6329515e+000
  1.7113265e+000
  1.7601743e+000
  1.7763804e+000
  1.7586592e+000
  1.7076014e+000
  1.6256238e+000
  1.5168037e+000
  1.3865681e+000
  1.2413007e+000
  1.0879030e+000
  9.3331937e-001
  7.8410479e-001
  6.4606472e-001
  5.2393024e-001
  4.2108620e-001
  3.3942357e-001
  2.7937303e-001
  2.4005222e-001
  2.1948844e-001
  2.1497377e-001
  2.2340475e-001
  2.4165583e-001
  2.6680061e-001
  2.9640005e-001
  3.2867195e-001
  3.6257101e-001
  3.9772310e-001
  4.3423870e-001
  4.7269133e-001
  5.1358309e-001
  5.5686711e-001
  6.0162868e-001
  6.4589097e-001
  6.8653949e-001
  7.1944061e-001
  7.3976734e-001
  7.4247159e-001
  7.2282805e-001
  6.7697074e-001
  6.0241695e-001
  4.9843429e-001
  3.6630016e-001
  2.0936154e-001
  3.2931880e-002
 -1.5600496e-001
 -3.4923177e-001
 -5.3784248e-001
 -7.1281969e-001
 -8.6562884e-001
 -9.8878972e-001
 -1.0763800e+000
 -1.1244451e+000
 -1.1313105e+000
 -1.0977476e+000
 -1.0269935e+000
 -9.2453523e-001
 -7.9775454e-001
 -6.5539391e-001
 -5.0689725e-001
 -3.6170634e-001
 -2.2857786e-001
 -1.1494447e-001
 -2.6353890e-002
  3.3849576e-002
  6.4609877e-002
  6.6955742e-002
  4.3567207e-002
 -1.6932249e-003
 -6.4292558e-002
 -1.3967076e-001
 -2.2356827e-001
 -3.1232021e-001
 -4.0296813e-001
 -4.9321562e-001
 -5.8132137e-001
 -6.6595582e-001
 -7.4603251e-001
 -8.2039904e-001
 -8.8769504e-001
 -9.4618364e-001
 -9.9372583e-001
 -1.0278827e+000
 -1.0461432e+000
 -1.0462342e+000
 -1.0264323e+000
 -9.8591079e-001
 -9.2495736e-001
 -8.4510110e-001
 -7.4911465e-001
 -6.4089651e-001
 -5.2530989e-001
 -4.0778883e-001
 -2.9399118e-001
 -1.8935561e-001
 -9.8710270e-002
 -2.5959946e-002
  2.6201828e-002
  5.6282721e-002
  6.3960379e-002
  4.9976581e-002
  1.5973188e-002
 -3.5644696e-002
 -1.0190636e-001
 -1.7936880e-001
 -2.6428250e-001
 -3.5267726e-001
 -4.4068597e-001
 -5.2450046e-001
 -6.0061033e-001
 -6.6583756e-001
 -7.1747630e-001
 -7.5329591e-001
 -7.7157115e-001
 -7.7115946e-001
 -7.5158960e-001
 -7.1334381e-001
 -6.5791325e-001
 -5.8783426e-001
 -5.0665864e-001
 -4.1874259e-001
 -3.2896106e-001
 -2.4225625e-001
 -1.6319315e-001
 -9.5543745e-002
 -4.1851650e-002
 -3.1650899e-003
  2.1029587e-002
  3.2734273e-002
  3.5182982e-002
  3.2493937e-002
  2.8970934e-002
  2.8534923e-002
  3.4199861e-002
  4.7520993e-002
  6.8279780e-002
  9.4489899e-002
  1.2263580e-001
  1.4813518e-001
  1.6594823e-001
  1.7134411e-001
  1.6052846e-001
  1.3122372e-001
  8.3017170e-002
  1.7558067e-002
 -6.1615140e-002
 -1.4934133e-001
 -2.3931242e-001
 -3.2483250e-001
 -3.9946987e-001
 -4.5757636e-001
 -4.9467649e-001
 -5.0771746e-001
 -4.9524899e-001
 -4.5743688e-001
 -3.9597020e-001
 -3.1387195e-001
 -2.1522965e-001
 -1.0480118e-001
  1.2371113e-002
  1.3123679e-001
  2.4701608e-001
  3.5537100e-001
  4.5242566e-001
  5.3480902e-001
  5.9976182e-001
  6.4521905e-001
  6.6994729e-001
  6.7371097e-001
  6.5732226e-001
  6.2262327e-001
  5.7241508e-001
  5.1035515e-001
  4.4072830e-001
  3.6818683e-001
  2.9752645e-001
  2.3340481e-001
  1.8005900e-001
  1.4101931e-001
  1.1892488e-001
  1.1533135e-001
  1.3061223e-001
  1.6397724e-001
  2.1356728e-001
  2.7662585e-001
  3.4977252e-001
  4.2934003e-001
  5.1166990e-001
  5.9340339e-001
  6.7169010e-001
  7.4432907e-001
  8.0985964e-001
  8.6755557e-001
  9.1729652e-001
  9.5940770e-001
  9.9444661e-001
  1.0230216e+000
  1.0456027e+000
  1.0623887e+000
  1.0731382e+000
  1.0771268e+000
  1.0731558e+000
  1.0597523e+000
  1.0354469e+000
  9.9907573e-001
  9.5004341e-001
  8.8847858e-001
  8.1534081e-001
  7.3241410e-001
  6.4213925e-001
  5.4744033e-001
  4.5155600e-001
  3.5794519e-001
  2.7019601e-001
  1.9188690e-001
  1.2643439e-001
  7.6934701e-002
  4.5941128e-002
  3.5245762e-002
  4.5700589e-002
  7.7116928e-002
  1.2825243e-001
  1.9680507e-001
  2.7948353e-001
  3.7216288e-001
  4.7000813e-001
  5.6774212e-001
  6.5974573e-001
  7.4046759e-001
  8.0483656e-001
  8.4873709e-001
  8.6941940e-001
  8.6588226e-001
  8.3904188e-001
  7.9165865e-001
  7.2799755e-001
  6.5335643e-001
  5.7345274e-001
  4.9392161e-001
  4.1978797e-001
  3.5503717e-001
  3.0236945e-001
  2.6303331e-001
  2.3687797e-001
  2.2256223e-001
  2.1778933e-001
  2.1959168e-001
  2.2457644e-001
  2.2921007e-001
  2.3011478e-001
  2.2433706e-001
  2.0955150e-001
  1.8429133e-001
  1.4810101e-001
  1.0161016e-001
  4.6503562e-002
 -1.4719371e-002
 -7.8875912e-002
 -1.4237082e-001
 -2.0153610e-001
 -2.5286673e-001
 -2.9338300e-001
 -3.2103660e-001
 -3.3507061e-001
 -3.3623573e-001
 -3.2678285e-001
 -3.1026432e-001
 -2.9121969e-001
 -2.7474559e-001
 -2.6599465e-001
 -2.6967068e-001
 -2.8955569e-001
 -3.2806932e-001
 -3.8593534e-001
 -4.6196038e-001
 -5.5304556e-001
 -6.5445667e-001
 -7.6022584e-001
 -8.6373133e-001
 -9.5839589e-001
 -1.0382427e+000
 -1.0983279e+000
 -1.1350935e+000
 -1.1465743e+000
 -1.1323655e+000
 -1.0934602e+000
 -1.0320389e+000
 -9.5130578e-001
 -8.5527912e-001
 -7.4853300e-001
 -6.3600227e-001
 -5.2277979e-001
 -4.1388028e-001
 -3.1396118e-001
 -2.2700025e-001
 -1.5596110e-001
 -1.0247235e-001
 -6.6652002e-002
 -4.7104274e-002
 -4.1169161e-002
 -4.5290771e-002
 -5.5472562e-002
 -6.7823150e-002
 -7.9127414e-002
 -8.7318021e-002
 -9.1806604e-002
 -9.3584360e-002
 -9.5106494e-002
 -9.9923605e-002
 -1.1214912e-001
 -1.3588572e-001
 -1.7460284e-001
 -2.3051341e-001
 -3.0414471e-001
 -3.9410863e-001
 -4.9713685e-001
 -6.0833046e-001
 -7.2161416e-001
 -8.3032749e-001
 -9.2778959e-001
 -1.0078941e+000
 -1.0655891e+000
 -1.0972602e+000
 -1.1010003e+000
 -1.0766754e+000
 -1.0259761e+000
 -9.5227207e-001
 -8.6039776e-001
 -7.5636602e-001
 -6.4702458e-001
 -5.3964644e-001
 -4.4149489e-001
 -3.5934545e-001
 -2.9898534e-001
 -2.6465811e-001
 -2.5856645e-001
 -2.8062222e-001
 -3.2846787e-001
 -3.9789871e-001
 -4.8303171e-001
 -5.7675380e-001
 -6.7138886e-001
 -7.5936012e-001
 -8.3376290e-001
 -8.8870284e-001
 -9.1971212e-001
 -9.2399944e-001
 -9.0048537e-001
 -8.4968396e-001
 -7.7357543e-001
 -6.7539056e-001
 -5.5937090e-001
 -4.3051551e-001
 -2.9431605e-001
 -1.5644869e-001
 -2.2510846e-002
  1.0215852e-001
  2.1256753e-001
  3.0442962e-001
  3.7443951e-001
  4.2060255e-001
  4.4239479e-001
  4.4089323e-001
  4.1868360e-001
  3.7957985e-001
  3.2825451e-001
  2.6981508e-001
  2.0927535e-001
  1.5114783e-001
  9.9117607e-002
  5.5646688e-002
  2.1662885e-002
 -3.5370910e-003
 -2.2215003e-002
 -3.7859977e-002
 -5.4729044e-002
 -7.7228355e-002
 -1.0923988e-001
 -1.5351730e-001
 -2.1124240e-001
 -2.8165996e-001
 -3.6207939e-001
 -4.4816365e-001
 -5.3432201e-001
 -6.1426015e-001
 -6.8160386e-001
 -7.3049389e-001
 -7.5599821e-001
 -7.5440008e-001
 -7.2342294e-001
 -6.6240538e-001
 -5.7242197e-001
 -4.5625765e-001
 -3.1831053e-001
 -1.6439055e-001
 -1.4161557e-003
  1.6300223e-001
  3.2112134e-001
  4.6568678e-001
  5.9046257e-001
  6.9065809e-001
  7.6333244e-001
  8.0766111e-001
  8.2493270e-001
  8.1836610e-001
  7.9274253e-001
  7.5383779e-001
  7.0781309e-001
  6.6060292e-001
  6.1744013e-001
  5.8262037e-001
  5.5936604e-001
  5.4978330e-001
  5.5493688e-001
  5.7501663e-001
  6.0949064e-001
  6.5724920e-001
  7.1670918e-001
  7.8593602e-001
  8.6275699e-001
  9.4474082e-001
  1.0291953e+000
  1.1132132e+000
  1.1936571e+000
  1.2672475e+000
  1.3307576e+000
  1.3813123e+000
  1.4165516e+000
  1.4347267e+000
  1.4347119e+000
  1.4159204e+000
  1.3781988e+000
  1.3217991e+000
  1.2473998e+000
  1.1561773e+000
  1.0498488e+000
  9.3071737e-001
  8.0167223e-001
  6.6611472e-001
  5.2782292e-001
  3.9073824e-001
  2.5893775e-001
  1.3634607e-001
  2.6801364e-002
 -6.6095617e-002
 -1.3905307e-001
 -1.8932611e-001
 -2.1497085e-001
 -2.1510216e-001
 -1.9012684e-001
 -1.4188601e-001
 -7.3620190e-002
  1.0279631e-002
  1.0466973e-001
  2.0406694e-001
  3.0306403e-001
  3.9675005e-001
  4.8120770e-001
  5.5354232e-001
  6.1190849e-001
  6.5545888e-001
  6.8411179e-001
  6.9845163e-001
  6.9965880e-001
  6.8951374e-001
  6.7036403e-001
  6.4495570e-001
  6.1620243e-001
  5.8688318e-001
  5.5939295e-001
  5.3552588e-001
  5.1614486e-001
  5.0108231e-001
  4.8920341e-001
  4.7857905e-001
  4.6676739e-001
  4.5119466e-001
  4.2961051e-001
  4.0038927e-001
  3.6283571e-001
  3.1736195e-001
  2.6553430e-001
  2.0998033e-001
  1.5411964e-001
  1.0172427e-001
  5.6306973e-002
  2.0529919e-002
 -4.2625421e-003
 -1.8434473e-002
 -2.4080109e-002
 -2.4909841e-002
 -2.6024308e-002
 -3.2744066e-002
 -4.9903244e-002
 -8.1273308e-002
 -1.2925173e-001
 -1.9481337e-001
 -2.7762116e-001
 -3.7614259e-001
 -4.8780015e-001
 -6.0925255e-001
 -7.3671161e-001
 -8.6609481e-001
 -9.9299290e-001
 -1.1126362e+000
 -1.2199392e+000
 -1.3095415e+000
 -1.3761419e+000
 -1.4149695e+000
 -1.4222321e+000
 -1.3955608e+000
 -1.3343679e+000
 -1.2400338e+000
 -1.1159483e+000
 -9.6739146e-001
 -8.0133043e-001
 -6.2607313e-001
 -4.5082818e-001
 -2.8493448e-001
 -1.3694334e-001
 -1.3647297e-002
  8.0452786e-002
  1.4338175e-001
  1.7567547e-001
  1.8022293e-001
  1.6174001e-001
  1.2610062e-001
  7.9551362e-002
  2.8058403e-002
 -2.3087393e-002
 -6.9550525e-002
 -1.0796442e-001
 -1.3597837e-001
 -1.5220956e-001
 -1.5635212e-001
 -1.4900449e-001
 -1.3142608e-001
 -1.0534951e-001
 -7.2688080e-002
 -3.5416231e-002
  4.5276292e-003
  4.5266249e-002
  8.4965596e-002
  1.2181561e-001
  1.5400032e-001
  1.7976092e-001
  1.9760660e-001
  2.0628676e-001
  2.0505050e-001
  1.9358743e-001
  1.7197317e-001
  1.4053040e-001
  9.9734624e-002
  5.0002945e-002
 -8.4797007e-003
 -7.5685168e-002
 -1.5179269e-001
 -2.3715375e-001
 -3.3212264e-001
 -4.3688090e-001
 -5.5115933e-001
 -6.7388626e-001
 -8.0288731e-001
 -9.3458984e-001
 -1.0639489e+000
 -1.1845987e+000
 -1.2892726e+000
 -1.3703584e+000
 -1.4205980e+000
 -1.4339973e+000
 -1.4064898e+000
 -1.3363808e+000
 -1.2245881e+000
 -1.0746254e+000
 -8.9211240e-001
 -6.8451410e-001
 -4.6048622e-001
 -2.2880674e-001
  2.0765317e-003
  2.2440537e-001
  4.3136040e-001
  6.1723711e-001
  7.7751683e-001
  9.0873262e-001
  1.0084836e+000
  1.0752730e+000
  1.1085046e+000
  1.1083528e+000
  1.0757813e+000
  1.0126891e+000
  9.2200311e-001
  8.0763069e-001
  6.7430196e-001
  5.2727605e-001
  3.7245774e-001
  2.1617411e-001
  6.5184167e-002
 -7.3612102e-002
 -1.9377914e-001
 -2.8979289e-001
 -3.5743826e-001
 -3.9410883e-001
 -3.9894290e-001
 -3.7282163e-001
 -3.1820538e-001
 -2.3880699e-001
 -1.3921016e-001
 -2.4624634e-002
  9.9280331e-002
  2.2651102e-001
  3.5086041e-001
  4.6604418e-001
  5.6601653e-001
  6.4535312e-001
  6.9951475e-001
  7.2527481e-001
  7.2080363e-001
  6.8579148e-001
  6.2149254e-001
  5.3042439e-001
  4.1609370e-001
  2.8275876e-001
  1.3520469e-001
 -2.1417861e-002
 -1.8172691e-001
 -3.4014793e-001
 -4.9093869e-001
 -6.2826997e-001
 -7.4620366e-001
 -8.3877822e-001
 -9.0015843e-001
 -9.2481478e-001
 -9.0785298e-001
 -8.4536890e-001
 -7.3483531e-001
 -5.7546887e-001
 -3.6854792e-001
 -1.1763530e-001
  1.7133979e-001
  4.9021591e-001
  8.2893424e-001
  1.1759507e+000
  1.5189256e+000
  1.8453579e+000
  2.1433459e+000
  2.4022496e+000
  2.6130816e+000
  2.7687709e+000
  2.8644448e+000
  2.8974423e+000
  2.8673416e+000
  2.7759402e+000
  2.6271361e+000
  2.4269125e+000
  2.1832093e+000
  1.9056292e+000
  1.6050202e+000
  1.2932706e+000
  9.8293489e-001
  6.8670622e-001
  4.1703285e-001
  1.8529442e-001
  9.5865774e-004
 -1.2928020e-001
 -2.0222385e-001
 -2.1842444e-001
 -1.8209121e-001
 -1.0081301e-001
  1.5099403e-002
  1.5353940e-001
  3.0162282e-001
  4.4673229e-001
  5.7751175e-001
  6.8464227e-001
  7.6150681e-001
  8.0436674e-001
  8.1229959e-001
  7.8697436e-001
  7.3229717e-001
  6.5375807e-001
  5.5779603e-001
  4.5114687e-001
  3.4027683e-001
  2.3091159e-001
  1.2777149e-001
  3.4482769e-002
 -4.6472838e-002
 -1.1368671e-001
 -1.6672068e-001
 -2.0599132e-001
 -2.3256291e-001
 -2.4785126e-001
 -2.5330290e-001
 -2.5011474e-001
 -2.3906893e-001
 -2.2045326e-001
 -1.9402816e-001
 -1.5907344e-001
 -1.1452310e-001
 -5.9125436e-002
  8.3325864e-003
  8.8722533e-002
  1.8228183e-001
  2.8833537e-001
  4.0508989e-001
  5.2942496e-001
  6.5681398e-001
  7.8133823e-001
  8.9589412e-001
  9.9256861e-001
  1.0632582e+000
  1.1005010e+000
  1.0983630e+000
  1.0530931e+000
  9.6360743e-001
  8.3149890e-001
  6.6089643e-001
  4.5818387e-001
  2.3157650e-001
 -9.4837063e-003
 -2.5507102e-001
 -4.9551202e-001
 -7.2213498e-001
 -9.2786550e-001
 -1.1076154e+000
 -1.2584561e+000
 -1.3795495e+000
 -1.4718196e+000
 -1.5374757e+000
 -1.5795832e+000
 -1.6014852e+000
 -1.6063398e+000
 -1.5968519e+000
 -1.5752041e+000
 -1.5430654e+000
 -1.5016883e+000
 -1.4520896e+000
 -1.3950933e+000
 -1.3314606e+000
 -1.2620404e+000
 -1.1878720e+000
 -1.1101416e+000
 -1.0301374e+000
 -9.4915440e-001
 -8.6833115e-001
 -7.8839701e-001
 -7.0950530e-001
 -6.3131023e-001
 -5.5301975e-001
 -4.7375938e-001
 -3.9289714e-001
 -3.1023107e-001
 -2.2609405e-001
 -1.4138028e-001
 -5.7431325e-002
  2.4067722e-002
  1.0129470e-001
  1.7248683e-001
  2.3615750e-001
  2.9135684e-001
  3.3777762e-001
  3.7577150e-001
  4.0623738e-001
  4.3057531e-001
  4.5039738e-001
  4.6722263e-001
  4.8219132e-001
  4.9585486e-001
  5.0802370e-001
  5.1767535e-001
  5.2317032e-001
  5.2249097e-001
  5.1362046e-001
  4.9474685e-001
  4.6450250e-001
  4.2221794e-001
  3.6815916e-001
  3.0357185e-001
  2.3051684e-001
  1.5165414e-001
  7.0013195e-002
 -1.1254888e-002
 -8.9040665e-002
 -1.6047667e-001
 -2.2316921e-001
 -2.7534737e-001
 -3.1592238e-001
 -3.4444029e-001
 -3.6104105e-001
 -3.6649309e-001
 -3.6218427e-001
 -3.4999112e-001
 -3.3204300e-001
 -3.1048786e-001
 -2.8724908e-001
 -2.6384643e-001
 -2.4124745e-001
 -2.1976354e-001
 -1.9898539e-001
 -1.7784488e-001
 -1.5468021e-001
 -1.2745155e-001
 -9.3927474e-002
 -5.1933303e-002
  3.8355016e-004
  6.4288294e-002
  1.4034058e-001
  2.2836530e-001
  3.2736349e-001
  4.3546105e-001
  5.4991424e-001
  6.6716801e-001
  7.8295286e-001
  8.9250499e-001
  9.9092926e-001
  1.0735309e+000
  1.1363091e+000
  1.1762333e+000
  1.1918168e+000
  1.1832360e+000
  1.1523404e+000
  1.1024740e+000
  1.0380888e+000
  9.6415080e-001
  8.8551277e-001
  8.0637793e-001
  7.2993171e-001
  6.5810257e-001
  5.9151771e-001
  5.2964900e-001
  4.7111613e-001
  4.1403516e-001
  3.5649505e-001
  2.9697751e-001
  2.3457100e-001
  1.6905343e-001
  1.0081251e-001
  3.0749963e-002
 -3.9806824e-002
 -1.0931275e-001
 -1.7610970e-001
 -2.3856637e-001
 -2.9509988e-001
 -3.4420396e-001
 -3.8447421e-001
 -4.1467913e-001
 -4.3387155e-001
 -4.4143045e-001
 -4.3711233e-001
 -4.2110565e-001
 -3.9405308e-001
 -3.5710302e-001
 -3.1186439e-001
 -2.6031654e-001
 -2.0479459e-001
 -1.4790103e-001
 -9.2371090e-002
 -4.0916977e-002
  3.9397212e-003
  4.0121154e-002
  6.6153266e-002
  8.1341052e-002
  8.5881433e-002
  8.0902601e-002
  6.8391170e-002
  5.1088453e-002
  3.2247531e-002
  1.5360806e-002
  3.8827127e-003
  9.7952191e-004
  9.3014960e-003
  3.0784842e-002
  6.6482228e-002
  1.1643605e-001
  1.7960820e-001
  2.5388850e-001
  3.3617034e-001
  4.2244686e-001
  5.0797172e-001
  5.8747097e-001
  6.5543386e-001
  7.0638225e-001
  7.3530050e-001
  7.3798036e-001
  7.1133701e-001
  6.5369572e-001
  5.6493694e-001
  4.4673588e-001
  3.0262706e-001
  1.3795501e-001
 -4.0466489e-002
 -2.2477819e-001
 -4.0650844e-001
 -5.7711042e-001
 -7.2855534e-001
 -8.5391805e-001
 -9.4786834e-001
 -1.0070445e+000
 -1.0302946e+000
 -1.0187105e+000
 -9.7547415e-001
 -9.0549444e-001
 -8.1489325e-001
 -7.1037477e-001
 -5.9875210e-001
 -4.8633243e-001
 -3.7856404e-001
 -2.7976797e-001
 -1.9297724e-001
 -1.2000029e-001
 -6.1500875e-002
 -1.7219072e-002
  1.3793685e-002
  3.2820525e-002
  4.1204729e-002
  4.0044822e-002
  3.0070209e-002
  1.1580926e-002
 -1.5569247e-002
 -5.1778002e-002
 -9.7463169e-002
 -1.5286166e-001
 -2.1775204e-001
 -2.9140320e-001
 -3.7252677e-001
 -4.5930645e-001
 -5.4925057e-001
 -6.3908529e-001
 -7.2474949e-001
 -8.0156469e-001
 -8.6446854e-001
 -9.0838951e-001
 -9.2864530e-001
 -9.2140192e-001
 -8.8411954e-001
 -8.1597231e-001
 -7.1810696e-001
 -5.9359934e-001
 -4.4729924e-001
 -2.8564235e-001
 -1.1607497e-001
  5.3345097e-002
  2.1451540e-001
  3.5969727e-001
  4.8189227e-001
  5.7528840e-001
  6.3557883e-001
  6.6021894e-001
  6.4856024e-001
  6.0187349e-001
  5.2315456e-001
  4.1684677e-001
  2.8853192e-001
  1.4457919e-001
 -8.3780253e-003
 -1.6367612e-001
 -3.1496689e-001
 -4.5639377e-001
 -5.8265753e-001
 -6.8907843e-001
 -7.7146739e-001
 -8.2610379e-001
 -8.4986628e-001
 -8.4055027e-001
 -7.9709762e-001
 -7.1974278e-001
 -6.1013143e-001
 -4.7132859e-001
 -3.0783475e-001
 -1.2536411e-001
  6.9470038e-002
  2.6951658e-001
  4.6744213e-001
  6.5606044e-001
  8.2861771e-001
  9.7897284e-001
  1.1017895e+000
  1.1928492e+000
  1.2491222e+000
  1.2690083e+000
  1.2524333e+000
  1.2007796e+000
  1.1167620e+000
  1.0041748e+000
  8.6768391e-001
  7.1261943e-001
  5.4457564e-001
  3.6920554e-001
  1.9201948e-001
  1.8327887e-002
 -1.4651768e-001
 -2.9706792e-001
 -4.2775891e-001
 -5.3302641e-001
 -6.0761417e-001
 -6.4728323e-001
 -6.4928581e-001
 -6.1267997e-001
 -5.3816508e-001
 -4.2788617e-001
 -2.8505872e-001
 -1.1366859e-001
  8.1939513e-002
  2.9705162e-001
  5.2643662e-001
  7.6397867e-001
  1.0023980e+000
  1.2332465e+000
  1.4471298e+000
  1.6341609e+000
  1.7846410e+000
  1.8898776e+000
  1.9429695e+000
  1.9394613e+000
  1.8778199e+000
  1.7596361e+000
  1.5894174e+000
  1.3741460e+000
  1.1227222e+000
  8.4529348e-001
  5.5272414e-001
  2.5612929e-001
 -3.3515428e-002
 -3.0570656e-001
 -5.5089003e-001
 -7.6079026e-001
 -9.2880663e-001
 -1.0503845e+000
 -1.1232686e+000
 -1.1476304e+000
 -1.1260207e+000
 -1.0632067e+000
 -9.6584136e-001
 -8.4211010e-001
 -7.0126385e-001
 -5.5310252e-001
 -4.0730594e-001
 -2.7283261e-001
 -1.5732283e-001
 -6.6774444e-002
 -5.2153095e-003
  2.5392415e-002
  2.5134777e-002
 -4.1464594e-003
 -5.9294616e-002
 -1.3633947e-001
 -2.3100548e-001
 -3.3909741e-001
 -4.5684564e-001
 -5.8084835e-001
 -7.0809081e-001
 -8.3567327e-001
 -9.6082242e-001
 -1.0807435e+000
 -1.1924643e+000
 -1.2927083e+000
 -1.3777664e+000
 -1.4434316e+000
 -1.4854772e+000
 -1.5001173e+000
 -1.4844275e+000
 -1.4368340e+000
 -1.3574538e+000
 -1.2481627e+000
 -1.1124623e+000
 -9.5525556e-001
 -7.8252957e-001
 -6.0084977e-001
 -4.1693197e-001
 -2.3731775e-001
 -6.8117991e-002
  8.5172262e-002
  2.1785078e-001
  3.2607540e-001
  4.0688705e-001
  4.5809196e-001
  4.7819099e-001
  4.6633246e-001
  4.2236904e-001
  3.4693947e-001
  2.4154227e-001
  1.0873965e-001
 -4.7826623e-002
 -2.2340624e-001
 -4.1232566e-001
 -6.0848953e-001
 -8.0565378e-001
 -9.9793340e-001
 -1.1800890e+000
 -1.3478078e+000
 -1.4976855e+000
 -1.6270788e+000
 -1.7338582e+000
 -1.8161752e+000
 -1.8723385e+000
 -1.9007933e+000
 -1.9000885e+000
 -1.8688125e+000
 -1.8053669e+000
 -1.7082318e+000
 -1.5769111e+000
 -1.4127629e+000
 -1.2193969e+000
 -1.0026743e+000
 -7.7045629e-001
 -5.3217407e-001
 -2.9821205e-001
 -7.9168079e-002
  1.1513064e-001
  2.7659675e-001
  3.9952113e-001
  4.8096559e-001
  5.2089185e-001
  5.2207866e-001
  4.8988766e-001
  4.3187633e-001
  3.5719975e-001
  2.7592326e-001
  1.9832439e-001
  1.3407897e-001
  9.1382827e-002
  7.6189234e-002
  9.1782135e-002
  1.3851791e-001
  2.1391413e-001
  3.1294482e-001
  4.2858739e-001
  5.5245502e-001
  6.7540407e-001
  7.8824352e-001
  8.8259648e-001
  9.5175610e-001
  9.9129477e-001
  9.9942646e-001
  9.7706890e-001
  9.2758311e-001
  8.5613988e-001
  7.6906595e-001
  6.7315039e-001
  5.7487731e-001
  4.7986289e-001
  3.9237403e-001
  3.1497670e-001
  2.4835372e-001
  1.9127289e-001
  1.4077596e-001
  9.2533224e-002
  4.1357640e-002
 -1.8031094e-002
 -9.0215300e-002
 -1.7832955e-001
 -2.8367240e-001
 -4.0538654e-001
 -5.4035893e-001
 -6.8333171e-001
 -8.2718502e-001
 -9.6340034e-001
 -1.0826607e+000
 -1.1754825e+000
 -1.2329931e+000
 -1.2477938e+000
 -1.2146858e+000
 -1.1311471e+000
 -9.9767275e-001
 -8.1787614e-001
 -5.9838796e-001
 -3.4844359e-001
 -7.9253571e-002
  1.9675031e-001
  4.6684774e-001
  7.1896908e-001
  9.4255545e-001
  1.1292781e+000
  1.2734171e+000
  1.3720434e+000
  1.4249905e+000
  1.4346688e+000
  1.4057177e+000
  1.3445822e+000
  1.2589344e+000
  1.1570823e+000
  1.0472844e+000
  9.3701315e-001
  8.3249948e-001
  7.3849023e-001
  6.5800644e-001
  5.9232045e-001
  5.4100434e-001
  5.0212939e-001
  4.7261508e-001
  4.4867781e-001
  4.2636604e-001
  4.0205172e-001
  3.7279547e-001
  3.3679320e-001
  2.9330343e-001
  2.4251380e-001
  1.8533550e-001
  1.2314060e-001
  5.7640484e-002
 -9.1678980e-003
 -7.5138408e-002
 -1.3804417e-001
 -1.9579170e-001
 -2.4678241e-001
 -2.9012892e-001
 -3.2586906e-001
 -3.5499930e-001
 -3.7937976e-001
 -4.0149251e-001
 -4.2395927e-001
 -4.4926030e-001
 -4.7908618e-001
 -5.1377895e-001
 -5.5223419e-001
 -5.9202570e-001
 -6.2962353e-001
 -6.6071725e-001
 -6.8062158e-001
 -6.8475929e-001
 -6.6912363e-001
 -6.3067405e-001
 -5.6757577e-001
 -4.7944575e-001
 -3.6744297e-001
 -2.3426839e-001
 -8.3930843e-002
  7.8513981e-002
  2.4731010e-001
  4.1636813e-001
  5.7959258e-001
  7.3121311e-001
  8.6604338e-001
  9.7969494e-001
  1.0688507e+000
  1.1312786e+000
  1.1659460e+000
  1.1730379e+000
  1.1539290e+000
  1.1109970e+000
  1.0473672e+000
  9.6664502e-001
  8.7262988e-001
  7.6901464e-001
  6.5933091e-001
  5.4693676e-001
  4.3487090e-001
  3.2547019e-001
  2.2006997e-001
  1.1891531e-001
  2.0990850e-002
 -7.5836572e-002
 -1.7440350e-001
 -2.7761567e-001
 -3.8781051e-001
 -5.0623621e-001
 -6.3277830e-001
 -7.6579644e-001
 -9.0225416e-001
 -1.0378832e+000
 -1.1675960e+000
 -1.2860397e+000
 -1.3881234e+000
 -1.4692951e+000
 -1.5260485e+000
 -1.5562671e+000
 -1.5595128e+000
 -1.5368820e+000
 -1.4910918e+000
 -1.4257804e+000
 -1.3450100e+000
 -1.2529654e+000
 -1.1534956e+000
 -1.0500089e+000
 -9.4557902e-001
 -8.4311111e-001
 -7.4539483e-001
 -6.5524098e-001
 -5.7556750e-001
 -5.0922711e-001
 -4.5866124e-001
 -4.2556152e-001
 -4.1059194e-001
 -4.1317707e-001
 -4.3136102e-001
 -4.6175111e-001
 -4.9961142e-001
 -5.3921879e-001
 -5.7435826e-001
 -5.9900979e-001
 -6.0806893e-001
 -5.9792061e-001
 -5.6685126e-001
 -5.1528682e-001
 -4.4581453e-001
 -3.6303225e-001
 -2.7312146e-001
 -1.8311593e-001
 -1.0001252e-001
 -3.0051522e-002
  2.1784337e-002
  5.2112687e-002
  5.9310026e-002
  4.3492878e-002
  6.3429641e-003
 -4.9217046e-002
 -1.1939104e-001
 -1.9979098e-001
 -2.8578162e-001
 -3.7269480e-001
 -4.5611799e-001
 -5.3221185e-001
 -5.9803398e-001
 -6.5173289e-001
 -6.9261217e-001
 -7.2118521e-001
 -7.3922217e-001
 -7.4965833e-001
 -7.5639229e-001
 -7.6370498e-001
 -7.7596495e-001
 -7.9702592e-001
 -8.2957247e-001
 -8.7454795e-001
 -9.3077370e-001
 -9.9484404e-001
 -1.0612779e+000
 -1.1229760e+000
 -1.1718414e+000
 -1.1996165e+000
 -1.1988218e+000
 -1.1636728e+000
 -1.0907509e+000
 -9.7943660e-001
 -8.3202356e-001
 -6.5348579e-001
 -4.5112309e-001
 -2.3423156e-001
 -1.3204117e-002
  2.0146175e-001
  3.9996370e-001
  5.7416841e-001
  7.1744146e-001
  8.2466882e-001
  8.9282506e-001
  9.2135984e-001
  9.1225546e-001
  8.6980455e-001
  8.0016363e-001
  7.1079216e-001
  6.0986860e-001
  5.0565602e-001
  4.0588006e-001
  3.1710478e-001
  2.4430850e-001
  1.9046413e-001
  1.5640118e-001
  1.4087302e-001
  1.4083126e-001
  1.5187116e-001
  1.6878304e-001
  1.8610581e-001
  1.9881089e-001
  2.0286909e-001
  1.9567676e-001
  1.7631969e-001
  1.4573044e-001
  1.0641946e-001
  6.2178235e-002
  1.7552487e-002
 -2.3017953e-002
 -5.5857521e-002
 -7.8554359e-002
 -9.0213265e-002
 -9.1515673e-002
 -8.4530187e-002
 -7.2374757e-002
 -5.8677871e-002
 -4.7018765e-002
 -4.0492375e-002
 -4.1468419e-002
 -5.1460156e-002
 -7.1033818e-002
 -9.9859367e-002
 -1.3684487e-001
 -1.8047275e-001
 -2.2891330e-001
 -2.8015380e-001
 -3.3194286e-001
 -3.8192707e-001
 -4.2763240e-001
 -4.6650913e-001
 -4.9605607e-001
 -5.1394320e-001
 -5.1821584e-001
 -5.0754421e-001
 -4.8140155e-001
 -4.4028822e-001
 -3.8575148e-001
 -3.2034356e-001
 -2.4744239e-001
 -1.7096283e-001
 -9.5025989e-002
 -2.3496593e-002
  4.0440809e-002
  9.4594042e-002
  1.3795278e-001
  1.7070614e-001
  1.9414697e-001
  2.1044780e-001
  2.2232113e-001
  2.3262683e-001
  2.4405260e-001
  2.5889582e-001
  2.7883549e-001
  3.0473922e-001
  3.3652984e-001
  3.7316179e-001
  4.1256092e-001
  4.5196235e-001
  4.8825717e-001
  5.1823701e-001
  5.3874986e-001
  5.4693638e-001
  5.4037624e-001
  5.1719813e-001
  4.7628950e-001
  4.1739108e-001
  3.4124067e-001
  2.4968738e-001
  1.4573896e-001
  3.3545548e-002
 -8.1760484e-002
 -1.9434768e-001
 -2.9803358e-001
 -3.8684758e-001
 -4.5551115e-001
 -4.9988430e-001
 -5.1730270e-001
 -5.0680113e-001
 -4.6927718e-001
 -4.0745200e-001
 -3.2573054e-001
 -2.2991256e-001
 -1.2674076e-001
 -2.3365351e-002
  7.3259054e-002
  1.5687750e-001
  2.2239112e-001
  2.6611560e-001
  2.8596555e-001
  2.8152704e-001
  2.5406432e-001
  2.0637010e-001
  1.4253194e-001
  6.7576091e-002
 -1.2909344e-002
 -9.3230707e-002
 -1.6801030e-001
 -2.3261053e-001
 -2.8344998e-001
 -3.1824431e-001
 -3.3607461e-001
 -3.3725277e-001
 -3.2318581e-001
 -2.9604707e-001
 -2.5834624e-001
 -2.1248398e-001
 -1.6046051e-001
 -1.0389396e-001
 -4.4159609e-002
  1.7286976e-002
  7.8747257e-002
  1.3846541e-001
  1.9490472e-001
  2.4694455e-001
  2.9405855e-001
  3.3613359e-001
  3.7317722e-001
  4.0506066e-001
  4.3133104e-001
  4.5108883e-001
  4.6288714e-001
  4.6483087e-001
  4.5482942e-001
  4.3091299e-001
  3.9154633e-001
  3.3585291e-001
  2.6376782e-001
  1.7605716e-001
  7.4239999e-002
 -3.9532785e-002
 -1.6263311e-001
 -2.9209680e-001
 -4.2475766e-001
 -5.5722724e-001
 -6.8593262e-001
 -8.0724822e-001
 -9.1760743e-001
 -1.0137818e+000
 -1.0931316e+000
 -1.1538896e+000
 -1.1954117e+000
 -1.2183044e+000
 -1.2244398e+000
 -1.2168308e+000
 -1.1993937e+000
 -1.1766598e+000
 -1.1533454e+000
 -1.1338518e+000
 -1.1217713e+000
 -1.1194689e+000
 -1.1278435e+000
 -1.1461601e+000
 -1.1720780e+000
 -1.2018621e+000
 -1.2307371e+000
 -1.2533660e+000
 -1.2643651e+000
 -1.2588650e+000
 -1.2329848e+000
 -1.1842086e+000
 -1.1116363e+000
 -1.0161835e+000
 -9.0049403e-001
 -7.6886765e-001
 -6.2693207e-001
 -4.8120079e-001
 -3.3855151e-001
 -2.0567939e-001
 -8.8635038e-002
  7.5990497e-003
  7.9452129e-002
  1.2493236e-001
  1.4363492e-001
  1.3668690e-001
  1.0659565e-001
  5.6956285e-002
 -7.9076991e-003
 -8.3373976e-002
 -1.6495382e-001
 -2.4867466e-001
 -3.3122404e-001
 -4.1006211e-001
 -4.8341819e-001
 -5.5024567e-001
 -6.1004677e-001
 -6.6266720e-001
 -7.0803943e-001
 -7.4609728e-001
 -7.7664109e-001
 -7.9935018e-001
 -8.1388599e-001
 -8.2003443e-001
 -8.1785382e-001
 -8.0788577e-001
 -7.9129304e-001
 -7.7003203e-001
 -7.4669111e-001
 -7.2431937e-001
 -7.0604821e-001
 -6.9469928e-001
 -6.9248466e-001
 -7.0087988e-001
 -7.2063402e-001
 -7.5183181e-001
 -7.9400883e-001
 -8.4623789e-001
 -9.0701341e-001
 -9.7432441e-001
 -1.0456792e+000
 -1.1181118e+000
 -1.1881093e+000
 -1.2516707e+000
 -1.3044034e+000
 -1.3416220e+000
 -1.3585798e+000
 -1.3507901e+000
 -1.3143818e+000
 -1.2464456e+000
 -1.1453339e+000
 -1.0110166e+000
 -8.4533750e-001
 -6.5209392e-001
 -4.3692646e-001
 -2.0713483e-001
  2.8643571e-002
  2.6088652e-001
  4.7973998e-001
  6.7570985e-001
  8.4047375e-001
  9.6754982e-001
  1.0527375e+000
  1.0943248e+000
  1.0931154e+000
  1.0522338e+000
  9.7675838e-001
  8.7319590e-001
  7.4888138e-001
  6.1133400e-001
  4.6762374e-001
  3.2381683e-001
  1.8459074e-001
  5.3026780e-002
 -6.9369450e-002
 -1.8247769e-001
 -2.8722950e-001
 -3.8519194e-001
 -4.7806384e-001
 -5.6721958e-001
 -6.5332246e-001
 -7.3608957e-001
 -8.1421571e-001
 -8.8546846e-001
 -9.4689096e-001
 -9.9513875e-001
 -1.0268757e+000
 -1.0392565e+000
 -1.0302568e+000
 -9.9897960e-001
 -9.4587913e-001
 -8.7283783e-001
 -7.8316150e-001
 -6.8139929e-001
 -5.7301893e-001
 -4.6397736e-001
 -3.6019443e-001
 -2.6709557e-001
 -1.8913531e-001
 -1.2943158e-001
 -8.9431547e-002
 -6.8771156e-002
 -6.5318206e-002
 -7.5430794e-002
 -9.4265400e-002
 -1.1619702e-001
 -1.3535261e-001
 -1.4613705e-001
 -1.4368399e-001
 -1.2429556e-001
 -8.5749487e-002
 -2.7473750e-002
  4.9488456e-002
  1.4260401e-001
  2.4804064e-001
  3.6105190e-001
  4.7642724e-001
  5.8903436e-001
  6.9432131e-001
  7.8873191e-001
  8.6987148e-001
  9.3640174e-001
  9.8792360e-001
  1.0247470e+000
  1.0475744e+000
  1.0572641e+000
  1.0546209e+000
  1.0403119e+000
  1.0148831e+000
  9.7877265e-001
  9.3235504e-001
  8.7595819e-001
  8.0989530e-001
  7.3449651e-001
  6.5013919e-001
  5.5725549e-001
  4.5636992e-001
  3.4815954e-001
  2.3354282e-001
  1.1380194e-001
 -9.2355171e-003
 -1.3311596e-001
 -2.5480347e-001
 -3.7091170e-001
 -4.7794552e-001
 -5.7255881e-001
 -6.5171159e-001
 -7.1272960e-001
 -7.5357900e-001
 -7.7310327e-001
 -7.7117408e-001
 -7.4871320e-001
 -7.0761687e-001
 -6.5061181e-001
 -5.8108740e-001
 -5.0292772e-001
 -4.2009961e-001
 -3.3629799e-001
 -2.5462429e-001
 -1.7731258e-001
 -1.0555075e-001
 -3.9597032e-002
  2.1062982e-002
  7.7487700e-002
  1.3101777e-001
  1.8292313e-001
  2.3410860e-001
  2.8483666e-001
  3.3456385e-001
  3.8187649e-001
  4.2460241e-001
  4.5999420e-001
  4.8501559e-001
  4.9665177e-001
  4.9232039e-001
  4.7029030e-001
  4.3000664e-001
  3.7224190e-001
  2.9922150e-001
  2.1422445e-001
  1.2116163e-001
  2.4064059e-002
 -7.3296729e-002
 -1.6768978e-001
 -2.5655449e-001
 -3.3806737e-001
 -4.1116794e-001
 -4.7550083e-001
 -5.3124593e-001
 -5.7893934e-001
 -6.1930949e-001
 -6.5311148e-001
 -6.8103827e-001
 -7.0370103e-001
 -7.2160515e-001
 -7.3523818e-001
 -7.4520995e-001
 -7.5237470e-001
 -7.5788173e-001
 -7.6317921e-001
 -7.7003266e-001
 -7.8042094e-001
 -7.9640005e-001
 -8.1987675e-001
 -8.5231164e-001
 -8.9457927e-001
 -9.4674642e-001
 -1.0078029e+000
 -1.0755506e+000
 -1.1467124e+000
 -1.2171133e+000
 -1.2820050e+000
 -1.3366398e+000
 -1.3767192e+000
 -1.3988642e+000
 -1.4009596e+000
 -1.3823693e+000
 -1.3439337e+000
 -1.2878020e+000
 -1.2171035e+000
 -1.1355483e+000
 -1.0470340e+000
 -9.5523504e-001
 -8.6328410e-001
 -7.7357805e-001
 -6.8770951e-001
 -6.0643581e-001
 -5.2982251e-001
 -4.5748879e-001
 -3.8891064e-001
 -3.2373377e-001
 -2.6202565e-001
 -2.0439212e-001
 -1.5201262e-001
 -1.0661650e-001
 -7.0310936e-002
 -4.5316965e-002
 -3.3662281e-002
 -3.6879615e-002
 -5.5720879e-002
 -9.0383951e-002
 -1.3970009e-001
 -2.0160898e-001
 -2.7336003e-001
 -3.5159831e-001
 -4.3268258e-001
 -5.1287345e-001
 -5.8868020e-001
 -6.5707606e-001
 -7.1566349e-001
 -7.6286975e-001
 -7.9795606e-001
 -8.2095697e-001
 -8.3263793e-001
 -8.3431742e-001
 -8.2765418e-001
 -8.1447742e-001
 -7.9657842e-001
 -7.7547141e-001
 -7.5219826e-001
 -7.2723827e-001
 -7.0056139e-001
 -6.7178822e-001
 -6.4033350e-001
 -6.0558813e-001
 -5.6711872e-001
 -5.2485867e-001
 -4.7933306e-001
 -4.3185231e-001
 -3.8461066e-001
 -3.4060351e-001
 -3.0343505e-001
 -2.7694782e-001
 -2.6485602e-001
 -2.7025059e-001
 -2.9508501e-001
 -3.3978330e-001
 -4.0298729e-001
 -4.8147607e-001
 -5.7034876e-001
 -6.6341439e-001
 -7.5368464e-001
 -8.3397483e-001
 -8.9754344e-001
 -9.3883823e-001
 -9.5399846e-001
 -9.4118505e-001
 -9.0072051e-001
 -8.3499986e-001
 -7.4822871e-001
 -6.4593246e-001
 -5.3446582e-001
 -4.2034274e-001
 -3.0959743e-001
 -2.0727357e-001
 -1.1706181e-001
 -4.1115669e-002
  1.9927616e-002
  6.6782516e-002
  1.0123283e-001
  1.2578810e-001
  1.4325598e-001
  1.5634476e-001
  1.6722919e-001
  1.7725621e-001
  1.8674535e-001
  1.9502819e-001
  2.0052858e-001
  2.0094062e-001
  1.9370171e-001
  1.7644944e-001
  1.4738315e-001
  1.0563577e-001
  5.1529023e-002
 -1.3362928e-002
 -8.6324528e-002
 -1.6367532e-001
 -2.4108014e-001
 -3.1393600e-001
 -3.7779608e-001
 -4.2882491e-001
 -4.6406407e-001
 -4.8166533e-001
 -4.8101909e-001
 -4.6274762e-001
 -4.2859978e-001
 -3.8121651e-001
 -3.2386416e-001
 -2.6009352e-001
 -1.9346603e-001
 -1.2729406e-001
 -6.4421027e-002
 -7.0652093e-003
  4.3247594e-002
  8.5695634e-002
  1.2010795e-001
  1.4686845e-001
  1.6670862e-001
  1.8053067e-001
  1.8924574e-001
  1.9366852e-001
  1.9445026e-001
  1.9208850e-001
  1.8697583e-001
  1.7946119e-001
  1.6991478e-001
  1.5885100e-001
  1.4705350e-001
  1.3571290e-001
  1.2646661e-001
  1.2137314e-001
  1.2278977e-001
  1.3311488e-001
  1.5461906e-001
  1.8937385e-001
  2.3905471e-001
  3.0476848e-001
  3.8688077e-001
  4.8489572e-001
  5.9735492e-001
  7.2182827e-001
  8.5496074e-001
  9.9251498e-001
  1.1294700e+000
  1.2602104e+000
  1.3787770e+000
  1.4792664e+000
  1.5562607e+000
  1.6052523e+000
  1.6230381e+000
  1.6079671e+000
  1.5601610e+000
  1.4816391e+000
  1.3761581e+000
  1.2489789e+000
  1.1064371e+000
  9.5542491e-001
  8.0274618e-001
  6.5461929e-001
  5.1623925e-001
  3.9150734e-001
  2.8286224e-001
  1.9125285e-001
  1.1618193e-001
  5.5863438e-002
  7.4130812e-003
 -3.2871617e-002
 -6.9161812e-002
 -1.0568779e-001
 -1.4621627e-001
 -1.9371338e-001
 -2.4986614e-001
 -3.1482033e-001
 -3.8716643e-001
 -4.6400954e-001
 -5.4124684e-001
 -6.1377181e-001
 -6.7583934e-001
 -7.2172477e-001
 -7.4639484e-001
 -7.4606299e-001
 -7.1859361e-001
 -6.6372033e-001
 -5.8316658e-001
 -4.8053472e-001
 -3.6103370e-001
 -2.3109353e-001
 -9.7875987e-002
  3.1382456e-002
  1.4985139e-001
  2.5165653e-001
  3.3225007e-001
  3.8880992e-001
  4.2045104e-001
  4.2828964e-001
  4.1518965e-001
  3.8538486e-001
  3.4397009e-001
  2.9645149e-001
  2.4804615e-001
  2.0308414e-001
  1.6451637e-001
  1.3365500e-001
  1.1005274e-001
  9.1644879e-002
  7.5136395e-002
  5.6502709e-002
  3.1584565e-002
 -3.3489411e-003
 -5.1090481e-002
 -1.1309253e-001
 -1.8917158e-001
 -2.7740828e-001
 -3.7435686e-001
 -4.7539118e-001
 -5.7519914e-001
 -6.6835915e-001
 -7.5002601e-001
 -8.1652362e-001
 -8.6574644e-001
 -8.9733411e-001
 -9.1271248e-001
 -9.1496507e-001
 -9.0858534e-001
 -8.9908967e-001
 -8.9254138e-001
 -8.9493439e-001
 -9.1163864e-001
 -9.4687302e-001
 -1.0032155e+000
 -1.0812609e+000
 -1.1794725e+000
 -1.2941943e+000
 -1.4198475e+000
 -1.5492581e+000
 -1.6741761e+000
 -1.7858737e+000
 -1.8757916e+000
 -1.9361442e+000
 -1.9605146e+000
 -1.9443184e+000
 -1.8851618e+000
 -1.7830158e+000
 -1.6402418e+000
 -1.4614184e+000
 -1.2530216e+000
 -1.0229208e+000
 -7.7985322e-001
 -5.3285979e-001
 -2.9069582e-001
 -6.1321866e-002
  1.4847216e-001
  3.3337655e-001
  4.8974551e-001
  6.1570767e-001
  7.1106938e-001
  7.7726756e-001
  8.1717793e-001
  8.3473476e-001
  8.3434243e-001
  8.2028492e-001
  7.9617969e-001
  7.6456976e-001
  7.2663180e-001
  6.8207450e-001
  6.2924847e-001
  5.6563277e-001
  4.8825918e-001
  3.9417263e-001
  2.8090451e-001
  1.4699631e-001
 -7.5547453e-003
 -1.8104932e-001
 -3.6989988e-001
 -5.6872481e-001
 -7.7064372e-001
 -9.6764660e-001
 -1.1511712e+000
 -1.3127811e+000
 -1.4448335e+000
 -1.5410784e+000
 -1.5971327e+000
 -1.6108031e+000
 -1.5823531e+000
 -1.5145212e+000
 -1.4122788e+000
 -1.2824457e+000
 -1.1330867e+000
 -9.7284533e-001
 -8.1029497e-001
 -6.5343587e-001
 -5.0915093e-001
 -3.8291578e-001
 -2.7862207e-001
 -1.9841857e-001
 -1.4283534e-001
 -1.1089615e-001
 -1.0038226e-001
 -1.0802470e-001
 -1.2967921e-001
 -1.6053901e-001
 -1.9535247e-001
 -2.2870121e-001
 -2.5521691e-001
 -2.6988457e-001
 -2.6832700e-001
 -2.4702771e-001
 -2.0358258e-001
 -1.3684100e-001
 -4.6999602e-002
  6.4472410e-002
  1.9476122e-001
  3.3980101e-001
  4.9446486e-001
  6.5291317e-001
  8.0898022e-001
  9.5660934e-001
  1.0901317e+000
  1.2045530e+000
  1.2957586e+000
  1.3606413e+000
  1.3971205e+000
  1.4042290e+000
  1.3820570e+000
  1.3316580e+000
  1.2548391e+000
  1.1539513e+000
  1.0316568e+000
  8.9093822e-001
  7.3502830e-001
  5.6743876e-001
  3.9186979e-001
  2.1214365e-001
  3.2130002e-002
 -1.4428280e-001
 -3.1331183e-001
 -4.7137000e-001
 -6.1513873e-001
 -7.4164111e-001
 -8.4834177e-001
 -9.3320978e-001
 -9.9478596e-001
 -1.0320930e+000
 -1.0446346e+000
 -1.0324364e+000
 -9.9614768e-001
 -9.3716878e-001
 -8.5761509e-001
 -7.6025488e-001
 -6.4833948e-001
 -5.2542692e-001
 -3.9519899e-001
 -2.6127755e-001
 -1.2700692e-001
  4.7235207e-003
  1.3154974e-001
  2.5173749e-001
  3.6417716e-001
  4.6833305e-001
  5.6416107e-001
  6.5207105e-001
  7.3286057e-001
  8.0766450e-001
  8.7771162e-001
  9.4409844e-001
  1.0076092e+000
  1.0685321e+000
  1.1265155e+000
  1.1804724e+000
  1.2286566e+000
  1.2687974e+000
  1.2982347e+000
  1.3141411e+000
  1.3137768e+000
  1.2948537e+000
  1.2558224e+000
  1.1961367e+000
  1.1164093e+000
  1.0183296e+000
  9.0449360e-001
  7.7809512e-001
  6.4266764e-001
  5.0193488e-001
  3.5964466e-001
  2.1941790e-001
  8.4586101e-002
 -4.1909922e-002
 -1.5766522e-001
 -2.6081109e-001
 -3.5004481e-001
 -4.2459987e-001
 -4.8421739e-001
 -5.2910783e-001
 -5.5996033e-001
 -5.7790534e-001
 -5.8455150e-001
 -5.8191376e-001
 -5.7240760e-001
 -5.5882980e-001
 -5.4423731e-001
 -5.3172840e-001
 -5.2419283e-001
 -5.2404949e-001
 -5.3296788e-001
 -5.5166245e-001
 -5.7976539e-001
 -6.1569187e-001
 -6.5670447e-001
 -6.9911724e-001
 -7.3859075e-001
 -7.7049373e-001
 -7.9026089e-001
 -7.9384807e-001
 -7.7822948e-001
 -7.4170502e-001
 -6.8410904e-001
 -6.0678482e-001
 -5.1248441e-001
 -4.0507526e-001
 -2.8922037e-001
 -1.6978205e-001
 -5.1352533e-002
  6.2158696e-002
  1.6785147e-001
  2.6402519e-001
  3.5010282e-001
  4.2647787e-001
  4.9418934e-001
  5.5460412e-001
  6.0881667e-001
  6.5742645e-001
  7.0009415e-001
  7.3543611e-001
  7.6108867e-001
  7.7397930e-001
  7.7065958e-001
  7.4776120e-001
  7.0254654e-001
  6.3335242e-001
  5.3982650e-001
  4.2317046e-001
  2.8621397e-001
  1.3333694e-001
 -2.9842695e-002
 -1.9692054e-001
 -3.6115852e-001
 -5.1589062e-001
 -6.5494981e-001
 -7.7298884e-001
 -8.6583025e-001
 -9.3066305e-001
 -9.6620737e-001
 -9.7276614e-001
 -9.5218996e-001
 -9.0767892e-001
 -8.4355779e-001
 -7.6497537e-001
 -6.7756877e-001
 -5.8696246e-001
 -4.9831279e-001
 -4.1606007e-001
 -3.4373274e-001
 -2.8375625e-001
 -2.3735414e-001
 -2.0447730e-001
 -1.8390751e-001
 -1.7339260e-001
 -1.6990032e-001
 -1.6983323e-001
 -1.6944604e-001
 -1.6517203e-001
 -1.5398880e-001
 -1.3371460e-001
 -1.0319824e-001
 -6.2410848e-002
 -1.2520459e-002
  4.4242580e-002
  1.0478098e-001
  1.6547933e-001
  2.2257456e-001
  2.7252999e-001
  3.1239968e-001
  3.4012745e-001
  3.5465760e-001
  3.5601266e-001
  3.4519337e-001
  3.2400243e-001
  2.9476649e-001
  2.6007226e-001
  2.2246986e-001
  1.8425587e-001
  1.4729232e-001
  1.1278156e-001
  8.1089469e-002
  5.1752038e-002
  2.3560624e-002
 -5.1918233e-003
 -3.6500920e-002
 -7.2315558e-002
 -1.1431923e-001
 -1.6366807e-001
 -2.2088874e-001
 -2.8581292e-001
 -3.5755485e-001
 -4.3439598e-001
 -5.1398051e-001
 -5.9346503e-001
 -6.6980935e-001
 -7.4007169e-001
 -8.0172851e-001
 -8.5288395e-001
 -8.9249941e-001
 -9.2063222e-001
 -9.3850303e-001
 -9.4853551e-001
 -9.5419670e-001
 -9.5956205e-001
 -9.6893167e-001
 -9.8626737e-001
 -1.0147242e+000
 -1.0561633e+000
 -1.1109239e+000
 -1.1776953e+000
 -1.2536187e+000
 -1.3345156e+000
 -1.4151369e+000
 -1.4895236e+000
 -1.5515265e+000
 -1.5953307e+000
 -1.6158938e+000
 -1.6094002e+000
 -1.5736482e+000
 -1.5083783e+000
 -1.4154358e+000
 -1.2986614e+000
 -1.1636981e+000
 -1.0175622e+000
 -8.6817176e-001
 -7.2372944e-001
 -5.9215678e-001
 -4.8045182e-001
 -3.9417718e-001
 -3.3697714e-001
 -3.1035076e-001
 -3.1348688e-001
 -3.4335876e-001
 -3.9495410e-001
 -4.6173297e-001
 -5.3617002e-001
 -6.1054084e-001
 -6.7759900e-001
 -7.3127387e-001
 -7.6709005e-001
 -7.8260205e-001
 -7.7743760e-001
 -7.5322361e-001
 -7.1316567e-001
 -6.6165050e-001
 -6.0369877e-001
 -5.4451885e-001
 -4.8895603e-001
 -4.4106796e-001
 -4.0370275e-001
 -3.7829525e-001
 -3.6474078e-001
 -3.6148606e-001
 -3.6573540e-001
 -3.7387343e-001
 -3.8199217e-001
 -3.8636257e-001
 -3.8370491e-001
 -3.7150993e-001
 -3.4828950e-001
 -3.1380438e-001
 -2.6907665e-001
 -2.1652444e-001
 -1.5972285e-001
 -1.0328160e-001
 -5.2318732e-002
 -1.2037647e-002
  1.2995437e-002
  1.9342387e-002
  5.3919458e-003
 -2.8380636e-002
 -7.9241848e-002
 -1.4244266e-001
 -2.1154954e-001
 -2.7911978e-001
 -3.3741181e-001
 -3.7916285e-001
 -3.9828927e-001
 -3.9048865e-001
 -3.5358045e-001
 -2.8772306e-001
 -1.9527394e-001
 -8.0531133e-002
  5.0789978e-002
  1.9209628e-001
  3.3654962e-001
  4.7760479e-001
  6.0956700e-001
  7.2788556e-001
  8.2946339e-001
  9.1270237e-001
  9.7760780e-001
  1.0255754e+000
  1.0591818e+000
  1.0817005e+000
  1.0968512e+000
  1.1084379e+000
  1.1200377e+000
  1.1345382e+000
  1.1538795e+000
  1.1787344e+000
  1.2083981e+000
  1.2406607e+000
  1.2719957e+000
  1.2978184e+000
  1.3130607e+000
  1.3126642e+000
  1.2923092e+000
  1.2489031e+000
  1.1811492e+000
  1.0897884e+000
  9.7779779e-001
  8.5012860e-001
  7.1342350e-001
  5.7535798e-001
  4.4407539e-001
  3.2732826e-001
  2.3188571e-001
  1.6279083e-001
  1.2292153e-001
  1.1251124e-001
  1.2917791e-001
  1.6799369e-001
  2.2201310e-001
  2.8275821e-001
  3.4114783e-001
  3.8822154e-001
  4.1613337e-001
  4.1871674e-001
  3.9204261e-001
  3.3448492e-001
  2.4699594e-001
  1.3292083e-001
 -2.0636065e-003
 -1.5050051e-001
 -3.0351824e-001
 -4.5165544e-001
 -5.8540017e-001
 -6.9609969e-001
 -7.7638883e-001
 -8.2090918e-001
 -8.2651004e-001
 -7.9267103e-001
 -7.2128375e-001
 -6.1668183e-001
 -4.8503020e-001
 -3.3403886e-001
 -1.7208411e-001
 -7.8389831e-003
  1.5060025e-001
  2.9603529e-001
  4.2295466e-001
  5.2745046e-001
  6.0757915e-001
  6.6280469e-001
  6.9413325e-001
  7.0326222e-001
  6.9261750e-001
  6.6436864e-001
  6.2057604e-001
  5.6224375e-001
  4.8979858e-001
  4.0220131e-001
  2.9792154e-001
  1.7406745e-001
  2.8090748e-002
 -1.4353107e-001
 -3.4241010e-001
 -5.7173287e-001
