 -1.1706614e+000
 -2.9362618e+000
 -3.7844198e+000
 -3.9000458e+000
 -3.5062039e+000
 -2.8194795e+000
 -2.0218971e+000
 -1.2474861e+000
 -5.8019487e-001
 -5.9436459e-002
  3.1018485e-001
  5.4775474e-001
  6.8550908e-001
  7.6005067e-001
  8.0583756e-001
  8.5097544e-001
  9.1504611e-001
  1.0085587e+000
  1.1335783e+000
  1.2851242e+000
  1.4530004e+000
  1.6237956e+000
  1.7828545e+000
  1.9160711e+000
  2.0113899e+000
  2.0599270e+000
  2.0566505e+000
  2.0005888e+000
  1.8945738e+000
  1.7445670e+000
  1.5586617e+000
  1.3458886e+000
  1.1149840e+000
  8.7327987e-001
  6.2586919e-001
  3.7516140e-001
  1.2089178e-001
 -1.3941385e-001
 -4.0958378e-001
 -6.9367815e-001
 -9.9476574e-001
 -1.3137861e+000
 -1.6486768e+000
 -1.9939118e+000
 -2.3405421e+000
 -2.6767588e+000
 -2.9889222e+000
 -3.2629308e+000
 -3.4857510e+000
 -3.6468969e+000
 -3.7396514e+000
 -3.7618492e+000
 -3.7161004e+000
 -3.6094088e+000
 -3.4522245e+000
 -3.2570522e+000
 -3.0368034e+000
 -2.8031199e+000
 -2.5649079e+000
 -2.3272950e+000
 -2.0911674e+000
 -1.8533638e+000
 -1.6075097e+000
 -1.3453808e+000
 -1.0586063e+000
 -7.4046584e-001
 -3.8751291e-001
 -7.7603950e-004
  4.1366090e-001
  8.4481243e-001
  1.2776921e+000
  1.6948649e+000
  2.0784612e+000
  2.4123856e+000
  2.6844212e+000
  2.8879286e+000
  3.0228859e+000
  3.0960999e+000
  3.1205235e+000
  3.1137379e+000
  3.0957713e+000
  3.0865232e+000
  3.1031230e+000
  3.1575680e+000
  3.2549602e+000
  3.3925843e+000
  3.5599633e+000
  3.7399033e+000
  3.9104018e+000
  4.0471845e+000
  4.1265452e+000
  4.1281232e+000
  4.0372596e+000
  3.8466287e+000
  3.5569388e+000
  3.1766237e+000
  2.7205823e+000
  2.2081550e+000
  1.6606292e+000
  1.0986315e+000
  5.3977428e-001
 -3.1087302e-003
 -5.2289429e-001
 -1.0181431e+000
 -1.4921315e+000
 -1.9510968e+000
 -2.4019696e+000
 -2.8499491e+000
 -3.2963043e+000
 -3.7367614e+000
 -4.1607580e+000
 -4.5517234e+000
 -4.8883977e+000
 -5.1470466e+000
 -5.3042943e+000
 -5.3401920e+000
 -5.2410920e+000
 -5.0019041e+000
 -4.6273857e+000
 -4.1322328e+000
 -3.5399045e+000
 -2.8802823e+000
 -2.1864347e+000
 -1.4908891e+000
 -8.2189632e-001
 -2.0019161e-001
  3.6329550e-001
  8.6844258e-001
  1.3254719e+000
  1.7530415e+000
  2.1751024e+000
  2.6169091e+000
  3.1006948e+000
  3.6415851e+000
  4.2443088e+000
  4.9011770e+000
  5.5916464e+000
  6.2835852e+000
  6.9361399e+000
  7.5038914e+000
  7.9418123e+000
  8.2104261e+000
  8.2805279e+000
  8.1368714e+000
  7.7803476e+000
  7.2283644e+000
  6.5133595e+000
  5.6796119e+000
  4.7787315e+000
  3.8643708e+000
  2.9868012e+000
  2.1880078e+000
  1.4978877e+000
  9.3199168e-001
  4.9104722e-001
  1.6227047e-001
 -7.7754335e-002
 -2.5904807e-001
 -4.1362333e-001
 -5.7090999e-001
 -7.5382646e-001
 -9.7600337e-001
 -1.2404992e+000
 -1.5401365e+000
 -1.8593603e+000
 -2.1773098e+000
 -2.4716268e+000
 -2.7224248e+000
 -2.9158212e+000
 -3.0465014e+000
 -3.1189179e+000
 -3.1469212e+000
 -3.1518461e+000
 -3.1592914e+000
 -3.1950286e+000
 -3.2806023e+000
 -3.4292449e+000
 -3.6427009e+000
 -3.9094443e+000
 -4.2046014e+000
 -4.4916679e+000
 -4.7258765e+000
 -4.8588499e+000
 -4.8440042e+000
 -4.6420559e+000
 -4.2259667e+000
 -3.5847194e+000
 -2.7254553e+000
 -1.6737030e+000
 -4.7165831e-001
  8.2529206e-001
  2.1534009e+000
  3.4461894e+000
  4.6402344e+000
  5.6804737e+000
  6.5244624e+000
  7.1451622e+000
  7.5320324e+000
  7.6904088e+000
  7.6393565e+000
  7.4083598e+000
  7.0333247e+000
  6.5524211e+000
  6.0022692e+000
  5.4148864e+000
  4.8156758e+000
  4.2225704e+000
  3.6462788e+000
  3.0914284e+000
  2.5582942e+000
  2.0447485e+000
  1.5480686e+000
  1.0663072e+000
  5.9903078e-001
  1.4736534e-001
 -2.8657536e-001
 -7.0068828e-001
 -1.0940333e+000
 -1.4678361e+000
 -1.8260626e+000
 -2.1753601e+000
 -2.5242754e+000
 -2.8817947e+000
 -3.2553850e+000
 -3.6488281e+000
 -4.0602099e+000
 -4.4804394e+000
 -4.8926302e+000
 -5.2725715e+000
 -5.5903741e+000
 -5.8132045e+000
 -5.9088526e+000
 -5.8497338e+000
 -5.6168299e+000
 -5.2030386e+000
 -4.6154425e+000
 -3.8761154e+000
 -3.0212499e+000
 -2.0985963e+000
 -1.1634155e+000
 -2.7335107e-001
  5.1722464e-001
  1.1627427e+000
  1.6311952e+000
  1.9075381e+000
  1.9953083e+000
  1.9162326e+000
  1.7078429e+000
  1.4193521e+000
  1.1062576e+000
  8.2429231e-001
  6.2342028e-001
  5.4256819e-001
  6.0568678e-001
  8.1957165e-001
  1.1736532e+000
  1.6417248e+000
  2.1853441e+000
  2.7584487e+000
  3.3125930e+000
  3.8021600e+000
  4.1889302e+000
  4.4454972e+000
  4.5571910e+000
  4.5223725e+000
  4.3511850e+000
  4.0630383e+000
  3.6832572e+000
  3.2394085e+000
  2.7578305e+000
  2.2608311e+000
  1.7648900e+000
  1.2800365e+000
  8.1038948e-001
  3.5566691e-001
 -8.6662437e-002
 -5.1900258e-001
 -9.4146376e-001
 -1.3502927e+000
 -1.7371793e+000
 -2.0895694e+000
 -2.3919445e+000
 -2.6278683e+000
 -2.7824682e+000
 -2.8449426e+000
 -2.8106685e+000
 -2.6825373e+000
 -2.4712560e+000
 -2.1945067e+000
 -1.8750322e+000
 -1.5378839e+000
 -1.2072073e+000
 -9.0302521e-001
 -6.3849889e-001
 -4.1809220e-001
 -2.3695030e-001
 -8.1634331e-002
  6.7837856e-002
  2.3488778e-001
  4.4261498e-001
  7.0989388e-001
  1.0478837e+000
  1.4574680e+000
  1.9280261e+000
  2.4377680e+000
  2.9556491e+000
  3.4446667e+000
  3.8661398e+000
  4.1844268e+000
  4.3714617e+000
  4.4104946e+000
  4.2985185e+000
  4.0470239e+000
  3.6809464e+000
  3.2359059e+000
  2.7540694e+000
  2.2791581e+000
  1.8512376e+000
  1.5019697e+000
  1.2509466e+000
  1.1035911e+000
  1.0508985e+000
  1.0710560e+000
  1.1327206e+000
  1.1995178e+000
  1.2351589e+000
  1.2084916e+000
  1.0978107e+000
  8.9385415e-001
  6.0109210e-001
  2.3714836e-001
 -1.6955238e-001
 -5.8357572e-001
 -9.6717703e-001
 -1.2852575e+000
 -1.5098937e+000
 -1.6238202e+000
 -1.6223947e+000
 -1.5137891e+000
 -1.3173978e+000
 -1.0607087e+000
 -7.7509452e-001
 -4.9113693e-001
 -2.3415904e-001
 -2.0614609e-002
  1.4414118e-001
  2.6636951e-001
  3.6266932e-001
  4.5707492e-001
  5.7693788e-001
  7.4818115e-001
  9.9061132e-001
  1.3139775e+000
  1.7153698e+000
  2.1783720e+000
  2.6741401e+000
  3.1643135e+000
  3.6054056e+000
  3.9541068e+000
  4.1727974e+000
  4.2345246e+000
  4.1267592e+000
  3.8534005e+000
  3.4347312e+000
  2.9052931e+000
  2.3099370e+000
  1.6985472e+000
  1.1201205e+000
  6.1697406e-001
  2.1983855e-001
 -5.5520758e-002
 -2.0971714e-001
 -2.5901565e-001
 -2.3257943e-001
 -1.6807452e-001
 -1.0623805e-001
 -8.5151516e-002
 -1.3499641e-001
 -2.7399829e-001
 -5.0609788e-001
 -8.2064674e-001
 -1.1941437e+000
 -1.5937460e+000
 -1.9820439e+000
 -2.3224152e+000
 -2.5841978e+000
 -2.7469493e+000
 -2.8031915e+000
 -2.7592576e+000
 -2.6341246e+000
 -2.4564052e+000
 -2.2599297e+000
 -2.0785575e+000
 -1.9409630e+000
 -1.8661548e+000
 -1.8603821e+000
 -1.9158930e+000
 -2.0117476e+000
 -2.1165968e+000
 -2.1930607e+000
 -2.2031040e+000
 -2.1136601e+000
 -1.9017092e+000
 -1.5580808e+000
 -1.0894223e+000
 -5.1802321e-001
  1.2051865e-001
  7.8150048e-001
  1.4166341e+000
  1.9801372e+000
  2.4345605e+000
  2.7555415e+000
  2.9348118e+000
  2.9810187e+000
  2.9182181e+000
  2.7822182e+000
  2.6152507e+000
  2.4596898e+000
  2.3516768e+000
  2.3155404e+000
  2.3598031e+000
  2.4753647e+000
  2.6361595e+000
  2.8022563e+000
  2.9250335e+000
  2.9537718e+000
  2.8428071e+000
  2.5582890e+000
  2.0836327e+000
  1.4229036e+000
  6.0164258e-001
 -3.3503546e-001
 -1.3268766e+000
 -2.3049316e+000
 -3.1992149e+000
 -3.9466199e+000
 -4.4980909e+000
 -4.8241431e+000
 -4.9180286e+000
 -4.7961505e+000
 -4.4956768e+000
 -4.0696658e+000
 -3.5803335e+000
 -3.0913235e+000
 -2.6599654e+000
 -2.3304956e+000
 -2.1290833e+000
 -2.0612580e+000
 -2.1120219e+000
 -2.2485736e+000
 -2.4252403e+000
 -2.5899305e+000
 -2.6912411e+000
 -2.6852821e+000
 -2.5413420e+000
 -2.2456881e+000
 -1.8030606e+000
 -1.2357310e+000
 -5.8032595e-001
  1.1709640e-001
  8.0700615e-001
  1.4425725e+000
  1.9852147e+000
  2.4088137e+000
  2.7020691e+000
  2.8687581e+000
  2.9259501e+000
  2.9005124e+000
  2.8244734e+000
  2.7299498e+000
  2.6443864e+000
  2.5867896e+000
  2.5654721e+000
  2.5775904e+000
  2.6104891e+000
  2.6445931e+000
  2.6573656e+000
  2.6276928e+000
  2.5400007e+000
  2.3874517e+000
  2.1737119e+000
  1.9129932e+000
  1.6283382e+000
  1.3483802e+000
  1.1030436e+000
  9.1882132e-001
  8.1433726e-001
  7.9687893e-001
  8.6045624e-001
  9.8573385e-001
  1.1419208e+000
  1.2904210e+000
  1.3897917e+000
  1.4013574e+000
  1.2947202e+000
  1.0524010e+000
  6.7294726e-001
  1.7204231e-001
 -4.1858888e-001
 -1.0543849e+000
 -1.6828845e+000
 -2.2497774e+000
 -2.7052926e+000
 -3.0100953e+000
 -3.1399200e+000
 -3.0883321e+000
 -2.8672523e+000
 -2.5051785e+000
 -2.0433420e+000
 -1.5303121e+000
 -1.0157672e+000
 -5.4426168e-001
 -1.4981286e-001
  1.4797952e-001
  3.4577980e-001
  4.5610430e-001
  5.0473288e-001
  5.2632121e-001
  5.5883311e-001
  6.3757021e-001
  7.8962695e-001
  1.0295376e+000
  1.3567157e+000
  1.7550388e+000
  2.1946367e+000
  2.6356410e+000
  3.0333825e+000
  3.3443302e+000
  3.5319628e+000
  3.5717743e+000
  3.4547354e+000
  3.1887421e+000
  2.7978568e+000
  2.3194459e+000
  1.7996017e+000
  1.2874633e+000
  8.2919795e-001
  4.6244217e-001
  2.1193382e-001
  8.6898345e-002
  8.0510555e-002
  1.7146885e-001
  3.2743300e-001
  5.0982766e-001
  6.7933542e-001
  8.0131938e-001
  8.5043704e-001
  8.1382932e-001
  6.9247479e-001
  5.0055913e-001
  2.6298720e-001
  1.1421943e-002
 -2.2056559e-001
 -4.0253401e-001
 -5.1167884e-001
 -5.3617383e-001
 -4.7688267e-001
 -3.4721229e-001
 -1.7114419e-001
  2.0261427e-002
  1.9337917e-001
  3.1689847e-001
  3.6636966e-001
  3.2776596e-001
  1.9955284e-001
 -7.0304915e-003
 -2.6951860e-001
 -5.5737751e-001
 -8.3632561e-001
 -1.0732052e+000
 -1.2407136e+000
 -1.3213211e+000
 -1.3098165e+000
 -1.2141125e+000
 -1.0541884e+000
 -8.5930854e-001
 -6.6389727e-001
 -5.0264369e-001
 -4.0551730e-001
 -3.9339352e-001
 -4.7490540e-001
 -6.4497059e-001
 -8.8521211e-001
 -1.1662298e+000
 -1.4514231e+000
 -1.7018513e+000
 -1.8814699e+000
 -1.9620320e+000
 -1.9269828e+000
 -1.7738153e+000
 -1.5145624e+000
 -1.1743555e+000
 -7.8824360e-001
 -3.9670217e-001
 -4.0438916e-002
  2.4480184e-001
  4.3273807e-001
  5.0975148e-001
  4.7637066e-001
  3.4685176e-001
  1.4693307e-001
 -8.9911161e-002
 -3.2719000e-001
 -5.3043140e-001
 -6.7183962e-001
 -7.3393855e-001
 -7.1171015e-001
 -6.1295032e-001
 -4.5681360e-001
 -2.7077061e-001
 -8.6421252e-002
  6.5235969e-002
  1.5840621e-001
  1.7632073e-001
  1.1374043e-001
 -2.2212000e-002
 -2.1300841e-001
 -4.3132608e-001
 -6.4494718e-001
 -8.2140039e-001
 -9.3269358e-001
 -9.5947260e-001
 -8.9401978e-001
 -7.4166510e-001
 -5.2040189e-001
 -2.5874650e-001
  7.8770347e-003
  2.4174238e-001
  4.0779545e-001
  4.7832553e-001
  4.3670125e-001
  2.7966705e-001
  1.7890991e-002
 -3.2530784e-001
 -7.1687828e-001
 -1.1182070e+000
 -1.4899779e+000
 -1.7970702e+000
 -2.0128447e+000
 -2.1222560e+000
 -2.1233912e+000
 -2.0272538e+000
 -1.8558498e+000
 -1.6388606e+000
 -1.4093761e+000
 -1.1992813e+000
 -1.0349280e+000
 -9.3367287e-001
 -9.0173828e-001
 -9.3366066e-001
 -1.0133713e+000
 -1.1167279e+000
 -1.2151196e+000
 -1.2796255e+000
 -1.2851400e+000
 -1.2138938e+000
 -1.0578929e+000
 -8.1995686e-001
 -5.1324174e-001
 -1.5934452e-001
  2.1471417e-001
  5.8018033e-001
  9.1039337e-001
  1.1842031e+000
  1.3884979e+000
  1.5195012e+000
  1.5826749e+000
  1.5912721e+000
  1.5637790e+000
  1.5206434e+000
  1.4807885e+000
  1.4584398e+000
  1.4607445e+000
  1.4865430e+000
  1.5264844e+000
  1.5644796e+000
  1.5802855e+000
  1.5528490e+000
  1.4639207e+000
  1.3014033e+000
  1.0619314e+000
  7.5228027e-001
  3.8936467e-001
 -1.2144904e-003
 -3.8791300e-001
 -7.3692800e-001
 -1.0163390e+000
 -1.2001488e+000
 -1.2716729e+000
 -1.2258085e+000
 -1.0698612e+000
 -8.2280045e-001
 -5.1302585e-001
 -1.7492912e-001
  1.5530167e-001
  4.4408522e-001
  6.6447914e-001
  7.9931355e-001
  8.4302007e-001
  8.0192742e-001
  6.9300168e-001
  5.4121871e-001
  3.7593873e-001
  2.2678388e-001
  1.1958170e-001
  7.2921837e-002
  9.5783166e-002
  1.8653676e-001
  3.3343786e-001
  5.1651405e-001
  7.1056582e-001
  8.8884566e-001
  1.0268936e+000
  1.1059916e+000
  1.1157589e+000
  1.0555356e+000
  9.3437480e-001
  7.6966044e-001
  5.8456028e-001
  4.0468395e-001
  2.5442534e-001
  1.5350741e-001
  1.1421534e-001
  1.3970238e-001
  2.2359916e-001
  3.5097113e-001
  5.0047891e-001
  6.4742721e-001
  7.6726491e-001
  8.3903809e-001
  8.4830747e-001
  7.8912101e-001
  6.6476826e-001
  4.8721799e-001
  2.7532776e-001
  5.2088629e-002
 -1.5869541e-001
 -3.3581478e-001
 -4.6365837e-001
 -5.3438327e-001
 -5.4893861e-001
 -5.1679611e-001
 -4.5442482e-001
 -3.8272765e-001
 -3.2380608e-001
 -2.9751734e-001
 -3.1832010e-001
 -3.9286635e-001
 -5.1869408e-001
 -6.8422159e-001
 -8.7006134e-001
 -1.0514850e+000
 -1.2017082e+000
 -1.2955449e+000
 -1.3129266e+000
 -1.2417968e+000
 -1.0799722e+000
 -8.3570639e-001
 -5.2686556e-001
 -1.7882075e-001
  1.7866489e-001
  5.1513331e-001
  8.0321283e-001
  1.0219695e+000
  1.1593736e+000
  1.2135470e+000
  1.1926254e+000
  1.1132584e+000
  9.9796106e-001
  8.7168474e-001
  7.5808582e-001
  6.7601094e-001
  6.3668753e-001
  6.4201147e-001
  6.8417215e-001
  7.4667095e-001
  8.0659704e-001
  8.3785122e-001
  8.1487756e-001
  7.1639242e-001
  5.2860017e-001
  2.4745449e-001
 -1.2034616e-001
 -5.5776803e-001
 -1.0392053e+000
 -1.5333626e+000
 -2.0068726e+000
 -2.4281668e+000
 -2.7710863e+000
 -3.0177593e+000
 -3.1603748e+000
 -3.2016344e+000
 -3.1538456e+000
 -3.0368057e+000
 -2.8747868e+000
 -2.6930503e+000
 -2.5143780e+000
 -2.3560985e+000
 -2.2280070e+000
 -2.1314535e+000
 -2.0597006e+000
 -1.9994767e+000
 -1.9334808e+000
 -1.8434641e+000
 -1.7134345e+000
 -1.5325149e+000
 -1.2970404e+000
 -1.0115852e+000
 -6.8876826e-001
 -3.4785538e-001
 -1.2349425e-002
  2.9309583e-001
  5.4600682e-001
  7.2919724e-001
  8.3321089e-001
  8.5775038e-001
  8.1188020e-001
  7.1296129e-001
  5.8444852e-001
  4.5283954e-001
  3.4418034e-001
  2.8059527e-001
  2.7730725e-001
  3.4054848e-001
  4.6664307e-001
  6.4238531e-001
  8.4666442e-001
  1.0531205e+000
  1.2334804e+000
  1.3611355e+000
  1.4144929e+000
  1.3796691e+000
  1.2521851e+000
  1.0374598e+000
  7.5005845e-001
  4.1182048e-001
  4.9133144e-002
 -3.1027388e-001
 -6.4058495e-001
 -9.2078271e-001
 -1.1367994e+000
 -1.2826837e+000
 -1.3606731e+000
 -1.3802132e+000
 -1.3561076e+000
 -1.3060949e+000
 -1.2482139e+000
 -1.1983372e+000
 -1.1682088e+000
 -1.1642366e+000
 -1.1871725e+000
 -1.2326717e+000
 -1.2925976e+000
 -1.3568265e+000
 -1.4152395e+000
 -1.4595685e+000
 -1.4847951e+000
 -1.4898749e+000
 -1.4776744e+000
 -1.4541327e+000
 -1.4267877e+000
 -1.4029122e+000
 -1.3875727e+000
 -1.3819458e+000
 -1.3821972e+000
 -1.3791499e+000
 -1.3588558e+000
 -1.3040509e+000
 -1.1963364e+000
 -1.0188156e+000
 -7.5883093e-001
 -4.1041885e-001
  2.3884588e-002
  5.3217482e-001
  1.0934213e+000
  1.6788506e+000
  2.2543484e+000
  2.7836196e+000
  3.2317392e+000
  3.5686693e+000
  3.7723122e+000
  3.8307242e+000
  3.7432205e+000
  3.5202385e+000
  3.1819868e+000
  2.7560618e+000
  2.2743420e+000
  1.7695587e+000
  1.2719772e+000
  8.0659652e-001
  3.9119967e-001
  3.5463998e-002
 -2.5880786e-001
 -4.9642876e-001
 -6.8677144e-001
 -8.4125290e-001
 -9.7075054e-001
 -1.0833422e+000
 -1.1827060e+000
 -1.2674122e+000
 -1.3312050e+000
 -1.3642206e+000
 -1.3549488e+000
 -1.2926304e+000
 -1.1697154e+000
 -9.8399025e-001
 -7.4002548e-001
 -4.4968811e-001
 -1.3159262e-001
  1.9048250e-001
  4.9003671e-001
  7.4084361e-001
  9.2010960e-001
  1.0113687e+000
  1.0067117e+000
  9.0802767e-001
  7.2706220e-001
  4.8425061e-001
  2.0644851e-001
 -7.6170261e-002
 -3.3366297e-001
 -5.3986547e-001
 -6.7548318e-001
 -7.3032672e-001
 -7.0440148e-001
 -6.0770888e-001
 -4.5878369e-001
 -2.8215693e-001
 -1.0507348e-001
  4.6109411e-002
  1.4937608e-001
  1.8991282e-001
  1.6200789e-001
  6.9751257e-002
 -7.3547737e-002
 -2.4713941e-001
 -4.2556882e-001
 -5.8200414e-001
 -6.9172245e-001
 -7.3530151e-001
 -7.0111039e-001
 -5.8678881e-001
 -3.9954159e-001
 -1.5523146e-001
  1.2358963e-001
  4.1043529e-001
  6.7805405e-001
  9.0159640e-001
  1.0613742e+000
  1.1448718e+000
  1.1477778e+000
  1.0739429e+000
  9.3431609e-001
  7.4504743e-001
  5.2505130e-001
  2.9338716e-001
  6.6827481e-002
 -1.4205736e-001
 -3.2605135e-001
 -4.8355361e-001
 -6.1795061e-001
 -7.3623171e-001
 -8.4708684e-001
 -9.5879586e-001
 -1.0772439e+000
 -1.2043733e+000
 -1.3373140e+000
 -1.4683311e+000
 -1.5856062e+000
 -1.6747444e+000
 -1.7207912e+000
 -1.7104684e+000
 -1.6342998e+000
 -1.4883162e+000
 -1.2750827e+000
 -1.0038879e+000
 -6.9005269e-001
 -3.5344118e-001
 -1.6367857e-002
  2.9881705e-001
  5.7213752e-001
  7.8807021e-001
  9.3701095e-001
  1.0159356e+000
  1.0281755e+000
  9.8235324e-001
  8.9064462e-001
  7.6662915e-001
  6.2304988e-001
  4.6981863e-001
  3.1256758e-001
  1.5197097e-001
 -1.6050220e-002
 -1.9925610e-001
 -4.0729196e-001
 -6.4942257e-001
 -9.3212682e-001
 -1.2569142e+000
 -1.6187063e+000
 -2.0050578e+000
 -2.3963881e+000
 -2.7672568e+000
 -3.0885810e+000
 -3.3305557e+000
 -3.4659428e+000
 -3.4733282e+000
 -3.3399418e+000
 -3.0636759e+000
 -2.6540297e+000
 -2.1318336e+000
 -1.5277527e+000
 -8.7971891e-001
 -2.2956708e-001
  3.8075173e-001
  9.1295880e-001
  1.3358209e+000
  1.6277446e+000
  1.7783271e+000
  1.7887276e+000
  1.6708641e+000
  1.4455802e+000
  1.1400397e+000
  7.8468569e-001
  4.1013705e-001
  4.4376917e-002
 -2.8946703e-001
 -5.7454762e-001
 -8.0083913e-001
 -9.6482550e-001
 -1.0684760e+000
 -1.1177317e+000
 -1.1207727e+000
 -1.0863440e+000
 -1.0223820e+000
 -9.3511795e-001
 -8.2874525e-001
 -7.0563768e-001
 -5.6701715e-001
 -4.1389619e-001
 -2.4808026e-001
 -7.3010659e-002
  1.0574044e-001
  2.8044836e-001
  4.4173004e-001
  5.7950450e-001
  6.8428531e-001
  7.4860486e-001
  7.6833518e-001
  7.4367104e-001
  6.7957956e-001
  5.8559135e-001
  4.7490200e-001
  3.6285602e-001
  2.6498331e-001
  1.9483617e-001
  1.6192046e-001
  1.7002050e-001
  2.1618055e-001
  2.9053028e-001
  3.7703631e-001
  4.5514044e-001
  5.0212374e-001
  4.9593026e-001
  4.1811063e-001
  2.5651424e-001
  7.3746617e-003
 -3.2350336e-001
 -7.2064416e-001
 -1.1599467e+000
 -1.6107921e+000
 -2.0389944e+000
 -2.4102671e+000
 -2.6938070e+000
 -2.8655732e+000
 -2.9108726e+000
 -2.8259409e+000
 -2.6183264e+000
 -2.3060303e+000
 -1.9155031e+000
 -1.4787400e+000
 -1.0298205e+000
 -6.0130606e-001
 -2.2092162e-001
  9.1094666e-002
  3.2367404e-001
  4.7545885e-001
  5.5417273e-001
  5.7493506e-001
  5.5776426e-001
  5.2461027e-001
  4.9630766e-001
  4.8984052e-001
  5.1626030e-001
  5.7950468e-001
  6.7624181e-001
  7.9672759e-001
  9.2653040e-001
  1.0488665e+000
  1.1472139e+000
  1.2078419e+000
  1.2219121e+000
  1.1868692e+000
  1.1069409e+000
  9.9268641e-001
  8.5966465e-001
  7.2640634e-001
  6.1196862e-001
  5.3340146e-001
  5.0346360e-001
  5.2888906e-001
  6.0942819e-001
  7.3778221e-001
  9.0043022e-001
  1.0792300e+000
  1.2535733e+000
  1.4028076e+000
  1.5086046e+000
  1.5569711e+000
  1.5396508e+000
  1.4547517e+000
  1.3065425e+000
  1.1044747e+000
  8.6159010e-001
  5.9255483e-001
  3.1160589e-001
  3.0702949e-002
 -2.4185726e-001
 -5.0217662e-001
 -7.5074963e-001
 -9.9173194e-001
 -1.2316043e+000
 -1.4774400e+000
 -1.7350427e+000
 -2.0072400e+000
 -2.2926005e+000
 -2.5847816e+000
 -2.8726293e+000
 -3.1410443e+000
 -3.3725208e+000
 -3.5491644e+000
 -3.6549241e+000
 -3.6777374e+000
 -3.6112869e+000
 -3.4561160e+000
 -3.2199263e+000
 -2.9169888e+000
 -2.5667143e+000
 -2.1915419e+000
 -1.8143999e+000
 -1.4560528e+000
 -1.1326731e+000
 -8.5395262e-001
 -6.2200740e-001
 -4.3123168e-001
 -2.6914014e-001
 -1.1811170e-001
  4.2166792e-002
  2.3184981e-001
  4.6802380e-001
  7.6209957e-001
  1.1178340e+000
  1.5302351e+000
  1.9854979e+000
  2.4619955e+000
  2.9322208e+000
  3.3654604e+000
  3.7308933e+000
  4.0007572e+000
  4.1532195e+000
  4.1746243e+000
  4.0608670e+000
  3.8177521e+000
  3.4603093e+000
  3.0111692e+000
  2.4982032e+000
  1.9517160e+000
  1.4015189e+000
  8.7421853e-001
  3.9101349e-001
 -3.3777582e-002
 -3.9333348e-001
 -6.8807647e-001
 -9.2463749e-001
 -1.1142208e+000
 -1.2706124e+000
 -1.4081043e+000
 -1.5396030e+000
 -1.6751443e+000
 -1.8209733e+000
 -1.9792578e+000
 -2.1484142e+000
 -2.3239420e+000
 -2.4995953e+000
 -2.6686836e+000
 -2.8252862e+000
 -2.9651887e+000
 -3.0864030e+000
 -3.1892005e+000
 -3.2756707e+000
 -3.3488898e+000
 -3.4118502e+000
 -3.4663382e+000
 -3.5119589e+000
 -3.5454896e+000
 -3.5606937e+000
 -3.5486618e+000
 -3.4986671e+000
 -3.3994423e+000
 -3.2407203e+000
 -3.0148309e+000
 -2.7181287e+000
 -2.3520417e+000
 -1.9235678e+000
 -1.4451203e+000
 -9.3370183e-001
 -4.0947929e-001
  1.0608883e-001
  5.9235441e-001
  1.0315574e+000
  1.4106202e+000
  1.7224279e+000
  1.9664262e+000
  2.1484456e+000
  2.2797640e+000
  2.3755083e+000
  2.4525859e+000
  2.5273941e+000
  2.6135905e+000
  2.7201971e+000
  2.8502773e+000
  3.0003507e+000
  3.1606222e+000
  3.3160009e+000
  3.4477842e+000
  3.5358052e+000
  3.5607783e+000
  3.5065614e+000
  3.3620595e+000
  3.1225453e+000
  2.7902459e+000
  2.3741367e+000
  1.8889837e+000
  1.3537700e+000
  7.8971369e-001
  2.1813306e-001
 -3.4157074e-001
 -8.7356783e-001
 -1.3666955e+000
 -1.8148800e+000
 -2.2168596e+000
 -2.5752774e+000
 -2.8952970e+000
 -3.1829529e+000
 -3.4434822e+000
 -3.6798824e+000
 -3.8919042e+000
 -4.0756286e+000
 -4.2236927e+000
 -4.3261401e+000
 -4.3717814e+000
 -4.3498828e+000
 -4.2519463e+000
 -4.0733370e+000
 -3.8145223e+000
 -3.4817407e+000
 -3.0869883e+000
 -2.6472994e+000
 -2.1833903e+000
 -1.7178155e+000
 -1.2728536e+000
 -8.6837205e-001
 -5.1992816e-001
 -2.3733197e-001
 -2.3841430e-002
  1.2391916e-001
  2.1531580e-001
  2.6442343e-001
  2.8827032e-001
  3.0482680e-001
  3.3098262e-001
  3.8075260e-001
  4.6391358e-001
  5.8521574e-001
  7.4423321e-001
  9.3583567e-001
  1.1511839e+000
  1.3790888e+000
  1.6075341e+000
  1.8251499e+000
  2.0224437e+000
  2.1926358e+000
  2.3320126e+000
  2.4397805e+000
  2.5174791e+000
  2.5680740e+000
  2.5948930e+000
  2.6005891e+000
  2.5863049e+000
  2.5511792e+000
  2.4922813e+000
  2.4049914e+000
  2.2837748e+000
  2.1232358e+000
  1.9192883e+000
  1.6702596e+000
  1.3777457e+000
  1.0470688e+000
  6.8723945e-001
  3.1039495e-001
 -6.9238020e-002
 -4.3674008e-001
 -7.7808148e-001
 -1.0816835e+000
 -1.3397465e+000
 -1.5491561e+000
 -1.7118288e+000
 -1.8344275e+000
 -1.9274628e+000
 -2.0038717e+000
 -2.0772440e+000
 -2.1599110e+000
 -2.2611410e+000
 -2.3856729e+000
 -2.5327883e+000
 -2.6960511e+000
 -2.8637692e+000
 -3.0201376e+000
 -3.1469396e+000
 -3.2256116e+000
 -3.2394283e+000
 -3.1755493e+000
 -3.0266830e+000
 -2.7921675e+000
 -2.4783402e+000
 -2.0981484e+000
 -1.6700485e+000
 -1.2163196e+000
 -7.6098686e-001
 -3.2758909e-001
  6.2959730e-002
  3.9418595e-001
  6.5536303e-001
  8.4218985e-001
  9.5679809e-001
  1.0071247e+000
  1.0057559e+000
  9.6840274e-001
  9.1219832e-001
  8.5401209e-001
  8.0895763e-001
  7.8922963e-001
  8.0335281e-001
  8.5586640e-001
  9.4741164e-001
  1.0751449e+000
  1.2333697e+000
  1.4142716e+000
  1.6086489e+000
  1.8065566e+000
  1.9978184e+000
  2.1723979e+000
  2.3206577e+000
  2.4335591e+000
  2.5028662e+000
  2.5214128e+000
  2.4834692e+000
  2.3852132e+000
  2.2252721e+000
  2.0052650e+000
  1.7302481e+000
  1.4089517e+000
  1.0537055e+000
  6.7997396e-001
  3.0547077e-001
 -5.1124857e-002
 -3.7176087e-001
 -6.4076949e-001
 -8.4659817e-001
 -9.8330102e-001
 -1.0515813e+000
 -1.0592087e+000
 -1.0206948e+000
 -9.5619108e-001
 -8.8966868e-001
 -8.4652789e-001
 -8.5087142e-001
 -9.2272898e-001
 -1.0755483e+000
 -1.3142538e+000
 -1.6341264e+000
 -2.0206704e+000
 -2.4505321e+000
 -2.8934080e+000
 -3.3147697e+000
 -3.6791296e+000
 -3.9535024e+000
 -4.1106884e+000
 -4.1320160e+000
 -4.0092408e+000
 -3.7453882e+000
 -3.3544501e+000
 -2.8599735e+000
 -2.2927062e+000
 -1.6875715e+000
 -1.0803157e+000
 -5.0420296e-001
  1.2881621e-002
  4.5061773e-001
  7.9751525e-001
  1.0511655e+000
  1.2175095e+000
  1.3092708e+000
  1.3437944e+000
  1.3405924e+000
  1.3189170e+000
  1.2956571e+000
  1.2837924e+000
  1.2915504e+000
  1.3223056e+000
  1.3751525e+000
  1.4459956e+000
  1.5289307e+000
  1.6176670e+000
  1.7067448e+000
  1.7923525e+000
  1.8726220e+000
  1.9473732e+000
  2.0173762e+000
  2.0832851e+000
  2.1444571e+000
  2.1978994e+000
  2.2375721e+000
  2.2542298e+000
  2.2359002e+000
  2.1690019e+000
  2.0399953e+000
  1.8373692e+000
  1.5536913e+000
  1.1874238e+000
  7.4420868e-001
  2.3738316e-001
 -3.1242241e-001
 -8.7863837e-001
 -1.4309642e+000
 -1.9382140e+000
 -2.3714821e+000
 -2.7072523e+000
 -2.9300596e+000
 -3.0343535e+000
 -3.0252973e+000
 -2.9183619e+000
 -2.7377206e+000
 -2.5136029e+000
 -2.2788991e+000
 -2.0654126e+000
 -1.9002047e+000
 -1.8024807e+000
 -1.7814008e+000
 -1.8350925e+000
 -1.9509934e+000
 -2.1074891e+000
 -2.2766452e+000
 -2.4276989e+000
 -2.5308739e+000
 -2.5610442e+000
 -2.5007891e+000
 -2.3424616e+000
 -2.0890176e+000
 -1.7535134e+000
 -1.3573511e+000
 -9.2751012e-001
 -4.9313623e-001
 -8.1936735e-002
  2.8314524e-001
  5.8654617e-001
  8.2165287e-001
  9.9113536e-001
  1.1060151e+000
  1.1836112e+000
  1.2446567e+000
  1.3099879e+000
  1.3972660e+000
  1.5181827e+000
  1.6765370e+000
  1.8674494e+000
  2.0778256e+000
  2.2880111e+000
  2.4744144e+000
  2.6127440e+000
  2.6814196e+000
  2.6646891e+000
  2.5550233e+000
  2.3544525e+000
  2.0746522e+000
  1.7357520e+000
  1.3640135e+000
  9.8867687e-001
  6.3838903e-001
  3.3768546e-001
  1.0399148e-001
 -5.4456671e-002
 -1.3949293e-001
 -1.6258529e-001
 -1.4313854e-001
 -1.0576034e-001
 -7.6853568e-002
 -8.0988182e-002
 -1.3753533e-001
 -2.5801111e-001
 -4.4448212e-001
 -6.8924237e-001
 -9.7580009e-001
 -1.2810372e+000
 -1.5782466e+000
 -1.8406352e+000
 -2.0448182e+000
 -2.1738331e+000
 -2.2192679e+000
 -2.1822191e+000
 -2.0729549e+000
 -1.9093362e+000
 -1.7142163e+000
 -1.5121826e+000
 -1.3260901e+000
 -1.1738691e+000
 -1.0660497e+000
 -1.0043499e+000
 -9.8152747e-001
 -9.8252258e-001
 -9.8673969e-001
 -9.7115989e-001
 -9.1385613e-001
 -7.9742587e-001
 -6.1186131e-001
 -3.5644985e-001
 -4.0425433e-002
  3.1774121e-001
  6.9234150e-001
  1.0534692e+000
  1.3707103e+000
  1.6169985e+000
  1.7721240e+000
  1.8254250e+000
  1.7772943e+000
  1.6392884e+000
  1.4328094e+000
  1.1865198e+000
  9.3281863e-001
  7.0383186e-001
  5.2743838e-001
  4.2384815e-001
  4.0317853e-001
  4.6434355e-001
  5.9539800e-001
  7.7528628e-001
  9.7676006e-001
  1.1700748e+000
  1.3269723e+000
  1.4244206e+000
  1.4476138e+000
  1.3918381e+000
  1.2629586e+000
  1.0764702e+000
  8.5524469e-001
  6.2628623e-001
  4.1693380e-001
  2.5102939e-001
  1.4557125e-001
  1.0830849e-001
  1.3660613e-001
  2.1773967e-001
  3.3058572e-001
  4.4848769e-001
  5.4291651e-001
  5.8743847e-001
  5.6145874e-001
  4.5323702e-001
  2.6176594e-001
 -2.7475750e-003
 -3.1987394e-001
 -6.6130739e-001
 -9.9427004e-001
 -1.2855369e+000
 -1.5055624e+000
 -1.6321765e+000
 -1.6533724e+000
 -1.5688285e+000
 -1.3899710e+000
 -1.1385727e+000
 -8.4407514e-001
 -5.3998105e-001
 -2.5978436e-001
 -3.2959041e-002
  1.1848558e-001
  1.8245458e-001
  1.5792823e-001
  5.4711482e-002
 -1.0816553e-001
 -3.0515931e-001
 -5.0766039e-001
 -6.8771108e-001
 -8.2150343e-001
 -8.9220695e-001
 -8.9177570e-001
 -8.2152799e-001
 -6.9146162e-001
 -5.1843845e-001
 -3.2352150e-001
 -1.2885618e-001
  4.5460019e-002
  1.8408412e-001
  2.7834385e-001
  3.2711515e-001
  3.3656338e-001
  3.1881269e-001
  2.8975913e-001
  2.6636185e-001
  2.6381725e-001
  2.9303423e-001
  3.5878196e-001
  4.5878339e-001
  5.8389050e-001
  7.1932138e-001
  8.4678598e-001
  9.4719848e-001
  1.0035873e+000
  1.0037821e+000
  9.4248281e-001
  8.2240094e-001
  6.5428659e-001
  4.5581205e-001
  2.4944057e-001
  5.9553006e-002
 -9.0787425e-002
 -1.8299601e-001
 -2.0561971e-001
 -1.5611156e-001
 -4.1468852e-002
  1.2237268e-001
  3.1233073e-001
  5.0093681e-001
  6.5971590e-001
  7.6275028e-001
  7.8996402e-001
  7.2969793e-001
  5.8023571e-001
  3.5007820e-001
  5.6926664e-002
 -2.7449449e-001
 -6.1549259e-001
 -9.3694092e-001
 -1.2128313e+000
 -1.4233830e+000
 -1.5573049e+000
 -1.6129221e+000
 -1.5980282e+000
 -1.5284954e+000
 -1.4258377e+000
 -1.3140619e+000
 -1.2162342e+000
 -1.1512265e+000
 -1.1310803e+000
 -1.1593414e+000
 -1.2305882e+000
 -1.3312151e+000
 -1.4413630e+000
 -1.5377346e+000
 -1.5969157e+000
 -1.5987496e+000
 -1.5293114e+000
 -1.3830737e+000
 -1.1639691e+000
 -8.8519505e-001
 -5.6777946e-001
 -2.3808400e-001
  7.5431458e-002
  3.4576470e-001
  5.5078341e-001
  6.7604825e-001
  7.1667650e-001
  6.7800083e-001
  5.7493361e-001
  4.3011472e-001
  2.7107806e-001
  1.2679743e-001
  2.4051267e-002
 -1.5932925e-002
  1.9868021e-002
  1.3465178e-001
  3.2139757e-001
  5.6373937e-001
  8.3798187e-001
  1.1159927e+000
  1.3685967e+000
  1.5690413e+000
  1.6960990e+000
  1.7364296e+000
  1.6859250e+000
  1.5498960e+000
  1.3421110e+000
  1.0828438e+000
  7.9620990e-001
  5.0715323e-001
  2.3848126e-001
  8.3260745e-003
 -1.7165842e-001
 -2.9716007e-001
 -3.7106107e-001
 -4.0234483e-001
 -4.0424709e-001
 -3.9193721e-001
 -3.8007002e-001
 -3.8055587e-001
 -4.0085562e-001
 -4.4302594e-001
 -5.0362919e-001
 -5.7449758e-001
 -6.4422105e-001
 -7.0012747e-001
 -7.3045729e-001
 -7.2641046e-001
 -6.8376441e-001
 -6.0382445e-001
 -4.9356359e-001
 -3.6492341e-001
 -2.3336540e-001
 -1.1586774e-001
 -2.8639847e-002
  1.5132208e-002
  7.1995628e-003
 -5.4441564e-002
 -1.6503203e-001
 -3.1340043e-001
 -4.8314458e-001
 -6.5449582e-001
 -8.0662743e-001
 -9.2011067e-001
 -9.7920367e-001
 -9.7368186e-001
 -8.9998096e-001
 -7.6151516e-001
 -5.6814206e-001
 -3.3485744e-001
 -7.9901839e-002
  1.7746588e-001
  4.1923392e-001
  6.3064943e-001
  8.0172418e-001
  9.2805444e-001
  1.0108712e+000
  1.0563417e+000
  1.0742436e+000
  1.0762151e+000
  1.0738366e+000
  1.0768171e+000
  1.0915367e+000
  1.1201439e+000
  1.1603218e+000
  1.2057460e+000
  1.2471551e+000
  1.2738726e+000
  1.2755556e+000
  1.2439156e+000
  1.1741624e+000
  1.0659625e+000
  9.2377018e-001
  7.5648036e-001
  5.7644397e-001
  3.9797741e-001
  2.3556712e-001
  1.0201325e-001
  6.7658347e-003
 -4.5318799e-002
 -5.4629568e-002
 -2.6768278e-002
  2.8166700e-002
  9.6888798e-002
  1.6465228e-001
  2.1717425e-001
  2.4249622e-001
  2.3253982e-001
  1.8415238e-001
  9.9505448e-002
 -1.4204508e-002
 -1.4571239e-001
 -2.8117053e-001
 -4.0596874e-001
 -5.0664996e-001
 -5.7267228e-001
 -5.9779009e-001
 -5.8087856e-001
 -5.2609969e-001
 -4.4239438e-001
 -3.4237257e-001
 -2.4074975e-001
 -1.5253468e-001
 -9.1201533e-002
 -6.7077340e-002
 -8.6143279e-002
 -1.4939065e-001
 -2.5279776e-001
 -3.8791213e-001
 -5.4294515e-001
 -7.0422265e-001
 -8.5779412e-001
 -9.9098974e-001
 -1.0937288e+000
 -1.1594243e+000
 -1.1853872e+000
 -1.1727082e+000
 -1.1256614e+000
 -1.0507448e+000
 -9.5551125e-001
 -8.4737118e-001
 -7.3254264e-001
 -6.1529665e-001
 -4.9759724e-001
 -3.7917428e-001
 -2.5800063e-001
 -1.3108555e-001
  4.5512448e-003
  1.5088613e-001
  3.0804276e-001
  4.7372990e-001
  6.4306530e-001
  8.0882735e-001
  9.6211254e-001
  1.0933152e+000
  1.1932961e+000
  1.2545756e+000
  1.2723780e+000
  1.2453718e+000
  1.1759886e+000
  1.0702595e+000
  9.3717508e-001
  7.8764123e-001
  6.3315945e-001
  4.8440436e-001
  3.4988692e-001
  2.3488637e-001
  1.4080107e-001
  6.5015834e-002
  1.3159550e-003
 -5.9194315e-002
 -1.2677910e-001
 -2.1152913e-001
 -3.2178973e-001
 -4.6276559e-001
 -6.3549052e-001
 -8.3630696e-001
 -1.0569368e+000
 -1.2851511e+000
 -1.5059692e+000
 -1.7032512e+000
 -1.8614947e+000
 -1.9676190e+000
 -2.0125207e+000
 -1.9922091e+000
 -1.9083807e+000
 -1.7683609e+000
 -1.5844164e+000
 -1.3725192e+000
 -1.1507067e+000
 -9.3723166e-001
 -7.4871728e-001
 -5.9852855e-001
 -4.9554190e-001
 -4.4344240e-001
 -4.4061184e-001
 -4.8059766e-001
 -5.5308310e-001
 -6.4522126e-001
 -7.4315676e-001
 -8.3354367e-001
 -9.0487773e-001
 -9.4849382e-001
 -9.5912989e-001
 -9.3502065e-001
 -8.7754799e-001
 -7.9053357e-001
 -6.7930297e-001
 -5.4967598e-001
 -4.0704010e-001
 -2.5564483e-001
 -9.8215730e-002
  6.4064707e-002
  2.3122035e-001
  4.0385535e-001
  5.8235086e-001
  7.6602568e-001
  9.5241057e-001
  1.1367725e+000
  1.3119919e+000
  1.4688455e+000
  1.5966917e+000
  1.6844928e+000
  1.7220581e+000
  1.7013541e+000
  1.6177083e+000
  1.4707393e+000
  1.2648715e+000
  1.0093407e+000
  7.1765638e-001
  4.0655452e-001
  9.4537798e-002
 -1.9984367e-001
 -4.5978252e-001
 -6.7187166e-001
 -8.2743580e-001
 -9.2337780e-001
 -9.6243385e-001
 -9.5279901e-001
 -9.0715693e-001
 -8.4121687e-001
 -7.7191842e-001
 -7.1550360e-001
 -6.8567130e-001
 -6.9201983e-001
 -7.3895010e-001
 -8.2514868e-001
 -9.4370395e-001
 -1.0828365e+000
 -1.2271563e+000
 -1.3593018e+000
 -1.4617760e+000
 -1.5187767e+000
 -1.5178236e+000
 -1.4510138e+000
 -1.3157834e+000
 -1.1151097e+000
 -8.5715842e-001
 -5.5443484e-001
 -2.2255516e-001
  1.2121202e-001
  4.5946614e-001
  7.7609287e-001
  1.0574379e+000
  1.2931325e+000
  1.4765149e+000
  1.6046442e+000
  1.6779504e+000
  1.6996067e+000
  1.6747361e+000
  1.6095720e+000
  1.5106907e+000
  1.3844083e+000
  1.2364042e+000
  1.0715920e+000
  8.9422143e-001
  7.0815541e-001
  5.1724518e-001
  3.2570907e-001
  1.3842462e-001
 -3.8942109e-002
 -2.0001955e-001
 -3.3804053e-001
 -4.4635696e-001
 -5.1910223e-001
 -5.5191697e-001
 -5.4263788e-001
 -4.9184660e-001
 -4.0318759e-001
 -2.8338831e-001
 -1.4194965e-001
  9.4856968e-003
  1.5803863e-001
  2.9068879e-001
  3.9544902e-001
  4.6249491e-001
  4.8512608e-001
  4.6045148e-001
  3.8971940e-001
  2.7825098e-001
  1.3497931e-001
 -2.8360737e-002
 -1.9830879e-001
 -3.6090957e-001
 -5.0297050e-001
 -6.1321805e-001
 -6.8323753e-001
 -7.0810760e-001
 -6.8667595e-001
 -6.2146354e-001
 -5.1822518e-001
 -3.8523126e-001
 -2.3236226e-001
 -7.0124326e-002
  9.1303519e-002
  2.4289027e-001
  3.7736328e-001
  4.8955965e-001
  5.7650485e-001
  6.3723897e-001
  6.7244136e-001
  6.8392638e-001
  6.7409482e-001
  6.4542533e-001
  6.0007899e-001
  5.3966927e-001
  4.6522220e-001
  3.7732149e-001
  2.7640435e-001
  1.6315019e-001
  3.8889088e-002
 -9.4048087e-002
 -2.3210974e-001
 -3.7048891e-001
 -5.0330434e-001
 -6.2399707e-001
 -7.2591172e-001
 -8.0300227e-001
 -8.5058077e-001
 -8.6601469e-001
 -8.4927807e-001
 -8.0327248e-001
 -7.3385626e-001
 -6.4955110e-001
 -5.6093135e-001
 -4.7973837e-001
 -4.1779637e-001
 -3.8583272e-001
 -3.9232150e-001
 -4.4247285e-001
 -5.3747978e-001
 -6.7411235e-001
 -8.4471524e-001
 -1.0376256e+000
 -1.2379852e+000
 -1.4288810e+000
 -1.5927134e+000
 -1.7126681e+000
 -1.7741567e+000
 -1.7660915e+000
 -1.6818788e+000
 -1.5200407e+000
 -1.2844129e+000
 -9.8390582e-001
 -6.3186054e-001
 -2.4506482e-001
  1.5747270e-001
  5.5587549e-001
  9.3075696e-001
  1.2644678e+000
  1.5421344e+000
  1.7524176e+000
  1.8879509e+000
  1.9454547e+000
  1.9255519e+000
  1.8323372e+000
  1.6727728e+000
  1.4559876e+000
  1.1925588e+000
  8.9384312e-001
  5.7140502e-001
  2.3657110e-001
 -9.9886026e-002
 -4.2794965e-001
 -7.3847832e-001
 -1.0232819e+000
 -1.2751942e+000
 -1.4881751e+000
 -1.6574600e+000
 -1.7797592e+000
 -1.8534882e+000
 -1.8789966e+000
 -1.8587470e+000
 -1.7973962e+000
 -1.7017299e+000
 -1.5804162e+000
 -1.4435633e+000
 -1.3020905e+000
 -1.1669474e+000
 -1.0482416e+000
 -9.5435648e-001
 -8.9114733e-001
 -8.6131142e-001
 -8.6401135e-001
 -8.9481358e-001
 -9.4597230e-001
 -1.0070533e+000
 -1.0658545e+000
 -1.1095452e+000
 -1.1259179e+000
 -1.1046279e+000
 -1.0382943e+000
 -9.2334305e-001
 -7.6049826e-001
 -5.5486132e-001
 -3.1556096e-001
 -5.5002182e-002
  2.1221483e-001
  4.7059835e-001
  7.0515932e-001
  9.0275398e-001
  1.0532378e+000
  1.1503144e+000
  1.1919969e+000
  1.1806406e+000
  1.1225542e+000
  1.0272402e+000
  9.0635646e-001
  7.7251630e-001
  6.3806076e-001
  5.1393336e-001
  4.0877216e-001
  3.2830384e-001
  2.7508653e-001
  2.4860536e-001
  2.4568344e-001
  2.6113581e-001
  2.8856908e-001
  3.2121797e-001
  3.5271265e-001
  3.7768727e-001
  3.9216699e-001
  3.9370573e-001
  3.8128326e-001
  3.5500468e-001
  3.1567198e-001
  2.6431367e-001
  2.0176118e-001
  1.2835117e-001
  4.3810541e-002
 -5.2649080e-002
 -1.6203545e-001
 -2.8512044e-001
 -4.2189585e-001
 -5.7102969e-001
 -7.2941826e-001
 -8.9192206e-001
 -1.0513526e+000
 -1.1987464e+000
 -1.3239237e+000
 -1.4162915e+000
 -1.4658127e+000
 -1.4640381e+000
 -1.4050809e+000
 -1.2864164e+000
 -1.1094020e+000
 -8.7944334e-001
 -6.0577194e-001
 -3.0084284e-001
  2.0593298e-002
  3.4265063e-001
  6.4958052e-001
  9.2702110e-001
  1.1630920e+000
  1.3492208e+000
  1.4806203e+000
  1.5563771e+000
  1.5791585e+000
  1.5545909e+000
  1.4903968e+000
  1.3954079e+000
  1.2785779e+000
  1.1481162e+000
  1.0108393e+000
  8.7180622e-001
  7.3426071e-001
  5.9986079e-001
  4.6913567e-001
  3.4208027e-001
  2.1877960e-001
  9.9954008e-002
 -1.2670244e-002
 -1.1623235e-001
 -2.0688023e-001
 -2.8017293e-001
 -3.3168859e-001
 -3.5774998e-001
 -3.5615772e-001
 -3.2681455e-001
 -2.7213362e-001
 -1.9714931e-001
 -1.0928688e-001
 -1.7792708e-002
  6.7126238e-002
  1.3536274e-001
  1.7804696e-001
  1.8862238e-001
  1.6372218e-001
  1.0372767e-001
  1.2925013e-002
 -1.0077589e-001
 -2.2654450e-001
 -3.5168628e-001
 -4.6293995e-001
 -5.4787118e-001
 -5.9620426e-001
 -6.0093858e-001
 -5.5912097e-001
 -4.7218479e-001
 -3.4581769e-001
 -1.8937567e-001
 -1.4914121e-002
  1.6404885e-001
  3.3389194e-001
  4.8221618e-001
  5.9898721e-001
  6.7737092e-001
  7.1417928e-001
  7.0989297e-001
  6.6828021e-001
  5.9567941e-001
  5.0005231e-001
  3.8993792e-001
  2.7344382e-001
  1.5739990e-001
  4.6772116e-002
 -5.5605684e-002
 -1.4896951e-001
 -2.3426587e-001
 -3.1356842e-001
 -3.8937192e-001
 -4.6387805e-001
 -5.3838460e-001
 -6.1287058e-001
 -6.8583807e-001
 -7.5443211e-001
 -8.1481752e-001
 -8.6275292e-001
 -8.9427282e-001
 -9.0637182e-001
 -8.9758399e-001
 -8.6836483e-001
 -8.2121075e-001
 -7.6048876e-001
 -6.9198995e-001
 -6.2226076e-001
 -5.5779881e-001
 -5.0422069e-001
 -4.6551585e-001
 -4.4349083e-001
 -4.3748443e-001
 -4.4439885e-001
 -4.5905039e-001
 -4.7480039e-001
 -4.8438962e-001
 -4.8087154e-001
 -4.5852600e-001
 -4.1363682e-001
 -3.4503358e-001
 -2.5432853e-001
 -1.4581829e-001
 -2.6063396e-002
  9.6800958e-002
  2.1393560e-001
  3.1674086e-001
  3.9775685e-001
  4.5141274e-001
  4.7453890e-001
  4.6658900e-001
  4.2955715e-001
  3.6761544e-001
  2.8653155e-001
  1.9295219e-001
  9.3651109e-002
 -5.1600743e-003
 -9.8374295e-002
 -1.8232590e-001
 -2.5489554e-001
 -3.1539139e-001
 -3.6424728e-001
 -4.0260294e-001
 -4.3184592e-001
 -4.5319641e-001
 -4.6740528e-001
 -4.7461423e-001
 -4.7439834e-001
 -4.6597969e-001
 -4.4857108e-001
 -4.2178624e-001
 -3.8603937e-001
 -3.4285658e-001
 -2.9503252e-001
 -2.4658810e-001
 -2.0251456e-001
 -1.6832193e-001
 -1.4944135e-001
 -1.5055529e-001
 -1.7494452e-001
 -2.2394320e-001
 -2.9658240e-001
 -3.8947986e-001
 -4.9700293e-001
 -6.1169541e-001
 -7.2492417e-001
 -8.2767182e-001
 -9.1138165e-001
 -9.6875374e-001
 -9.9439775e-001
 -9.8526685e-001
 -9.4082693e-001
 -8.6295054e-001
 -7.5556164e-001
 -6.2408967e-001
 -4.7481489e-001
 -3.1419892e-001
 -1.4829209e-001
  1.7706030e-002
  1.7968286e-001
  3.3462899e-001
  4.8045308e-001
  6.1564621e-001
  7.3887047e-001
  8.4855885e-001
  9.4261149e-001
  1.0182583e+000
  1.0721303e+000
  1.1005481e+000
  1.0999971e+000
  1.0677258e+000
  1.0023785e+000
  9.0455725e-001
  7.7721487e-001
  6.2579451e-001
  4.5806463e-001
  2.8363843e-001
  1.1321224e-001
 -4.2400988e-002
 -1.7333191e-001
 -2.7167832e-001
 -3.3235820e-001
 -3.5367425e-001
 -3.3750453e-001
 -2.8907949e-001
 -2.1635879e-001
 -1.2907462e-001
 -3.7554422e-002
  4.8531191e-002
  1.2133557e-001
  1.7576523e-001
  2.1004570e-001
  2.2584358e-001
  2.2792172e-001
  2.2336585e-001
  2.2047915e-001
  2.2748779e-001
  2.5122896e-001
  2.9599923e-001
  3.6272359e-001
  4.4856649e-001
  5.4704974e-001
  6.4867650e-001
  7.4199255e-001
  8.1495718e-001
  8.5645125e-001
  8.5772878e-001
  8.1362084e-001
  7.2332960e-001
  5.9069993e-001
  4.2392264e-001
  2.3469567e-001
  3.6940963e-002
 -1.5476665e-001
 -3.2686238e-001
 -4.6833580e-001
 -5.7195841e-001
 -6.3503510e-001
 -6.5957952e-001
 -6.5188657e-001
 -6.2155276e-001
 -5.8006652e-001
 -5.3914735e-001
 -5.0904658e-001
 -4.9702986e-001
 -5.0624028e-001
 -5.3509473e-001
 -5.7730013e-001
 -6.2249862e-001
 -6.5747204e-001
 -6.6776550e-001
 -6.3953707e-001
 -5.6141102e-001
 -4.2611060e-001
 -2.3167202e-001
  1.7909262e-002
  3.1268126e-001
  6.3739251e-001
  9.7273276e-001
  1.2970207e+000
  1.5881538e+000
  1.8256091e+000
  1.9922848e+000
  2.0759962e+000
  2.0704841e+000
  1.9758536e+000
  1.7984261e+000
  1.5500525e+000
  1.2469857e+000
  9.0845395e-001
  5.5509156e-001
  2.0738457e-001
 -1.1573011e-001
 -3.9800768e-001
 -6.2671723e-001
 -7.9312248e-001
 -8.9264137e-001
 -9.2473391e-001
 -8.9258548e-001
 -8.0265682e-001
 -6.6416327e-001
 -4.8852901e-001
 -2.8883934e-001
 -7.9293012e-002
  1.2536032e-001
  3.1042006e-001
  4.6189184e-001
  5.6720876e-001
  6.1600189e-001
  6.0088025e-001
  5.1815527e-001
  3.6842640e-001
  1.5693636e-001
 -1.0638952e-001
 -4.0728439e-001
 -7.2789139e-001
 -1.0479102e+000
 -1.3460737e+000
 -1.6018416e+000
 -1.7971589e+000
 -1.9181038e+000
 -1.9562438e+000
 -1.9095401e+000
 -1.7826759e+000
 -1.5867434e+000
 -1.3382938e+000
 -1.0578235e+000
 -7.6783896e-001
 -4.9069439e-001
 -2.4642817e-001
 -5.0829377e-002
  8.6054654e-002
  1.6080577e-001
  1.7681968e-001
  1.4376880e-001
  7.6405815e-002
 -7.1553183e-003
 -8.7486002e-002
 -1.4598731e-001
 -1.6689475e-001
 -1.3892692e-001
 -5.6407189e-002
  8.0246974e-002
  2.6469662e-001
  4.8546829e-001
  7.2723892e-001
  9.7245022e-001
  1.2030551e+000
  1.4021944e+000
  1.5556255e+000
  1.6527635e+000
  1.6872574e+000
  1.6570855e+000
  1.5642138e+000
  1.4139164e+000
  1.2138875e+000
  9.7328886e-001
  7.0186759e-001
  4.0925345e-001
  1.0450072e-001
 -2.0410689e-001
 -5.0901844e-001
 -8.0321482e-001
 -1.0799399e+000
 -1.3324666e+000
 -1.5539898e+000
 -1.7377098e+000
 -1.8771317e+000
 -1.9665592e+000
 -2.0017214e+000
 -1.9804342e+000
 -1.9031826e+000
 -1.7735091e+000
 -1.5981130e+000
 -1.3866015e+000
 -1.1508833e+000
 -9.0424579e-001
 -6.6021017e-001
 -4.3129483e-001
 -2.2784087e-001
 -5.7053141e-002
  7.7611454e-002
  1.7661863e-001
  2.4406073e-001
  2.8691985e-001
  3.1398091e-001
  3.3453578e-001
  3.5705147e-001
  3.8798322e-001
  4.3089660e-001
  4.8602134e-001
  5.5030073e-001
  6.1793068e-001
  6.8131237e-001
  7.3228154e-001
  7.6343549e-001
  7.6936118e-001
  7.4757880e-001
  6.9905325e-001
  6.2818639e-001
  5.4227778e-001
  4.5052022e-001
  3.6266778e-001
  2.8756699e-001
  2.3176915e-001
  1.9843727e-001
  1.8672618e-001
  1.9175118e-001
  2.0517865e-001
  2.1638193e-001
  2.1402005e-001
  1.8782835e-001
  1.3036862e-001
  3.8480055e-002
 -8.5798414e-002
 -2.3499936e-001
 -3.9676698e-001
 -5.5513627e-001
 -6.9241615e-001
 -7.9144988e-001
 -8.3796203e-001
 -8.2267452e-001
 -7.4288947e-001
 -6.0329456e-001
 -4.1583952e-001
 -1.9865045e-001
  2.5924223e-002
  2.3392217e-001
  4.0271983e-001
  5.1396018e-001
  5.5607385e-001
  5.2604939e-001
  4.3019214e-001
  2.8373170e-001
  1.0928137e-001
 -6.5700315e-002
 -2.1216292e-001
 -3.0304945e-001
 -3.1677665e-001
 -2.4017333e-001
 -7.0495657e-002
  1.8375680e-001
  5.0335788e-001
  8.6017631e-001
  1.2201118e+000
  1.5468153e+000
  1.8057615e+000
  1.9681919e+000
  2.0144570e+000
  1.9363538e+000
  1.7381747e+000
  1.4363350e+000
  1.0576215e+000
  6.3626600e-001
  2.1019090e-001
 -1.8312870e-001
 -5.1070060e-001
 -7.4747949e-001
 -8.7886539e-001
 -9.0196466e-001
 -8.2549577e-001
 -6.6838748e-001
 -4.5727387e-001
 -2.2321775e-001
  1.9223064e-003
  1.8903736e-001
  3.1480945e-001
  3.6391147e-001
  3.3014788e-001
  2.1646108e-001
  3.3876031e-002
 -2.0041283e-001
 -4.6550820e-001
 -7.3947109e-001
 -1.0018131e+000
 -1.2355018e+000
 -1.4282478e+000
 -1.5729603e+000
 -1.6673821e+000
 -1.7130402e+000
 -1.7137408e+000
 -1.6739025e+000
 -1.5970306e+000
 -1.4846079e+000
 -1.3356013e+000
 -1.1466784e+000
 -9.1311292e-001
 -6.3023633e-001
 -2.9520230e-001
  9.1235654e-002
  5.2324746e-001
  9.8903589e-001
  1.4707427e+000
  1.9452532e+000
  2.3858734e+000
  2.7647236e+000
  3.0555782e+000
  3.2368056e+000
  3.2940224e+000
  3.2220986e+000
  3.0262149e+000
  2.7217863e+000
  2.3332055e+000
  1.8915087e+000
  1.4312111e+000
  9.8667049e-001
  5.8840856e-001
  2.5983537e-001
  1.4781837e-002
 -1.4384809e-001
 -2.2412860e-001
 -2.4384835e-001
 -2.2807678e-001
 -2.0585213e-001
 -2.0639326e-001
 -2.5529857e-001
 -3.7119816e-001
 -5.6326959e-001
 -8.2992055e-001
 -1.1587968e+000
 -1.5281087e+000
 -1.9091080e+000
 -2.2694038e+000
 -2.5767082e+000
 -2.8025521e+000
 -2.9255210e+000
 -2.9336287e+000
 -2.8255555e+000
 -2.6106278e+000
 -2.3075678e+000
 -1.9421989e+000
 -1.5444127e+000
 -1.1447866e+000
 -7.7127622e-001
 -4.4637765e-001
 -1.8508754e-001
  6.1275215e-003
  1.2927470e-001
  1.9375644e-001
  2.1446259e-001
  2.0932431e-001
  1.9667775e-001
  1.9279403e-001
  2.0989293e-001
  2.5487733e-001
  3.2891650e-001
  4.2788359e-001
  5.4353387e-001
  6.6521170e-001
  7.8180776e-001
  8.8366393e-001
  9.6414134e-001
  1.0206260e+000
  1.0548353e+000
  1.0723958e+000
  1.0817698e+000
  1.0927061e+000
  1.1144561e+000
  1.1540298e+000
  1.2147615e+000
  1.2954039e+000
  1.3898961e+000
  1.4878517e+000
  1.5757085e+000
  1.6383860e+000
  1.6612251e+000
  1.6319395e+000
  1.5423098e+000
  1.3893818e+000
  1.1760008e+000
  9.1060495e-001
  6.0630326e-001
  2.7936068e-001
 -5.2703651e-002
 -3.7314792e-001
 -6.6789452e-001
 -9.2701877e-001
 -1.1456420e+000
 -1.3241145e+000
 -1.4674719e+000
 -1.5842495e+000
 -1.6848254e+000
 -1.7795294e+000
 -1.8767843e+000
 -1.9815422e+000
 -2.0942335e+000
 -2.2103805e+000
 -2.3209303e+000
 -2.4132656e+000
 -2.4727611e+000
 -2.4846754e+000
 -2.4361266e+000
 -2.3178886e+000
 -2.1257699e+000
 -1.8613941e+000
 -1.5322833e+000
 -1.1512374e+000
 -7.3509663e-001
 -3.0305517e-001
  1.2525299e-001
  5.3164588e-001
  9.0102478e-001
  1.2225466e+000
  1.4902071e+000
  1.7027868e+000
  1.8632027e+000
  1.9773853e+000
  2.0528650e+000
  2.0972858e+000
  2.1170672e+000
  2.1164056e+000
  2.0967553e+000
  2.0568506e+000
  1.9932531e+000
  1.9013265e+000
  1.7764822e+000
  1.6154947e+000
  1.4176785e+000
  1.1857375e+000
  9.2614328e-001
  6.4896781e-001
  3.6717444e-001
  9.5448432e-002
 -1.5128455e-001
 -3.5945755e-001
 -5.1836587e-001
 -6.2137270e-001
 -6.6665365e-001
 -6.5737846e-001
 -6.0130394e-001
 -5.0983113e-001
 -3.9665103e-001
 -2.7615739e-001
 -1.6183406e-001
 -6.4825210e-002
  7.1316032e-003
  5.0281426e-002
  6.4878521e-002
  5.4681299e-002
  2.6006165e-002
 -1.3509969e-002
 -5.6251394e-002
 -9.5871848e-002
 -1.2826900e-001
 -1.5214759e-001
 -1.6909544e-001
 -1.8316843e-001
 -2.0005253e-001
 -2.2593267e-001
 -2.6624112e-001
 -3.2447609e-001
 -4.0127212e-001
 -4.9386862e-001
 -5.9606709e-001
 -6.9869858e-001
 -7.9055063e-001
 -8.5963782e-001
 -8.9465048e-001
 -8.8638941e-001
 -8.2899459e-001
 -7.2080187e-001
 -5.6471063e-001
 -3.6801040e-001
 -1.4168590e-001
  1.0071099e-001
  3.4447768e-001
  5.7528461e-001
  7.8061347e-001
  9.5093167e-001
  1.0804632e+000
  1.1674720e+000
  1.2140419e+000
  1.2254035e+000
  1.2089177e+000
  1.1728705e+000
  1.1252503e+000
  1.0726794e+000
  1.0196405e+000
  9.6809315e-001
  9.1751771e-001
  8.6535868e-001
  8.0778350e-001
  7.4062840e-001
  6.6037796e-001
  5.6502333e-001
  4.5466526e-001
  3.3176829e-001
  2.0102635e-001
  6.8859695e-002
 -5.7381202e-002
 -1.7038412e-001
 -2.6386870e-001
 -3.3345284e-001
 -3.7725740e-001
 -3.9615237e-001
 -3.9360001e-001
 -3.7511027e-001
 -3.4738164e-001
 -3.1724904e-001
 -2.9059137e-001
 -2.7136116e-001
 -2.6088495e-001
 -2.5754776e-001
 -2.5692270e-001
 -2.5234473e-001
 -2.3586445e-001
 -1.9946207e-001
 -1.3636150e-001
 -4.2265996e-002
  8.3658673e-002
  2.3819796e-001
  4.1399520e-001
  5.9998450e-001
  7.8231511e-001
  9.4566864e-001
  1.0748184e+000
  1.1562471e+000
  1.1796307e+000
  1.1390101e+000
  1.0335122e+000
  8.6753530e-001
  6.5038145e-001
  3.9538305e-001
  1.1863308e-001
 -1.6252827e-001
 -4.3109284e-001
 -6.7185008e-001
 -8.7258119e-001
 -1.0248642e+000
 -1.1244263e+000
 -1.1710390e+000
 -1.1680096e+000
 -1.1213681e+000
 -1.0388819e+000
 -9.2904022e-001
 -8.0014366e-001
 -6.5960519e-001
 -5.1353046e-001
 -3.6659636e-001
 -2.2219940e-001
 -8.2805031e-002
  4.9598909e-002
  1.7305259e-001
  2.8527951e-001
  3.8352475e-001
  4.6461846e-001
  5.2526437e-001
  5.6251056e-001
  5.7432377e-001
  5.6016505e-001
  5.2145686e-001
  4.6184216e-001
  3.8716266e-001
  3.0512242e-001
  2.2465001e-001
  1.5501878e-001
  1.0482562e-001
  8.0955640e-002
  8.7671055e-002
  1.2595373e-001
  1.9320353e-001
  2.8335229e-001
  3.8740083e-001
  4.9433146e-001
  5.9229786e-001
  6.6995515e-001
  7.1777138e-001
  7.2915950e-001
  7.0128831e-001
  6.3546838e-001
  5.3706014e-001
  4.1491035e-001
  2.8038086e-001
  1.4608421e-001
  2.4476346e-002
 -7.3526401e-002
 -1.3974314e-001
 -1.6959857e-001
 -1.6257064e-001
 -1.2217180e-001
 -5.5477392e-002
  2.7730706e-002
  1.1609253e-001
  1.9792874e-001
  2.6247728e-001
  3.0096480e-001
  3.0739661e-001
  2.7898954e-001
  2.1622049e-001
  1.2251337e-001
  3.6310493e-003
 -1.3312738e-001
 -2.7980609e-001
 -4.2862938e-001
 -5.7269172e-001
 -7.0642555e-001
 -8.2580872e-001
 -9.2831449e-001
 -1.0126449e+000
 -1.0783182e+000
 -1.1251994e+000
 -1.1530658e+000
 -1.1612886e+000
 -1.1486899e+000
 -1.1136008e+000
 -1.0541125e+000
 -9.6847909e-001
 -8.5560281e-001
 -7.1551913e-001
 -5.4979419e-001
 -3.6175974e-001
 -1.5653225e-001
  5.9205421e-002
  2.7764672e-001
  4.9048179e-001
  6.8962134e-001
  8.6793265e-001
  1.0198922e+000
  1.1420685e+000
  1.2333692e+000
  1.2950202e+000
  1.3302753e+000
  1.3438966e+000
  1.3414708e+000
  1.3286525e+000
  1.3104334e+000
  1.2905299e+000
  1.2709690e+000
  1.2519211e+000
  1.2317963e+000
  1.2075858e+000
  1.1753946e+000
  1.1310907e+000
  1.0709782e+000
  9.9240359e-001
  8.9421244e-001
  7.7699988e-001
  6.4312420e-001
  4.9648879e-001
  3.4212815e-001
  1.8566029e-001
  3.2684166e-002
 -1.1179342e-001
 -2.4382409e-001
 -3.6081730e-001
 -4.6163846e-001
 -5.4650118e-001
 -6.1667903e-001
 -6.7408753e-001
 -7.2080506e-001
 -7.5860833e-001
 -7.8859452e-001
 -8.1094785e-001
 -8.2488546e-001
 -8.2879043e-001
 -8.2051102e-001
 -7.9778025e-001
 -7.5869159e-001
 -7.0215757e-001
 -6.2827984e-001
 -5.3857137e-001
 -4.3599161e-001
 -3.2478224e-001
 -2.1011837e-001
 -9.7616504e-002
  7.2396531e-003
  9.9682550e-002
  1.7617879e-001
  2.3481561e-001
  2.7550710e-001
  2.9999476e-001
  3.1164392e-001
  3.1506310e-001
  3.1559517e-001
  3.1874370e-001
  3.2960369e-001
  3.5236209e-001
  3.8992165e-001
  4.4368286e-001
  5.1349647e-001
  5.9777658e-001
  6.9374435e-001
  7.9775809e-001
  9.0567848e-001
  1.0132188e+000
  1.1162375e+000
  1.2109461e+000
  1.2940203e+000
  1.3626215e+000
  1.4143512e+000
  1.4471695e+000
  1.4593146e+000
  1.4492562e+000
  1.4157072e+000
  1.3577048e+000
  1.2747547e+000
  1.1670186e+000
  1.0355109e+000
  8.8226634e-001
  7.1043713e-001
  5.2428731e-001
  3.2906396e-001
  1.3074250e-001
 -6.4337298e-002
 -2.4991041e-001
 -4.2025226e-001
 -5.7061515e-001
 -6.9757967e-001
 -7.9927352e-001
 -8.7542599e-001
 -9.2724673e-001
 -9.5714107e-001
 -9.6829617e-001
 -9.6419095e-001
 -9.4809401e-001
 -9.2261692e-001
 -8.8938401e-001
 -8.4886458e-001
 -8.0039233e-001
 -7.4237103e-001
 -6.7263976e-001
 -5.8894855e-001
 -4.8947893e-001
 -3.7333633e-001
 -2.4094404e-001
 -9.4280010e-002
  6.3081626e-002
  2.2613682e-001
  3.8881066e-001
  5.4446805e-001
  6.8651445e-001
  8.0901249e-001
  9.0723776e-001
  9.7810455e-001
  1.0204094e+000
  1.0348635e+000
  1.0239137e+000
  9.9137696e-001
  9.4193980e-001
  8.8058845e-001
  8.1204435e-001
  7.4027702e-001
  6.6815404e-001
  5.9726818e-001
  5.2795657e-001
  4.5950051e-001
  3.9046983e-001
  3.1915713e-001
  2.4403579e-001
  1.6417437e-001
  7.9547550e-002
 -8.8002992e-003
 -9.8760888e-002
 -1.8733494e-001
 -2.7094624e-001
 -3.4585132e-001
 -4.0858646e-001
 -4.5638919e-001
 -4.8753613e-001
 -5.0155139e-001
 -4.9925849e-001
 -4.8267093e-001
 -4.5473855e-001
 -4.1898667e-001
 -3.7909806e-001
 -3.3849471e-001
 -2.9997418e-001
 -2.6544595e-001
 -2.3579766e-001
 -2.1090197e-001
 -1.8975440e-001
 -1.7071515e-001
 -1.5181409e-001
 -1.3107183e-001
 -1.0678997e-001
 -7.7771240e-002
 -4.3443256e-002
 -3.8761879e-003
  4.0298130e-002
  8.8042622e-002
  1.3811283e-001
  1.8925692e-001
  2.4038001e-001
  2.9064305e-001
  3.3947895e-001
  3.8652496e-001
  4.3148585e-001
  4.7395643e-001
  5.1324093e-001
  5.4820953e-001
  5.7722819e-001
  5.9818759e-001
  6.0864127e-001
  6.0604537e-001
  5.8807400e-001
  5.5296953e-001
  4.9987767e-001
  4.2911466e-001
  3.4231964e-001
  2.4245835e-001
  1.3366302e-001
  2.0915554e-002
 -9.0396373e-002
 -1.9500134e-001
 -2.8828185e-001
 -3.6675955e-001
 -4.2846374e-001
 -4.7313126e-001
 -5.0220618e-001
 -5.1863232e-001
 -5.2645871e-001
 -5.3030254e-001
 -5.3473365e-001
 -5.4365606e-001
 -5.5976365e-001
 -5.8413885e-001
 -6.1604570e-001
 -6.5294474e-001
 -6.9072889e-001
 -7.2415236e-001
 -7.4740007e-001
 -7.5472825e-001
 -7.4109889e-001
 -7.0273260e-001
 -6.3751647e-001
 -5.4522322e-001
 -4.2752284e-001
 -2.8779470e-001
 -1.3077289e-001
  3.7922988e-002
  2.1230732e-001
  3.8653170e-001
  5.5531159e-001
  7.1423103e-001
  8.5990008e-001
  9.8996276e-001
  1.1029751e+000
  1.1981907e+000
  1.2753037e+000
  1.3341995e+000
  1.3747622e+000
  1.3967718e+000
  1.3999073e+000
  1.3838527e+000
  1.3484812e+000
  1.2940796e+000
  1.2215640e+000
  1.1326382e+000
  1.0298543e+000
  9.1654635e-001
  7.9663263e-001
  6.7429978e-001
  5.5360547e-001
  4.3805115e-001
  3.3018613e-001
  2.3130390e-001
  1.4128263e-001
  5.8604161e-002
 -1.9437520e-002
 -9.6353831e-002
 -1.7594595e-001
 -2.6171757e-001
 -3.5629067e-001
 -4.6090203e-001
 -5.7505070e-001
 -6.9634921e-001
 -8.2060618e-001
 -9.4213825e-001
 -1.0542792e+000
 -1.1500277e+000
 -1.2227560e+000
 -1.2668930e+000
 -1.2784974e+000
 -1.2556507e+000
 -1.1986231e+000
 -1.1097940e+000
 -9.9334338e-001
 -8.5475653e-001
 -7.0021191e-001
 -5.3593456e-001
 -3.6760058e-001
 -1.9986966e-001
 -3.6102643e-002
  1.2170585e-001
  2.7278143e-001
  4.1724307e-001
  5.5565396e-001
  6.8852616e-001
  8.1586142e-001
  9.3680498e-001
  1.0494719e+000
  1.1509799e+000
  1.2376901e+000
  1.3056282e+000
  1.3510250e+000
  1.3709008e+000
  1.3636048e+000
  1.3292255e+000
  1.2698021e+000
  1.1892961e+000
  1.0933101e+000
  9.8857937e-001
  8.8229309e-001
  7.8132695e-001
  6.9148405e-001
  6.1684267e-001
  5.5929736e-001
  5.1835672e-001
  4.9122831e-001
  4.7318424e-001
  4.5816441e-001
  4.3954323e-001
  4.1096400e-001
  3.6713633e-001
  3.0449694e-001
  2.2165209e-001
  1.1954898e-001
  1.3587240e-003
 -1.2790838e-001
 -2.6200078e-001
 -3.9415487e-001
 -5.1785879e-001
 -6.2755149e-001
 -7.1916940e-001
 -7.9047586e-001
 -8.4113965e-001
 -8.7256435e-001
 -8.8750429e-001
 -8.8953103e-001
 -8.8243323e-001
 -8.6963869e-001
 -8.5374154e-001
 -8.3619883e-001
 -8.1723374e-001
 -7.9595086e-001
 -7.7063638e-001
 -7.3918853e-001
 -6.9960477e-001
 -6.5044403e-001
 -5.9118769e-001
 -5.2243891e-001
 -4.4592606e-001
 -3.6430684e-001
 -2.8080195e-001
 -1.9871470e-001
 -1.2091283e-001
 -4.9356940e-002
  1.5244469e-002
  7.3590324e-002
  1.2771648e-001
  1.8069656e-001
  2.3614619e-001
  2.9759389e-001
  3.6780530e-001
  4.4815856e-001
  5.3816652e-001
  6.3522521e-001
  7.3464001e-001
  8.2994446e-001
  9.1348733e-001
  9.7722542e-001
  1.0136297e+000
  1.0165931e+000
  9.8222534e-001
  9.0942894e-001
  8.0017911e-001
  6.5946334e-001
  4.9488087e-001
  3.1594470e-001
  1.3316682e-001
 -4.2964803e-002
 -2.0299513e-001
 -3.3937651e-001
 -4.4710590e-001
 -5.2405314e-001
 -5.7094845e-001
 -5.9104121e-001
 -5.8948384e-001
 -5.7252881e-001
 -5.4664860e-001
 -5.1769589e-001
 -4.9021209e-001
 -4.6696978e-001
 -4.4880006e-001
 -4.3471590e-001
 -4.2230112e-001
 -4.0829885e-001
 -3.8930695e-001
 -3.6247523e-001
 -3.2610105e-001
 -2.8003693e-001
 -2.2585176e-001
 -1.6672400e-001
 -1.0708371e-001
 -5.2056673e-002
 -6.7915175e-003
  2.4232764e-002
  3.7819508e-002
  3.2499881e-002
  8.7482123e-003
 -3.1062581e-002
 -8.2957987e-002
 -1.4186791e-001
 -2.0226884e-001
 -2.5887056e-001
 -3.0725003e-001
 -3.4434382e-001
 -3.6873123e-001
 -3.8067152e-001
 -3.8189420e-001
 -3.7517773e-001
 -3.6378257e-001
 -3.5082578e-001
 -3.3869298e-001
 -3.2857789e-001
 -3.2022127e-001
 -3.1189185e-001
 -3.0061635e-001
 -2.8262885e-001
 -2.5397701e-001
 -2.1119844e-001
 -1.5196857e-001
 -7.5623636e-002
  1.6521870e-002
  1.2111614e-001
  2.3298692e-001
  3.4561349e-001
  4.5179702e-001
  5.4444430e-001
  6.1736303e-001
  6.6596411e-001
  6.8777799e-001
  6.8271653e-001
  6.5304594e-001
  6.0307500e-001
  5.3860120e-001
  4.6618944e-001
  3.9238035e-001
  3.2293340e-001
  2.6220451e-001
  2.1273787e-001
  1.7512149e-001
  1.4811856e-001
  1.2904863e-001
  1.1435764e-001
  1.0029062e-001
  8.3567187e-002
  6.1961022e-002
  3.4699281e-002
  2.6245634e-003
 -3.1903298e-002
 -6.5350600e-002
 -9.3547802e-002
 -1.1234360e-001
 -1.1827953e-001
 -1.0918626e-001
 -8.4613648e-002
 -4.6029885e-002
  3.2424073e-003
  5.8348186e-002
  1.1343872e-001
  1.6235516e-001
  1.9936446e-001
  2.1984801e-001
  2.2084971e-001
  2.0140996e-001
  1.6264211e-001
  1.0754370e-001
  4.0571842e-002
 -3.2955712e-002
 -1.0754812e-001
 -1.7822108e-001
 -2.4107392e-001
 -2.9368568e-001
 -3.3527837e-001
 -3.6662966e-001
 -3.8975399e-001
 -4.0740422e-001
 -4.2247212e-001
 -4.3738016e-001
 -4.5355829e-001
 -4.7108657e-001
 -4.8856017e-001
 -5.0320067e-001
 -5.1120104e-001
 -5.0825719e-001
 -4.9021090e-001
 -4.5371146e-001
 -3.9679933e-001
 -3.1932480e-001
 -2.2313702e-001
 -1.1201071e-001
  8.6855874e-003
  1.3253905e-001
  2.5278819e-001
  3.6307165e-001
  4.5812889e-001
  5.3435759e-001
  5.9015190e-001
  6.2597583e-001
  6.4416297e-001
  6.4847178e-001
  6.4345995e-001
  6.3376654e-001
  6.2340395e-001
  6.1515986e-001
  6.1019420e-001
  6.0788851e-001
  6.0596910e-001
  6.0088690e-001
  5.8839982e-001
  5.6427468e-001
  5.2500797e-001
  4.6846134e-001
  3.9431910e-001
  3.0429918e-001
  2.0208334e-001
  9.2971411e-002
 -1.6696886e-002
 -1.2027620e-001
 -2.1160734e-001
 -2.8575942e-001
 -3.3962127e-001
 -3.7226163e-001
 -3.8500898e-001
 -3.8124022e-001
 -3.6590765e-001
 -3.4486897e-001
 -3.2411244e-001
 -3.0898270e-001
 -3.0351250e-001
 -3.0994984e-001
 -3.2854254e-001
 -3.5760570e-001
 -3.9385791e-001
 -4.3297454e-001
 -4.7027613e-001
 -5.0145159e-001
 -5.2321162e-001
 -5.3377817e-001
 -5.3313980e-001
 -5.2303634e-001
 -5.0667534e-001
 -4.8822120e-001
 -4.7213056e-001
 -4.6243014e-001
 -4.6204151e-001
 -4.7225170e-001
 -4.9240807e-001
 -5.1988497e-001
 -5.5033143e-001
 -5.7817001e-001
 -5.9728111e-001
 -6.0178137e-001
 -5.8679049e-001
 -5.4908259e-001
 -4.8753351e-001
 -4.0330321e-001
 -2.9972924e-001
 -1.8194632e-001
 -5.6284868e-002
  7.0469028e-002
  1.9185118e-001
  3.0242936e-001
  3.9835134e-001
  4.7765971e-001
  5.4033619e-001
  5.8807600e-001
  6.2383128e-001
  6.5119444e-001
  6.7371441e-001
  6.9424723e-001
  7.1443654e-001
  7.3439971e-001
  7.5266524e-001
  7.6637023e-001
  7.7168842e-001
  7.6442617e-001
  7.4069853e-001
  6.9758592e-001
  6.3367412e-001
  5.4939637e-001
  4.4712467e-001
  3.3099302e-001
  2.0647358e-001
  7.9762527e-002
 -4.2940008e-002
 -1.5615587e-001
 -2.5575880e-001
 -3.3941950e-001
 -4.0680249e-001
 -4.5948616e-001
 -5.0061646e-001
 -5.3434240e-001
 -5.6511290e-001
 -5.9693455e-001
 -6.3269624e-001
 -6.7365802e-001
 -7.1917899e-001
 -7.6672620e-001
 -8.1216710e-001
 -8.5030834e-001
 -8.7560883e-001
 -8.8296957e-001
 -8.6849143e-001
 -8.3009486e-001
 -7.6791392e-001
 -6.8440688e-001
 -5.8416406e-001
 -4.7343473e-001
 -3.5943295e-001
 -2.4951250e-001
 -1.5031896e-001
 -6.7029868e-002
 -2.7823268e-003
  4.1638358e-002
  6.7810435e-002
  7.9389741e-002
  8.1567594e-002
  8.0347851e-002
  8.1741611e-002
  9.0987456e-002
  1.1189973e-001
  1.4642794e-001
  1.9447997e-001
  2.5402429e-001
  3.2144795e-001
  3.9211194e-001
  4.6101986e-001
  5.2350163e-001
  5.7581501e-001
  6.1558114e-001
  6.4199703e-001
  6.5580119e-001
  6.5900539e-001
  6.5444009e-001
  6.4518786e-001
  6.3399495e-001
  6.2275390e-001
  6.1213841e-001
  6.0144890e-001
  5.8869475e-001
  5.7090388e-001
  5.4461540e-001
  5.0648269e-001
  4.5389669e-001
  3.8553418e-001
  3.0174503e-001
  2.0471442e-001
  9.8367153e-002
 -1.1981608e-002
 -1.2018850e-001
 -2.1998475e-001
 -3.0572557e-001
 -3.7308361e-001
 -4.1958944e-001
 -4.4494156e-001
 -4.5103894e-001
 -4.4172654e-001
 -4.2228365e-001
 -3.9872040e-001
 -3.7697488e-001
 -3.6211778e-001
 -3.5767124e-001
 -3.6513424e-001
 -3.8377917e-001
 -4.1074804e-001
 -4.4143652e-001
 -4.7011487e-001
 -4.9070319e-001
 -4.9759752e-001
 -4.8643643e-001
 -4.5470653e-001
 -4.0210689e-001
 -3.3062537e-001
 -2.4431910e-001
 -1.4883078e-001
 -5.0707861e-002
  4.3382376e-002
  1.2743638e-001
  1.9679239e-001
  2.4861499e-001
  2.8212594e-001
  2.9855663e-001
  3.0083648e-001
  2.9306741e-001
  2.7986345e-001
  2.6565159e-001
  2.5403381e-001
  2.4729936e-001
  2.4615380e-001
  2.4969892e-001
  2.5566129e-001
  2.6083134e-001
  2.6164478e-001
  2.5481810e-001
  2.3794271e-001
  2.0994858e-001
  1.7136776e-001
  1.2435710e-001
  7.2474601e-002
  2.0239610e-002
 -2.7461489e-002
 -6.6039850e-002
 -9.1843962e-002
 -1.0268257e-001
 -9.8154540e-002
 -7.9736324e-002
 -5.0611633e-002
 -1.5264085e-002
  2.1112915e-002
  5.3308898e-002
  7.6796698e-002
  8.8343952e-002
  8.6451087e-002
  7.1554881e-002
  4.5968816e-002
  1.3567665e-002
 -2.0741114e-002
 -5.1687369e-002
 -7.4358510e-002
 -8.4872269e-002
 -8.0910979e-002
 -6.2045691e-002
 -2.9807491e-002
  1.2501890e-002
  6.0232484e-002
  1.0798237e-001
  1.5028560e-001
  1.8229791e-001
  2.0038816e-001
  2.0255725e-001
  1.8863150e-001
  1.6020921e-001
  1.2037343e-001
  7.3216475e-002
  2.3246658e-002
 -2.5236859e-002
 -6.8712448e-002
 -1.0486864e-001
 -1.3284267e-001
 -1.5323527e-001
 -1.6790468e-001
 -1.7957439e-001
 -1.9131584e-001
 -2.0598440e-001
 -2.2569328e-001
 -2.5140376e-001
 -2.8269257e-001
 -3.1773153e-001
 -3.5348328e-001
 -3.8608574e-001
 -4.1137058e-001
 -4.2544121e-001
 -4.2522749e-001
 -4.0893714e-001
 -3.7633845e-001
 -3.2883281e-001
 -2.6930520e-001
 -2.0177249e-001
 -1.3087775e-001
 -6.1300844e-002
  2.8327986e-003
  5.8462696e-002
  1.0395227e-001
  1.3924644e-001
  1.6580644e-001
  1.8633179e-001
  2.0430895e-001
  2.2345063e-001
  2.4710498e-001
  2.7771756e-001
  3.1642205e-001
  3.6281712e-001
  4.1496087e-001
  4.6958404e-001
  5.2249267e-001
  5.6910463e-001
  6.0504625e-001
  6.2672711e-001
  6.3181479e-001
  6.1954511e-001
  5.9082705e-001
  5.4812951e-001
  4.9516753e-001
  4.3643247e-001
  3.7663165e-001
  3.2011427e-001
  2.7036114e-001
  2.2960542e-001
  1.9863238e-001
  1.7678029e-001
  1.6213625e-001
  1.5189374e-001
  1.4281664e-001
  1.3174106e-001
  1.1604249e-001
  9.4002574e-002
  6.5025896e-002
  2.9679919e-002
 -1.0442223e-002
 -5.3010541e-002
 -9.5351073e-002
 -1.3488067e-001
 -1.6951613e-001
 -1.9799479e-001
 -2.2005746e-001
 -2.3646570e-001
 -2.4885050e-001
 -2.5941484e-001
 -2.7053472e-001
 -2.8431898e-001
 -3.0219477e-001
 -3.2458262e-001
 -3.5071270e-001
 -3.7861359e-001
 -4.0528059e-001
 -4.2700432e-001
 -4.3981732e-001
 -4.3999888e-001
 -4.2456921e-001
 -3.9170503e-001
 -3.4101877e-001
 -2.7366212e-001
 -1.9223886e-001
 -1.0053792e-001
 -3.1224259e-003
  9.5170164e-002
  1.8974950e-001
  2.7674607e-001
  3.5337488e-001
  4.1814304e-001
  4.7087710e-001
  5.1257183e-001
  5.4508693e-001
  5.7073895e-001
  5.9185011e-001
  6.1032044e-001
  6.2728557e-001
  6.4290904e-001
  6.5633790e-001
  6.6582648e-001
  6.6900832e-001
  6.6327511e-001
  6.4620589e-001
  6.1598282e-001
  5.7173204e-001
  5.1373914e-001
  4.4350728e-001
  3.6364874e-001
  2.7762503e-001
  1.8937238e-001
  1.0286599e-001
  2.1685084e-002
 -5.1359711e-002
 -1.1448431e-001
 -1.6703927e-001
 -2.0945468e-001
 -2.4303287e-001
 -2.6962193e-001
 -2.9122108e-001
 -3.0957879e-001
 -3.2584584e-001
 -3.4033792e-001
 -3.5244581e-001
 -3.6071007e-001
 -3.6305234e-001
 -3.5713179e-001
 -3.4077600e-001
 -3.1242323e-001
 -2.7150957e-001
 -2.1874063e-001
 -1.5620224e-001
 -8.7286200e-002
 -1.6432375e-002
  5.1285950e-002
  1.1068439e-001
  1.5703257e-001
  1.8659008e-001
  1.9704391e-001
  1.8779002e-001
  1.6002159e-001
  1.1661129e-001
  6.1801538e-002
  7.4154439e-004
 -6.1070800e-002
 -1.1837236e-001
 -1.6667155e-001
 -2.0267377e-001
 -2.2454662e-001
 -2.3199792e-001
 -2.2616496e-001
 -2.0933763e-001
 -1.8455988e-001
 -1.5516780e-001
 -1.2432913e-001
 -9.4646043e-002
 -6.7871683e-002
 -4.4772857e-002
 -2.5149607e-002
 -7.9994569e-003
  8.2060025e-003
  2.5179479e-002
  4.4466254e-002
  6.7136726e-002
  9.3569099e-002
  1.2335299e-001
  1.5532556e-001
  1.8773122e-001
  2.1847728e-001
  2.4544363e-001
  2.6679713e-001
  2.8126099e-001
  2.8829744e-001
  2.8817540e-001
  2.8191316e-001
  2.7110547e-001
  2.5766255e-001
  2.4350203e-001
  2.3024278e-001
  2.1894924e-001
  2.0996767e-001
  2.0288202e-001
  1.9659882e-001
  1.8955074e-001
  1.7998994e-001
  1.6632787e-001
  1.4746966e-001
  1.2309086e-001
  9.3811175e-002
  6.1233537e-002
  2.7835935e-002
 -3.2757681e-003
 -2.8725486e-002
 -4.5289846e-002
 -5.0330766e-002
 -4.2179110e-002
 -2.0416167e-002
  1.3987595e-002
  5.8698566e-002
  1.1021125e-001
  1.6418323e-001
  2.1587348e-001
  2.6062984e-001
  2.9436551e-001
  3.1396612e-001
  3.1757891e-001
  3.0475132e-001
  2.7640724e-001
  2.3466991e-001
  1.8256103e-001
  1.2362032e-001
  6.1499106e-002
 -4.1780435e-004
 -5.9313861e-002
 -1.1313118e-001
 -1.6063227e-001
 -2.0133519e-001
 -2.3534269e-001
 -2.6310087e-001
 -2.8513196e-001
 -3.0178783e-001
 -3.1306598e-001
 -3.1851822e-001
 -3.1726654e-001
 -3.0812280e-001
 -2.8979171e-001
 -2.6112288e-001
 -2.2136935e-001
 -1.7040847e-001
 -1.0888635e-001
 -3.8258598e-002
  3.9283898e-002
  1.2099755e-001
  2.0385318e-001
  2.8485020e-001
  3.6133200e-001
  4.3125560e-001
  4.9337447e-001
  5.4730571e-001
  5.9346983e-001
  6.3291062e-001
  6.6702099e-001
  6.9721563e-001
  7.2460077e-001
  7.4969285e-001
  7.7223222e-001
  7.9112490e-001
  8.0452722e-001
  8.1006698e-001
  8.0517426e-001
  7.8747750e-001
  7.5520911e-001
  7.0756139e-001
  6.4493836e-001
  5.6906192e-001
  4.8291036e-001
  3.9048956e-001
  2.9646119e-001
  2.0567256e-001
  1.2264749e-001
  5.1104521e-002
 -6.4336235e-003
 -4.8886913e-002
 -7.6687241e-002
 -9.1660079e-002
 -9.6733910e-002
 -9.5516421e-002
 -9.1794810e-002
 -8.9028161e-002
 -8.9900987e-002
 -9.5998606e-002
 -1.0764802e-001
 -1.2394482e-001
 -1.4296026e-001
 -1.6209752e-001
 -1.7854438e-001
 -1.8975621e-001
 -1.9389806e-001
 -1.9018048e-001
 -1.7903832e-001
 -1.6212395e-001
 -1.4211279e-001
 -1.2234594e-001
 -1.0635845e-001
 -9.7358772e-002
 -9.7732961e-002
 -1.0864482e-001
 -1.2979070e-001
 -1.5934702e-001
 -1.9412204e-001
 -2.2989524e-001
 -2.6190174e-001
 -2.8539831e-001
 -2.9623623e-001
 -2.9136467e-001
 -2.6919728e-001
 -2.2979355e-001
 -1.7483151e-001
 -1.0737724e-001
 -3.1484223e-002
  4.8320847e-002
  1.2759420e-001
  2.0249596e-001
  2.7020454e-001
  3.2916880e-001
  3.7916552e-001
  4.2115813e-001
  4.5698100e-001
  4.8889875e-001
  5.1910823e-001
  5.4925888e-001
  5.8006493e-001
  6.1106962e-001
  6.4059954e-001
  6.6592001e-001
  6.8357261e-001
  6.8984916e-001
  6.8133590e-001
  6.5544986e-001
  6.1088929e-001
  5.4793066e-001
  4.6852523e-001
  3.7617566e-001
  2.7560369e-001
  1.7224956e-001
  7.1667569e-002
 -2.1101917e-002
 -1.0209977e-001
 -1.6887754e-001
 -2.2073000e-001
 -2.5869850e-001
 -2.8534363e-001
 -3.0431777e-001
 -3.1979555e-001
 -3.3584006e-001
 -3.5579205e-001
 -3.8176620e-001
 -4.1432447e-001
 -4.5237209e-001
 -4.9329122e-001
 -5.3329463e-001
 -5.6795116e-001
 -5.9281085e-001
 -6.0404365e-001
 -5.9900327e-001
 -5.7663786e-001
 -5.3768989e-001
 -4.8465636e-001
 -4.2151318e-001
 -3.5324001e-001
 -2.8520888e-001
 -2.2251857e-001
 -1.6936444e-001
 -1.2852780e-001
 -1.0105318e-001
 -8.6155652e-002
 -8.1369168e-002
 -8.2914183e-002
 -8.6233084e-002
 -8.6619776e-002
 -7.9857586e-002
 -6.2779476e-002
 -3.3676095e-002
  7.5010416e-003
  5.9165226e-002
  1.1834131e-001
  1.8109541e-001
  2.4308479e-001
  3.0014937e-001
  3.4886186e-001
  3.8696043e-001
  4.1360558e-001
  4.2942843e-001
  4.3636748e-001
  4.3732087e-001
  4.3566704e-001
  4.3472472e-001
  4.3723079e-001
  4.4491150e-001
  4.5820802e-001
  4.7619494e-001
  4.9670214e-001
  5.1662138e-001
  5.3235246e-001
  5.4032426e-001
  5.3751548e-001
  5.2190053e-001
  4.9275701e-001
  4.5079156e-001
  3.9806693e-001
  3.3774180e-001
  2.7366153e-001
  2.0985905e-001
  1.5003784e-001
  9.7110785e-002
  5.2860422e-002
  1.7767947e-002
 -8.9659969e-003
 -2.9213829e-002
 -4.5558841e-002
 -6.0832679e-002
 -7.7621274e-002
 -9.7812496e-002
 -1.2225260e-001
 -1.5056267e-001
 -1.8114305e-001
 -2.1136623e-001
 -2.3793138e-001
 -2.5732979e-001
 -2.6635443e-001
 -2.6257961e-001
 -2.4474106e-001
 -2.1296007e-001
 -1.6877810e-001
 -1.1499454e-001
 -5.5329192e-002
  6.0444083e-003
  6.5029376e-002
  1.1812515e-001
  1.6286286e-001
  1.9809462e-001
  2.2409540e-001
  2.4246267e-001
  2.5582775e-001
  2.6741946e-001
  2.8054227e-001
  2.9804302e-001
  3.2184267e-001
  3.5260063e-001
  3.8956039e-001
  4.3060035e-001
  4.7248418e-001
  5.1127752e-001
  5.4287373e-001
  5.6355626e-001
  5.7051952e-001
  5.6227605e-001
  5.3889309e-001
  5.0202584e-001
  4.5474251e-001
  4.0116540e-001
  3.4597761e-001
  2.9386307e-001
  2.4895674e-001
  2.1437916e-001
  1.9191755e-001
  1.8189381e-001
  1.8323360e-001
  1.9372145e-001
  2.1040115e-001
  2.3006023e-001
  2.4972620e-001
  2.6710151e-001
  2.8087400e-001
  2.9085870e-001
  2.9795217e-001
  3.0390834e-001
  3.1097185e-001
  3.2142575e-001
  3.3712392e-001
  3.5908066e-001
  3.8718243e-001
  4.2006881e-001
  4.5520520e-001
  4.8914139e-001
  5.1792285e-001
  5.3759818e-001
  5.4475120e-001
  5.3698118e-001
  5.1326097e-001
  4.7411905e-001
  4.2161574e-001
  3.5911306e-001
  2.9086685e-001
  2.2149541e-001
  1.5539737e-001
  9.6199324e-002
  4.6310570e-002
  6.6481867e-003
 -2.3427987e-002
 -4.5959921e-002
 -6.4036036e-002
 -8.1284861e-002
 -1.0128836e-001
 -1.2699762e-001
 -1.6023405e-001
 -2.0134791e-001
 -2.4908473e-001
 -3.0068129e-001
 -3.5218101e-001
 -3.9892760e-001
 -4.3617079e-001
 -4.5970145e-001
 -4.6642889e-001
 -4.5482013e-001
 -4.2513971e-001
 -3.7945545e-001
 -3.2140790e-001
 -2.5577329e-001
 -1.8787845e-001
 -1.2294641e-001
 -6.5460887e-002
 -1.8634992e-002
  1.5944780e-002
  3.8452867e-002
  5.0721383e-002
  5.5916310e-002
  5.8040482e-002
  6.1334287e-002
  6.9658604e-002
  8.5946172e-002
  1.1179716e-001
  1.4727373e-001
  1.9091968e-001
  2.3999921e-001
  2.9091753e-001
  3.3976041e-001
  3.8287300e-001
  4.1739298e-001
  4.4165990e-001
  4.5544089e-001
  4.5993901e-001
  4.5758274e-001
  4.5162609e-001
  4.4561717e-001
  4.4281201e-001
  4.4561923e-001
  4.5515754e-001
  4.7099242e-001
  4.9109391e-001
  5.1202569e-001
  5.2934364e-001
  5.3815157e-001
  5.3373956e-001
  5.1221774e-001
  4.7105828e-001
  4.0947039e-001
  3.2855585e-001
  2.3122256e-001
  1.2186709e-001
  5.8689966e-003
 -1.1103416e-001
 -2.2340583e-001
 -3.2671365e-001
 -4.1779490e-001
 -4.9512179e-001
 -5.5883237e-001
 -6.1052579e-001
 -6.5285386e-001
 -6.8896946e-001
 -7.2191266e-001
 -7.5402399e-001
 -7.8647088e-001
 -8.1895682e-001
 -8.4965759e-001
 -8.7539636e-001
 -8.9203575e-001
 -8.9503401e-001
 -8.8008882e-001
 -8.4377903e-001
 -7.8411443e-001
 -7.0091530e-001
 -5.9596681e-001
 -4.7292367e-001
 -3.3697501e-001
 -1.9431211e-001
 -5.1468788e-002
  8.5378192e-002
  2.1105607e-001
  3.2190492e-001
  4.1608215e-001
  4.9362447e-001
  5.5626268e-001
  6.0701832e-001
  6.4964108e-001
  6.8796712e-001
  7.2528903e-001
  7.6382521e-001
  8.0436247e-001
  8.4612037e-001
  8.8685494e-001
  9.2318522e-001
  9.5109549e-001
  9.6654100e-001
  9.6607137e-001
  9.4738301e-001
  9.0972258e-001
  8.5408414e-001
  7.8317179e-001
  7.0113200e-001
  6.1309203e-001
  5.2456736e-001
  4.4081889e-001
  3.6624723e-001
  3.0390558e-001
  2.5519580e-001
  2.1978650e-001
  1.9576096e-001
  1.7997091e-001
  1.6854398e-001
  1.5747242e-001
  1.4319982e-001
  1.2312481e-001
  9.5952989e-002
  6.1850940e-002
  2.2384963e-002
 -1.9742489e-002
 -6.1116815e-002
 -9.8131702e-002
 -1.2752901e-001
 -1.4687922e-001
 -1.5493303e-001
 -1.5179402e-001
 -1.3888840e-001
 -1.1873783e-001
 -9.4569555e-002
 -6.9821658e-002
 -4.7616515e-002
 -3.0279898e-002
 -1.8976670e-002
 -1.3517234e-002
 -1.2364331e-002
 -1.2841008e-002
 -1.1511641e-002
 -4.6829115e-003
  1.1045755e-002
  3.8260231e-002
  7.8312550e-002
  1.3106475e-001
  1.9483324e-001
  2.6654321e-001
  3.4207325e-001
  4.1674391e-001
  4.8588363e-001
  5.4539507e-001
  5.9224457e-001
  6.2480867e-001
  6.4303133e-001
  6.4837216e-001
  6.4355482e-001
  6.3215252e-001
  6.1806954e-001
  6.0499200e-001
  5.9588415e-001
  5.9259974e-001
  5.9566099e-001
  6.0423348e-001
  6.1629784e-001
  6.2899084e-001
  6.3906536e-001
  6.4340208e-001
  6.3949920e-001
  6.2587001e-001
  6.0229235e-001
  5.6987463e-001
  5.3093025e-001
  4.8867880e-001
  4.4681732e-001
  4.0902275e-001
  3.7845618e-001
  3.5733869e-001
  3.4665795e-001
  3.4604596e-001
  3.5384359e-001
  3.6734123e-001
  3.8316028e-001
  3.9772009e-001
  4.0772417e-001
  4.1059680e-001
  4.0480942e-001
  3.9005215e-001
  3.6722859e-001
  3.3827722e-001
  3.0584759e-001
  2.7287999e-001
  2.4215035e-001
  2.1584683e-001
  1.9523922e-001
  1.8048822e-001
  1.7062152e-001
  1.6367910e-001
  1.5700582e-001
  1.4764847e-001
  1.3279956e-001
  1.1022391e-001
  7.8606751e-002
  3.7774036e-002
 -1.1246165e-002
 -6.6328929e-002
 -1.2450858e-001
 -1.8234826e-001
 -2.3636969e-001
 -2.8348190e-001
 -3.2134834e-001
 -3.4864141e-001
 -3.6515013e-001
 -3.7172832e-001
 -3.7009376e-001
 -3.6251033e-001
 -3.5140179e-001
 -3.3895514e-001
 -3.2677255e-001
 -3.1562301e-001
 -3.0532976e-001
 -2.9480919e-001
 -2.8225431e-001
 -2.6543484e-001
 -2.4206818e-001
 -2.1020589e-001
 -1.6857748e-001
 -1.1684015e-001
 -5.5696860e-002
  1.3135278e-002
  8.7102205e-002
  1.6311001e-001
  2.3789853e-001
  3.0843648e-001
  3.7228022e-001
  4.2784297e-001
  4.7453500e-001
  5.1275389e-001
  5.4372640e-001
  5.6922560e-001
  5.9120543e-001
  6.1140797e-001
  6.3100280e-001
  6.5031421e-001
  6.6867943e-001
  6.8446234e-001
  6.9522455e-001
  6.9803266e-001
  6.8986008e-001
  6.6802749e-001
  6.3061930e-001
  5.7681587e-001
  5.0709249e-001
  4.2325405e-001
  3.2829767e-001
  2.2611919e-001
  1.2110205e-001
  1.7643398e-002
 -8.0317997e-002
 -1.6970813e-001
 -2.4860298e-001
 -3.1635443e-001
 -3.7354095e-001
 -4.2175192e-001
 -4.6323788e-001
 -5.0047796e-001
 -5.3572739e-001
 -5.7061059e-001
 -6.0581872e-001
 -6.4095544e-001
 -6.7455318e-001
 -7.0425778e-001
 -7.2715470e-001
 -7.4018987e-001
 -7.4062421e-001
 -7.2645572e-001
 -6.9674782e-001
 -6.5181543e-001
 -5.9324089e-001
 -5.2371617e-001
 -4.4673248e-001
 -3.6616073e-001
 -2.8578176e-001
 -2.0883294e-001
 -1.3763517e-001
 -7.3353324e-002
 -1.5923675e-002
  3.5841811e-002
  8.3990083e-002
  1.3103952e-001
  1.7952706e-001
  2.3155640e-001
  2.8841350e-001
  3.5030646e-001
  4.1626873e-001
  4.8424107e-001
  5.5132190e-001
  6.1415084e-001
  6.6937059e-001
  7.1410060e-001
  7.4635307e-001
  7.6533003e-001
  7.7155628e-001
  7.6682635e-001
  7.5397029e-001
  7.3646895e-001
  7.1797173e-001
  7.0178407e-001
  6.9039748e-001
  6.8512928e-001
  6.8592499e-001
  6.9135318e-001
  6.9879633e-001
  7.0481311e-001
  7.0562331e-001
  6.9764895e-001
  6.7803647e-001
  6.4508719e-001
  5.9853536e-001
  5.3963425e-001
  4.7103713e-001
  3.9648898e-001
  3.2037069e-001
  2.4715880e-001
  1.8087532e-001
  1.2460378e-001
  8.0138369e-002
  4.7814283e-002
  2.6541784e-002
  1.4037904e-002
  7.2216072e-003
  2.7152564e-003
 -2.6198982e-003
 -1.1191223e-002
 -2.4296110e-002
 -4.1911944e-002
 -6.2685232e-002
 -8.4122023e-002
 -1.0295287e-001
 -1.1562049e-001
 -1.1882028e-001
 -1.1001618e-001
 -8.7856992e-002
 -5.2432370e-002
 -5.3299445e-003
  5.0516952e-002
  1.1117170e-001
  1.7218065e-001
  2.2913635e-001
  2.7823925e-001
  3.1677960e-001
  3.4347162e-001
  3.5859281e-001
  3.6390832e-001
  3.6239046e-001
  3.5777248e-001
  3.5399896e-001
  3.5465020e-001
  3.6242154e-001
  3.7873152e-001
  4.0351436e-001
  4.3522686e-001
  4.7106921e-001
  5.0738963e-001
  5.4021594e-001
  5.6583976e-001
  5.8137075e-001
  5.8518247e-001
  5.7718591e-001
  5.5889113e-001
  5.3324620e-001
  5.0427423e-001
  4.7655722e-001
  4.5463665e-001
  4.4241284e-001
  4.4262484e-001
  4.5648183e-001
  4.8349583e-001
  5.2153743e-001
  5.6710584e-001
  6.1577449e-001
  6.6275002e-001
  7.0346674e-001
  7.3413508e-001
  7.5216922e-001
  7.5643747e-001
  7.4730384e-001
  7.2645976e-001
  6.9657412e-001
  6.6081580e-001
  6.2232017e-001
  5.8367883e-001
  5.4652753e-001
  5.1129266e-001
  4.7713346e-001
  4.4208818e-001
  4.0340311e-001
  3.5799625e-001
  3.0298809e-001
  2.3622157e-001
  1.5669471e-001
  6.4841260e-002
 -3.7383407e-002
 -1.4662681e-001
 -2.5845954e-001
 -3.6784860e-001
 -4.6971946e-001
 -5.5952941e-001
 -6.3377293e-001
 -6.9034937e-001
 -7.2874222e-001
 -7.4998611e-001
 -7.5642749e-001
 -7.5131413e-001
 -7.3827280e-001
 -7.2075030e-001
 -7.0149807e-001
 -6.8217442e-001
 -6.6312134e-001
 -6.4334826e-001
 -6.2072500e-001
 -5.9235654e-001
 -5.5508572e-001
 -5.0605160e-001
 -4.4322250e-001
 -3.6582625e-001
 -2.7461369e-001
 -1.7191522e-001
 -6.1478693e-002
  5.1891996e-002
  1.6285044e-001
  2.6610438e-001
  3.5701487e-001
  4.3211636e-001
  4.8948721e-001
  5.2892053e-001
  5.5187294e-001
  5.6119954e-001
  5.6071277e-001
  5.5462706e-001
  5.4696638e-001
  5.4101632e-001
  5.3889552e-001
  5.4130386e-001
  5.4747924e-001
  5.5536572e-001
  5.6196550e-001
  5.6382210e-001
  5.5756363e-001
  5.4042785e-001
  5.1069369e-001
  4.6795830e-001
  4.1322143e-001
  3.4876674e-001
  2.7785906e-001
  2.0430297e-001
  1.3192749e-001
  6.4072210e-002
  3.1490893e-003
 -4.9656968e-002
 -9.4506253e-002
 -1.3282506e-001
 -1.6704180e-001
 -2.0017780e-001
 -2.3535302e-001
 -2.7527919e-001
 -3.2181414e-001
 -3.7564215e-001
 -4.3612635e-001
 -5.0135412e-001
 -5.6836786e-001
 -6.3354679e-001
 -6.9308302e-001
 -7.4348160e-001
 -7.8201067e-001
 -8.0703549e-001
 -8.1818717e-001
 -8.1634141e-001
 -8.0341100e-001
 -7.8198354e-001
 -7.5485926e-001
 -7.2455949e-001
 -6.9288118e-001
 -6.6056742e-001
 -6.2714713e-001
 -5.9097322e-001
 -5.4945913e-001
 -4.9948429e-001
 -4.3791358e-001
 -3.6215721e-001
 -2.7069030e-001
 -1.6345453e-001
 -4.2079538e-002
  9.0114435e-002
  2.2834093e-001
  3.6677560e-001
  4.9913633e-001
  6.1934111e-001
  7.2215764e-001
  8.0375883e-001
  8.6210991e-001
  8.9713562e-001
  9.1064521e-001
  9.0602608e-001
  8.8774848e-001
  8.6074922e-001
  8.2977887e-001
  7.9880154e-001
  7.7052866e-001
  7.4614866e-001
  7.2528737e-001
  7.0620075e-001
  6.8616906e-001
  6.6203338e-001
  6.3079511e-001
  5.9019055e-001
  5.3915640e-001
  4.7811760e-001
  4.0905447e-001
  3.3533745e-001
  2.6135135e-001
  1.9196067e-001
  1.3189096e-001
  8.5113074e-002
  5.4317313e-002
  4.0552096e-002
  4.3078630e-002
  5.9462884e-002
  8.5892660e-002
  1.1767587e-001
  1.4985062e-001
  1.7782191e-001
  1.9793637e-001
  2.0791512e-001
  2.0708541e-001
  1.9638046e-001
  1.7811000e-001
  1.5553693e-001
  1.3232321e-001
  1.1192698e-001
  9.7039829e-002
  8.9147510e-002
  8.8279580e-002
  9.2986321e-002
  1.0054833e-001
  1.0739037e-001
  1.0964104e-001
  1.0375804e-001
  8.7128310e-002
  5.8554661e-002
  1.8555805e-002
 -3.0567931e-002
 -8.4918015e-002
 -1.3941008e-001
 -1.8836246e-001
 -2.2618273e-001
 -2.4805951e-001
 -2.5056498e-001
 -2.3208543e-001
 -1.9302000e-001
 -1.3572004e-001
 -6.4176771e-002
  1.6499761e-002
  1.0073881e-001
  1.8321330e-001
  2.5949327e-001
  3.2655863e-001
  3.8310097e-001
  4.2957429e-001
  4.6798964e-001
  5.0148496e-001
  5.3373312e-001
  5.6827433e-001
  6.0786970e-001
  6.5397013e-001
  7.0637864e-001
  7.6315695e-001
  8.2079277e-001
  8.7460735e-001
  9.1934864e-001
  9.4988866e-001
  9.6192854e-001
  9.5261252e-001
  9.2096453e-001
  8.6808439e-001
  7.9707443e-001
  7.1270351e-001
  6.2085239e-001
  5.2781399e-001
  4.3954257e-001
  3.6095238e-001
  2.9535975e-001
  2.4414258e-001
  2.0666084e-001
  1.8044598e-001
  1.6163001e-001
  1.4555205e-001
  1.2745664e-001
  1.0318581e-001
  6.9769073e-002
  2.5830603e-002
 -2.8240715e-002
 -9.0378675e-002
 -1.5716855e-001
 -2.2436718e-001
 -2.8753766e-001
 -3.4270602e-001
 -3.8694513e-001
 -4.1880162e-001
 -4.3850486e-001
 -4.4792809e-001
 -4.5030743e-001
 -4.4975931e-001
 -4.5066506e-001
 -4.5701084e-001
 -4.7177697e-001
 -4.9646386e-001
 -5.3082227e-001
 -5.7282669e-001
 -6.1889621e-001
 -6.6433239e-001
 -7.0391319e-001
 -7.3256013e-001
 -7.4598607e-001
 -7.4123412e-001
 -7.1703402e-001
 -6.7392859e-001
 -6.1415562e-001
 -5.4130540e-001
 -4.5980548e-001
 -3.7430860e-001
 -2.8907279e-001
 -2.0742284e-001
 -1.3137009e-001
 -6.1443733e-002
  3.2439182e-003
  6.4710285e-002
  1.2563770e-001
  1.8880126e-001
  2.5647538e-001
  3.2990860e-001
  4.0894643e-001
  4.9186106e-001
  5.7541705e-001
  6.5516814e-001
  7.2594682e-001
  7.8248053e-001
  8.2004921e-001
  8.3509275e-001
  8.2568290e-001
  7.9179309e-001
  7.3532739e-001
  6.5990369e-001
  5.7042045e-001
  4.7246668e-001
  3.7165678e-001
  2.7298182e-001
  1.8026668e-001
  9.5806613e-002
  2.0231416e-002
 -4.7387444e-002
 -1.0920586e-001
 -1.6810342e-001
 -2.2708270e-001
 -2.8866082e-001
 -3.5434347e-001
 -4.2425969e-001
 -4.9701222e-001
 -5.6976732e-001
 -6.3857317e-001
 -6.9886286e-001
 -7.4607128e-001
 -7.7627787e-001
 -7.8678356e-001
 -7.7653814e-001
 -7.4635570e-001
 -6.9888496e-001
 -6.3833583e-001
 -5.6999784e-001
 -4.9961536e-001
 -4.3270472e-001
 -3.7390629e-001
 -3.2645979e-001
 -2.9187349e-001
 -2.6983047e-001
 -2.5834183e-001
 -2.5412182e-001
 -2.5312891e-001
 -2.5119378e-001
 -2.4464361e-001
 -2.3083342e-001
 -2.0850936e-001
 -1.7795348e-001
 -1.4089192e-001
 -1.0018237e-001
 -5.9329364e-002
 -2.1900340e-002
  9.0695737e-003
  3.1594937e-002
  4.5101457e-002
  5.0576179e-002
  5.0481830e-002
  4.8445118e-002
  4.8761959e-002
  5.5789618e-002
  7.3312814e-002
  1.0397536e-001
  1.4886025e-001
  2.0728035e-001
  2.7681210e-001
  3.5357009e-001
  4.3268553e-001
  5.0892257e-001
  5.7734604e-001
  6.3394645e-001
  6.7613372e-001
  7.0302944e-001
  7.1551598e-001
  7.1603559e-001
  7.0816820e-001
  6.9604881e-001
  6.8370863e-001
  6.7443559e-001
  6.7024757e-001
  6.7155624e-001
  6.7707232e-001
  6.8396874e-001
  6.8828129e-001
  6.8549170e-001
  6.7121158e-001
  6.4186993e-001
  5.9530562e-001
  5.3117844e-001
  4.5113694e-001
  3.5871537e-001
  2.5896963e-001
  1.5789915e-001
  6.1732007e-002
 -2.3829510e-002
 -9.4299629e-002
 -1.4694085e-001
 -1.8106334e-001
 -1.9805058e-001
 -2.0110772e-001
 -1.9476806e-001
 -1.8422639e-001
 -1.7459239e-001
 -1.7016829e-001
 -1.7385144e-001
 -1.8674478e-001
 -2.0802881e-001
 -2.3511171e-001
 -2.6403492e-001
 -2.9007528e-001
 -3.0845738e-001
 -3.1507353e-001
 -3.0710850e-001
 -2.8347889e-001
 -2.4502404e-001
 -1.9442005e-001
 -1.3582841e-001
 -7.4328276e-002
 -1.5212332e-002
  3.6753876e-002
  7.8004040e-002
  1.0667870e-001
  1.2289551e-001
  1.2874267e-001
  1.2799504e-001
  1.2559167e-001
  1.2694718e-001
  1.3719316e-001
  1.6045549e-001
  1.9926875e-001
  2.5420949e-001
  3.2379923e-001
  4.0469000e-001
  4.9210526e-001
  5.8047312e-001
  6.6416151e-001
  7.3821067e-001
  7.9895921e-001
  8.4447507e-001
  8.7473094e-001
  8.9150030e-001
  8.9799049e-001
  8.9826684e-001
  8.9655234e-001
  8.9650521e-001
  9.0058049e-001
  9.0956997e-001
  9.2238975e-001
  9.3614944e-001
  9.4649661e-001
  9.4819103e-001
  9.3582931e-001
  9.0461918e-001
  8.5109404e-001
  7.7366653e-001
  6.7294148e-001
  5.5174222e-001
  4.1484417e-001
  2.6845055e-001
  1.1948172e-001
 -2.5224542e-002
 -1.5969143e-001
 -2.7945309e-001
 -3.8198692e-001
 -4.6686986e-001
 -5.3563921e-001
 -5.9138067e-001
 -6.3810467e-001
 -6.8000248e-001
 -7.2069058e-001
 -7.6255365e-001
 -8.0628268e-001
 -8.5067679e-001
 -8.9274011e-001
 -9.2806257e-001
 -9.5143291e-001
 -9.5759844e-001
 -9.4206437e-001
 -9.0181906e-001
 -8.3588070e-001
 -7.4558536e-001
 -6.3457202e-001
 -5.0846186e-001
 -3.7427216e-001
 -2.3964198e-001
 -1.1197323e-001
  2.3973431e-003
  9.8883623e-002
  1.7510157e-001
  2.3102738e-001
  2.6884394e-001
  2.9250045e-001
  3.0704979e-001
  3.1785838e-001
  3.2980074e-001
  3.4655178e-001
  3.7007532e-001
  4.0037853e-001
  4.3556393e-001
  4.7216752e-001
  5.0573113e-001
  5.3152355e-001
  5.4530403e-001
  5.4401616e-001
  5.2631024e-001
  4.9281742e-001
  4.4613467e-001
  3.9052128e-001
  3.3134967e-001
  2.7438827e-001
  2.2501902e-001
  1.8750158e-001
  1.6438994e-001
  1.5618552e-001
  1.6127710e-001
  1.7617707e-001
  1.9602069e-001
  2.1525773e-001
  2.2843763e-001
  2.3097619e-001
  2.1979393e-001
  1.9373476e-001
  1.5370500e-001
  1.0251299e-001
  4.4432862e-002
 -1.5444059e-002
 -7.1975694e-002
 -1.2074139e-001
 -1.5870640e-001
 -1.8468007e-001
 -1.9949857e-001
 -2.0590242e-001
 -2.0812326e-001
 -2.1123683e-001
 -2.2037368e-001
 -2.3990095e-001
 -2.7269444e-001
 -3.1960851e-001
 -3.7922483e-001
 -4.4792193e-001
 -5.2026228e-001
 -5.8964834e-001
 -6.4915995e-001
 -6.9245872e-001
 -7.1463367e-001
 -7.1286943e-001
 -6.8684147e-001
 -6.3878027e-001
 -5.7319212e-001
 -4.9627215e-001
 -4.1508862e-001
 -3.3665020e-001
 -2.6698515e-001
 -2.1036051e-001
 -1.6875070e-001
 -1.4163050e-001
 -1.2612231e-001
 -1.1747791e-001
 -1.0982775e-001
 -9.7092401e-002
 -7.3927466e-002
 -3.6567275e-002
  1.6553943e-002
  8.4494398e-002
  1.6385810e-001
  2.4920628e-001
  3.3377327e-001
  4.1038983e-001
  4.7248657e-001
  5.1503730e-001
  5.3530876e-001
  5.3330878e-001
  5.1186530e-001
  4.7631928e-001
  4.3386769e-001
  3.9264155e-001
  3.6064128e-001
  3.4467245e-001
  3.4942639e-001
  3.7683151e-001
  4.2576504e-001
  4.9216681e-001
  5.6954220e-001
  6.4978826e-001
  7.2423360e-001
  7.8475295e-001
  8.2480719e-001
  8.4026982e-001
  8.2992941e-001
  7.9560197e-001
  7.4183958e-001
  6.7527673e-001
  6.0370428e-001
  5.3499758e-001
  4.7604440e-001
  4.3181735e-001
  4.0471525e-001
  3.9426019e-001
  3.9718861e-001
  4.0792064e-001
  4.1934111e-001
  4.2378387e-001
  4.1408472e-001
  3.8456076e-001
  3.3178554e-001
  2.5505907e-001
  1.5651501e-001
  4.0857385e-002
 -8.5229779e-002
 -2.1391278e-001
 -3.3716010e-001
 -4.4768320e-001
 -5.3973817e-001
 -6.0968249e-001
 -6.5621823e-001
 -6.8029866e-001
 -6.8472420e-001
 -6.7349734e-001
 -6.5103984e-001
 -6.2139352e-001
 -5.8752641e-001
 -5.5084866e-001
 -5.1101016e-001
 -4.6600924e-001
 -4.1259487e-001
 -3.4690083e-001
 -2.6521500e-001
 -1.6476597e-001
 -4.4405661e-002
  9.4919963e-002
  2.4998981e-001
  4.1545286e-001
  5.8428933e-001
  7.4853122e-001
  9.0014765e-001
  1.0319746e+000
  1.1385606e+000
  1.2168097e+000
  1.2663285e+000
  1.2894256e+000
  1.2907582e+000
  1.2766697e+000
  1.2543050e+000
  1.2306228e+000
  1.2114374e+000
  1.2006214e+000
  1.1995789e+000
  1.2070615e+000
  1.2193552e+000
  1.2308141e+000
  1.2346702e+000
  1.2240111e+000
  1.1927937e+000
  1.1367590e+000
  1.0541216e+000
  9.4594400e-001
  8.1614204e-001
  6.7112127e-001
  5.1909085e-001
  3.6914496e-001
  2.3023147e-001
  1.1014137e-001
  1.4648240e-002
 -5.3094442e-002
 -9.2826082e-002
 -1.0709420e-001
 -1.0083214e-001
 -8.0663161e-002
 -5.4028992e-002
 -2.8261473e-002
 -9.7195068e-003
 -3.1007145e-003
 -1.1009773e-002
 -3.3827504e-002
 -6.9882055e-002
 -1.1588183e-001
 -1.6753519e-001
 -2.2025876e-001
 -2.6986791e-001
 -3.1314965e-001
 -3.4823944e-001
 -3.7475520e-001
 -3.9367923e-001
 -4.0701717e-001
 -4.1729568e-001
 -4.2698378e-001
 -4.3793266e-001
 -4.5092460e-001
 -4.6540371e-001
 -4.7943299e-001
 -4.8988724e-001
 -4.9285557e-001
 -4.8419508e-001
 -4.6015444e-001
 -4.1797477e-001
 -3.5637812e-001
 -2.7586930e-001
 -1.7880383e-001
 -6.9208026e-002
  4.7626854e-002
  1.6572227e-001
  2.7908283e-001
  3.8236743e-001
  4.7146873e-001
  5.4392201e-001
  5.9908867e-001
  6.3809181e-001
  6.6351649e-001
  6.7892048e-001
  6.8822757e-001
  6.9509170e-001
  7.0232309e-001
  7.1145810e-001
  7.2253269e-001
  7.3408999e-001
  7.4341821e-001
  7.4698228e-001
  7.4098499e-001
  7.2197532e-001
  6.8741556e-001
  6.3612555e-001
  5.6854048e-001
  4.8674606e-001
  3.9428692e-001
  2.9577651e-001
  1.9636459e-001
  1.0113818e-001
  1.4539974e-002
 -6.0115536e-002
 -1.2096316e-001
 -1.6770499e-001
 -2.0151487e-001
 -2.2474974e-001
 -2.4051620e-001
 -2.5216035e-001
 -2.6275860e-001
 -2.7468557e-001
 -2.8932142e-001
 -3.0693899e-001
 -3.2678279e-001
 -3.4732210e-001
 -3.6663393e-001
 -3.8285153e-001
 -3.9460415e-001
 -4.0137532e-001
 -4.0371903e-001
 -4.0329512e-001
 -4.0271282e-001
 -4.0520076e-001
 -4.1414911e-001
 -4.3258939e-001
 -4.6268886e-001
 -5.0533508e-001
 -5.5987501e-001
 -6.2405113e-001
 -6.9414915e-001
 -7.6534173e-001
 -8.3218408e-001
 -8.8919542e-001
 -9.3144762e-001
 -9.5508099e-001
 -9.5767783e-001
 -9.3844451e-001
 -8.9818045e-001
 -8.3904328e-001
 -7.6414840e-001
 -6.7706489e-001
 -5.8128432e-001
 -4.7974187e-001
 -3.7446093e-001
 -2.6637287e-001
 -1.5533743e-001
 -4.0358070e-002
  8.0042613e-002
  2.0734711e-001
  3.4254232e-001
  4.8567374e-001
  6.3552701e-001
  7.8949098e-001
  9.4362962e-001
  1.0929596e+000
  1.2318994e+000
  1.3548293e+000
  1.4566858e+000
  1.5335063e+000
  1.5828469e+000
  1.6040136e+000
  1.5980748e+000
  1.5676520e+000
  1.5165212e+000
  1.4490817e+000
  1.3697716e+000
  1.2825143e+000
  1.1902779e+000
  1.0948109e+000
  9.9659326e-001
  8.9500658e-001
  7.8869709e-001
  6.7607306e-001
  5.5585828e-001
  4.2761280e-001
  2.9213603e-001
  1.5168299e-001
  9.9516699e-003
 -1.2816701e-001
 -2.5704977e-001
 -3.7095259e-001
 -4.6468980e-001
 -5.3428486e-001
 -5.7749774e-001
 -5.9414992e-001
 -5.8619419e-001
 -5.5751230e-001
 -5.1346149e-001
 -4.6022720e-001
 -4.0406730e-001
 -3.5055029e-001
 -3.0389173e-001
 -2.6648075e-001
 -2.3866240e-001
 -2.1880615e-001
 -2.0365046e-001
 -1.8887375e-001
 -1.6981009e-001
 -1.4220625e-001
 -1.0291045e-001
 -5.0392465e-002
  1.4981681e-002
  9.0962099e-002
  1.7371471e-001
  2.5836665e-001
  3.3971956e-001
  4.1302746e-001
  4.7472532e-001
  5.2299984e-001
  5.5811547e-001
  5.8244277e-001
  6.0017865e-001
  6.1679208e-001
  6.3826910e-001
  6.7026104e-001
  7.1725488e-001
  7.8188395e-001
  8.6447821e-001
  9.6292119e-001
  1.0728377e+000
  1.1880904e+000
  1.3015185e+000
  1.4058181e+000
  1.4944434e+000
  1.5624011e+000
  1.6068299e+000
  1.6272811e+000
  1.6256633e+000
  1.6058595e+000
  1.5730707e+000
  1.5329821e+000
  1.4908726e+000
  1.4507959e+000
  1.4149542e+000
  1.3833571e+000
  1.3538177e+000
  1.3222905e+000
  1.2835056e+000
  1.2318105e+000
  1.1621004e+000
  1.0707021e+000
  9.5608457e-001
  8.1928803e-001
  6.6400707e-001
  4.9630730e-001
  3.2400945e-001
  1.5582093e-001
  3.3121181e-004
 -1.3499250e-001
 -2.4467208e-001
 -3.2582929e-001
 -3.7845733e-001
 -4.0531749e-001
 -4.1147750e-001
 -4.0355857e-001
 -3.8879871e-001
 -3.7406529e-001
 -3.6495636e-001
 -3.6511652e-001
 -3.7586157e-001
 -3.9616114e-001
 -4.2297600e-001
 -4.5189536e-001
 -4.7797529e-001
 -4.9665010e-001
 -5.0457767e-001
 -5.0028892e-001
 -4.8454065e-001
 -4.6031370e-001
 -4.3245143e-001
 -4.0698625e-001
 -3.9024921e-001
 -3.8789096e-001
 -4.0395715e-001
 -4.4015597e-001
 -4.9542916e-001
 -5.6589591e-001
 -6.4518582e-001
 -7.2512145e-001
 -7.9666048e-001
 -8.5096915e-001
