 -1.0743775e+000
 -2.7694242e+000
 -3.6795201e+000
 -3.9516098e+000
 -3.7696283e+000
 -3.3157588e+000
 -2.7458668e+000
 -2.1774542e+000
 -1.6872562e+000
 -1.3152670e+000
 -1.0722450e+000
 -9.4836773e-001
 -9.2143857e-001
 -9.6374481e-001
 -1.0472201e+000
 -1.1469450e+000
 -1.2432252e+000
 -1.3225597e+000
 -1.3777884e+000
 -1.4076494e+000
 -1.4159043e+000
 -1.4101433e+000
 -1.4003608e+000
 -1.3973975e+000
 -1.4113699e+000
 -1.4502277e+000
 -1.5185916e+000
 -1.6170132e+000
 -1.7417556e+000
 -1.8851369e+000
 -2.0364018e+000
 -2.1830101e+000
 -2.3121700e+000
 -2.4124050e+000
 -2.4749359e+000
 -2.4946878e+000
 -2.4707889e+000
 -2.4065061e+000
 -2.3086462e+000
 -2.1865325e+000
 -2.0507246e+000
 -1.9116822e+000
 -1.7785715e+000
 -1.6583792e+000
 -1.5554426e+000
 -1.4714294e+000
 -1.4057280e+000
 -1.3561422e+000
 -1.3197449e+000
 -1.2937235e+000
 -1.2760688e+000
 -1.2659911e+000
 -1.2640084e+000
 -1.2717106e+000
 -1.2912642e+000
 -1.3247688e+000
 -1.3735961e+000
 -1.4378450e+000
 -1.5160184e+000
 -1.6049855e+000
 -1.7002398e+000
 -1.7964066e+000
 -1.8879133e+000
 -1.9697037e+000
 -2.0378731e+000
 -2.0901152e+000
 -2.1259068e+000
 -2.1464012e+000
 -2.1540519e+000
 -2.1520351e+000
 -2.1435692e+000
 -2.1312489e+000
 -2.1165040e+000
 -2.0992703e+000
 -2.0779256e+000
 -2.0494962e+000
 -2.0100976e+000
 -1.9555377e+000
 -1.8819838e+000
 -1.7865957e+000
 -1.6680281e+000
 -1.5267403e+000
 -1.3650749e+000
 -1.1871117e+000
 -9.9833225e-001
 -8.0515598e-001
 -6.1442188e-001
 -4.3288934e-001
 -2.6681749e-001
 -1.2166191e-001
 -1.9010000e-003
  8.9020478e-002
  1.4866278e-001
  1.7552022e-001
  1.6895126e-001
  1.2914399e-001
  5.7135185e-002
 -4.5118838e-002
 -1.7464018e-001
 -3.2733155e-001
 -4.9792496e-001
 -6.8001757e-001
 -8.6622438e-001
 -1.0484607e+000
 -1.2183457e+000
 -1.3676984e+000
 -1.4890790e+000
 -1.5763184e+000
 -1.6249779e+000
 -1.6326841e+000
 -1.5993022e+000
 -1.5269274e+000
 -1.4196954e+000
 -1.2834355e+000
 -1.1252043e+000
 -9.5274957e-001
 -7.7395684e-001
 -5.9633026e-001
 -4.2654856e-001
 -2.7012669e-001
 -1.3119943e-001
 -1.2430158e-002
  8.4962822e-002
  1.6107869e-001
  2.1712631e-001
  2.5515972e-001
  2.7778087e-001
  2.8783239e-001
  2.8810204e-001
  2.8105891e-001
  2.6863966e-001
  2.5210123e-001
  2.3195304e-001
  2.0797700e-001
  1.7933740e-001
  1.4477414e-001
  1.0286402e-001
  5.2325449e-002
 -7.6651473e-003
 -7.7181745e-002
 -1.5531854e-001
 -2.4005340e-001
 -3.2822794e-001
 -4.1565449e-001
 -4.9734526e-001
 -5.6784395e-001
 -6.2162755e-001
 -6.5353746e-001
 -6.5919605e-001
 -6.3536767e-001
 -5.8023154e-001
 -4.9354608e-001
 -3.7669844e-001
 -2.3264645e-001
 -6.5770963e-002
  1.1833703e-001
  3.1312890e-001
  5.1136875e-001
  7.0540672e-001
  8.8744956e-001
  1.0498304e+000
  1.1852848e+000
  1.2872415e+000
  1.3501302e+000
  1.3697022e+000
  1.3433454e+000
  1.2703672e+000
  1.1522053e+000
  9.9252720e-001
  7.9718027e-001
  5.7396713e-001
  3.3223959e-001
  8.2328407e-002
 -1.6514914e-001
 -4.0003976e-001
 -6.1338332e-001
 -7.9803669e-001
 -9.4911528e-001
 -1.0641949e+000
 -1.1432460e+000
 -1.1883072e+000
 -1.2029426e+000
 -1.1915587e+000
 -1.1586773e+000
 -1.1082713e+000
 -1.0432601e+000
 -9.6523858e-001
 -8.7448049e-001
 -7.7021214e-001
 -6.5111075e-001
 -5.1594500e-001
 -3.6425068e-001
 -1.9692607e-001
 -1.6641954e-002
  1.7201186e-001
  3.6268125e-001
  5.4769448e-001
  7.1874429e-001
  8.6771063e-001
  9.8750385e-001
  1.0728031e+000
  1.1205784e+000
  1.1303160e+000
  1.1039154e+000
  1.0452730e+000
  9.5962166e-001
  8.5273285e-001
  7.3010998e-001
  5.9630591e-001
  4.5447584e-001
  3.0623975e-001
  1.5187679e-001
 -9.1818846e-003
 -1.7764747e-001
 -3.5357976e-001
 -5.3564960e-001
 -7.2059845e-001
 -9.0300892e-001
 -1.0754539e+000
 -1.2290323e+000
 -1.3542376e+000
 -1.4420472e+000
 -1.4850832e+000
 -1.4786714e+000
 -1.4216400e+000
 -1.3167258e+000
 -1.1705138e+000
 -9.9290228e-001
 -7.9615418e-001
 -5.9365857e-001
 -3.9856999e-001
 -2.2251261e-001
 -7.4527462e-002
  3.9594859e-002
  1.1751202e-001
  1.6004530e-001
  1.7047328e-001
  1.5352909e-001
  1.1427134e-001
  5.7017915e-002
 -1.5480134e-002
 -1.0248631e-001
 -2.0527195e-001
 -3.2665378e-001
 -4.7015003e-001
 -6.3889498e-001
 -8.3449478e-001
 -1.0560231e+000
 -1.2993379e+000
 -1.5568566e+000
 -1.8178548e+000
 -2.0692782e+000
 -2.2969715e+000
 -2.4871630e+000
 -2.6279999e+000
 -2.7109122e+000
 -2.7316082e+000
 -2.6905495e+000
 -2.5928331e+000
 -2.4474900e+000
 -2.2662981e+000
 -2.0622794e+000
 -1.8480956e+000
 -1.6345750e+000
 -1.4295800e+000
 -1.2373769e+000
 -1.0585899e+000
 -8.9073823e-001
 -7.2926243e-001
 -5.6887826e-001
 -4.0504352e-001
 -2.3530954e-001
 -6.0346207e-002
  1.1552156e-001
  2.8435463e-001
  4.3522156e-001
  5.5532052e-001
  6.3144855e-001
  6.5161740e-001
  6.0659690e-001
  4.9118112e-001
  3.0501477e-001
  5.2882327e-002
 -2.5556275e-001
 -6.0657542e-001
 -9.8348688e-001
 -1.3681028e+000
 -1.7421545e+000
 -2.0886355e+000
 -2.3928856e+000
 -2.6433375e+000
 -2.8318937e+000
 -2.9539580e+000
 -3.0081882e+000
 -2.9960653e+000
 -2.9213784e+000
 -2.7897157e+000
 -2.6080241e+000
 -2.3842646e+000
 -2.1271572e+000
 -1.8459803e+000
 -1.5503747e+000
 -1.2501037e+000
 -9.5473269e-001
 -6.7322328e-001
 -4.1346467e-001
 -1.8179754e-001
  1.7394140e-002
  1.8194107e-001
  3.1192502e-001
  4.0944993e-001
  4.7814451e-001
  5.2244005e-001
  5.4671197e-001
  5.5440802e-001
  5.4730278e-001
  5.2501253e-001
  4.8487643e-001
  4.2226144e-001
  3.3128694e-001
  2.0589933e-001
  4.1167161e-002
 -1.6537596e-001
 -4.1253412e-001
 -6.9458295e-001
 -1.0008858e+000
 -1.3160850e+000
 -1.6208880e+000
 -1.8933910e+000
 -2.1108104e+000
 -2.2514385e+000
 -2.2966102e+000
 -2.2324642e+000
 -2.0513102e+000
 -1.7524635e+000
 -1.3424724e+000
 -8.3473878e-001
 -2.4859849e-001
  3.9201866e-001
  1.0601922e+000
  1.7277119e+000
  2.3667210e+000
  2.9511754e+000
  3.4580361e+000
  3.8681569e+000
  4.1668690e+000
  4.3443005e+000
  4.3954812e+000
  4.3202884e+000
  4.1232777e+000
  3.8134238e+000
  3.4037746e+000
  2.9110025e+000
  2.3548285e+000
  1.7572940e+000
  1.1418704e+000
  5.3242005e-001
 -4.7950172e-002
 -5.7806988e-001
 -1.0398278e+000
 -1.4191299e+000
 -1.7065913e+000
 -1.8978798e+000
 -1.9936628e+000
 -1.9991520e+000
 -1.9232879e+000
 -1.7776506e+000
 -1.5752157e+000
 -1.3290959e+000
 -1.0514073e+000
 -7.5238447e-001
 -4.3983536e-001
 -1.1898324e-001
  2.0730626e-001
  5.3796120e-001
  8.7289051e-001
  1.2120376e+000
  1.5544274e+000
  1.8973306e+000
  2.2356512e+000
  2.5616157e+000
  2.8648082e+000
  3.1325569e+000
  3.3506464e+000
  3.5042977e+000
  3.5793369e+000
  3.5634585e+000
  3.4474818e+000
  3.2264987e+000
  2.9008162e+000
  2.4766084e+000
  1.9662050e+000
  1.3879673e+000
  7.6572216e-001
  1.2775607e-001
 -4.9459690e-001
 -1.0687060e+000
 -1.5626314e+000
 -1.9472155e+000
 -2.1981247e+000
 -2.2976758e+000
 -2.2362851e+000
 -2.0134020e+000
 -1.6378220e+000
 -1.1273276e+000
 -5.0766512e-001
  1.8907326e-001
  9.2653269e-001
  1.6664705e+000
  2.3712194e+000
  3.0060292e+000
  3.5410942e+000
  3.9531117e+000
  4.2262663e+000
  4.3526041e+000
  4.3318180e+000
  4.1705258e+000
  3.8811639e+000
  3.4806442e+000
  2.9889232e+000
  2.4276211e+000
  1.8187948e+000
  1.1839324e+000
  5.4319538e-001
 -8.5100183e-002
 -6.8480015e-001
 -1.2420748e+000
 -1.7454773e+000
 -2.1859385e+000
 -2.5567209e+000
 -2.8533382e+000
 -3.0734321e+000
 -3.2165905e+000
 -3.2840956e+000
 -3.2786000e+000
 -3.2037482e+000
 -3.0637789e+000
 -2.8631609e+000
 -2.6063226e+000
 -2.2975312e+000
 -1.9409616e+000
 -1.5409651e+000
 -1.1025140e+000
 -6.3175851e-001
 -1.3660106e-001
  3.7282602e-001
  8.8389828e-001
  1.3815523e+000
  1.8487187e+000
  2.2671485e+000
  2.6185864e+000
  2.8861878e+000
  3.0560284e+000
  3.1185255e+000
  3.0695880e+000
  2.9113321e+000
  2.6522476e+000
  2.3067644e+000
  1.8942450e+000
  1.4375006e+000
  9.6099138e-001
  4.8891108e-001
  4.3371163e-002
 -3.5711919e-001
 -6.9872117e-001
 -9.7279071e-001
 -1.1758407e+000
 -1.3089961e+000
 -1.3770601e+000
 -1.3873515e+000
 -1.3484905e+000
 -1.2693033e+000
 -1.1579784e+000
 -1.0215593e+000
 -8.6579770e-001
 -6.9533047e-001
 -5.1409624e-001
 -3.2587498e-001
 -1.3482359e-001
  5.4108520e-002
  2.3497002e-001
  4.0084903e-001
  5.4416311e-001
  6.5715287e-001
  7.3250136e-001
  7.6398418e-001
  7.4705463e-001
  6.7928412e-001
  5.6060551e-001
  3.9334130e-001
  1.8203269e-001
 -6.6886567e-002
 -3.4550996e-001
 -6.4490538e-001
 -9.5553141e-001
 -1.2675825e+000
 -1.5712460e+000
 -1.8568797e+000
 -2.1151366e+000
 -2.3370763e+000
 -2.5143054e+000
 -2.6391764e+000
 -2.7050614e+000
 -2.7066937e+000
 -2.6405468e+000
 -2.5052075e+000
 -2.3016838e+000
 -2.0335973e+000
 -1.7072109e+000
 -1.3312712e+000
 -9.1666074e-001
 -4.7588670e-001
 -2.2449901e-002
  4.2984511e-001
  8.6757337e-001
  1.2783047e+000
  1.6511022e+000
  1.9768738e+000
  2.2485687e+000
  2.4612293e+000
  2.6119250e+000
  2.6996053e+000
  2.7249057e+000
  2.6899425e+000
  2.5981148e+000
  2.4539251e+000
  2.2628177e+000
  2.0310250e+000
  1.7654086e+000
  1.4732871e+000
  1.1622442e+000
  8.3992230e-001
  5.1381345e-001
  1.9106657e-001
 -1.2167092e-001
 -4.1836040e-001
 -6.9362160e-001
 -9.4272813e-001
 -1.1615654e+000
 -1.3465765e+000
 -1.4947265e+000
 -1.6035139e+000
 -1.6710497e+000
 -1.6962091e+000
 -1.6788428e+000
 -1.6200175e+000
 -1.5222392e+000
 -1.3896065e+000
 -1.2278406e+000
 -1.0441523e+000
 -8.4692723e-001
 -6.4523364e-001
 -4.4819082e-001
 -2.6425849e-001
 -1.0052758e-001
  3.7899928e-002
  1.4835998e-001
  2.3084042e-001
  2.8792473e-001
  3.2446539e-001
  3.4702276e-001
  3.6313663e-001
  3.8051959e-001
  4.0627035e-001
  4.4619955e-001
  5.0434252e-001
  5.8270413e-001
  6.8124725e-001
  7.9810233e-001
  9.2994709e-001
  1.0724870e+000
  1.2209606e+000
  1.3706007e+000
  1.5169984e+000
  1.6563414e+000
  1.7855248e+000
  1.9021540e+000
  2.0044775e+000
  2.0912935e+000
  2.1618699e+000
  2.2159051e+000
  2.2535390e+000
  2.2754021e+000
  2.2826746e+000
  2.2771174e+000
  2.2610349e+000
  2.2371414e+000
  2.2083198e+000
  2.1772847e+000
  2.1461883e+000
  2.1162253e+000
  2.0873064e+000
  2.0578670e+000
  2.0248674e+000
  1.9840118e+000
  1.9301846e+000
  1.8580643e+000
  1.7628435e+000
  1.6409626e+000
  1.4907518e+000
  1.3128853e+000
  1.1105729e+000
  8.8944733e-001
  6.5715061e-001
  4.2266450e-001
  1.9546863e-001
 -1.5364007e-002
 -2.0201424e-001
 -3.5859475e-001
 -4.8157093e-001
 -5.6987452e-001
 -6.2470426e-001
 -6.4905293e-001
 -6.4703876e-001
 -6.2314491e-001
 -5.8148113e-001
 -5.2517404e-001
 -4.5596980e-001
 -3.7409787e-001
 -2.7840410e-001
 -1.6672084e-001
 -3.6408372e-002
  1.1502038e-001
  2.8928757e-001
  4.8683924e-001
  7.0650387e-001
  9.4536013e-001
  1.1988206e+000
  1.4609066e+000
  1.7246631e+000
  1.9826503e+000
  2.2274396e+000
  2.4520556e+000
  2.6503156e+000
  2.8170449e+000
  2.9481666e+000
  3.0406864e+000
  3.0926055e+000
  3.1028038e+000
  3.0709293e+000
  2.9973251e+000
  2.8830063e+000
  2.7296875e+000
  2.5398430e+000
  2.3167748e+000
  2.0646570e+000
  1.7885283e+000
  1.4942126e+000
  1.1881587e+000
  8.7720627e-001
  5.6829505e-001
  2.6814795e-001
 -1.7040201e-002
 -2.8187433e-001
 -5.2196460e-001
 -7.3404836e-001
 -9.1602301e-001
 -1.0668963e+000
 -1.1866701e+000
 -1.2761802e+000
 -1.3369176e+000
 -1.3708531e+000
 -1.3802848e+000
 -1.3677182e+000
 -1.3357824e+000
 -1.2871796e+000
 -1.2246586e+000
 -1.1510030e+000
 -1.0690217e+000
 -9.8153492e-001
 -8.9134920e-001
 -8.0121947e-001
 -7.1379834e-001
 -6.3157457e-001
 -5.5680315e-001
 -4.9142863e-001
 -4.3700283e-001
 -3.9459800e-001
 -3.6471662e-001
 -3.4720180e-001
 -3.4115459e-001
 -3.4486883e-001
 -3.5579726e-001
 -3.7056464e-001
 -3.8504337e-001
 -3.9450383e-001
 -3.9384498e-001
 -3.7790163e-001
 -3.4181397e-001
 -2.8143400e-001
 -1.9373407e-001
 -7.7177199e-002
  6.7992706e-002
  2.3957799e-001
  4.3339980e-001
  6.4342999e-001
  8.6208007e-001
  1.0806275e+000
  1.2897450e+000
  1.4800858e+000
  1.6428742e+000
  1.7704471e+000
  1.8567032e+000
  1.8974219e+000
  1.8904350e+000
  1.8356435e+000
  1.7348937e+000
  1.5917334e+000
  1.4110823e+000
  1.1988533e+000
  9.6156064e-001
  7.0594704e-001
  4.3865750e-001
  1.6597579e-001
 -1.0636576e-001
 -3.7330132e-001
 -6.3047532e-001
 -8.7422325e-001
 -1.1015010e+000
 -1.3097759e+000
 -1.4968950e+000
 -1.6609444e+000
 -1.8001182e+000
 -1.9126111e+000
 -1.9965507e+000
 -2.0499820e+000
 -2.0709132e+000
 -2.0574239e+000
 -2.0078329e+000
 -1.9209105e+000
 -1.7961158e+000
 -1.6338301e+000
 -1.4355570e+000
 -1.2040584e+000
 -9.4340142e-001
 -6.5889901e-001
 -3.5694227e-001
 -4.4732105e-002
  2.7006579e-001
  5.7970945e-001
  8.7677309e-001
  1.1545033e+000
  1.4071045e+000
  1.6299292e+000
  1.8195635e+000
  1.9738132e+000
  2.0916110e+000
  2.1728729e+000
  2.2183411e+000
  2.2294437e+000
  2.2081975e+000
  2.1571653e+000
  2.0794624e+000
  1.9787962e+000
  1.8595067e+000
  1.7265723e+000
  1.5855484e+000
  1.4424112e+000
  1.3032992e+000
  1.1741606e+000
  1.0603362e+000
  9.6612323e-001
  8.9437590e-001
  8.4620141e-001
  8.2080083e-001
  8.1548978e-001
  8.2591003e-001
  8.4641797e-001
  8.7061062e-001
  8.9193002e-001
  9.0427511e-001
  9.0254867e-001
  8.8307587e-001
  8.4384961e-001
  7.8458230e-001
  7.0657133e-001
  6.1241063e-001
  5.0560065e-001
  3.9011995e-001
  2.7002211e-001
  1.4911226e-001
  3.0740153e-002
 -8.2276373e-002
 -1.8760677e-001
 -2.8327223e-001
 -3.6746340e-001
 -4.3836135e-001
 -4.9400788e-001
 -5.3225971e-001
 -5.5084307e-001
 -5.4750516e-001
 -5.2023969e-001
 -4.6754940e-001
 -3.8870083e-001
 -2.8392725e-001
 -1.5454408e-001
 -2.9555482e-003
  1.6745089e-001
  3.5250819e-001
  5.4754239e-001
  7.4767640e-001
  9.4812438e-001
  1.1444413e+000
  1.3327020e+000
  1.5095987e+000
  1.6724588e+000
  1.8191994e+000
  1.9482412e+000
  2.0584081e+000
  2.1488353e+000
  2.2189030e+000
  2.2682004e+000
  2.2965172e+000
  2.3038495e+000
  2.2904058e+000
  2.2565973e+000
  2.2030037e+000
  2.1303136e+000
  2.0392499e+000
  1.9304965e+000
  1.8046524e+000
  1.6622324e+000
  1.5037341e+000
  1.3297762e+000
  1.1412972e+000
  9.3979310e-001
  7.2755432e-001
  5.0785810e-001
  2.8507110e-001
  6.4624368e-002
 -1.4716129e-001
 -3.4340080e-001
 -5.1709952e-001
 -6.6169352e-001
 -7.7161561e-001
 -8.4281895e-001
 -8.7319155e-001
 -8.6280659e-001
 -8.1397388e-001
 -7.3108254e-001
 -6.2025262e-001
 -4.8883711e-001
 -3.4483359e-001
 -1.9627368e-001
 -5.0656493e-002
  8.5518470e-002
  2.0708187e-001
  3.1037383e-001
  3.9327905e-001
  4.5514338e-001
  4.9660874e-001
  5.1940673e-001
  5.2614631e-001
  5.2011981e-001
  5.0513656e-001
  4.8537868e-001
  4.6526210e-001
  4.4928053e-001
  4.4181194e-001
  4.4687634e-001
  4.6784786e-001
  5.0714086e-001
  5.6590496e-001
  6.4377377e-001
  7.3871478e-001
  8.4702076e-001
  9.6346768e-001
  1.0816420e+000
  1.1944148e+000
  1.2945171e+000
  1.3751515e+000
  1.4305674e+000
  1.4565294e+000
  1.4506214e+000
  1.4123523e+000
  1.3430598e+000
  1.2456354e+000
  1.1241223e+000
  9.8325305e-001
  8.2799950e-001
  6.6320099e-001
  4.9331715e-001
  3.2232601e-001
  1.5375801e-001
 -9.1701170e-003
 -1.6337763e-001
 -3.0576226e-001
 -4.3312217e-001
 -5.4219948e-001
 -6.2986065e-001
 -6.9339808e-001
 -7.3090738e-001
 -7.4167192e-001
 -7.2647614e-001
 -6.8777217e-001
 -6.2964351e-001
 -5.5753951e-001
 -4.7779245e-001
 -3.9696742e-001
 -3.2112743e-001
 -2.5511704e-001
 -2.0197145e-001
 -1.6254533e-001
 -1.3542533e-001
 -1.1714997e-001
 -1.0271319e-001
 -8.6284481e-002
 -6.2043495e-002
 -2.5008205e-002
  2.8264273e-002
  9.9206134e-002
  1.8706304e-001
  2.8903439e-001
  4.0070093e-001
  5.1666665e-001
  6.3130961e-001
  7.3952159e-001
  8.3732111e-001
  9.2224812e-001
  9.9348640e-001
  1.0517066e+000
  1.0986690e+000
  1.1366641e+000
  1.1678958e+000
  1.1939170e+000
  1.2152176e+000
  1.2310367e+000
  1.2394298e+000
  1.2375779e+000
  1.2222846e+000
  1.1905742e+000
  1.1402893e+000
  1.0705851e+000
  9.8223860e-001
  8.7772085e-001
  7.6102094e-001
  6.3725175e-001
  5.1210159e-001
  3.9121935e-001
  2.7962857e-001
  1.8125737e-001
  9.8648756e-002
  3.2882806e-002
 -1.6293439e-002
 -5.0167058e-002
 -7.0655163e-002
 -7.9872713e-002
 -7.9748150e-002
 -7.1748214e-002
 -5.6748548e-002
 -3.5056668e-002
 -6.5643306e-003
  2.9017318e-002
  7.1899885e-002
  1.2199843e-001
  1.7880093e-001
  2.4135598e-001
  3.0838199e-001
  3.7847453e-001
  4.5036693e-001
  5.2318651e-001
  5.9664801e-001
  6.7113610e-001
  7.4764953e-001
  8.2760576e-001
  9.1253190e-001
  1.0036912e+000
  1.1017089e+000
  1.2062629e+000
  1.3159000e+000
  1.4280115e+000
  1.5389852e+000
  1.6445119e+000
  1.7400060e+000
  1.8210772e+000
  1.8839830e+000
  1.9259960e+000
  1.9456358e+000
  1.9427374e+000
  1.9183567e+000
  1.8745411e+000
  1.8140103e+000
  1.7398098e+000
  1.6549938e+000
  1.5623868e+000
  1.4644553e+000
  1.3632915e+000
  1.2606929e+000
  1.1582996e+000
  1.0577382e+000
  9.6072531e-001
  8.6909037e-001
  7.8469758e-001
  7.0927112e-001
  6.4415112e-001
  5.9002775e-001
  5.4671146e-001
  5.1299712e-001
  4.8666772e-001
  4.6466128e-001
  4.4339681e-001
  4.1922530e-001
  3.8894668e-001
  3.5031702e-001
  3.0246583e-001
  2.4615242e-001
  1.8381196e-001
  1.1937231e-001
  5.7857832e-002
  4.8295412e-003
 -3.4262544e-002
 -5.4724546e-002
 -5.3170500e-002
 -2.7903864e-002
  2.0922007e-002
  9.1381126e-002
  1.8007019e-001
  2.8256948e-001
  3.9399301e-001
  5.0954069e-001
  6.2496846e-001
  7.3690957e-001
  8.4300750e-001
  9.4185477e-001
  1.0327647e+000
  1.1154318e+000
  1.1895535e+000
  1.2544907e+000
  1.3090371e+000
  1.3513439e+000
  1.3790206e+000
  1.3893993e+000
  1.3799202e+000
  1.3485739e+000
  1.2943267e+000
  1.2174521e+000
  1.1197112e+000
  1.0043429e+000
  8.7585872e-001
  7.3966348e-001
  6.0155292e-001
  4.6715525e-001
  3.4139235e-001
  2.2803162e-001
  1.2938499e-001
  4.6188836e-002
 -2.2328186e-002
 -7.8208545e-002
 -1.2440191e-001
 -1.6432973e-001
 -2.0143950e-001
 -2.3880609e-001
 -2.7882511e-001
 -3.2302619e-001
 -3.7201398e-001
 -4.2552609e-001
 -4.8258211e-001
 -5.4168906e-001
 -6.0106568e-001
 -6.5885172e-001
 -7.1327681e-001
 -7.6277424e-001
 -8.0603662e-001
 -8.4202020e-001
 -8.6991145e-001
 -8.8907269e-001
 -8.9898280e-001
 -8.9918613e-001
 -8.8925753e-001
 -8.6878654e-001
 -8.3737983e-001
 -7.9467828e-001
 -7.4038504e-001
 -6.7430159e-001
 -5.9637068e-001
 -5.0672657e-001
 -4.0575345e-001
 -2.9415162e-001
 -1.7300849e-001
 -4.3867443e-002
  9.1216347e-002
  2.2964702e-001
  3.6830087e-001
  5.0359367e-001
  6.3160989e-001
  7.4829344e-001
  8.4968977e-001
  9.3221945e-001
  9.9295560e-001
  1.0298728e+000
  1.0420352e+000
  1.0296970e+000
  9.9429797e-001
  9.3835025e-001
  8.6522686e-001
  7.7887638e-001
  6.8349838e-001
  5.8321934e-001
  4.8180822e-001
  3.8246365e-001
  2.8769320e-001
  1.9929001e-001
  1.1839707e-001
  4.5636222e-002
 -1.8729563e-002
 -7.4634751e-002
 -1.2208120e-001
 -1.6106076e-001
 -1.9153882e-001
 -2.1349310e-001
 -2.2698905e-001
 -2.3226505e-001
 -2.2979751e-001
 -2.2031969e-001
 -2.0477792e-001
 -1.8422221e-001
 -1.5964366e-001
 -1.3178486e-001
 -1.0095873e-001
 -6.6914486e-002
 -2.8784859e-002
  1.4862639e-002
  6.5864294e-002
  1.2620182e-001
  1.9767857e-001
  2.8157603e-001
  3.7834344e-001
  4.8737190e-001
  6.0689415e-001
  7.3403351e-001
  8.6500321e-001
  9.9543413e-001
  1.1207885e+000
  1.2368026e+000
  1.3398981e+000
  1.4275023e+000
  1.4982379e+000
  1.5519559e+000
  1.5896163e+000
  1.6130416e+000
  1.6245871e+000
  1.6267841e+000
  1.6220156e+000
  1.6122709e+000
  1.5990147e+000
  1.5831802e+000
  1.5652750e+000
  1.5455658e+000
  1.5242963e+000
  1.5018847e+000
  1.4790545e+000
  1.4568632e+000
  1.4366179e+000
  1.4196836e+000
  1.4072196e+000
  1.3998894e+000
  1.3976016e+000
  1.3993358e+000
  1.4030963e+000
  1.4060169e+000
  1.4046133e+000
  1.3951582e+000
  1.3741302e+000
  1.3386732e+000
  1.2870020e+000
  1.2186940e+000
  1.1348238e+000
  1.0379214e+000
  9.3176050e-001
  8.2100835e-001
  7.1078850e-001
  6.0621794e-001
  5.1198182e-001
  4.3199877e-001
  3.6921259e-001
  3.2552321e-001
  3.0184636e-001
  2.9827045e-001
  3.1426578e-001
  3.4889552e-001
  4.0098306e-001
  4.6920259e-001
  5.5207935e-001
  6.4790659e-001
  7.5460631e-001
  8.6957513e-001
  9.8956267e-001
  1.1106277e+000
  1.2282049e+000
  1.3372973e+000
  1.4327864e+000
  1.5098314e+000
  1.5643080e+000
  1.5932299e+000
  1.5950910e+000
  1.5700742e+000
  1.5200928e+000
  1.4486452e+000
  1.3604965e+000
  1.2612187e+000
  1.1566425e+000
  1.0522854e+000
  9.5282304e-001
  8.6166557e-001
  7.8068464e-001
  7.1011951e-001
  6.4866632e-001
  5.9373373e-001
  5.4182911e-001
  4.8902665e-001
  4.3146209e-001
  3.6579943e-001
  2.8962149e-001
  2.0170744e-001
  1.0217464e-001
 -7.5224205e-003
 -1.2472916e-001
 -2.4584402e-001
 -3.6665814e-001
 -4.8274551e-001
 -5.8986432e-001
 -6.8433004e-001
 -7.6332400e-001
 -8.2510692e-001
 -8.6911553e-001
 -8.9593103e-001
 -9.0712114e-001
 -9.0497082e-001
 -8.9213061e-001
 -8.7122332e-001
 -8.4445810e-001
 -8.1330467e-001
 -7.7827703e-001
 -7.3886601e-001
 -6.9364326e-001
 -6.4053680e-001
 -5.7725348e-001
 -5.0179928e-001
 -4.1302833e-001
 -3.1113984e-001
 -1.9804071e-001
 -7.7503135e-002
  4.4930706e-002
  1.6231194e-001
  2.6689336e-001
  3.5092183e-001
  4.0752124e-001
  4.3155182e-001
  4.2032578e-001
  3.7407163e-001
  2.9606802e-001
  1.9241057e-001
  7.1425257e-002
 -5.7207295e-002
 -1.8350879e-001
 -2.9830441e-001
 -3.9422124e-001
 -4.6644889e-001
 -5.1315949e-001
 -5.3553320e-001
 -5.3739239e-001
 -5.2450609e-001
 -5.0367452e-001
 -4.8173627e-001
 -4.6464969e-001
 -4.5678642e-001
 -4.6053764e-001
 -4.7628121e-001
 -5.0269649e-001
 -5.3735470e-001
 -5.7746599e-001
 -6.2063715e-001
 -6.6549242e-001
 -7.1203312e-001
 -7.6165859e-001
 -8.1683104e-001
 -8.8043306e-001
 -9.5492539e-001
 -1.0414549e+000
 -1.1390806e+000
 -1.2442745e+000
 -1.3508165e+000
 -1.4501415e+000
 -1.5321234e+000
 -1.5862091e+000
 -1.6027491e+000
 -1.5743348e+000
 -1.4969385e+000
 -1.3706754e+000
 -1.2000552e+000
 -9.9366635e-001
 -7.6331824e-001
 -5.2274960e-001
 -2.8607706e-001
 -6.6200052e-002
  1.2661479e-001
  2.8577209e-001
  4.0886817e-001
  4.9763080e-001
  5.5730273e-001
  5.9557666e-001
  6.2125443e-001
  6.4284084e-001
  6.6728621e-001
  6.9906228e-001
  7.3969739e-001
  7.8781973e-001
  8.3967431e-001
  8.9000336e-001
  9.3312444e-001
  9.6401302e-001
  9.7920206e-001
  9.7734772e-001
  9.5937202e-001
  9.2816839e-001
  8.8793319e-001
  8.4325079e-001
  7.9810258e-001
  7.5498304e-001
  7.1428759e-001
  6.7409033e-001
  6.3036296e-001
  5.7761093e-001
  5.0983079e-001
  4.2163734e-001
  3.0937786e-001
  1.7205034e-001
  1.1871206e-002
 -1.6560725e-001
 -3.5185997e-001
 -5.3618814e-001
 -7.0684268e-001
 -8.5231225e-001
 -9.6259297e-001
 -1.0302629e+000
 -1.0512181e+000
 -1.0249806e+000
 -9.5455656e-001
 -8.4588815e-001
 -7.0700127e-001
 -5.4698987e-001
 -3.7499114e-001
 -1.9929595e-001
 -2.6705356e-002
  1.3780483e-001
  2.9110466e-001
  4.3166182e-001
  5.5911097e-001
  6.7374973e-001
  7.7607179e-001
  8.6642871e-001
  9.4487780e-001
  1.0112298e+000
  1.0652663e+000
  1.1070621e+000
  1.1373226e+000
  1.1576477e+000
  1.1706414e+000
  1.1798230e+000
  1.1893273e+000
  1.2034305e+000
  1.2259679e+000
  1.2597369e+000
  1.3059868e+000
  1.3640839e+000
  1.4314177e+000
  1.5035739e+000
  1.5747589e+000
  1.6384192e+000
  1.6879698e+000
  1.7175276e+000
  1.7225471e+000
  1.7002718e+000
  1.6499463e+000
  1.5727711e+000
  1.4716226e+000
  1.3505954e+000
  1.2144479e+000
  1.0680413e+000
  9.1585748e-001
  7.6166078e-001
  6.0834004e-001
  4.5793386e-001
  3.1181032e-001
  1.7094714e-001
  3.6244847e-002
 -9.1195885e-002
 -2.0989009e-001
 -3.1791409e-001
 -4.1299081e-001
 -4.9269770e-001
 -5.5475758e-001
 -5.9735809e-001
 -6.1944135e-001
 -6.2091164e-001
 -6.0272488e-001
 -5.6684422e-001
 -5.1606961e-001
 -4.5376909e-001
 -3.8355453e-001
 -3.0895029e-001
 -2.3310122e-001
 -1.5855552e-001
 -8.7142806e-002
 -1.9949678e-002
  4.2621198e-002
  1.0073442e-001
  1.5497903e-001
  2.0622981e-001
  2.5553493e-001
  3.0404121e-001
  3.5295444e-001
  4.0352124e-001
  4.5701151e-001
  5.1467873e-001
  5.7768024e-001
  6.4694899e-001
  7.2302157e-001
  8.0584036e-001
  8.9455910e-001
  9.8738713e-001
  1.0815076e+000
  1.1730981e+000
  1.2574695e+000
  1.3293229e+000
  1.3831059e+000
  1.4134361e+000
  1.4155466e+000
  1.3857051e+000
  1.3215611e+000
  1.2223836e+000
  1.0891660e+000
  9.2459328e-001
  7.3288020e-001
  5.1950442e-001
  2.9086723e-001
  5.3917694e-002
 -1.8422606e-001
 -4.1663063e-001
 -6.3685758e-001
 -8.3922057e-001
 -1.0189873e+000
 -1.1725292e+000
 -1.2974235e+000
 -1.3925092e+000
 -1.4578974e+000
 -1.4949294e+000
 -1.5060774e+000
 -1.4947799e+000
 -1.4652103e+000
 -1.4219835e+000
 -1.3698173e+000
 -1.3131714e+000
 -1.2559017e+000
 -1.2009646e+000
 -1.1502111e+000
 -1.1042988e+000
 -1.0627392e+000
 -1.0240771e+000
 -9.8618522e-001
 -9.4663363e-001
 -9.0308684e-001
 -8.5367252e-001
 -7.9727066e-001
 -7.3368317e-001
 -6.6366211e-001
 -5.8879684e-001
 -5.1128294e-001
 -4.3361389e-001
 -3.5824891e-001
 -2.8731251e-001
 -2.2237486e-001
 -1.6434648e-001
 -1.1349950e-001
 -6.9604532e-002
 -3.2151040e-002
 -6.0357143e-004
  2.5359700e-002
  4.5676274e-002
  5.9833103e-002
  6.6921021e-002
  6.5801938e-002
  5.5357885e-002
  3.4773275e-002
  3.7929344e-003
 -3.7099585e-002
 -8.6626116e-002
 -1.4280159e-001
 -2.0315985e-001
 -2.6508535e-001
 -3.2619601e-001
 -3.8470982e-001
 -4.3972620e-001
 -4.9136457e-001
 -5.4072532e-001
 -5.8966843e-001
 -6.4043745e-001
 -6.9518651e-001
 -7.5548831e-001
 -8.2190981e-001
 -8.9373546e-001
 -9.6889709e-001
 -1.0441377e+000
 -1.1153979e+000
 -1.1783743e+000
 -1.2291699e+000
 -1.2649315e+000
 -1.2843712e+000
 -1.2880754e+000
 -1.2785391e+000
 -1.2598994e+000
 -1.2373900e+000
 -1.2165820e+000
 -1.2025121e+000
 -1.1988219e+000
 -1.2070335e+000
 -1.2260748e+000
 -1.2521330e+000
 -1.2788746e+000
 -1.2980164e+000
 -1.3001879e+000
 -1.2759829e+000
 -1.2170742e+000
 -1.1172546e+000
 -9.7327999e-001
 -7.8541367e-001
 -5.5761190e-001
 -2.9733326e-001
 -1.5000794e-002
  2.7681555e-001
  5.6440072e-001
  8.3397030e-001
  1.0727102e+000
  1.2696837e+000
  1.4165319e+000
  1.5079251e+000
  1.5417494e+000
  1.5190461e+000
  1.4437379e+000
  1.3221931e+000
  1.1626830e+000
  9.7478630e-001
  7.6878578e-001
  5.5509398e-001
  3.4373129e-001
  1.4387219e-001
 -3.6532410e-002
 -1.9105257e-001
 -3.1499355e-001
 -4.0552406e-001
 -4.6171529e-001
 -4.8448833e-001
 -4.7646978e-001
 -4.4175993e-001
 -3.8562359e-001
 -3.1412001e-001
 -2.3369459e-001
 -1.5075865e-001
 -7.1285710e-002
 -4.5094344e-004
  5.7663620e-002
  1.0028184e-001
  1.2605529e-001
  1.3509246e-001
  1.2889983e-001
  1.1024350e-001
  8.2942456e-002
  5.1605315e-002
  2.1322092e-002
 -2.6771995e-003
 -1.5384640e-002
 -1.2382256e-002
  9.8029910e-003
  5.3380116e-002
  1.1903789e-001
  2.0578045e-001
  3.1088222e-001
  4.2998364e-001
  5.5733847e-001
  6.8620830e-001
  8.0938227e-001
  9.1978179e-001
  1.0110949e+000
  1.0783746e+000
  1.1185335e+000
  1.1306737e+000
  1.1162067e+000
  1.0787419e+000
  1.0237488e+000
  9.5802851e-001
  8.8905222e-001
  8.2424536e-001
  7.7029959e-001
  7.3259262e-001
  7.1477847e-001
  7.1858627e-001
  7.4383544e-001
  7.8864451e-001
  8.4978493e-001
  9.2311363e-001
  1.0040126e+000
  1.0877697e+000
  1.1698532e+000
  1.2460556e+000
  1.3125149e+000
  1.3656424e+000
  1.4020097e+000
  1.4182565e+000
  1.4110725e+000
  1.3772976e+000
  1.3141548e+000
  1.2196012e+000
  1.0927547e+000
  9.3432753e-001
  7.4698885e-001
  5.3557540e-001
  3.0708873e-001
  7.0442210e-002
 -1.6404140e-001
 -3.8534320e-001
 -5.8259898e-001
 -7.4598981e-001
 -8.6756389e-001
 -9.4188735e-001
 -9.6644297e-001
 -9.4173042e-001
 -8.7106278e-001
 -7.6009630e-001
 -6.1616653e-001
 -4.4752779e-001
 -2.6260177e-001
 -6.9332819e-002
  1.2527612e-001
  3.1540673e-001
  4.9644720e-001
  6.6482905e-001
  8.1774470e-001
  9.5282747e-001
  1.0678761e+000
  1.1606914e+000
  1.2290650e+000
  1.2709268e+000
  1.2846219e+000
  1.2692579e+000
  1.2250485e+000
  1.1535707e+000
  1.0578705e+000
  9.4237311e-001
  8.1259050e-001
  6.7465459e-001
  5.3473921e-001
  3.9845569e-001
  2.7031607e-001
  1.5335061e-001
  4.8942715e-002
 -4.3090042e-002
 -1.2418049e-001
 -1.9651347e-001
 -2.6242710e-001
 -3.2381458e-001
 -3.8162851e-001
 -4.3557397e-001
 -4.8404593e-001
 -5.2432625e-001
 -5.5301252e-001
 -5.6661189e-001
 -5.6220499e-001
 -5.3807240e-001
 -4.9418103e-001
 -4.3244941e-001
 -3.5674563e-001
 -2.7261329e-001
 -1.8676305e-001
 -1.0640269e-001
 -3.8501557e-002
  1.0907682e-002
  3.7296289e-002
  3.8006318e-002
  1.2381533e-002
 -3.8335101e-002
 -1.1129940e-001
 -2.0249462e-001
 -3.0721183e-001
 -4.2050347e-001
 -5.3754581e-001
 -6.5387073e-001
 -7.6545753e-001
 -8.6870510e-001
 -9.6032877e-001
 -1.0372389e+000
 -1.0964594e+000
 -1.1351319e+000
 -1.1506289e+000
 -1.1407733e+000
 -1.1041313e+000
 -1.0403280e+000
 -9.5031840e-001
 -8.3655205e-001
 -7.0298050e-001
 -5.5488256e-001
 -3.9851299e-001
 -2.4061207e-001
 -8.7839664e-002
  5.3786242e-002
  1.7936405e-001
  2.8542545e-001
  3.7004870e-001
  4.3275555e-001
  4.7421541e-001
  4.9581299e-001
  4.9915952e-001
  4.8563697e-001
  4.5605961e-001
  4.1051595e-001
  3.4842252e-001
  2.6878246e-001
  1.7060472e-001
  5.3409161e-002
 -8.2274329e-002
 -2.3450682e-001
 -3.9972041e-001
 -5.7272808e-001
 -7.4697602e-001
 -9.1501095e-001
 -1.0690990e+000
 -1.2019073e+000
 -1.3071495e+000
 -1.3801031e+000
 -1.4179288e+000
 -1.4197570e+000
 -1.3865452e+000
 -1.3207494e+000
 -1.2258824e+000
 -1.1060467e+000
 -9.6553132e-001
 -8.0854203e-001
 -6.3910526e-001
 -4.6114603e-001
 -2.7870126e-001
 -9.6197375e-002
  8.1298596e-002
  2.4794633e-001
  3.9719327e-001
  5.2207132e-001
  6.1572671e-001
  6.7213319e-001
  6.8689582e-001
  6.5802344e-001
  5.8653777e-001
  4.7679869e-001
  3.3645891e-001
  1.7601156e-001
  7.9539103e-003
 -1.5434945e-001
 -2.9797045e-001
 -4.1172308e-001
 -4.8729719e-001
 -5.2006587e-001
 -5.0945388e-001
 -4.5881547e-001
 -3.7483946e-001
 -2.6656742e-001
 -1.4416649e-001
 -1.7633039e-002
  1.0438881e-001
  2.1550963e-001
  3.1209911e-001
  3.9333617e-001
  4.6081959e-001
  5.1782140e-001
  5.6831935e-001
  6.1597635e-001
  6.6323900e-001
  7.1070463e-001
  7.5685935e-001
  7.9822728e-001
  8.2990295e-001
  8.4637624e-001
  8.4251202e-001
  8.1452240e-001
  7.6077162e-001
  6.8228183e-001
  5.8285696e-001
  4.6880313e-001
  3.4828841e-001
  2.3044039e-001
  1.2431888e-001
  3.7917224e-002
 -2.2663736e-002
 -5.3757069e-002
 -5.4323757e-002
 -2.5794355e-002
  2.8390335e-002
  1.0344274e-001
  1.9397204e-001
  2.9467873e-001
  4.0088903e-001
  5.0885449e-001
  6.1579091e-001
  7.1968224e-001
  8.1892073e-001
  9.1188546e-001
  9.9657243e-001
  1.0703784e+000
  1.1301100e+000
  1.1722429e+000
  1.1934067e+000
  1.1910189e+000
  1.1639567e+000
  1.1131375e+000
  1.0418822e+000
  9.5596475e-001
  8.6329560e-001
  7.7324607e-001
  6.9567900e-001
  6.3980331e-001
  6.1300534e-001
  6.1982197e-001
  6.6120817e-001
  7.3421482e-001
  8.3213751e-001
  9.4513237e-001
  1.0612294e+000
  1.1676186e+000
  1.2520462e+000
  1.3041459e+000
  1.3165402e+000
  1.2855813e+000
  1.2116547e+000
  1.0990273e+000
  9.5528305e-001
  7.9044058e-001
  6.1588098e-001
  4.4322873e-001
  2.8332042e-001
  1.4536998e-001
  3.6400011e-002
 -3.9036782e-002
 -7.8864952e-002
 -8.3276144e-002
 -5.4375737e-002
  4.2340825e-003
  8.7864820e-002
  1.9109666e-001
  3.0805575e-001
  4.3261829e-001
  5.5856699e-001
  6.7973663e-001
  7.9018469e-001
  8.8441171e-001
  9.5763627e-001
  1.0061065e+000
  1.0274096e+000
  1.0207269e+000
  9.8697965e-001
  9.2881956e-001
  8.5043889e-001
  7.5720318e-001
  6.5513996e-001
  5.5034435e-001
  4.4838079e-001
  3.5376560e-001
  2.6960589e-001
  1.9744726e-001
  1.3734966e-001
  8.8173151e-002
  4.8019744e-002
  1.4750468e-002
 -1.3516015e-002
 -3.8013687e-002
 -5.9118820e-002
 -7.6356362e-002
 -8.8619856e-002
 -9.4560695e-002
 -9.3068849e-002
 -8.3747010e-002
 -6.7277751e-002
 -4.5599592e-002
 -2.1840572e-002
 -1.5884143e-006
  1.5571252e-002
  2.0844029e-002
  1.2771863e-002
 -1.0125553e-002
 -4.7399742e-002
 -9.6599609e-002
 -1.5352069e-001
 -2.1275587e-001
 -2.6847308e-001
 -3.1530308e-001
 -3.4919644e-001
 -3.6810788e-001
 -3.7238902e-001
 -3.6481440e-001
 -3.5022330e-001
 -3.3482194e-001
 -3.2524733e-001
 -3.2753461e-001
 -3.4614842e-001
 -3.8323133e-001
 -4.3818936e-001
 -5.0768222e-001
 -5.8602170e-001
 -6.6591668e-001
 -7.3944803e-001
 -7.9912096e-001
 -8.3883128e-001
 -8.5459833e-001
 -8.4495739e-001
 -8.1096236e-001
 -7.5581414e-001
 -6.8419252e-001
 -6.0141685e-001
 -5.1258659e-001
 -4.2185277e-001
 -3.3194473e-001
 -2.4402875e-001
 -1.5791456e-001
 -7.2562083e-002
  1.3213552e-002
  9.9978063e-002
  1.8700642e-001
  2.7184106e-001
  3.5017895e-001
  4.1613048e-001
  4.6282905e-001
  4.8330870e-001
  4.7151908e-001
  4.2331989e-001
  3.3729633e-001
  2.1526173e-001
  6.2360554e-002
 -1.1325405e-001
 -3.0112989e-001
 -4.8951589e-001
 -6.6651450e-001
 -8.2122881e-001
 -9.4475253e-001
 -1.0308801e+000
 -1.0764616e+000
 -1.0813830e+000
 -1.0482105e+000
 -9.8158119e-001
 -8.8745818e-001
 -7.7237070e-001
 -6.4275390e-001
 -5.0446902e-001
 -3.6254473e-001
 -2.2113511e-001
 -8.3649463e-002
  4.7018895e-002
  1.6824891e-001
  2.7751121e-001
  3.7230616e-001
  4.5024358e-001
  5.0925042e-001
  5.4786008e-001
  5.6551511e-001
  5.6280719e-001
  5.4158787e-001
  5.0490673e-001
  4.5676723e-001
  4.0172723e-001
  3.4440385e-001
  2.8896415e-001
  2.3869001e-001
  1.9569507e-001
  1.6084575e-001
  1.3390188e-001
  1.1385130e-001
  9.9375527e-002
  8.9356957e-002
  8.3327196e-002
  8.1764210e-002
  8.6171252e-002
  9.8909387e-002
  1.2280083e-001
  1.6056421e-001
  2.1417715e-001
  2.8427973e-001
  3.6973113e-001
  4.6740977e-001
  5.7230953e-001
  6.7793593e-001
  7.7695559e-001
  8.6200875e-001
  9.2656541e-001
  9.6569586e-001
  9.7663877e-001
  9.5908137e-001
  9.1511247e-001
  8.4886142e-001
  7.6588609e-001
  6.7241206e-001
  5.7454620e-001
  4.7758831e-001
  3.8554356e-001
  3.0090050e-001
  2.2469140e-001
  1.5680171e-001
  9.6452562e-002
  4.2751814e-002
 -4.7996850e-003
 -4.5948479e-002
 -7.9547272e-002
 -1.0366106e-001
 -1.1590182e-001
 -1.1392894e-001
 -9.6019898e-002
 -6.1600724e-002
 -1.1630575e-002
  5.1241170e-002
  1.2278806e-001
  1.9758597e-001
  2.6960830e-001
  3.3294876e-001
  3.8256044e-001
  4.1489631e-001
  4.2835144e-001
  4.2343965e-001
  4.0268021e-001
  3.7021609e-001
  3.3122729e-001
  2.9123240e-001
  2.5538513e-001
  2.2786797e-001
  2.1146375e-001
  2.0735239e-001
  2.1514009e-001
  2.3309054e-001
  2.5849697e-001
  2.8811694e-001
  3.1858995e-001
  3.4677132e-001
  3.6994040e-001
  3.8587254e-001
  3.9279485e-001
  3.8927053e-001
  3.7406945e-001
  3.4608280e-001
  3.0432565e-001
  2.4804729e-001
  1.7694015e-001
  9.1409342e-002
 -7.1562058e-003
 -1.1618025e-001
 -2.3182786e-001
 -3.4911253e-001
 -4.6219858e-001
 -5.6488058e-001
 -6.5118703e-001
 -7.1602832e-001
 -7.5579449e-001
 -7.6880946e-001
 -7.5556638e-001
 -7.1869959e-001
 -6.6268910e-001
 -5.9333485e-001
 -5.1707481e-001
 -4.4024562e-001
 -3.6839302e-001
 -3.0573068e-001
 -2.5482034e-001
 -2.1650966e-001
 -1.9012131e-001
 -1.7384629e-001
 -1.6526274e-001
 -1.6188397e-001
 -1.6163890e-001
 -1.6320471e-001
 -1.6614135e-001
 -1.7081637e-001
 -1.7814718e-001
 -1.8922224e-001
 -2.0488347e-001
 -2.2535880e-001
 -2.5002276e-001
 -2.7733810e-001
 -3.0499662e-001
 -3.3023901e-001
 -3.5029894e-001
 -3.6289159e-001
 -3.6665672e-001
 -3.6147160e-001
 -3.4857065e-001
 -3.3044058e-001
 -3.1049857e-001
 -2.9259786e-001
 -2.8043559e-001
 -2.7695473e-001
 -2.8383447e-001
 -3.0114966e-001
 -3.2725373e-001
 -3.5890460e-001
 -3.9161592e-001
 -4.2018278e-001
 -4.3930670e-001
 -4.4423339e-001
 -4.3131911e-001
 -3.9845673e-001
 -3.4531696e-001
 -2.7338956e-001
 -1.8583764e-001
 -8.7201565e-002
  1.6996635e-002
  1.2069327e-001
  2.1771758e-001
  3.0218395e-001
  3.6882102e-001
  4.1323330e-001
  4.3210259e-001
  4.2334291e-001
  3.8622096e-001
  3.2144711e-001
  2.3123105e-001
  1.1928559e-001
 -9.2454492e-003
 -1.4796000e-001
 -2.8948881e-001
 -4.2590805e-001
 -5.4925647e-001
 -6.5211821e-001
 -7.2821345e-001
 -7.7292688e-001
 -7.8370243e-001
 -7.6024364e-001
 -7.0448111e-001
 -6.2029961e-001
 -5.1305287e-001
 -3.8892680e-001
 -2.5423833e-001
 -1.1476918e-001
  2.4768120e-002
  1.6105366e-001
  2.9222691e-001
  4.1769151e-001
  5.3769595e-001
  6.5276580e-001
  7.6308950e-001
  8.6796948e-001
  9.6544172e-001
  1.0521410e+000
  1.1234493e+000
  1.1739186e+000
  1.1979132e+000
  1.1903801e+000
  1.1476310e+000
  1.0680172e+000
  9.5239293e-001
  8.0429283e-001
  6.2979356e-001
  4.3707711e-001
  2.3575581e-001
  3.6052960e-002
 -1.5205011e-001
 -3.1959087e-001
 -4.5923506e-001
 -5.6565956e-001
 -6.3568916e-001
 -6.6820740e-001
 -6.6389491e-001
 -6.2486936e-001
 -5.5430665e-001
 -4.5611266e-001
 -3.3469159e-001
 -1.9482663e-001
 -4.1656145e-002
  1.1929735e-001
  2.8210413e-001
  4.4046976e-001
  5.8788992e-001
  7.1793865e-001
  8.2467896e-001
  9.0315161e-001
  9.4987163e-001
  9.6324738e-001
  9.4383873e-001
  8.9438873e-001
  8.1959535e-001
  7.2563111e-001
  6.1946110e-001
  5.0804726e-001
  3.9755083e-001
  2.9265131e-001
  1.9608701e-001
  1.0849095e-001
  2.8550856e-002
 -4.6528703e-002
 -1.2033289e-001
 -1.9642045e-001
 -2.7751428e-001
 -3.6482833e-001
 -4.5763855e-001
 -5.5316740e-001
 -6.4680065e-001
 -7.3260246e-001
 -8.0404750e-001
 -8.5485565e-001
 -8.7980118e-001
 -8.7537532e-001
 -8.4020866e-001
 -7.7520188e-001
 -6.8336228e-001
 -5.6939192e-001
 -4.3911118e-001
 -2.9882396e-001
 -1.5473299e-001
 -1.2497066e-002
  1.2301157e-001
  2.4773373e-001
  3.5826250e-001
  4.5156146e-001
  5.2465230e-001
  5.7436805e-001
  5.9725496e-001
  5.8967579e-001
  5.4812612e-001
  4.6973013e-001
  3.5284196e-001
  1.9765098e-001
  6.6786008e-003
 -2.1493612e-001
 -4.5943670e-001
 -7.1676764e-001
 -9.7519463e-001
 -1.2221621e+000
 -1.4452860e+000
 -1.6333586e+000
 -1.7772375e+000
 -1.8705135e+000
 -1.9098814e+000
 -1.8951880e+000
 -1.8291774e+000
 -1.7169967e+000
 -1.5655551e+000
 -1.3828452e+000
 -1.1773233e+000
 -9.5742876e-001
 -7.3128039e-001
 -5.0655261e-001
 -2.9049107e-001
 -9.0001923e-002
  8.8265460e-002
  2.3791784e-001
  3.5295363e-001
  4.2805493e-001
  4.5901639e-001
  4.4325291e-001
  3.8029954e-001
  2.7220319e-001
  1.2371125e-001
 -5.7813797e-002
 -2.6278597e-001
 -4.8007724e-001
 -6.9792438e-001
 -9.0495545e-001
 -1.0912047e+000
 -1.2489789e+000
 -1.3734542e+000
 -1.4629192e+000
 -1.5186288e+000
 -1.5442917e+000
 -1.5452682e+000
 -1.5275979e+000
 -1.4970009e+000
 -1.4580020e+000
 -1.4133027e+000
 -1.3634911e+000
 -1.3071247e+000
 -1.2411641e+000
 -1.1616842e+000
 -1.0647481e+000
 -9.4730530e-001
 -8.0797797e-001
 -6.4761720e-001
 -4.6954863e-001
 -2.7947553e-001
 -8.5057699e-002
  1.0476928e-001
  2.8063613e-001
  4.3362746e-001
  5.5609965e-001
  6.4233162e-001
  6.8894183e-001
  6.9504252e-001
  6.6214134e-001
  5.9383331e-001
  4.9534937e-001
  3.7303733e-001
  2.3384791e-001
  8.4883832e-002
 -6.6952290e-002
 -2.1520031e-001
 -3.5398679e-001
 -4.7809919e-001
 -5.8302587e-001
 -6.6499599e-001
 -7.2104351e-001
 -7.4910463e-001
 -7.4814074e-001
 -7.1826463e-001
 -6.6083804e-001
 -5.7850689e-001
 -4.7514619e-001
 -3.5569903e-001
 -2.2591086e-001
 -9.1977708e-002
  3.9857971e-002
  1.6372030e-001
  2.7447594e-001
  3.6803213e-001
  4.4152746e-001
  4.9340222e-001
  5.2335242e-001
  5.3218706e-001
  5.2161957e-001
  4.9402920e-001
  4.5222640e-001
  3.9924880e-001
  3.3820293e-001
  2.7215415e-001
  2.0405597e-001
  1.3670247e-001
  7.2685317e-002
  1.4339808e-002
 -3.6327613e-002
 -7.7728111e-002
 -1.0878270e-001
 -1.2899768e-001
 -1.3849992e-001
 -1.3801129e-001
 -1.2875005e-001
 -1.1225960e-001
 -9.0179784e-002
 -6.3989587e-002
 -3.4759924e-002
 -2.9589056e-003
  3.1652016e-002
  7.0003912e-002
  1.1357839e-001
  1.6414836e-001
  2.2343243e-001
  2.9271028e-001
  3.7245596e-001
  4.6204699e-001
  5.5959854e-001
  6.6195551e-001
  7.6485272e-001
  8.6322929e-001
  9.5166043e-001
  1.0248528e+000
  1.0781408e+000
  1.1079213e+000
  1.1119757e+000
  1.0896437e+000
  1.0418365e+000
  9.7089974e-001
  8.8035479e-001
  7.7456251e-001
  6.5835660e-001
  5.3669318e-001
  4.1435164e-001
  2.9570773e-001
  1.8458316e-001
  8.4161326e-002
 -3.0513061e-003
 -7.5242435e-002
 -1.3131118e-001
 -1.7089790e-001
 -1.9442688e-001
 -2.0314960e-001
 -1.9916582e-001
 -1.8539524e-001
 -1.6547416e-001
 -1.4356090e-001
 -1.2404837e-001
 -1.1120021e-001
 -1.0874461e-001
 -1.1947356e-001
 -1.4490219e-001
 -1.8504050e-001
 -2.3831860e-001
 -3.0168683e-001
 -3.7088776e-001
 -4.4087173e-001
 -5.0630481e-001
 -5.6210350e-001
 -6.0392521e-001
 -6.2854992e-001
 -6.3410538e-001
 -6.2011278e-001
 -5.8735820e-001
 -5.3762294e-001
 -4.7332723e-001
 -3.9715433e-001
 -3.1172223e-001
 -2.1935903e-001
 -1.2201643e-001
 -2.1328684e-002
  8.1204863e-002
  1.8396007e-001
  2.8491431e-001
  3.8142676e-001
  4.7013300e-001
  5.4699505e-001
  6.0752079e-001
  6.4713549e-001
  6.6165965e-001
  6.4782519e-001
  6.0375173e-001
  5.2930699e-001
  4.2629098e-001
  2.9840967e-001
  1.5103576e-001
 -9.2131271e-003
 -1.7502088e-001
 -3.3896857e-001
 -4.9409874e-001
 -6.3437677e-001
 -7.5499842e-001
 -8.5252157e-001
 -9.2483177e-001
 -9.7098025e-001
 -9.9095287e-001
 -9.8543735e-001
 -9.5565002e-001
 -9.0326560e-001
 -8.3046543e-001
 -7.4008819e-001
 -6.3583718e-001
 -5.2247667e-001
 -4.0594103e-001
 -2.9328657e-001
 -1.9243751e-001
 -1.1171117e-001
 -5.9147662e-002
 -4.1709262e-002
 -6.4447833e-002
 -1.2975736e-001
 -2.3683013e-001
 -3.8141690e-001
 -5.5595568e-001
 -7.5008555e-001
 -9.5150777e-001
 -1.1471050e+000
 -1.3241892e+000
 -1.4717254e+000
 -1.5813777e+000
 -1.6482431e+000
 -1.6711823e+000
 -1.6527070e+000
 -1.5984475e+000
 -1.5162774e+000
 -1.4152209e+000
 -1.3042923e+000
 -1.1914239e+000
 -1.0826218e+000
 -9.8144765e-001
 -8.8888068e-001
 -8.0355301e-001
 -7.2230172e-001
 -6.4093869e-001
 -5.5511457e-001
 -4.6114816e-001
 -3.5670682e-001
 -2.4125394e-001
 -1.1622077e-001
  1.5096726e-002
  1.4787451e-001
  2.7625988e-001
  3.9394690e-001
  4.9474146e-001
  5.7304384e-001
  6.2420177e-001
  6.4471683e-001
  6.3231652e-001
  5.8592678e-001
  5.0559269e-001
  3.9239492e-001
  2.4839909e-001
  7.6655161e-002
 -1.1875909e-001
 -3.3267874e-001
 -5.5882016e-001
 -7.8982692e-001
 -1.0174361e+000
 -1.2327910e+000
 -1.4269013e+000
 -1.5912210e+000
 -1.7182893e+000
 -1.8023583e+000
 -1.8399237e+000
 -1.8300805e+000
 -1.7746448e+000
 -1.6780112e+000
 -1.5467565e+000
 -1.3890312e+000
 -1.2138163e+000
 -1.0301403e+000
 -8.4635625e-001
 -6.6956992e-001
 -5.0528297e-001
 -3.5728146e-001
 -2.2776029e-001
 -1.1763724e-001
 -2.6981513e-002
  4.4533079e-002
  9.7239976e-002
  1.3122989e-001
  1.4628339e-001
  1.4199373e-001
  1.1805022e-001
  7.4619987e-002
  1.2745229e-002
 -6.5332728e-002
 -1.5600126e-001
 -2.5430980e-001
 -3.5422731e-001
 -4.4910308e-001
 -5.3227312e-001
 -5.9772649e-001
 -6.4073219e-001
 -6.5832970e-001
 -6.4960544e-001
 -6.1570987e-001
 -5.5961030e-001
 -4.8561649e-001
 -3.9875228e-001
 -3.0407093e-001
 -2.0602069e-001
 -1.0795832e-001
 -1.1883774e-002
  8.1567321e-002
  1.7287911e-001
  2.6320597e-001
  3.5379857e-001
  4.4540624e-001
  5.3776015e-001
  6.2922844e-001
  7.1670639e-001
  7.9576685e-001
  8.6105422e-001
  9.0686653e-001
  9.2784083e-001
  9.1964093e-001
  8.7954706e-001
  8.0686273e-001
  7.0308269e-001
  5.7180240e-001
  4.1838759e-001
  2.4945672e-001
  7.2253734e-002
 -1.0599988e-001
 -2.7868712e-001
 -4.4024068e-001
 -5.8640570e-001
 -7.1430575e-001
 -8.2232798e-001
 -9.0986992e-001
 -9.7700710e-001
 -1.0241472e+000
 -1.0517310e+000
 -1.0600268e+000
 -1.0490425e+000
 -1.0185580e+000
 -9.6825947e-001
 -8.9793867e-001
 -8.0771610e-001
 -6.9824404e-001
 -5.7085489e-001
 -4.2763329e-001
 -2.7140591e-001
 -1.0565805e-001
  6.5602927e-002
  2.3801172e-001
  4.0701161e-001
  5.6800477e-001
  7.1647719e-001
  8.4810052e-001
  9.5882206e-001
  1.0449599e+000
  1.1033197e+000
  1.1313455e+000
  1.1273031e+000
  1.0904873e+000
  1.0214251e+000
  9.2204284e-001
  7.9575843e-001
  6.4746289e-001
  4.8336737e-001
  3.1070677e-001
  1.3731227e-001
 -2.8914573e-002
 -1.8057548e-001
 -3.1133502e-001
 -4.1640092e-001
 -4.9286686e-001
 -5.3987452e-001
 -5.5857431e-001
 -5.5188956e-001
 -5.2411488e-001
 -4.8040047e-001
 -4.2618802e-001
 -3.6666847e-001
 -3.0632591e-001
 -2.4861750e-001
 -1.9581774e-001
 -1.4903116e-001
 -1.0835359e-001
 -7.3142859e-002
 -4.2347352e-002
 -1.4837340e-002
  1.0310945e-002
  3.3615755e-002
  5.5094591e-002
  7.4273727e-002
  9.0285329e-002
  1.0202183e-001
  1.0831067e-001
  1.0807322e-001
  1.0043919e-001
  8.4800173e-002
  6.0801082e-002
  2.8282497e-002
 -1.2801816e-002
 -6.2462101e-002
 -1.2071503e-001
 -1.8756876e-001
 -2.6294013e-001
 -3.4650826e-001
 -4.3752404e-001
 -5.3460752e-001
 -6.3557242e-001
 -7.3731846e-001
 -8.3582582e-001
 -9.2627399e-001
 -1.0032904e+000
 -1.0613153e+000
 -1.0950515e+000
 -1.0999523e+000
 -1.0726942e+000
 -1.0115764e+000
 -9.1679937e-001
 -7.9058360e-001
 -6.3711163e-001
 -4.6229436e-001
 -2.7338494e-001
 -7.8480662e-002
  1.1403396e-001
  2.9604428e-001
  4.6020566e-001
  6.0033835e-001
  7.1168380e-001
  7.9100714e-001
  8.3655068e-001
  8.4786168e-001
  8.2553259e-001
  7.7090120e-001
  6.8576086e-001
  5.7212666e-001
  4.3209244e-001
  2.6779838e-001
  8.1509984e-002
 -1.2420923e-001
 -3.4626566e-001
 -5.8079072e-001
 -8.2293499e-001
 -1.0667521e+000
 -1.3052133e+000
 -1.5303793e+000
 -1.7337326e+000
 -1.9066564e+000
 -2.0410175e+000
 -2.1297996e+000
 -2.1677172e+000
 -2.1517402e+000
 -2.0814636e+000
 -1.9592738e+000
 -1.7902846e+000
 -1.5820412e+000
 -1.3440206e+000
 -1.0869792e+000
 -8.2221907e-001
 -5.6085053e-001
 -3.1312983e-001
 -8.7936869e-002
  1.0756240e-001
  2.6805169e-001
  3.9000994e-001
  4.7150511e-001
  5.1189447e-001
  5.1149998e-001
  4.7132596e-001
  3.9287349e-001
  2.7808406e-001
  1.2941676e-001
 -4.9965793e-002
 -2.5595285e-001
 -4.8324947e-001
 -7.2522172e-001
 -9.7388791e-001
 -1.2201011e+000
 -1.4539382e+000
 -1.6652767e+000
 -1.8445059e+000
 -1.9832931e+000
 -2.0753069e+000
 -2.1168001e+000
 -2.1069672e+000
 -2.0480190e+000
 -1.9449559e+000
 -1.8050608e+000
 -1.6371762e+000
 -1.4508580e+000
 -1.2555176e+000
 -1.0596649e+000
 -8.7034777e-001
 -6.9285144e-001
 -5.3068233e-001
 -3.8581282e-001
 -2.5912491e-001
 -1.5095911e-001
 -6.1660123e-002
  7.9859129e-003
  5.6507012e-002
  8.1743009e-002
  8.1090782e-002
  5.1957542e-002
 -7.6560330e-003
 -9.8546814e-002
 -2.1978679e-001
 -3.6838892e-001
 -5.3923476e-001
 -7.2529609e-001
 -9.1813524e-001
 -1.1086225e+000
 -1.2877721e+000
 -1.4475778e+000
 -1.5817244e+000
 -1.6860721e+000
 -1.7588440e+000
 -1.8004916e+000
 -1.8132678e+000
 -1.8005792e+000
 -1.7662269e+000
 -1.7136611e+000
 -1.6453738e+000
 -1.5625292e+000
 -1.4648933e+000
 -1.3510766e+000
 -1.2190504e+000
 -1.0668535e+000
 -8.9337455e-001
 -6.9907936e-001
 -4.8656181e-001
 -2.6082006e-001
 -2.9201710e-002
  1.9898972e-001
  4.1318503e-001
  6.0245103e-001
  7.5648865e-001
  8.6660030e-001
  9.2650531e-001
  9.3290643e-001
  8.8574650e-001
  7.8813835e-001
  6.4599470e-001
  4.6742200e-001
  2.6196829e-001
  3.9826053e-002
 -1.8891328e-001
 -4.1487417e-001
 -6.2982988e-001
 -8.2693459e-001
 -1.0007675e+000
 -1.1472277e+000
 -1.2633364e+000
 -1.3470071e+000
 -1.3968419e+000
 -1.4119965e+000
 -1.3921365e+000
 -1.3374870e+000
 -1.2489572e+000
 -1.1283042e+000
 -9.7829686e-001
 -8.0283538e-001
 -6.0699197e-001
 -3.9694829e-001
 -1.7982087e-001
  3.6619102e-002
  2.4431228e-001
  4.3533402e-001
  6.0233855e-001
  7.3898787e-001
  8.4033128e-001
  9.0310659e-001
  9.2594092e-001
  9.0943647e-001
  8.5613435e-001
  7.7035677e-001
  6.5793546e-001
  5.2584118e-001
  3.8173645e-001
  2.3348046e-001
  8.8621345e-002
 -4.6085000e-002
 -1.6508886e-001
 -2.6435529e-001
 -3.4153654e-001
 -3.9598909e-001
 -4.2863188e-001
 -4.4166009e-001
 -4.3814664e-001
 -4.2157863e-001
 -3.9538596e-001
 -3.6252166e-001
 -3.2514788e-001
 -2.8446766e-001
 -2.4072230e-001
 -1.9335031e-001
 -1.4128005e-001
 -8.3307975e-002
 -1.8501443e-002
  5.3438605e-002
  1.3191296e-001
  2.1529940e-001
  3.0098697e-001
  3.8556243e-001
  4.6511771e-001
  5.3562796e-001
  5.9334004e-001
  6.3511154e-001
  6.5865165e-001
  6.6263445e-001
  6.4667978e-001
  6.1122113e-001
  5.5730030e-001
  4.8634081e-001
  3.9995300e-001
  2.9981464e-001
  1.8765164e-001
  6.5319576e-002
 -6.5038871e-002
 -2.0080596e-001
 -3.3872805e-001
 -4.7483977e-001
 -6.0451900e-001
 -7.2269576e-001
 -8.2420837e-001
 -9.0426906e-001
 -9.5897508e-001
 -9.8578436e-001
 -9.8387280e-001
 -9.5430278e-001
 -8.9995951e-001
 -8.2524852e-001
 -7.3558850e-001
 -6.3677022e-001
 -5.3427978e-001
 -4.3269462e-001
 -3.3525325e-001
 -2.4367347e-001
 -1.5825279e-001
 -7.8236327e-002
 -2.3885855e-003
  7.0333910e-002
  1.4013538e-001
  2.0588702e-001
  2.6489382e-001
  3.1298793e-001
  3.4495966e-001
  3.5527715e-001
  3.3899106e-001
  2.9268099e-001
  2.1528324e-001
  1.0864882e-001
 -2.2283830e-002
 -1.6976018e-001
 -3.2391490e-001
 -4.7382996e-001
 -6.0880461e-001
 -7.1965622e-001
 -7.9985954e-001
 -8.4635038e-001
 -8.5986709e-001
 -8.4477144e-001
 -8.0836961e-001
 -7.5983122e-001
 -7.0886670e-001
 -6.6436162e-001
 -6.3317294e-001
 -6.1926673e-001
 -6.2332286e-001
 -6.4285787e-001
 -6.7283572e-001
 -7.0665940e-001
 -7.3737751e-001
 -7.5890834e-001
 -7.6708434e-001
 -7.6035207e-001
 -7.4002102e-001
 -7.1003002e-001
 -6.7627839e-001
 -6.4563933e-001
 -6.2482260e-001
 -6.1927517e-001
 -6.3229883e-001
 -6.6452485e-001
 -7.1382469e-001
 -7.7566308e-001
 -8.4382694e-001
 -9.1140407e-001
 -9.7184713e-001
 -1.0199488e+000
 -1.0525719e+000
 -1.0690242e+000
 -1.0710253e+000
 -1.0622848e+000
 -1.0477724e+000
 -1.0328071e+000
 -1.0221217e+000
 -1.0190559e+000
 -1.0250063e+000
 -1.0392160e+000
 -1.0589280e+000
 -1.0798672e+000
 -1.0969649e+000
 -1.1052007e+000
 -1.1004275e+000
 -1.0800475e+000
 -1.0434414e+000
 -9.9209199e-001
 -9.2939636e-001
 -8.6020826e-001
 -7.9019027e-001
 -7.2508093e-001
 -6.6998607e-001
 -6.2879245e-001
 -6.0377534e-001
 -5.9543677e-001
 -6.0257422e-001
 -6.2254628e-001
 -6.5167865e-001
 -6.8574166e-001
 -7.2043188e-001
 -7.5180174e-001
 -7.7659937e-001
 -7.9250196e-001
 -7.9824397e-001
 -7.9365496e-001
 -7.7962697e-001
 -7.5803000e-001
 -7.3158690e-001
 -7.0371032e-001
 -6.7829631e-001
 -6.5946658e-001
 -6.5125461e-001
 -6.5724079e-001
 -6.8015700e-001
 -7.2149699e-001
 -7.8118306e-001
 -8.5734674e-001
 -9.4627777e-001
 -1.0425819e+000
 -1.1395627e+000
 -1.2298102e+000
 -1.3059445e+000
 -1.3614311e+000
 -1.3913634e+000
 -1.3931005e+000
 -1.3666596e+000
 -1.3147904e+000
 -1.2426987e+000
 -1.1574402e+000
 -1.0670512e+000
 -9.7952980e-001
 -9.0180741e-001
 -8.3885560e-001
 -7.9306196e-001
 -7.6396905e-001
 -7.4842040e-001
 -7.4109631e-001
 -7.3536366e-001
 -7.2431545e-001
 -7.0184577e-001
 -6.6359979e-001
 -6.0765655e-001
 -5.3484302e-001
 -4.4863440e-001
 -3.5465878e-001
 -2.5988486e-001
 -1.7161930e-001
 -9.6467608e-002
 -3.9416579e-002
 -3.1746254e-003
  1.2135516e-002
  8.8934044e-003
 -8.4703906e-003
 -3.4214496e-002
 -6.2194284e-002
 -8.6792634e-002
 -1.0373039e-001
 -1.1063600e-001
 -1.0729497e-001
 -9.5552008e-002
 -7.8893451e-002
 -6.1785857e-002
 -4.8881536e-002
 -4.4217775e-002
 -5.0532340e-002
 -6.8794771e-002
 -9.8015761e-002
 -1.3535195e-001
 -1.7647837e-001
 -2.1616269e-001
 -2.4894951e-001
 -2.6985313e-001
 -2.7496337e-001
 -2.6188884e-001
 -2.2999222e-001
 -1.8040546e-001
 -1.1584534e-001
 -4.0275047e-002
  4.1527149e-002
  1.2442723e-001
  2.0336468e-001
  2.7370885e-001
  3.3151900e-001
  3.7370468e-001
  3.9809957e-001
  4.0347219e-001
  3.8950003e-001
  3.5672991e-001
  3.0653821e-001
  2.4109332e-001
  1.6331220e-001
  7.6795219e-002
 -1.4278484e-002
 -1.0530922e-001
 -1.9149422e-001
 -2.6809783e-001
 -3.3075562e-001
 -3.7578289e-001
 -4.0045207e-001
 -4.0320338e-001
 -3.8375911e-001
 -3.4312339e-001
 -2.8346427e-001
 -2.0789057e-001
 -1.2015036e-001
 -2.4287448e-002
  7.5703429e-002
  1.7618392e-001
  2.7411095e-001
  3.6718752e-001
  4.5391936e-001
  5.3358376e-001
  6.0612722e-001
  6.7201415e-001
  7.3205026e-001
  7.8720155e-001
  8.3842400e-001
  8.8651249e-001
  9.3197159e-001
  9.7490717e-001
  1.0149373e+000
  1.0511230e+000
  1.0819251e+000
  1.1051965e+000
  1.1182250e+000
  1.1178412e+000
  1.1006033e+000
  1.0630615e+000
  1.0020948e+000
  9.1529677e-001
  8.0137573e-001
  6.6052251e-001
  4.9469495e-001
  3.0777048e-001
  1.0552788e-001
 -1.0456316e-001
 -3.1374353e-001
 -5.1253183e-001
 -6.9140852e-001
 -8.4155022e-001
 -9.5553772e-001
 -1.0279607e+000
 -1.0558527e+000
 -1.0389080e+000
 -9.7946044e-001
 -8.8222840e-001
 -7.5386272e-001
 -6.0235278e-001
 -4.3636248e-001
 -2.6457197e-001
 -9.5094826e-002
  6.4973870e-002
  2.0984466e-001
  3.3514660e-001
  4.3788037e-001
  5.1624610e-001
  5.6939399e-001
  5.9715095e-001
  5.9977375e-001
  5.7776885e-001
  5.3180363e-001
  4.6271570e-001
  3.7160935e-001
  2.6001322e-001
  1.3006329e-001
 -1.5328935e-002
 -1.7236091e-001
 -3.3630728e-001
 -5.0159108e-001
 -6.6196393e-001
 -8.1078718e-001
 -9.4139341e-001
 -1.0474979e+000
 -1.1236233e+000
 -1.1654986e+000
 -1.1703951e+000
 -1.1373677e+000
 -1.0673776e+000
 -9.6328312e-001
 -8.2969706e-001
 -6.7272047e-001
 -4.9957394e-001
 -3.1815688e-001
 -1.3657185e-001
  3.7345543e-002
  1.9645135e-001
  3.3463772e-001
  4.4707068e-001
  5.3030696e-001
  5.8228934e-001
  6.0223415e-001
  5.9043686e-001
  5.4803112e-001
  4.7674045e-001
  3.7866025e-001
  2.5610057e-001
  1.1150761e-001
 -5.2533351e-002
 -2.3322684e-001
 -4.2745510e-001
 -6.3166159e-001
 -8.4176944e-001
 -1.0531698e+000
 -1.2608032e+000
 -1.4593417e+000
 -1.6434570e+000
 -1.8081463e+000
 -1.9490688e+000
 -2.0628419e+000
 -2.1472466e+000
 -2.2013060e+000
 -2.2252157e+000
 -2.2201347e+000
 -2.1878655e+000
 -2.1304776e+000
 -2.0499405e+000
 -1.9478349e+000
 -1.8252016e+000
 -1.6825680e+000
 -1.5201611e+000
 -1.3382825e+000
 -1.1377907e+000
 -9.2061120e-001
 -6.9017945e-001
 -4.5172847e-001
 -2.1234692e-001
  1.9234172e-002
  2.3312836e-001
  4.1901446e-001
  5.6701260e-001
  6.6860943e-001
  7.1751410e-001
  7.1033174e-001
  6.4696441e-001
  5.3068619e-001
  3.6788451e-001
  1.6750622e-001
 -5.9713137e-002
 -3.0213105e-001
 -5.4807496e-001
 -7.8660728e-001
 -1.0080966e+000
 -1.2045513e+000
 -1.3697143e+000
 -1.4989597e+000
 -1.5890622e+000
 -1.6379285e+000
 -1.6443758e+000
 -1.6080275e+000
 -1.5293586e+000
 -1.4098880e+000
 -1.2524704e+000
 -1.0616121e+000
 -8.4371347e-001
 -6.0714530e-001
 -3.6208420e-001
 -1.2007005e-001
  1.0670506e-001
  3.0631688e-001
  4.6813536e-001
  5.8382593e-001
  6.4818547e-001
  6.5968684e-001
  6.2064105e-001
  5.3693753e-001
  4.1738311e-001
  2.7271862e-001
  1.1444009e-001
 -4.6419068e-002
 -2.0038314e-001
 -3.4036308e-001
 -4.6211714e-001
 -5.6429638e-001
 -6.4809058e-001
 -7.1654850e-001
 -7.7369183e-001
 -8.2356789e-001
 -8.6938832e-001
 -9.1287980e-001
 -9.5393293e-001
 -9.9058366e-001
 -1.0193067e+000
 -1.0355523e+000
 -1.0344236e+000
 -1.0113765e+000
 -9.6282963e-001
 -8.8659715e-001
 -7.8209459e-001
 -6.5031189e-001
 -4.9358986e-001
 -3.1526850e-001
 -1.1929258e-001
  9.0140861e-002
  3.0882517e-001
  5.3263949e-001
  7.5749543e-001
  9.7916948e-001
  1.1930829e+000
  1.3941056e+000
  1.5764584e+000
  1.7337714e+000
  1.8593258e+000
  1.9464722e+000
  1.9891793e+000
  1.9826419e+000
  1.9238595e+000
  1.8120958e+000
  1.6491476e+000
  1.4393775e+000
  1.1895036e+000
  9.0817528e-001
  6.0539710e-001
  2.9188141e-001
 -2.1583081e-002
 -3.2467098e-001
 -6.0791598e-001
 -8.6294251e-001
 -1.0825472e+000
 -1.2606738e+000
 -1.3923428e+000
 -1.4736026e+000
 -1.5015570e+000
 -1.4745005e+000
 -1.3921602e+000
 -1.2560095e+000
 -1.0695896e+000
 -8.3875933e-001
 -5.7178841e-001
 -2.7923075e-001
  2.6461380e-002
  3.3157735e-001
  6.2199581e-001
  8.8415464e-001
  1.1060320e+000
  1.2780176e+000
  1.3935657e+000
  1.4495463e+000
  1.4462604e+000
  1.3871258e+000
  1.2780967e+000
  1.1269104e+000
  9.4228073e-001
  7.3315592e-001
  5.0814046e-001
  2.7514374e-001
  4.1272326e-002
 -1.8706602e-001
 -4.0391874e-001
 -6.0350425e-001
 -7.7999216e-001
 -9.2743836e-001
 -1.0399322e+000
 -1.1119666e+000
 -1.1389921e+000
 -1.1180705e+000
 -1.0485117e+000
 -9.3236802e-001
 -7.7467187e-001
 -5.8333515e-001
 -3.6868240e-001
 -1.4264716e-001
  8.2280855e-002
  2.9422399e-001
  4.8304109e-001
  6.4124799e-001
  7.6459933e-001
  8.5224506e-001
  9.0643789e-001
  9.3183646e-001
  9.3451110e-001
  9.2080532e-001
  8.9622854e-001
  8.6455028e-001
  8.2723391e-001
  7.8329410e-001
  7.2959525e-001
  6.6153858e-001
  5.7402502e-001
  4.6253893e-001
  3.2417988e-001
  1.5848010e-001
 -3.2119875e-002
 -2.4221018e-001
 -4.6377339e-001
 -6.8691251e-001
 -9.0083488e-001
 -1.0949461e+000
 -1.2598968e+000
 -1.3884372e+000
 -1.4759718e+000
 -1.5207534e+000
 -1.5237168e+000
 -1.4880037e+000
 -1.4182763e+000
 -1.3199415e+000
 -1.1984130e+000
 -1.0585238e+000
 -9.0416666e-001
 -7.3819959e-001
 -5.6260442e-001
 -3.7884583e-001
 -1.8834685e-001
  7.0179409e-003
  2.0450879e-001
  4.0026563e-001
  5.8926088e-001
  7.6547335e-001
  9.2226011e-001
  1.0528726e+000
  1.1510431e+000
  1.2115609e+000
  1.2307617e+000
  1.2068728e+000
  1.1401787e+000
  1.0330003e+000
  8.8950682e-001
  7.1539631e-001
  5.1749746e-001
  3.0334244e-001
  8.0758581e-002
 -1.4248780e-001
 -3.5897657e-001
 -5.6184535e-001
 -7.4493756e-001
 -9.0290516e-001
 -1.0312870e+000
 -1.1265802e+000
 -1.1863165e+000
 -1.2091436e+000
 -1.1949057e+000
 -1.1447095e+000
 -1.0609547e+000
 -9.4731582e-001
 -8.0865811e-001
 -6.5088306e-001
 -4.8070462e-001
 -3.0536610e-001
 -1.3231471e-001
  3.1144921e-002
  1.7819496e-001
  3.0282400e-001
  4.0010230e-001
  4.6639726e-001
  4.9951814e-001
  4.9878378e-001
  4.6501104e-001
  4.0042580e-001
  3.0850140e-001
  1.9373349e-001
  6.1363688e-002
 -8.2931459e-002
 -2.3336588e-001
 -3.8436068e-001
 -5.3082750e-001
 -6.6839536e-001
 -7.9356149e-001
 -9.0375415e-001
 -9.9730478e-001
 -1.0733381e+000
 -1.1315996e+000
 -1.1722496e+000
 -1.1956567e+000
 -1.2022263e+000
 -1.1922936e+000
 -1.1660995e+000
 -1.1238558e+000
 -1.0658887e+000
 -9.9283639e-001
 -9.0586224e-001
 -8.0684338e-001
 -6.9849142e-001
 -5.8437308e-001
 -4.6881164e-001
 -3.5666870e-001
 -2.5302503e-001
 -1.6279633e-001
 -9.0331775e-002
 -3.9047955e-002
 -1.1147187e-002
 -7.4579443e-003
 -2.7417870e-002
 -6.9199311e-002
 -1.2995709e-001
 -2.0616148e-001
 -2.9396888e-001
 -3.8958012e-001
 -4.8954151e-001
 -5.9095635e-001
 -6.9159085e-001
 -7.8987658e-001
 -8.8482765e-001
 -9.7590176e-001
 -1.0628395e+000
 -1.1455133e+000
 -1.2238109e+000
 -1.2975629e+000
 -1.3665146e+000
 -1.4303277e+000
 -1.4885921e+000
 -1.5408271e+000
 -1.5864555e+000
 -1.6247461e+000
 -1.6547314e+000
 -1.6751221e+000
 -1.6842460e+000
 -1.6800458e+000
 -1.6601629e+000
 -1.6221231e+000
 -1.5636223e+000
 -1.4828901e+000
 -1.3790876e+000
 -1.2526847e+000
 -1.1057508e+000
 -9.4210272e-001
 -7.6726332e-001
 -5.8821266e-001
 -4.1293936e-001
 -2.4983265e-001
 -1.0698040e-001
  8.5433517e-003
  9.1313068e-002
  1.3802759e-001
  1.4776719e-001
  1.2200128e-001
  6.4351194e-002
 -1.9853723e-002
 -1.2416085e-001
 -2.4163686e-001
 -3.6548151e-001
 -4.8953604e-001
 -6.0863123e-001
 -7.1874954e-001
 -8.1700780e-001
 -9.0149552e-001
 -9.7102504e-001
 -1.0248590e+000
 -1.0624775e+000
 -1.0834332e+000
 -1.0873183e+000
 -1.0738428e+000
 -1.0429955e+000
 -9.9524395e-001
 -9.3171598e-001
 -8.5431387e-001
 -7.6572045e-001
 -6.6928148e-001
 -5.6877241e-001
 -4.6808195e-001
 -3.7086273e-001
 -2.8020733e-001
 -1.9840437e-001
 -1.2681551e-001
 -6.5891324e-002
 -1.5317873e-002
  2.5738833e-002
  5.8342348e-002
  8.3509207e-002
  1.0200286e-001
  1.1423963e-001
  1.2032455e-001
  1.2020689e-001
  1.1391878e-001
  1.0184051e-001
  8.4927196e-002
  6.4835743e-002
  4.3908363e-002
  2.4995712e-002
  1.1134979e-002
  5.1292855e-003
  9.0987033e-003
  2.4085040e-002
  4.9789365e-002
  8.4502994e-002
  1.2526197e-001
  1.6821716e-001
  2.0917357e-001
  2.4422032e-001
  2.7035327e-001
  2.8598883e-001
  2.9128217e-001
  2.8819244e-001
  2.8027815e-001
  2.7224949e-001
  2.6934434e-001
  2.7662305e-001
  2.9828982e-001
  3.3714194e-001
  3.9422510e-001
  4.6873609e-001
  5.5817164e-001
  6.5868026e-001
  7.6554228e-001
  8.7368546e-001
  9.7814479e-001
  1.0743935e+000
  1.1585047e+000
  1.2271438e+000
  1.2774298e+000
  1.3067358e+000
  1.3125125e+000
  1.2922185e+000
  1.2434140e+000
  1.1640433e+000
  1.0528812e+000
  9.1007691e-001
  7.3769393e-001
  5.4012716e-001
  3.2428395e-001
  9.9444521e-002
 -1.2323566e-001
 -3.3155942e-001
 -5.1337471e-001
 -6.5778041e-001
 -7.5628532e-001
 -8.0374870e-001
 -7.9895404e-001
 -7.4471744e-001
 -6.4750042e-001
 -5.1657378e-001
 -3.6285085e-001
 -1.9756316e-001
 -3.0978626e-002
  1.2864272e-001
  2.7569918e-001
  4.0741252e-001
  5.2349864e-001
  6.2541883e-001
  7.1535994e-001
  7.9513994e-001
  8.6525010e-001
  9.2422287e-001
  9.6845878e-001
  9.9256460e-001
  9.9016305e-001
  9.5504660e-001
  8.8247977e-001
  7.7041884e-001
  6.2042097e-001
  4.3805816e-001
  2.3272734e-001
  1.6845812e-002
 -1.9547640e-001
 -3.9010535e-001
 -5.5464836e-001
 -6.8004696e-001
 -7.6174852e-001
 -8.0026831e-001
 -8.0104587e-001
 -7.7360917e-001
 -7.3016787e-001
 -6.8384732e-001
 -6.4683058e-001
 -6.2868947e-001
 -6.3515411e-001
 -6.6749865e-001
 -7.2262177e-001
