  1.5201485e-001
  2.2668429e-001
  8.2034147e-002
 -1.9906215e-001
 -5.4065064e-001
 -8.8270511e-001
 -1.1846536e+000
 -1.4247080e+000
 -1.5964689e+000
 -1.7042041e+000
 -1.7579628e+000
 -1.7693606e+000
 -1.7485324e+000
 -1.7024335e+000
 -1.6344141e+000
 -1.5448132e+000
 -1.4322113e+000
 -1.2949536e+000
 -1.1325836e+000
 -9.4690763e-001
 -7.4251365e-001
 -5.2668744e-001
 -3.0877856e-001
 -9.9158242e-002
  9.2030230e-002
  2.5610685e-001
  3.8687006e-001
  4.8123363e-001
  5.3939727e-001
  5.6454399e-001
  5.6213421e-001
  5.3892921e-001
  5.0191398e-001
  4.5729753e-001
  4.0974654e-001
  3.6196191e-001
  3.1464395e-001
  2.6682390e-001
  2.1647770e-001
  1.6129257e-001
  9.9436140e-002
  3.0183635e-002
 -4.5710720e-002
 -1.2596158e-001
 -2.0702346e-001
 -2.8462931e-001
 -3.5449326e-001
 -4.1304529e-001
 -4.5806102e-001
 -4.8906980e-001
 -5.0746458e-001
 -5.1629113e-001
 -5.1975092e-001
 -5.2250320e-001
 -5.2888627e-001
 -5.4219184e-001
 -5.6411555e-001
 -5.9447498e-001
 -6.3123797e-001
 -6.7084907e-001
 -7.0878901e-001
 -7.4026174e-001
 -7.6088202e-001
 -7.6723846e-001
 -7.5723128e-001
 -7.3012689e-001
 -6.8632486e-001
 -6.2688747e-001
 -5.5292784e-001
 -4.6498174e-001
 -3.6249431e-001
 -2.4353611e-001
 -1.0482428e-001
  5.7928001e-002
  2.4936881e-001
  4.7366019e-001
  7.3355426e-001
  1.0295395e+000
  1.3591973e+000
  1.7168807e+000
  2.0937772e+000
  2.4783605e+000
  2.8571747e+000
  3.2158468e+000
  3.5401885e+000
  3.8172400e+000
  4.0361241e+000
  4.1886129e+000
  4.2693624e+000
  4.2758248e+000
  4.2079012e+000
  4.0674343e+000
  3.8576614e+000
  3.5827400e+000
  3.2474361e+000
  2.8570190e+000
  2.4173603e+000
  1.9351816e+000
  1.4183627e+000
  8.7619996e-001
  3.1950844e-001
 -2.3951048e-001
 -7.8767395e-001
 -1.3114773e+000
 -1.7979389e+000
 -2.2355164e+000
 -2.6149585e+000
 -2.9299546e+000
 -3.1774711e+000
 -3.3577105e+000
 -3.4736888e+000
 -3.5304932e+000
 -3.5343341e+000
 -3.4915481e+000
 -3.4077131e+000
 -3.2870253e+000
 -3.1320382e+000
 -2.9438012e+000
 -2.7223634e+000
 -2.4675369e+000
 -2.1797632e+000
 -1.8609015e+000
 -1.5147656e+000
 -1.1472738e+000
 -7.6614802e-001
 -3.8017773e-001
  1.8497852e-003
  3.7237912e-001
  7.2625979e-001
  1.0616377e+000
  1.3803725e+000
  1.6878570e+000
  1.9922099e+000
  2.3029202e+000
  2.6291209e+000
  2.9777471e+000
  3.3518707e+000
  3.7494951e+000
  4.1630358e+000
  4.5796169e+000
  4.9821869e+000
  5.3513261e+000
  5.6675018e+000
  5.9134428e+000
  6.0762699e+000
  6.1490453e+000
  6.1314792e+000
  6.0296588e+000
  5.8548138e+000
  5.6212898e+000
  5.3440306e+000
  5.0359644e+000
  4.7057145e+000
  4.3560223e+000
  3.9831689e+000
  3.5775331e+000
  3.1252494e+000
  2.6107503e+000
  2.0198326e+000
  1.3427889e+000
  5.7711845e-001
 -2.7062056e-001
 -1.1841400e+000
 -2.1380836e+000
 -3.0999763e+000
 -4.0332226e+000
 -4.9007497e+000
 -5.6687912e+000
 -6.3102760e+000
 -6.8073413e+000
 -7.1526142e+000
 -7.3490901e+000
 -7.4086435e+000
 -7.3494171e+000
 -7.1924994e+000
 -6.9584123e+000
 -6.6639572e+000
 -6.3199086e+000
 -5.9299140e+000
 -5.4907697e+000
 -4.9940224e+000
 -4.4286427e+000
 -3.7843390e+000
 -3.0549790e+000
 -2.2415600e+000
 -1.3542304e+000
 -4.1300410e-001
  5.5299708e-001
  1.5077193e+000
  2.4115031e+000
  3.2251202e+000
  3.9139749e+000
  4.4518928e+000
  4.8239838e+000
  5.0281920e+000
  5.0753356e+000
  4.9876497e+000
  4.7960497e+000
  4.5364995e+000
  4.2459806e+000
  3.9585848e+000
  3.7022147e+000
  3.4962632e+000
  3.3504836e+000
  3.2650856e+000
  3.2319163e+000
  3.2364487e+000
  3.2602115e+000
  3.2832716e+000
  3.2864204e+000
  3.2528039e+000
  3.1688655e+000
  3.0246027e+000
  2.8132633e+000
  2.5306937e+000
  2.1745932e+000
  1.7439171e+000
  1.2386114e+000
  6.5976909e-001
  1.0189308e-002
 -7.0478431e-001
 -1.4763460e+000
 -2.2914696e+000
 -3.1325371e+000
 -3.9775267e+000
 -4.8008385e+000
 -5.5747260e+000
 -6.2711870e+000
 -6.8640817e+000
 -7.3311888e+000
 -7.6559097e+000
 -7.8283750e+000
 -7.8457997e+000
 -7.7120463e+000
 -7.4364873e+000
 -7.0323666e+000
 -6.5149414e+000
 -5.8997208e+000
 -5.2010903e+000
 -4.4315477e+000
 -3.6016567e+000
 -2.7206976e+000
 -1.7978624e+000
 -8.4373526e-001
  1.2826233e-001
  1.1007929e+000
  2.0521696e+000
  2.9567504e+000
  3.7862037e+000
  4.5115457e+000
  5.1057082e+000
  5.5462969e+000
  5.8181464e+000
  5.9152889e+000
  5.8420250e+000
  5.6129038e+000
  5.2515749e+000
  4.7886322e+000
  4.2587171e+000
  3.6972489e+000
  3.1372011e+000
  2.6063275e+000
  2.1251669e+000
  1.7060349e+000
  1.3530618e+000
  1.0631831e+000
  8.2785796e-001
  6.3519972e-001
  4.7216596e-001
  3.2647784e-001
  1.8801175e-001
  4.9518255e-002
 -9.3346779e-002
 -2.4256981e-001
 -3.9869919e-001
 -5.6187506e-001
 -7.3270443e-001
 -9.1276364e-001
 -1.1045986e+000
 -1.3112048e+000
 -1.5350847e+000
 -1.7770752e+000
 -2.0351983e+000
 -2.3037976e+000
 -2.5731845e+000
 -2.8299320e+000
 -3.0578395e+000
 -3.2394682e+000
 -3.3580362e+000
 -3.3993828e+000
 -3.3536853e+000
 -3.2166389e+000
 -2.9898870e+000
 -2.6806144e+000
 -2.3003523e+000
 -1.8631839e+000
 -1.3836470e+000
 -8.7469440e-001
 -3.4607081e-001
  1.9659322e-001
  7.5178709e-001
  1.3211939e+000
  1.9079645e+000
  2.5144715e+000
  3.1399317e+000
  3.7783273e+000
  4.4170352e+000
  5.0364741e+000
  5.6109322e+000
  6.1105493e+000
  6.5042408e+000
  6.7631880e+000
  6.8644067e+000
  6.7938744e+000
  6.5487366e+000
  6.1382352e+000
  5.5831806e+000
  4.9140012e+000
  4.1676131e+000
  3.3835323e+000
  2.5997669e+000
  1.8490584e+000
  1.1559950e+000
  5.3538283e-001
 -7.9286825e-003
 -4.7779232e-001
 -8.8432283e-001
 -1.2406932e+000
 -1.5597017e+000
 -1.8506730e+000
 -2.1171940e+000
 -2.3560476e+000
 -2.5575084e+000
 -2.7069430e+000
 -2.7874426e+000
 -2.7830494e+000
 -2.6820360e+000
 -2.4796863e+000
 -2.1801027e+000
 -1.7967159e+000
 -1.3513798e+000
 -8.7215635e-001
 -3.9010641e-001
  6.4440750e-002
  4.6557950e-001
  7.9492606e-001
  1.0436568e+000
  1.2131843e+000
  1.3143792e+000
  1.3654689e+000
  1.3889490e+000
  1.4079880e+000
  1.4428841e+000
  1.5081113e+000
  1.6103964e+000
  1.7480988e+000
  1.9119544e+000
  2.0870291e+000
  2.2555374e+000
  2.4000450e+000
  2.5065226e+000
  2.5667434e+000
  2.5796315e+000
  2.5513380e+000
  2.4940323e+000
  2.4236041e+000
  2.3566491e+000
  2.3072299e+000
  2.2839451e+000
  2.2877915e+000
  2.3111887e+000
  2.3383515e+000
  2.3469925e+000
  2.3111279e+000
  2.2045931e+000
  2.0047616e+000
  1.6959298e+000
  1.2718801e+000
  7.3725218e-001
  1.0753305e-001
 -5.9232755e-001
 -1.3304687e+000
 -2.0714689e+000
 -2.7800214e+000
 -3.4244278e+000
 -3.9794472e+000
 -4.4281448e+000
 -4.7625469e+000
 -4.9830863e+000
 -5.0970024e+000
 -5.1160049e+000
 -5.0536044e+000
 -4.9225430e+000
 -4.7327200e+000
 -4.4899153e+000
 -4.1954726e+000
 -3.8469519e+000
 -3.4396040e+000
 -2.9684018e+000
 -2.4302783e+000
 -1.8262014e+000
 -1.1627458e+000
 -4.5290551e-001
  2.8399234e-001
  1.0232808e+000
  1.7367287e+000
  2.3948706e+000
  2.9695896e+000
  3.4366288e+000
  3.7777247e+000
  3.9821183e+000
  4.0472867e+000
  3.9788447e+000
  3.7896673e+000
  3.4983753e+000
  3.1273890e+000
  2.7007911e+000
  2.2422364e+000
  1.7731247e+000
  1.3111960e+000
  8.6965021e-001
  4.5682111e-001
  7.6376659e-002
 -2.7203802e-001
 -5.9183186e-001
 -8.8831151e-001
 -1.1674789e+000
 -1.4349150e+000
 -1.6948621e+000
 -1.9495898e+000
 -2.1990965e+000
 -2.4411670e+000
 -2.6717680e+000
 -2.8857305e+000
 -3.0776371e+000
 -3.2428043e+000
 -3.3782312e+000
 -3.4833801e+000
 -3.5606600e+000
 -3.6155083e+000
 -3.6560066e+000
 -3.6920194e+000
 -3.7339128e+000
 -3.7909725e+000
 -3.8697039e+000
 -3.9722375e+000
 -4.0950810e+000
 -4.2284424e+000
 -4.3562993e+000
 -4.4573071e+000
 -4.5065339e+000
 -4.4778930e+000
 -4.3470333e+000
 -4.0943615e+000
 -3.7078167e+000
 -3.1850199e+000
 -2.5344700e+000
 -1.7755635e+000
 -9.3735555e-001
 -5.6144828e-002
  8.2787154e-001
  1.6744896e+000
  2.4474603e+000
  3.1180148e+000
  3.6674904e+000
  4.0886987e+000
  4.3858455e+000
  4.5730056e+000
  4.6713601e+000
  4.7055818e+000
  4.6998825e+000
  4.6742902e+000
  4.6416996e+000
  4.6061305e+000
  4.5624560e+000
  4.4976467e+000
  4.3933481e+000
  4.2294077e+000
  3.9878160e+000
  3.6564552e+000
  3.2320685e+000
  2.7219706e+000
  2.1442021e+000
  1.5260625e+000
  9.0119895e-001
  3.0564941e-001
 -2.2659519e-001
 -6.6786762e-001
 -1.0003096e+000
 -1.2180476e+000
 -1.3277290e+000
 -1.3473313e+000
 -1.3034097e+000
 -1.2271833e+000
 -1.1500304e+000
 -1.0990524e+000
 -1.0933517e+000
 -1.1415594e+000
 -1.2409590e+000
 -1.3783082e+000
 -1.5322051e+000
 -1.6766132e+000
 -1.7849899e+000
 -1.8343765e+000
 -1.8088279e+000
 -1.7016677e+000
 -1.5162492e+000
 -1.2651381e+000
 -9.6788574e-001
 -6.4777824e-001
 -3.2810772e-001
 -2.8577403e-002
  2.3757516e-001
  4.6527660e-001
  6.5787380e-001
  8.2592153e-001
  9.8471750e-001
  1.1510065e+000
  1.3394134e+000
  1.5592117e+000
  1.8119823e+000
  2.0905763e+000
  2.3795841e+000
  2.6572698e+000
  2.8986887e+000
  3.0795080e+000
  3.1799304e+000
  3.1880890e+000
  3.1023575e+000
  2.9321785e+000
  2.6972407e+000
  2.4250896e+000
  2.1475003e+000
  1.8961411e+000
  1.6981660e+000
  1.5723986e+000
  1.5266838e+000
  1.5568100e+000
  1.6471738e+000
  1.7730954e+000
  1.9044448e+000
  2.0100464e+000
  2.0622104e+000
  2.0407256e+000
  1.9357320e+000
  1.7490611e+000
  1.4938652e+000
  1.1926113e+000
  8.7375806e-001
  5.6762580e-001
  3.0207937e-001
  9.8663637e-002
 -3.0249836e-002
 -8.2906902e-002
 -6.8025964e-002
 -3.1253226e-003
  8.8389645e-002
  1.8091356e-001
  2.5053238e-001
  2.7853306e-001
  2.5401850e-001
  1.7526244e-001
  4.9638359e-002
 -1.0782558e-001
 -2.7700888e-001
 -4.3596238e-001
 -5.6436537e-001
 -6.4665525e-001
 -6.7437547e-001
 -6.4741866e-001
 -5.7401815e-001
 -4.6953144e-001
 -3.5423612e-001
 -2.5049492e-001
 -1.7972334e-001
 -1.5960158e-001
 -2.0191423e-001
 -3.1128806e-001
 -4.8495122e-001
 -7.1347939e-001
 -9.8235156e-001
 -1.2740316e+000
 -1.5702351e+000
 -1.8540403e+000
 -2.1115563e+000
 -2.3329520e+000
 -2.5127712e+000
 -2.6495735e+000
 -2.7450503e+000
 -2.8028315e+000
 -2.8272288e+000
 -2.8221498e+000
 -2.7903571e+000
 -2.7331730e+000
 -2.6506349e+000
 -2.5420212e+000
 -2.4066035e+000
 -2.2444442e+000
 -2.0570602e+000
 -1.8478078e+000
 -1.6219043e+000
 -1.3860737e+000
 -1.1478815e+000
 -9.1487829e-001
 -6.9371209e-001
 -4.8937140e-001
 -3.0469709e-001
 -1.4025035e-001
  5.4416812e-003
  1.3531069e-001
  2.5294932e-001
  3.6173775e-001
  4.6405357e-001
  5.6070733e-001
  6.5070355e-001
  7.3136662e-001
  7.9880428e-001
  8.4861928e-001
  8.7673521e-001
  8.8018165e-001
  8.5769144e-001
  8.0999740e-001
  7.3977062e-001
  6.5120776e-001
  5.4933955e-001
  4.3918404e-001
  3.2489804e-001
  2.0908264e-001
  9.2373019e-002
 -2.6606150e-002
 -1.5090268e-001
 -2.8456677e-001
 -4.3175914e-001
 -5.9578870e-001
 -7.7824576e-001
 -9.7838299e-001
 -1.1928556e+000
 -1.4158721e+000
 -1.6397376e+000
 -1.8557030e+000
 -2.0549841e+000
 -2.2297813e+000
 -2.3741328e+000
 -2.4844630e+000
 -2.5597380e+000
 -2.6012105e+000
 -2.6118071e+000
 -2.5952740e+000
 -2.5552387e+000
 -2.4943632e+000
 -2.4137477e+000
 -2.3127011e+000
 -2.1889314e+000
 -2.0391332e+000
 -1.8598789e+000
 -1.6486610e+000
 -1.4049034e+000
 -1.1307544e+000
 -8.3150539e-001
 -5.1553887e-001
 -1.9377944e-001
  1.2129204e-001
  4.1693098e-001
  6.8154249e-001
  9.0600579e-001
  1.0847080e+000
  1.2161269e+000
  1.3028693e+000
  1.3511559e+000
  1.3698260e+000
  1.3690134e+000
  1.3586920e+000
  1.3473112e+000
  1.3407256e+000
  1.3415752e+000
  1.3492006e+000
  1.3600944e+000
  1.3688013e+000
  1.3691133e+000
  1.3553582e+000
  1.3235667e+000
  1.2723281e+000
  1.2031911e+000
  1.1205463e+000
  1.0310075e+000
  9.4239343e-001
  8.6247300e-001
  7.9768070e-001
  7.5200985e-001
  7.2626768e-001
  7.1781858e-001
  7.2086617e-001
  7.2724120e-001
  7.2758339e-001
  7.1274471e-001
  6.7520677e-001
  6.1030290e-001
  5.1706450e-001
  3.9856734e-001
  2.6172758e-001
  1.1657791e-001
 -2.4871804e-002
 -1.5002698e-001
 -2.4715955e-001
 -3.0672078e-001
 -3.2234448e-001
 -2.9141990e-001
 -2.1517942e-001
 -9.8317615e-002
  5.1775927e-002
  2.2603724e-001
  4.1484079e-001
  6.0904020e-001
  8.0079456e-001
  9.8407973e-001
  1.1548391e+000
  1.3107867e+000
  1.4509299e+000
  1.5749176e+000
  1.6823434e+000
  1.7721333e+000
  1.8421264e+000
  1.8889252e+000
  1.9080430e+000
  1.8943305e+000
  1.8426183e+000
  1.7484827e+000
  1.6090217e+000
  1.4235286e+000
  1.1939691e+000
  9.2518983e-001
  6.2482921e-001
  3.0293534e-001
 -2.8666195e-002
 -3.5718394e-001
 -6.6976321e-001
 -9.5438554e-001
 -1.2006765e+000
 -1.4005485e+000
 -1.5486283e+000
 -1.6424431e+000
 -1.6823665e+000
 -1.6713478e+000
 -1.6144652e+000
 -1.5183593e+000
 -1.3906039e+000
 -1.2390768e+000
 -1.0713843e+000
 -8.9438556e-001
 -7.1385020e-001
 -5.3426931e-001
 -3.5882306e-001
 -1.8949450e-001
 -2.7303859e-002
  1.2737420e-001
  2.7445658e-001
  4.1381169e-001
  5.4498226e-001
  6.6701320e-001
  7.7841257e-001
  8.7725631e-001
  9.6142558e-001
  1.0289441e+000
  1.0783647e+000
  1.1091397e+000
  1.1219085e+000
  1.1186381e+000
  1.1025730e+000
  1.0779724e+000
  1.0496483e+000
  1.0223487e+000
  1.0000608e+000
  9.8533059e-001
  9.7870189e-001
  9.7837322e-001
  9.8014472e-001
  9.7769340e-001
  9.6316842e-001
  9.2805030e-001
  8.6417506e-001
  7.6479272e-001
  6.2551594e-001
  4.4502162e-001
  2.2539664e-001
 -2.7935203e-002
 -3.0670963e-001
 -6.0068470e-001
 -8.9875725e-001
 -1.1901792e+000
 -1.4657004e+000
 -1.7184709e+000
 -1.9445692e+000
 -2.1430736e+000
 -2.3156675e+000
 -2.4658350e+000
 -2.5977756e+000
 -2.7152082e+000
 -2.8202611e+000
 -2.9126354e+000
 -2.9891898e+000
 -3.0440366e+000
 -3.0691554e+000
 -3.0554542e+000
 -2.9941285e+000
 -2.8781218e+000
 -2.7034623e+000
 -2.4702651e+000
 -2.1832299e+000
 -1.8515371e+000
 -1.4881322e+000
 -1.1084797e+000
 -7.2895270e-001
 -3.6507634e-001
 -2.9876767e-002
  2.6743007e-001
  5.2221932e-001
  7.3459523e-001
  9.0886795e-001
  1.0524495e+000
  1.1743360e+000
  1.2834059e+000
  1.3867916e+000
  1.4885716e+000
  1.5889799e+000
  1.6842536e+000
  1.7671394e+000
  1.8279808e+000
  1.8562210e+000
  1.8420890e+000
  1.7782147e+000
  1.6609239e+000
  1.4910183e+000
  1.2739219e+000
  1.0191705e+000
  7.3932171e-001
  4.4844884e-001
  1.6044082e-001
 -1.1264092e-001
 -3.6191198e-001
 -5.8253104e-001
 -7.7396876e-001
 -9.3965694e-001
 -1.0860883e+000
 -1.2215169e+000
 -1.3544641e+000
 -1.4922564e+000
 -1.6398092e+000
 -1.7988230e+000
 -1.9674918e+000
 -2.1407366e+000
 -2.3109023e+000
 -2.4687815e+000
 -2.6047926e+000
 -2.7101213e+000
 -2.7776556e+000
 -2.8025887e+000
 -2.7826278e+000
 -2.7178165e+000
 -2.6100470e+000
 -2.4623843e+000
 -2.2783535e+000
 -2.0613376e+000
 -1.8142039e+000
 -1.5392298e+000
 -1.2383337e+000
 -9.1355703e-001
 -5.6769108e-001
 -2.0490853e-001
  1.6874524e-001
  5.4512787e-001
  9.1412549e-001
  1.2641518e+000
  1.5829797e+000
  1.8588037e+000
  2.0813888e+000
  2.2431388e+000
  2.3399240e+000
  2.3715416e+000
  2.3417337e+000
  2.2577562e+000
  2.1295588e+000
  1.9686927e+000
  1.7871058e+000
  1.5959940e+000
  1.4048681e+000
  1.2209537e+000
  1.0489858e+000
  8.9139367e-001
  7.4880754e-001
  6.2076755e-001
  5.0648622e-001
  4.0551150e-001
  3.1816055e-001
  2.4563955e-001
  1.8982483e-001
  1.5274459e-001
  1.3585881e-001
  1.3927577e-001
  1.6106201e-001
  1.9679341e-001
  2.3946117e-001
  2.7979205e-001
  3.0697673e-001
  3.0973407e-001
  2.7758296e-001
  2.0215602e-001
  7.8377732e-002
 -9.4656219e-002
 -3.1322226e-001
 -5.6900186e-001
 -8.4960487e-001
 -1.1395192e+000
 -1.4213691e+000
 -1.6773297e+000
 -1.8905341e+000
 -2.0463212e+000
 -2.1332075e+000
 -2.1435128e+000
 -2.0736215e+000
 -1.9239143e+000
 -1.6984408e+000
 -1.4044261e+000
 -1.0517068e+000
 -6.5217580e-001
 -2.1928770e-001
  2.3236083e-001
  6.8739329e-001
  1.1300023e+000
  1.5443397e+000
  1.9149979e+000
  2.2276085e+000
  2.4695560e+000
  2.6307601e+000
  2.7044516e+000
  2.6878379e+000
  2.5825489e+000
  2.3947668e+000
  2.1349746e+000
  1.8173077e+000
  1.4585465e+000
  1.0768456e+000
  6.9033991e-001
  3.1579005e-001
 -3.2562853e-002
 -3.4379348e-001
 -6.1064436e-001
 -8.2940468e-001
 -9.9935789e-001
 -1.1219071e+000
 -1.1995384e+000
 -1.2348089e+000
 -1.2295428e+000
 -1.1843850e+000
 -1.0988019e+000
 -9.7154299e-001
 -8.0149306e-001
 -5.8877267e-001
 -3.3589048e-001
 -4.8727290e-002
  2.6285629e-001
  5.8495078e-001
  9.0015432e-001
  1.1887492e+000
  1.4303949e+000
  1.6061493e+000
  1.7005641e+000
  1.7035786e+000
  1.6119416e+000
  1.4299497e+000
  1.1693694e+000
  8.4851927e-001
  4.9059895e-001
  1.2145336e-001
 -2.3296243e-001
 -5.4911085e-001
 -8.0808637e-001
 -9.9725395e-001
 -1.1111266e+000
 -1.1514001e+000
 -1.1261742e+000
 -1.0484964e+000
 -9.3444706e-001
 -8.0103675e-001
 -6.6419893e-001
 -5.3713212e-001
 -4.2918457e-001
 -3.4538647e-001
 -2.8663755e-001
 -2.5046336e-001
 -2.3217688e-001
 -2.2623326e-001
 -2.2755076e-001
 -2.3259061e-001
 -2.4003887e-001
 -2.5100482e-001
 -2.6873118e-001
 -2.9788937e-001
 -3.4359557e-001
 -4.1032209e-001
 -5.0088839e-001
 -6.1569637e-001
 -7.5233041e-001
 -9.0558106e-001
 -1.0678829e+000
 -1.2300932e+000
 -1.3824882e+000
 -1.5158232e+000
 -1.6223010e+000
 -1.6963109e+000
 -1.7348431e+000
 -1.7375341e+000
 -1.7063613e+000
 -1.6450516e+000
 -1.5583147e+000
 -1.4510301e+000
 -1.3275172e+000
 -1.1909997e+000
 -1.0433382e+000
 -8.8505961e-001
 -7.1566376e-001
 -5.3414443e-001
 -3.3963042e-001
 -1.3203698e-001
  8.7380653e-002
  3.1566149e-001
  5.4801996e-001
  7.7799476e-001
  9.9784642e-001
  1.1991496e+000
  1.3735004e+000
  1.5132462e+000
  1.6121468e+000
  1.6658878e+000
  1.6723932e+000
  1.6319105e+000
  1.5468747e+000
  1.4215839e+000
  1.2617397e+000
  1.0739193e+000
  8.6504588e-001
  6.4191932e-001
  4.1085381e-001
  1.7745024e-001
 -5.3489077e-002
 -2.7791555e-001
 -4.9238794e-001
 -6.9386435e-001
 -8.7947793e-001
 -1.0463414e+000
 -1.1914202e+000
 -1.3115033e+000
 -1.4032884e+000
 -1.4635839e+000
 -1.4896117e+000
 -1.4793847e+000
 -1.4321173e+000
 -1.3486181e+000
 -1.2316119e+000
 -1.0859365e+000
 -9.1856761e-001
 -7.3843883e-001
 -5.5604228e-001
 -3.8281917e-001
 -2.3037527e-001
 -1.0958149e-001
 -2.9641384e-002
  2.7789087e-003
 -1.5741255e-002
 -8.4922222e-002
 -2.0065277e-001
 -3.5522049e-001
 -5.3790156e-001
 -7.3586360e-001
 -9.3529389e-001
 -1.1226317e+000
 -1.2857641e+000
 -1.4150429e+000
 -1.5039985e+000
 -1.5496605e+000
 -1.5524486e+000
 -1.5156530e+000
 -1.4445825e+000
 -1.3455076e+000
 -1.2245611e+000
 -1.0867645e+000
 -9.3533662e-001
 -7.7140033e-001
 -5.9414265e-001
 -4.0141364e-001
 -1.9067654e-001
  3.9840727e-002
  2.8998434e-001
  5.5671006e-001
  8.3350369e-001
  1.1103268e+000
  1.3741541e+000
  1.6100815e+000
  1.8028903e+000
  1.9388783e+000
  2.0077081e+000
  2.0040073e+000
  1.9284700e+000
  1.7882664e+000
  1.5966566e+000
  1.3718106e+000
  1.1349514e+000
  9.0803782e-001
  7.1127781e-001
  5.6079876e-001
  4.6678894e-001
  4.3236889e-001
  4.5335601e-001
  5.1896493e-001
  6.1335594e-001
  7.1782414e-001
  8.1332944e-001
  8.8301663e-001
  9.1437400e-001
  9.0072882e-001
  8.4187185e-001
  7.4372832e-001
  6.1713083e-001
  4.7588070e-001
  3.3438883e-001
  2.0524954e-001
  9.7111869e-002
  1.3169998e-002
 -4.9495770e-002
 -9.9620931e-002
 -1.5053605e-001
 -2.1819430e-001
 -3.1873007e-001
 -4.6590161e-001
 -6.6878982e-001
 -9.3008896e-001
 -1.2452405e+000
 -1.6025392e+000
 -1.9842017e+000
 -2.3682474e+000
 -2.7309305e+000
 -3.0493810e+000
 -3.3040915e+000
 -3.4809111e+000
 -3.5722879e+000
 -3.5776107e+000
 -3.5026390e+000
 -3.3581381e+000
 -3.1579526e+000
 -2.9168221e+000
 -2.6482773e+000
 -2.3629259e+000
 -2.0673719e+000
 -1.7639074e+000
 -1.4509916e+000
 -1.1244099e+000
 -7.7890218e-001
 -4.0998001e-001
 -1.5627881e-002
  4.0239419e-001
  8.3786303e-001
  1.2801381e+000
  1.7149438e+000
  2.1257780e+000
  2.4957391e+000
  2.8095035e+000
  3.0551620e+000
  3.2256464e+000
  3.3195425e+000
  3.3411755e+000
  3.2999634e+000
  3.2091383e+000
  3.0840262e+000
  2.9401331e+000
  2.7913056e+000
  2.6482148e+000
  2.5173558e+000
  2.4006732e+000
  2.2958284e+000
  2.1970277e+000
  2.0962563e+000
  1.9847111e+000
  1.8542065e+000
  1.6983480e+000
  1.5133172e+000
  1.2981788e+000
  1.0547064e+000
  7.8679621e-001
  4.9960284e-001
  1.9856879e-001
 -1.1147373e-001
 -4.2696987e-001
 -7.4596670e-001
 -1.0680465e+000
 -1.3938895e+000
 -1.7245499e+000
 -2.0605779e+000
 -2.4011444e+000
 -2.7433260e+000
 -3.0816794e+000
 -3.4081889e+000
 -3.7126116e+000
 -3.9831815e+000
 -4.2075814e+000
 -4.3740497e+000
 -4.4724749e+000
 -4.4953308e+000
 -4.4383384e+000
 -4.3007799e+000
 -4.0854430e+000
 -3.7982297e+000
 -3.4475047e+000
 -3.0432935e+000
 -2.5964472e+000
 -2.1178904e+000
 -1.6180363e+000
 -1.1064236e+000
 -5.9158317e-001
 -8.1104149e-002
  4.1816152e-001
  8.9983770e-001
  1.3577877e+000
  1.7859733e+000
  2.1784541e+000
  2.5295399e+000
  2.8340758e+000
  3.0878101e+000
  3.2877773e+000
  3.4326210e+000
  3.5227912e+000
  3.5605687e+000
  3.5498974e+000
  3.4960383e+000
  3.4050855e+000
  3.2834100e+000
  3.1371054e+000
  2.9715104e+000
  2.7908686e+000
  2.5981637e+000
  2.3951403e+000
  2.1824921e+000
  1.9601723e+000
  1.7277699e+000
  1.4848833e+000
  1.2314355e+000
  9.6788446e-001
  6.9530785e-001
  4.1536520e-001
  1.3016179e-001
 -1.5794357e-001
 -4.4653772e-001
 -7.3331238e-001
 -1.0161477e+000
 -1.2931030e+000
 -1.5623196e+000
 -1.8218593e+000
 -2.0695210e+000
 -2.3026822e+000
 -2.5182126e+000
 -2.7124950e+000
 -2.8815679e+000
 -3.0213854e+000
 -3.1281624e+000
 -3.1987565e+000
 -3.2310265e+000
 -3.2241072e+000
 -3.1785486e+000
 -3.0962875e+000
 -2.9804461e+000
 -2.8349798e+000
 -2.6642204e+000
 -2.4723848e+000
 -2.2631217e+000
 -2.0391722e+000
 -1.8022003e+000
 -1.5528281e+000
 -1.2908784e+000
 -1.0157937e+000
 -7.2717549e-001
 -4.2536354e-001
 -1.1196719e-001
  2.0973484e-001
  5.3459513e-001
  8.5563995e-001
  1.1643626e+000
  1.4512420e+000
  1.7064315e+000
  1.9205380e+000
  2.0854015e+000
  2.1947850e+000
  2.2448981e+000
  2.2346993e+000
  2.1659516e+000
  2.0430378e+000
  1.8725670e+000
  1.6628315e+000
  1.4231794e+000
  1.1633768e+000
  8.9302416e-001
  6.2107503e-001
  3.5548909e-001
  1.0302626e-001
 -1.3082851e-001
 -3.4183633e-001
 -5.2690625e-001
 -6.8396457e-001
 -8.1182355e-001
 -9.1007224e-001
 -9.7900050e-001
 -1.0195556e+000
 -1.0333218e+000
 -1.0225061e+000
 -9.8991543e-001
 -9.3890887e-001
 -8.7331788e-001
 -7.9733330e-001
 -7.1536453e-001
 -6.3188197e-001
 -5.5125549e-001
 -4.7760086e-001
 -4.1464267e-001
 -3.6559666e-001
 -3.3306987e-001
 -3.1897264e-001
 -3.2443600e-001
 -3.4972977e-001
 -3.9418183e-001
 -4.5610625e-001
 -5.3275507e-001
 -6.2031450e-001
 -7.1396844e-001
 -8.0804977e-001
 -8.9629203e-001
 -9.7218159e-001
 -1.0293943e+000
 -1.0622842e+000
 -1.0663780e+000
 -1.0388184e+000
 -9.7869845e-001
 -8.8723598e-001
 -7.6775196e-001
 -6.2543992e-001
 -4.6694028e-001
 -2.9976096e-001
 -1.3160873e-001
  3.0288057e-002
  1.7978060e-001
  3.1224720e-001
  4.2482943e-001
  5.1642845e-001
  5.8746783e-001
  6.3946448e-001
  6.7447957e-001
  6.9454169e-001
  7.0114105e-001
  6.9488459e-001
  6.7537862e-001
  6.4137034e-001
  5.9113750e-001
  5.2307344e-001
  4.3637843e-001
  3.3174410e-001
  2.1191025e-001
  8.1984323e-002
 -5.0558179e-002
 -1.7623106e-001
 -2.8424086e-001
 -3.6347263e-001
 -4.0364935e-001
 -3.9652474e-001
 -3.3695631e-001
 -2.2371422e-001
 -5.9910065e-002
  1.4702399e-001
  3.8581906e-001
  6.4227000e-001
  9.0045236e-001
  1.1441149e+000
  1.3580853e+000
  1.5295271e+000
  1.6489077e+000
  1.7105786e+000
  1.7129228e+000
  1.6580805e+000
  1.5513208e+000
  1.4001678e+000
  1.2134167e+000
  1.0001779e+000
  7.6907506e-001
  5.2768489e-001
  2.8226652e-001
  3.7775242e-002
 -2.0188883e-001
 -4.3348186e-001
 -6.5397158e-001
 -8.6015137e-001
 -1.0484008e+000
 -1.2146475e+000
 -1.3545454e+000
 -1.4638395e+000
 -1.5388530e+000
 -1.5770041e+000
 -1.5772547e+000
 -1.5403975e+000
 -1.4691188e+000
 -1.3678079e+000
 -1.2421284e+000
 -1.0984101e+000
 -9.4295208e-001
 -7.8134404e-001
 -6.1791767e-001
 -4.5541648e-001
 -2.9494125e-001
 -1.3618181e-001
  2.2102042e-002
  1.8143139e-001
  3.4290272e-001
  5.0655183e-001
  6.7090501e-001
  8.3280818e-001
  9.8758057e-001
  1.1294858e+000
  1.2524588e+000
  1.3509791e+000
  1.4209517e+000
  1.4604447e+000
  1.4701498e+000
  1.4534675e+000
  1.4161749e+000
  1.3656984e+000
  1.3100787e+000
  1.2567689e+000
  1.2114428e+000
  1.1769981e+000
  1.1529214e+000
  1.1351340e+000
  1.1163741e+000
  1.0870894e+000
  1.0367393e+000
  9.5533765e-001
  8.3502459e-001
  6.7143972e-001
  4.6468948e-001
  2.1974964e-001
 -5.3780447e-002
 -3.4256620e-001
 -6.3097077e-001
 -9.0285429e-001
 -1.1435034e+000
 -1.3414292e+000
 -1.4897837e+000
 -1.5871903e+000
 -1.6378621e+000
 -1.6509772e+000
 -1.6393828e+000
 -1.6177952e+000
 -1.6007327e+000
 -1.6004618e+000
 -1.6252348e+000
 -1.6780637e+000
 -1.7561985e+000
 -1.8513873e+000
 -1.9508836e+000
 -2.0390663e+000
 -2.0994537e+000
 -2.1168364e+000
 -2.0792419e+000
 -1.9794656e+000
 -1.8159670e+000
 -1.5930186e+000
 -1.3200994e+000
 -1.0106322e+000
 -6.8025272e-001
 -3.4486265e-001
 -1.8745605e-002
  2.8698948e-001
  5.6542280e-001
  8.1416395e-001
  1.0349855e+000
  1.2328216e+000
  1.4142964e+000
  1.5860150e+000
  1.7528850e+000
  1.9167302e+000
  2.0754166e+000
  2.2226341e+000
  2.3483824e+000
  2.4401046e+000
  2.4843165e+000
  2.4685069e+000
  2.3830387e+000
  2.2227789e+000
  1.9882192e+000
  1.6859175e+000
  1.3281829e+000
  9.3203081e-001
  5.1753535e-001
  1.0578764e-001
 -2.8327576e-001
 -6.3289417e-001
 -9.3109409e-001
 -1.1716872e+000
 -1.3545359e+000
 -1.4850651e+000
 -1.5731027e+000
 -1.6312150e+000
 -1.6727729e+000
 -1.7100118e+000
 -1.7523467e+000
 -1.8051592e+000
 -1.8692091e+000
 -1.9407288e+000
 -2.0121691e+000
 -2.0734703e+000
 -2.1136694e+000
 -2.1226075e+000
 -2.0924937e+000
 -2.0191104e+000
 -1.9024951e+000
 -1.7470126e+000
 -1.5608185e+000
 -1.3547986e+000
 -1.1411401e+000
 -9.3174232e-001
 -7.3668832e-001
 -5.6299322e-001
 -4.1379819e-001
 -2.8811833e-001
 -1.8117336e-001
 -8.5249589e-002
  9.0310728e-003
  1.1121341e-001
  2.2949065e-001
  3.6937434e-001
  5.3273334e-001
  7.1733149e-001
  9.1692484e-001
  1.1219038e+000
  1.3203928e+000
  1.4996594e+000
  1.6476466e+000
  1.7544259e+000
  1.8133826e+000
  1.8219817e+000
  1.7820192e+000
  1.6993326e+000
  1.5830157e+000
  1.4442448e+000
  1.2948751e+000
  1.1459926e+000
  1.0066096e+000
  8.8267185e-001
  7.7650035e-001
  6.8673566e-001
  6.0878252e-001
  5.3568975e-001
  4.5934276e-001
  3.7180671e-001
  2.6663970e-001
  1.4000065e-001
 -8.5956650e-003
 -1.7597695e-001
 -3.5550604e-001
 -5.3774391e-001
 -7.1149773e-001
 -8.6511822e-001
 -9.8787788e-001
 -1.0712512e+000
 -1.1099300e+000
 -1.1024422e+000
 -1.0512919e+000
 -9.6260434e-001
 -8.4532065e-001
 -7.1004917e-001
 -5.6772527e-001
 -4.2825754e-001
 -2.9934153e-001
 -1.8560126e-001
 -8.8176117e-002
 -4.8122033e-003
  6.9550458e-002
  1.4177085e-001
  2.1921473e-001
  3.0835375e-001
  4.1345132e-001
  5.3552419e-001
  6.7173611e-001
  8.1532642e-001
  9.5610665e-001
  1.0814833e+000
  1.1778921e+000
  1.2324717e+000
  1.2347643e+000
  1.1782234e+000
  1.0613246e+000
  8.8812122e-001
  6.6815405e-001
  4.1570504e-001
  1.4846875e-001
 -1.1420907e-001
 -3.5331806e-001
 -5.5215552e-001
 -6.9804378e-001
 -7.8358172e-001
 -8.0727758e-001
 -7.7348815e-001
 -6.9167784e-001
 -5.7509818e-001
 -4.3906204e-001
 -2.9903813e-001
 -1.6881196e-001
 -5.8948017e-002
  2.4255658e-002
  7.9197629e-002
  1.0875012e-001
  1.1943435e-001
  1.2012708e-001
  1.2049384e-001
  1.2937915e-001
  1.5338634e-001
  1.9584937e-001
  2.5634021e-001
  3.3077653e-001
  4.1210691e-001
  4.9146655e-001
  5.5962823e-001
  6.0852993e-001
  6.3264896e-001
  6.3001421e-001
  6.0269950e-001
  5.5671600e-001
  5.0130788e-001
  4.4774196e-001
  4.0775557e-001
  3.9187765e-001
  4.0785756e-001
  4.5942328e-001
  5.4554552e-001
  6.6031474e-001
  7.9345309e-001
  9.3139608e-001
  1.0588002e+000
  1.1602761e+000
  1.2221171e+000
  1.2337992e+000
  1.1890595e+000
  1.0864282e+000
  9.2916170e-001
  7.2461265e-001
  4.8314796e-001
  2.1678666e-001
 -6.2238540e-002
 -3.4278893e-001
 -6.1581771e-001
 -8.7493309e-001
 -1.1164725e+000
 -1.3391113e+000
 -1.5431025e+000
 -1.7292976e+000
 -1.8981347e+000
 -2.0487756e+000
 -2.1785547e+000
 -2.2828439e+000
 -2.3553731e+000
 -2.3889692e+000
 -2.3766084e+000
 -2.3126192e+000
 -2.1938499e+000
 -2.0206060e+000
 -1.7971996e+000
 -1.5319985e+000
 -1.2369414e+000
 -9.2655644e-001
 -6.1659883e-001
 -3.2247850e-001
 -5.7682515e-002
  1.6759732e-001
  3.4744747e-001
  4.8069342e-001
  5.7077622e-001
  6.2506235e-001
  6.5368187e-001
  6.6805334e-001
  6.7929551e-001
  6.9673916e-001
  7.2673574e-001
  7.7191628e-001
  8.3098950e-001
  8.9909266e-001
  9.6863243e-001
  1.0304871e+000
  1.0753949e+000
  1.0953302e+000
  1.0846794e+000
  1.0410555e+000
  9.6564997e-001
  8.6308346e-001
  7.4078833e-001
  6.0802035e-001
  4.7464410e-001
  3.4986413e-001
  2.4107564e-001
  1.5298676e-001
  8.7122216e-002
  4.1762278e-002
  1.2310276e-002
 -7.9760751e-003
 -2.7000238e-002
 -5.2729199e-002
 -9.2130993e-002
 -1.5028371e-001
 -2.2976223e-001
 -3.3036617e-001
 -4.4920350e-001
 -5.8109660e-001
 -7.1923723e-001
 -8.5598967e-001
 -9.8372956e-001
 -1.0956107e+000
 -1.1861708e+000
 -1.2517180e+000
 -1.2904716e+000
 -1.3024710e+000
 -1.2892901e+000
 -1.2536218e+000
 -1.1988022e+000
 -1.1283452e+000
 -1.0455469e+000
 -9.5319901e-001
 -8.5343141e-001
 -7.4767967e-001
 -6.3675897e-001
 -5.2101260e-001
 -4.0050000e-001
 -2.7519199e-001
 -1.4514842e-001
 -1.0664394e-002
  1.2761829e-001
  2.6862958e-001
  4.1081045e-001
  5.5206459e-001
  6.8971942e-001
  8.2050103e-001
  9.4053620e-001
  1.0454015e+000
  1.1302415e+000
  1.1899757e+000
  1.2196037e+000
  1.2146034e+000
  1.1714011e+000
  1.0878713e+000
  9.6381215e-001
  8.0133007e-001
  6.0507117e-001
  3.8224245e-001
  1.4238860e-001
 -1.0308469e-001
 -3.4161758e-001
 -5.6037861e-001
 -7.4724118e-001
 -8.9175416e-001
 -9.8600048e-001
 -1.0252455e+000
 -1.0082978e+000
 -9.3753666e-001
 -8.1860117e-001
 -6.5977571e-001
 -4.7114499e-001
 -2.6362012e-001
 -4.7952722e-002
  1.6614634e-001
  3.7068261e-001
  5.5977688e-001
  7.2975513e-001
  8.7894069e-001
  1.0072011e+000
  1.1153354e+000
  1.2044083e+000
  1.2751415e+000
  1.3274632e+000
  1.3602871e+000
  1.3715581e+000
  1.3585577e+000
  1.3184210e+000
  1.2487823e+000
  1.1484458e+000
  1.0179683e+000
  8.6005465e-001
  6.7968999e-001
  4.8396967e-001
  2.8163330e-001
  8.2350288e-002
 -1.0415755e-001
 -2.6904665e-001
 -4.0521617e-001
 -5.0799465e-001
 -5.7556076e-001
 -6.0904546e-001
 -6.1230641e-001
 -5.9140889e-001
 -5.5388622e-001
 -5.0788007e-001
 -4.6127382e-001
 -4.2092856e-001
 -3.9211208e-001
 -3.7817982e-001
 -3.8052740e-001
 -3.9879452e-001
 -4.3126357e-001
 -4.7537110e-001
 -5.2823789e-001
 -5.8712676e-001
 -6.4975494e-001
 -7.1441658e-001
 -7.7990701e-001
 -8.4527622e-001
 -9.0947052e-001
 -9.7094215e-001
 -1.0273142e+000
 -1.0751803e+000
 -1.1100985e+000
 -1.1268049e+000
 -1.1196388e+000
 -1.0831313e+000
 -1.0126821e+000
 -9.0522720e-001
 -7.5980022e-001
 -5.7789676e-001
 -3.6357984e-001
 -1.2329863e-001
  1.3456615e-001
  4.0037712e-001
  6.6405031e-001
  9.1589499e-001
  1.1473736e+000
  1.3516841e+000
  1.5240930e+000
  1.6619863e+000
  1.7646459e+000
  1.8328025e+000
  1.8680478e+000
  1.8722092e+000
  1.8467967e+000
  1.7926155e+000
  1.7096124e+000
  1.5969847e+000
  1.4535358e+000
  1.2782195e+000
  1.0707831e+000
  8.3239633e-001
  5.6615363e-001
  2.7735090e-001
 -2.6530857e-002
 -3.3615939e-001
 -6.4097927e-001
 -9.3006521e-001
 -1.1930944e+000
 -1.4213101e+000
 -1.6083448e+000
 -1.7507865e+000
 -1.8484059e+000
 -1.9040074e+000
 -1.9229179e+000
 -1.9121799e+000
 -1.8795574e+000
 -1.8324873e+000
 -1.7771216e+000
 -1.7175893e+000
 -1.6555789e+000
 -1.5902960e+000
 -1.5187972e+000
 -1.4366495e+000
 -1.3388179e+000
 -1.2206525e+000
 -1.0788321e+000
 -9.1213108e-001
 -7.2189811e-001
 -5.1218109e-001
 -2.8947977e-001
 -6.2161663e-002
  1.6037714e-001
  3.6869024e-001
  5.5426476e-001
  7.1037904e-001
  8.3272275e-001
  9.1970365e-001
  9.7241058e-001
  9.9425080e-001
  9.9032456e-001
  9.6663396e-001
  9.2924278e-001
  8.8350624e-001
  8.3347451e-001
  7.8154469e-001
  7.2839681e-001
  6.7320658e-001
  6.1408729e-001
  5.4868137e-001
  4.7480301e-001
  3.9102896e-001
  2.9714585e-001
  1.9438654e-001
  8.5421372e-002
 -2.5892581e-002
 -1.3496521e-001
 -2.3706183e-001
 -3.2793955e-001
 -4.0443906e-001
 -4.6494649e-001
 -5.0965951e-001
 -5.4061894e-001
 -5.6149969e-001
 -5.7718611e-001
 -5.9318458e-001
 -6.1494535e-001
 -6.4717507e-001
 -6.9322032e-001
 -7.5459127e-001
 -8.3067611e-001
 -9.1867313e-001
 -1.0137427e+000
 -1.1093581e+000
 -1.1978146e+000
 -1.2708446e+000
 -1.3202779e+000
 -1.3386895e+000
 -1.3199810e+000
 -1.2598516e+000
 -1.1561299e+000
 -1.0089465e+000
 -8.2074611e-001
 -5.9614324e-001
 -3.4164155e-001
 -6.5240078e-002
  2.2404167e-001
  5.1668458e-001
  8.0319928e-001
  1.0746260e+000
  1.3229693e+000
  1.5415369e+000
  1.7251580e+000
  1.8702701e+000
  1.9748706e+000
  2.0383494e+000
  2.0612257e+000
  2.0448298e+000
  1.9909734e+000
  1.9016571e+000
  1.7788597e+000
  1.6244403e+000
  1.4401719e+000
  1.2279033e+000
  9.8982195e-001
  7.2877609e-001
  4.4859588e-001
  1.5434819e-001
 -1.4753678e-001
 -4.4931651e-001
 -7.4219129e-001
 -1.0167620e+000
 -1.2636577e+000
 -1.4742702e+000
 -1.6415122e+000
 -1.7605005e+000
 -1.8290704e+000
 -1.8480381e+000
 -1.8211613e+000
 -1.7547799e+000
 -1.6571649e+000
 -1.5376424e+000
 -1.4055947e+000
 -1.2694603e+000
 -1.1358607e+000
 -1.0089700e+000
 -8.9021229e-001
 -7.7833136e-001
 -6.6982703e-001
 -5.5970178e-001
 -4.4241768e-001
 -3.1293273e-001
 -1.6767259e-001
 -5.3004953e-003
  1.7282541e-001
  3.6257571e-001
  5.5737002e-001
  7.4885410e-001
  9.2784360e-001
  1.0854058e+000
  1.2139315e+000
  1.3080483e+000
  1.3652518e+000
  1.3861662e+000
  1.3744022e+000
  1.3360348e+000
  1.2787761e+000
  1.2109613e+000
  1.1404902e+000
  1.0738704e+000
  1.0154905e+000
  9.6721721e-001
  9.2836010e-001
  8.9599434e-001
  8.6557953e-001
  8.3177134e-001
  7.8929721e-001
  7.3376205e-001
  6.6226455e-001
  5.7373809e-001
  4.6897529e-001
  3.5034651e-001
  2.2127119e-001
  8.5539822e-002
 -5.3392841e-002
 -1.9301877e-001
 -3.3218339e-001
 -4.7121268e-001
 -6.1173064e-001
 -7.5618739e-001
 -9.0716569e-001
 -1.0665716e+000
 -1.2348372e+000
 -1.4102643e+000
 -1.5886255e+000
 -1.7630989e+000
 -1.9245721e+000
 -2.0622962e+000
 -2.1648230e+000
 -2.2211155e+000
 -2.2217006e+000
 -2.1597216e+000
 -2.0317642e+000
 -1.8383567e+000
 -1.5840877e+000
 -1.2773343e+000
 -9.2964013e-001
 -5.5482548e-001
 -1.6793838e-001
  2.1583049e-001
  5.8215154e-001
  9.1838066e-001
  1.2141378e+000
  1.4616120e+000
  1.6556024e+000
  1.7933412e+000
  1.8741646e+000
  1.8991125e+000
  1.8705342e+000
  1.7917616e+000
  1.6668911e+000
  1.5006846e+000
  1.2985733e+000
  1.0667252e+000
  8.1212200e-001
  5.4258873e-001
  2.6672390e-001
 -6.3022851e-003
 -2.6709306e-001
 -5.0649824e-001
 -7.1617549e-001
 -8.8918125e-001
 -1.0205221e+000
 -1.1075964e+000
 -1.1504671e+000
 -1.1519220e+000
 -1.1173053e+000
 -1.0541279e+000
 -9.7149091e-001
 -8.7937705e-001
 -7.8787783e-001
 -7.0642953e-001
 -6.4312673e-001
 -6.0417054e-001
 -5.9349112e-001
 -6.1256362e-001
 -6.6041626e-001
 -7.3381120e-001
 -8.2756508e-001
 -9.3496858e-001
 -1.0482620e+000
 -1.1591272e+000
 -1.2591627e+000
 -1.3403193e+000
 -1.3952812e+000
 -1.4177863e+000
 -1.4028866e+000
 -1.3471518e+000
 -1.2488174e+000
 -1.1078809e+000
 -9.2614464e-001
 -7.0719914e-001
 -4.5634378e-001
 -1.8043702e-001
  1.1232633e-001
  4.1271034e-001
  7.1079895e-001
  9.9640962e-001
  1.2595402e+000
  1.4908245e+000
  1.6819699e+000
  1.8261484e+000
  1.9183169e+000
  1.9554444e+000
  1.9366352e+000
  1.8631375e+000
  1.7382442e+000
  1.5670913e+000
  1.3563725e+000
  1.1139903e+000
  8.4866561e-001
  5.6953342e-001
  2.8574526e-001
  6.1013496e-003
 -2.6127093e-001
 -5.0917934e-001
 -7.3156223e-001
 -9.2361443e-001
 -1.0818461e+000
 -1.2040806e+000
 -1.2894023e+000
 -1.3380641e+000
 -1.3513702e+000
 -1.3315428e+000
 -1.2815860e+000
 -1.2051500e+000
 -1.1064017e+000
 -9.8989873e-001
 -8.6046348e-001
 -7.2305066e-001
 -5.8260236e-001
 -4.4388585e-001
 -3.1131350e-001
 -1.8874971e-001
 -7.9315686e-002
  1.4791055e-002
  9.2441492e-002
  1.5366138e-001
  1.9963823e-001
  2.3263385e-001
  2.5579669e-001
  2.7288030e-001
  2.8788734e-001
  3.0467130e-001
  3.2653742e-001
  3.5588967e-001
  3.9396912e-001
  4.4072154e-001
  4.9481793e-001
  5.5383280e-001
  6.1456372e-001
  6.7345519e-001
  7.2707233e-001
  7.7255993e-001
  8.0802031e-001
  8.3275141e-001
  8.4730397e-001
  8.5334066e-001
  8.5330913e-001
  8.4996934e-001
  8.4584022e-001
  8.4264710e-001
  8.4085625e-001
  8.3937559e-001
  8.3548066e-001
  8.2499510e-001
  8.0271913e-001
  7.6306222e-001
  7.0080394e-001
  6.1188373e-001
  4.9411077e-001
  3.4769114e-001
  1.7549027e-001
 -1.7016948e-002
 -2.2211444e-001
 -4.3049300e-001
 -6.3209951e-001
 -8.1707885e-001
 -9.7668578e-001
 -1.1040465e+000
 -1.1946709e+000
 -1.2466521e+000
 -1.2605351e+000
 -1.2388858e+000
 -1.1856369e+000
 -1.1053189e+000
 -1.0023037e+000
 -8.8018621e-001
 -7.4140356e-001
 -5.8715954e-001
 -4.1766601e-001
 -2.3266396e-001
 -3.2136902e-002
  1.8290645e-001
  4.0972098e-001
  6.4332198e-001
  8.7630080e-001
  1.0990257e+000
  1.3002372e+000
  1.4679877e+000
  1.5908175e+000
  1.6590193e+000
  1.6658221e+000
  1.6083263e+000
  1.4880518e+000
  1.3110078e+000
  1.0872584e+000
  8.3002364e-001
  5.5442324e-001
  2.7601742e-001
  9.3306421e-003
 -2.3345532e-001
 -4.4347524e-001
 -6.1570536e-001
 -7.4898700e-001
 -8.4556784e-001
 -9.1024773e-001
 -9.4927056e-001
 -9.6913709e-001
 -9.7552095e-001
 -9.7244952e-001
 -9.6186712e-001
 -9.4363605e-001
 -9.1596060e-001
 -8.7615190e-001
 -8.2159648e-001
 -7.5075801e-001
 -6.6403465e-001
 -5.6431492e-001
 -4.5712069e-001
 -3.5028886e-001
 -2.5321588e-001
 -1.7575803e-001
 -1.2693799e-001
 -1.1364253e-001
 -1.3950459e-001
 -2.0414215e-001
 -3.0287957e-001
 -4.2701132e-001
 -5.6459231e-001
 -7.0166465e-001
 -8.2376817e-001
 -9.1754124e-001
 -9.7220407e-001
 -9.8073248e-001
 -9.4057196e-001
 -8.5380545e-001
 -7.2676295e-001
 -5.6913685e-001
 -3.9273273e-001
 -2.1003209e-001
 -3.2764246e-002
  1.2932271e-001
  2.6933597e-001
  3.8365676e-001
  4.7187185e-001
  5.3625698e-001
  5.8091492e-001
  6.1071758e-001
  6.3022521e-001
  6.4275278e-001
  6.4972589e-001
  6.5041987e-001
  6.4211418e-001
  6.2062928e-001
  5.8115414e-001
  5.1922866e-001
  4.3172249e-001
  3.1765332e-001
  1.7871279e-001
  1.9413136e-002
 -1.5317515e-001
 -3.3006279e-001
 -5.0127054e-001
 -6.5691713e-001
 -7.8831293e-001
 -8.8890607e-001
 -9.5495007e-001
 -9.8580317e-001
 -9.8382375e-001
 -9.5388423e-001
 -9.0258038e-001
 -8.3725505e-001
 -7.6497955e-001
 -6.9163880e-001
 -6.2124805e-001
 -5.5559216e-001
 -4.9422902e-001
 -4.3484436e-001
 -3.7389332e-001
 -3.0742348e-001
 -2.3194858e-001
 -1.4523770e-001
 -4.6899209e-002
  6.1328491e-002
  1.7562204e-001
  2.9044619e-001
  3.9919799e-001
  4.9502522e-001
  5.7169780e-001
  6.2440365e-001
  6.5035361e-001
  6.4910911e-001
  6.2258842e-001
  5.7475555e-001
  5.1104237e-001
  4.3759410e-001
  3.6045275e-001
  2.8480137e-001
  2.1438092e-001
  1.5116416e-001
  9.5330790e-002
  4.5541557e-002
 -5.3743418e-004
 -4.5547619e-002
 -9.1701369e-002
 -1.4011770e-001
 -1.9034218e-001
 -2.4013599e-001
 -2.8557852e-001
 -3.2148038e-001
 -3.4205550e-001
 -3.4175938e-001
 -3.1617255e-001
 -2.6279690e-001
 -1.8164121e-001
 -7.5498630e-002
  5.0139063e-002
  1.8753517e-001
  3.2748160e-001
  4.6029716e-001
  5.7692098e-001
  6.6995487e-001
  7.3451211e-001
  7.6875430e-001
  7.7403913e-001
  7.5465505e-001
  7.1717574e-001
  6.6952101e-001
  6.1985240e-001
  5.7545624e-001
  5.4176993e-001
  5.2168804e-001
  5.1524609e-001
  5.1972697e-001
  5.3017452e-001
  5.4024047e-001
  5.4324184e-001
  5.3327452e-001
  5.0621864e-001
  4.6048492e-001
  3.9738706e-001
  3.2107739e-001
  2.3804619e-001
  1.5624827e-001
  8.3975952e-002
  2.8637080e-002
 -4.3862010e-003
 -1.2629735e-002
  2.9456427e-003
  3.7916841e-002
  8.4850617e-002
  1.3419589e-001
  1.7550402e-001
  1.9881658e-001
  1.9603349e-001
  1.6207363e-001
  9.5665617e-002
 -3.4555657e-004
 -1.1922549e-001
 -2.5108836e-001
 -3.8405383e-001
 -5.0567340e-001
 -6.0443970e-001
 -6.7118039e-001
 -7.0015384e-001
 -6.8970383e-001
 -6.4239007e-001
 -5.6458168e-001
 -4.6557258e-001
 -3.5634034e-001
 -2.4811622e-001
 -1.5095616e-001
 -7.2499257e-002
 -1.7071559e-002
  1.4756213e-002
  2.6110992e-002
  2.3280783e-002
  1.4782536e-002
  1.0166778e-002
  1.8720822e-002
  4.8238942e-002
  1.0401164e-001
  1.8815027e-001
  2.9931355e-001
  4.3284699e-001
  5.8129222e-001
  7.3517914e-001
  8.8398446e-001
  1.0171295e+000
  1.1248971e+000
  1.1991729e+000
  1.2339473e+000
  1.2255598e+000
  1.1727005e+000
  1.0762182e+000
  9.3880207e-001
  7.6460972e-001
  5.5890829e-001
  3.2777388e-001
  7.7872029e-002
 -1.8368536e-001
 -4.4943357e-001
 -7.1163984e-001
 -9.6242386e-001
 -1.1939503e+000
 -1.3987130e+000
 -1.5699054e+000
 -1.7018500e+000
 -1.7904343e+000
 -1.8334906e+000
 -1.8310533e+000
 -1.7854380e+000
 -1.7011069e+000
 -1.5843159e+000
 -1.4425700e+000
 -1.2839449e+000
 -1.1163573e+000
 -9.4687600e-001
 -7.8116650e-001
 -6.2314204e-001
 -4.7486842e-001
 -3.3673068e-001
 -2.0783123e-001
 -8.6553450e-002
  2.8801859e-002
  1.3941166e-001
  2.4545856e-001
  3.4587240e-001
  4.3833375e-001
  5.1954613e-001
  5.8574053e-001
  6.3333694e-001
  6.5965979e-001
  6.6359146e-001
  6.4605285e-001
  6.1022198e-001
  5.6143763e-001
  5.0677983e-001
  4.5436622e-001
  4.1244595e-001
  3.8840414e-001
  3.8780579e-001
  4.1360628e-001
  4.6563521e-001
  5.4042640e-001
  6.3142177e-001
  7.2952947e-001
  8.2397186e-001
  9.0332356e-001
  9.5661895e-001
  9.7440330e-001
  9.4961381e-001
  8.7820198e-001
  7.5944495e-001
  5.9593277e-001
  3.9325751e-001
  1.5946214e-001
 -9.5671608e-002
 -3.6140760e-001
 -6.2682683e-001
 -8.8151487e-001
 -1.1161154e+000
 -1.3227242e+000
 -1.4951232e+000
 -1.6288696e+000
 -1.7212727e+000
 -1.7712907e+000
 -1.7793795e+000
 -1.7473174e+000
 -1.6780192e+000
 -1.5753419e+000
 -1.4438791e+000
 -1.2887373e+000
 -1.1152903e+000
 -9.2891494e-001
 -7.3472060e-001
 -5.3729475e-001
 -3.4049273e-001
 -1.4730204e-001
  4.0193144e-002
  2.2073298e-001
  3.9368961e-001
  5.5878149e-001
  7.1573209e-001
  8.6392427e-001
  1.0021079e+000
  1.1282164e+000
  1.2393337e+000
  1.3318363e+000
  1.4017040e+000
  1.4449693e+000
  1.4582484e+000
  1.4392797e+000
  1.3873881e+000
  1.3037994e+000
  1.1917449e+000
  1.0563277e+000
  9.0415080e-001
  7.4274726e-001
  5.7988019e-001
  4.2280310e-001
  2.7757922e-001
  1.4855210e-001
  3.8039347e-002
 -5.3710531e-002
 -1.2829646e-001
 -1.8871558e-001
 -2.3875739e-001
 -2.8233478e-001
 -3.2285360e-001
 -3.6271482e-001
 -4.0302031e-001
 -4.4351950e-001
 -4.8279413e-001
 -5.1863907e-001
 -5.4856478e-001
 -5.7032746e-001
 -5.8238874e-001
 -5.8421980e-001
 -5.7639259e-001
 -5.6043860e-001
 -5.3849819e-001
 -5.1282253e-001
 -4.8521978e-001
 -4.5655143e-001
 -4.2638112e-001
 -3.9285643e-001
 -3.5286715e-001
 -3.0247735e-001
 -2.3757979e-001
 -1.5467887e-001
 -5.1679055e-002
  7.1454717e-002
  2.1228710e-001
  3.6584327e-001
  5.2492280e-001
  6.8078004e-001
  8.2409543e-001
  9.4611139e-001
  1.0397721e+000
  1.1006956e+000
  1.1278217e+000
  1.1236174e+000
  1.0937825e+000
  1.0464693e+000
  9.9110092e-001
  9.3694008e-001
  8.9160250e-001
  8.5972826e-001
  8.4201295e-001
  8.3475898e-001
  8.3004147e-001
  8.1650136e-001
  7.8069127e-001
  7.0882016e-001
  5.8868179e-001
  4.1151875e-001
  1.7357320e-001
 -1.2289065e-001
 -4.6924480e-001
 -8.5090350e-001
 -1.2484492e+000
 -1.6393574e+000
 -2.0001220e+000
 -2.3085279e+000
 -2.5458019e+000
 -2.6983832e+000
 -2.7591065e+000
 -2.7276662e+000
 -2.6103196e+000
 -2.4188848e+000
 -2.1691767e+000
 -1.8790907e+000
 -1.5665838e+000
 -1.2478074e+000
 -9.3562014e-001
 -6.3864911e-001
 -3.6099355e-001
 -1.0257372e-001
  1.3995621e-001
  3.7188640e-001
  5.9892620e-001
  8.2570214e-001
  1.0544964e+000
  1.2844044e+000
  1.5110281e+000
  1.7267462e+000
  1.9215211e+000
  2.0841304e+000
  2.2036528e+000
  2.2710042e+000
  2.2803159e+000
  2.2299645e+000
  2.1231135e+000
  1.9676853e+000
  1.7757577e+000
  1.5624530e+000
  1.3444454e+000
  1.1382654e+000
  9.5859760e-001
  8.1676896e-001
  7.1960071e-001
  6.6874860e-001
  6.6059875e-001
  6.8671982e-001
  7.3480832e-001
  7.9000979e-001
  8.3645988e-001
  8.5887076e-001
  8.4399104e-001
  7.8178972e-001
  6.6625415e-001
  4.9574209e-001
  2.7288237e-001
  4.0713267e-003
 -3.0134473e-001
 -6.3208023e-001
 -9.7598042e-001
 -1.3210208e+000
 -1.6561263e+000
 -1.9717330e+000
 -2.2600572e+000
 -2.5150783e+000
 -2.7322829e+000
 -2.9082489e+000
 -3.0401650e+000
 -3.1253885e+000
 -3.1611306e+000
 -3.1443369e+000
 -3.0717958e+000
 -2.9404731e+000
 -2.7480294e+000
 -2.4934495e+000
 -2.1776882e+000
 -1.8042319e+000
 -1.3794779e+000
 -9.1285581e-001
 -4.1664539e-001
  9.4517871e-002
  6.0441636e-001
  1.0962348e+000
  1.5536581e+000
  1.9619683e+000
  2.3090258e+000
  2.5860293e+000
  2.7879791e+000
  2.9137994e+000
  2.9661173e+000
  2.9507373e+000
  2.8758832e+000
  2.7513029e+000
  2.5873461e+000
  2.3941184e+000
  2.1808016e+000
  1.9552002e+000
  1.7235410e+000
  1.4905152e+000
  1.2595203e+000
  1.0330326e+000
  8.1302751e-001
  6.0136400e-001
  4.0006141e-001
  2.1141911e-001
  3.7959326e-002
 -1.1779419e-001
 -2.5365978e-001
 -3.6819895e-001
 -4.6109851e-001
 -5.3345723e-001
 -5.8791356e-001
 -6.2857374e-001
 -6.6072940e-001
 -6.9038639e-001
 -7.2365570e-001
 -7.6608061e-001
 -8.2198580e-001
 -8.9393426e-001
 -9.8236505e-001
 -1.0854616e+000
 -1.1992700e+000
 -1.3180533e+000
 -1.4348371e+000
 -1.5420764e+000
 -1.6323606e+000
 -1.6990696e+000
 -1.7369049e+000
 -1.7422391e+000
 -1.7132566e+000
 -1.6498856e+000
 -1.5535550e+000
 -1.4268293e+000
 -1.2729917e+000
 -1.0956456e+000
 -8.9839934e-001
 -6.8467766e-001
 -4.5768128e-001
 -2.2048632e-001
  2.3749103e-002
  2.7152463e-001
  5.1874762e-001
  7.6055767e-001
  9.9127940e-001
  1.2045372e+000
  1.3935400e+000
  1.5515157e+000
  1.6722488e+000
  1.7506567e+000
  1.7833262e+000
  1.7689369e+000
  1.7085067e+000
  1.6054169e+000
  1.4652032e+000
  1.2951280e+000
  1.1035803e+000
  8.9936967e-001
  6.9099833e-001
  4.8599492e-001
  2.9038792e-001
  1.0837629e-001
 -5.7770498e-002
 -2.0758093e-001
 -3.4204646e-001
 -4.6313622e-001
 -5.7323267e-001
 -6.7456700e-001
 -7.6873052e-001
 -8.5632466e-001
 -9.3679150e-001
 -1.0084402e+000
 -1.0686572e+000
 -1.1142641e+000
 -1.1419655e+000
 -1.1488223e+000
 -1.1326806e+000
 -1.0924978e+000
 -1.0285217e+000
 -9.4230209e-001
 -8.3653674e-001
 -7.1477883e-001
 -5.8105042e-001
 -4.3941969e-001
 -2.9360317e-001
 -1.4664949e-001
 -7.4831705e-004
  1.4281058e-001
  2.8352537e-001
  4.2143694e-001
  5.5678957e-001
  6.8965055e-001
  8.1954868e-001
  9.4518928e-001
  1.0642940e+000
  1.1735968e+000
  1.2690061e+000
  1.3459215e+000
  1.3996687e+000
  1.4260042e+000
  1.4216246e+000
  1.3846181e+000
  1.3147974e+000
  1.2138695e+000
  1.0854157e+000
  9.3468004e-001
  7.6818561e-001
  5.9322135e-001
  4.1725666e-001
  2.4734948e-001
  8.9613704e-002
 -5.1196961e-002
 -1.7194714e-001
 -2.7119926e-001
 -3.4911652e-001
 -4.0721386e-001
 -4.4799924e-001
 -4.7455946e-001
 -4.9014867e-001
 -4.9783295e-001
 -5.0023253e-001
 -4.9938536e-001
 -4.9673515e-001
 -4.9322658e-001
 -4.8947343e-001
 -4.8595429e-001
 -4.8318746e-001
 -4.8184146e-001
 -4.8275075e-001
 -4.8682410e-001
 -4.9485447e-001
 -5.0725945e-001
 -5.2379783e-001
 -5.4331700e-001
 -5.6358679e-001
 -5.8126614e-001
 -5.9203234e-001
 -5.9087883e-001
 -5.7256191e-001
 -5.3215169e-001
 -4.6562304e-001
 -3.7041120e-001
 -2.4585589e-001
 -9.3468678e-002
  8.3021509e-002
  2.7786111e-001
  4.8368829e-001
  6.9212749e-001
  8.9449181e-001
  1.0825077e+000
  1.2489725e+000
  1.3882652e+000
  1.4966506e+000
  1.5723480e+000
  1.6153684e+000
  1.6271565e+000
  1.6101041e+000
  1.5670154e+000
  1.5006128e+000
  1.4131604e+000
  1.3062636e+000
  1.1808720e+000
  1.0374781e+000
  8.7647262e-001
  6.9858740e-001
  5.0534274e-001
  2.9941200e-001
  8.4827631e-002
 -1.3302305e-001
 -3.4763126e-001
 -5.5181124e-001
 -7.3830296e-001
 -9.0045221e-001
 -1.0328721e+000
 -1.1319889e+000
 -1.1963897e+000
 -1.2269164e+000
 -1.2264886e+000
 -1.1996752e+000
 -1.1520754e+000
 -1.0895975e+000
 -1.0177370e+000
 -9.4095987e-001
 -8.6227787e-001
 -7.8307346e-001
 -7.0319416e-001
 -6.2129373e-001
 -5.3535952e-001
 -4.4333664e-001
 -3.4374471e-001
 -2.3618505e-001
 -1.2165385e-001
 -2.6085278e-003
  1.1722569e-001
  2.3327985e-001
  3.4072928e-001
  4.3515201e-001
  5.1315175e-001
  5.7284463e-001
  6.1412988e-001
  6.3869847e-001
  6.4977519e-001
  6.5163204e-001
  6.4894709e-001
  6.4610757e-001
  6.4656528e-001
  6.5234350e-001
  6.6377104e-001
  6.7948244e-001
  6.9668109e-001
  7.1162013e-001
  7.2022175e-001
  7.1873376e-001
  7.0431742e-001
  6.7547267e-001
  6.3223423e-001
  5.7611052e-001
  5.0977976e-001
  4.3659822e-001
  3.6000673e-001
  2.8293850e-001
  2.0733114e-001
  1.3382875e-001
  6.1728128e-002
 -1.0817839e-002
 -8.6369591e-002
 -1.6761248e-001
 -2.5670742e-001
 -3.5468984e-001
 -4.6102051e-001
 -5.7336893e-001
 -6.8767410e-001
 -7.9848286e-001
 -8.9952215e-001
 -9.8442270e-001
 -1.0474870e+000
 -1.0843862e+000
 -1.0926795e+000
 -1.0720795e+000
 -1.0244232e+000
 -9.5335623e-001
 -8.6378350e-001
 -7.6117294e-001
 -6.5082425e-001
 -5.3721692e-001
 -4.2353836e-001
 -3.1146239e-001
 -2.0120632e-001
 -9.1849134e-002
  1.8150491e-002
  1.3033018e-001
  2.4560548e-001
  3.6376780e-001
  4.8318987e-001
  6.0079587e-001
  7.1230860e-001
  8.1274000e-001
  8.9704955e-001
  9.6086549e-001
  1.0011516e+000
  1.0167083e+000
  1.0084209e+000
  9.7920916e-001
  9.3367467e-001
  8.7749601e-001
  8.1665747e-001
  7.5662707e-001
  7.0160789e-001
  6.5397661e-001
  6.1399522e-001
  5.7984024e-001
  5.4794539e-001
  5.1360573e-001
  4.7175193e-001
  4.1777790e-001
  3.4829795e-001
  2.6172187e-001
  1.5856498e-001
  4.1452192e-002
 -8.5178486e-002
 -2.1562189e-001
 -3.4361369e-001
 -4.6309099e-001
 -5.6889155e-001
 -6.5729086e-001
 -7.2630509e-001
 -7.7572685e-001
 -8.0690354e-001
 -8.2230839e-001
 -8.2498441e-001
 -8.1795835e-001
 -8.0372207e-001
 -7.8386308e-001
 -7.5889780e-001
 -7.2832485e-001
 -6.9087794e-001
 -6.4492461e-001
 -5.8893440e-001
 -5.2192992e-001
 -4.4384037e-001
 -3.5569535e-001
 -2.5962617e-001
 -1.5867554e-001
 -5.6449628e-002
  4.3327215e-002
  1.3727898e-001
  2.2278733e-001
  2.9827627e-001
  3.6332708e-001
  4.1860776e-001
  4.6563292e-001
  5.0639858e-001
  5.4295612e-001
  5.7699889e-001
  6.0953085e-001
  6.4067139e-001
  6.6962553e-001
  6.9482034e-001
  7.1417945e-001
  7.2548504e-001
  7.2676260e-001
  7.1662196e-001
  6.9449706e-001
  6.6074648e-001
  6.1660178e-001
  5.6397810e-001
  5.0518496e-001
  4.4259214e-001
  3.7831160e-001
  3.1395220e-001
  2.5048866e-001
  1.8826450e-001
  1.2712316e-001
  6.6637356e-002
  6.3887404e-003
 -5.3759550e-002
 -1.1345328e-001
 -1.7174433e-001
 -2.2711843e-001
 -2.7765230e-001
 -3.2127399e-001
 -3.5607999e-001
 -3.8065034e-001
 -3.9430160e-001
 -3.9722702e-001
 -3.9049266e-001
 -3.7588340e-001
 -3.5562033e-001
 -3.3199487e-001
 -3.0698186e-001
 -2.8189969e-001
 -2.5717935e-001
 -2.3228718e-001
 -2.0582008e-001
 -1.7576195e-001
 -1.3986170e-001
 -9.6069979e-002
 -4.2960020e-002
  1.9941871e-002
  9.1976737e-002
  1.7136040e-001
  2.5538217e-001
  3.4076578e-001
  4.2413386e-001
  5.0249738e-001
  5.7368438e-001
  6.3662963e-001
  6.9146869e-001
  7.3941164e-001
  7.8240905e-001
  8.2265993e-001
  8.6204053e-001
  9.0155056e-001
  9.4087507e-001
  9.7814557e-001
  1.0099547e+000
  1.0316397e+000
  1.0378070e+000
  1.0230287e+000
  9.8261402e-001
  9.1334029e-001
  8.1403206e-001
  6.8589692e-001
  5.3256073e-001
  3.5979039e-001
  1.7493888e-001
 -1.3810003e-002
 -1.9828949e-001
 -3.7116851e-001
 -5.2662464e-001
 -6.6077820e-001
 -7.7183248e-001
 -8.5991170e-001
 -9.2663606e-001
 -9.7451414e-001
 -1.0062609e+000
 -1.0241590e+000
 -1.0295727e+000
 -1.0226943e+000
 -1.0025653e+000
 -9.6736423e-001
 -9.1490842e-001
 -8.4327971e-001
 -7.5146125e-001
 -6.3986909e-001
 -5.1067882e-001
 -3.6787978e-001
 -2.1703481e-001
 -6.4771711e-002
  8.1921861e-002
  2.1649448e-001
  3.3359575e-001
  4.2969034e-001
  5.0342449e-001
  5.5568660e-001
  5.8935236e-001
  6.0875466e-001
  6.1896298e-001
  6.2498715e-001
  6.3103239e-001
  6.3992330e-001
  6.5278662e-001
  6.6903919e-001
  6.8667674e-001
  7.0280887e-001
  7.1434372e-001
  7.1870055e-001
  7.1442222e-001
  7.0157581e-001
  6.8186371e-001
  6.5841601e-001
  6.3528845e-001
  6.1674112e-001
  6.0641255e-001
  6.0652506e-001
  6.1725726e-001
  6.3639690e-001
  6.5934686e-001
  6.7950288e-001
  6.8896472e-001
  6.7948926e-001
  6.4355516e-001
  5.7538847e-001
  4.7180209e-001
  3.3272724e-001
  1.6135935e-001
 -3.6103176e-002
 -2.5108980e-001
 -4.7356747e-001
 -6.9309905e-001
 -8.9990142e-001
 -1.0857577e+000
 -1.2446635e+000
 -1.3731308e+000
 -1.4701262e+000
 -1.5366769e+000
 -1.5752284e+000
 -1.5888716e+000
 -1.5805732e+000
 -1.5525396e+000
 -1.5058162e+000
 -1.4401819e+000
 -1.3543514e+000
 -1.2464408e+000
 -1.1146147e+000
 -9.5779738e-001
 -7.7632524e-001
 -5.7242390e-001
 -3.5042353e-001
 -1.1666691e-001
  1.2088628e-001
  3.5330810e-001
  5.7151381e-001
  7.6712162e-001
  9.3323990e-001
  1.0650732e+000
  1.1602678e+000
  1.2189569e+000
  1.2435130e+000
  1.2380543e+000
  1.2077906e+000
  1.1583105e+000
  1.0949155e+000
  1.0220951e+000
  9.4320660e-001
  8.6038790e-001
  7.7469386e-001
  6.8640773e-001
  5.9545572e-001
  5.0183818e-001
  4.0599361e-001
  3.0902739e-001
  2.1276482e-001
  1.1962084e-001
  3.2312865e-002
 -4.6528975e-002
 -1.1478155e-001
 -1.7120045e-001
 -2.1567415e-001
 -2.4931098e-001
 -2.7433808e-001
 -2.9382279e-001
 -3.1125747e-001
 -3.3007089e-001
 -3.5314198e-001
 -3.8239116e-001
 -4.1851175e-001
 -4.6088121e-001
 -5.0766316e-001
 -5.5608078e-001
 -6.0281574e-001
 -6.4446820e-001
 -6.7800549e-001
 -7.0113109e-001
 -7.1252050e-001
 -7.1189369e-001
 -6.9992100e-001
 -6.7798657e-001
 -6.4785550e-001
 -6.1130493e-001
 -5.6978297e-001
 -5.2415242e-001
 -4.7456017e-001
 -4.2045083e-001
 -3.6071860e-001
 -2.9396845e-001
 -2.1884055e-001
 -1.3434258e-001
 -4.0135201e-002
  6.3274678e-002
  1.7446166e-001
  2.9113853e-001
  4.1032858e-001
  5.2862214e-001
  6.4247367e-001
  7.4849187e-001
  8.4367901e-001
  9.2558757e-001
  9.9237836e-001
  1.0427833e+000
  1.0759925e+000
  1.0914998e+000
  1.0889443e+000
  1.0679888e+000
  1.0282626e+000
  9.6938788e-001
  8.9108758e-001
  7.9335824e-001
  6.7667787e-001
  5.4220902e-001
  3.9195719e-001
  2.2884949e-001
  5.6710632e-002
 -1.1987085e-001
 -2.9577642e-001
 -4.6566537e-001
 -6.2431973e-001
 -7.6698318e-001
 -8.8965268e-001
 -9.8928910e-001
 -1.0639258e+000
 -1.1126704e+000
 -1.1356100e+000
 -1.1336444e+000
 -1.1082799e+000
 -1.0614189e+000
 -9.9517903e-001
 -9.1176381e-001
 -8.1339789e-001
 -7.0232370e-001
 -5.8084559e-001
 -4.5139759e-001
 -3.1660695e-001
 -1.7932690e-001
 -4.2618513e-002
  9.0328075e-002
  2.1633054e-001
  3.3239468e-001
  4.3591407e-001
  5.2485960e-001
  5.9792933e-001
  6.5463405e-001
  6.9530353e-001
  7.2101023e-001
  7.3341999e-001
  7.3459046e-001
  7.2674524e-001
  7.1205512e-001
  6.9245491e-001
  6.6951822e-001
  6.4440150e-001
  6.1785741e-001
  5.9030583e-001
  5.6194228e-001
  5.3285837e-001
  5.0314874e-001
  4.7298331e-001
  4.4263180e-001
  4.1243746e-001
  3.8274779e-001
  3.5381852e-001
  3.2571307e-001
  2.9822075e-001
  2.7081423e-001
  2.4265972e-001
  2.1268394e-001
  1.7969160e-001
  1.4251782e-001
  1.0019335e-001
  5.2097579e-002
 -1.9240116e-003
 -6.1495745e-002
 -1.2571023e-001
 -1.9318852e-001
 -2.6219137e-001
 -3.3076322e-001
 -3.9688638e-001
 -4.5862232e-001
 -5.1422115e-001
 -5.6218700e-001
 -6.0129628e-001
 -6.3057490e-001
 -6.4924807e-001
 -6.5668119e-001
 -6.5233134e-001
 -6.3572575e-001
 -6.0647733e-001
 -5.6433880e-001
 -5.0928786e-001
 -4.4162820e-001
 -3.6208593e-001
 -2.7187987e-001
 -1.7274731e-001
 -6.6913317e-002
  4.2998870e-002
  1.5410854e-001
  2.6345222e-001
  3.6816865e-001
  4.6566768e-001
  5.5375878e-001
  6.3072132e-001
  6.9530861e-001
  7.4668931e-001
  7.8434114e-001
  8.0792080e-001
  8.1713874e-001
  8.1166739e-001
  7.9110597e-001
  7.5501483e-001
  7.0301980e-001
  6.3497295e-001
  5.5114453e-001
  4.5241244e-001
  3.4041268e-001
  2.1761776e-001
  8.7318903e-002
 -4.6498291e-002
 -1.7937899e-001
 -3.0670327e-001
 -4.2403412e-001
 -5.2746598e-001
 -6.1392841e-001
 -6.8140477e-001
 -7.2903712e-001
 -7.5710430e-001
 -7.6687866e-001
 -7.6038395e-001
 -7.4009095e-001
 -7.0859595e-001
 -6.6832820e-001
 -6.2132666e-001
 -5.6911455e-001
 -5.1268336e-001
 -4.5258051e-001
 -3.8907764e-001
 -3.2238444e-001
 -2.5286558e-001
 -1.8121926e-001
 -1.0858290e-001
 -3.6544569e-002
  3.2944744e-002
  9.7745704e-002
  1.5576458e-001
  2.0520867e-001
  2.4482099e-001
  2.7405495e-001
  2.9315897e-001
  3.0315507e-001
  3.0571271e-001
  3.0293505e-001
  2.9708934e-001
  2.9032079e-001
  2.8439215e-001
  2.8048603e-001
  2.7909671e-001
  2.8002337e-001
  2.8246071e-001
  2.8516757e-001
  2.8668262e-001
  2.8555018e-001
  2.8051921e-001
  2.7068490e-001
  2.5555379e-001
  2.3502711e-001
  2.0931230e-001
  1.7878498e-001
  1.4383204e-001
  1.0470959e-001
  6.1446180e-002
  1.3812842e-002
 -3.8630514e-002
 -9.6417536e-002
 -1.6000498e-001
 -2.2957812e-001
 -3.0486625e-001
 -3.8500193e-001
 -4.6845171e-001
 -5.5303506e-001
 -6.3603426e-001
 -7.1438377e-001
 -7.8491490e-001
 -8.4462284e-001
 -8.9091953e-001
 -9.2183869e-001
 -9.3616654e-001
 -9.3348415e-001
 -9.1412081e-001
 -8.7903169e-001
 -8.2962402e-001
 -7.6756270e-001
 -6.9458799e-001
 -6.1237348e-001
 -5.2244424e-001
 -4.2616301e-001
 -3.2477969e-001
 -2.1952746e-001
 -1.1174087e-001
 -2.9669514e-003
  1.0495832e-001
  2.0988939e-001
  3.0941808e-001
  4.0098752e-001
  4.8206091e-001
  5.5032260e-001
  6.0388335e-001
  6.4145960e-001
  6.6250027e-001
  6.6724219e-001
  6.5668573e-001
  6.3249409e-001
  5.9683037e-001
  5.5215530e-001
  5.0101266e-001
  4.4582988e-001
  3.8875696e-001
  3.3155957e-001
  2.7557246e-001
  2.2170985e-001
  1.7052090e-001
  1.2227285e-001
  7.7042153e-002
  3.4795872e-002
 -4.5502018e-003
 -4.1102923e-002
 -7.4991792e-002
 -1.0638986e-001
 -1.3554337e-001
 -1.6279614e-001
 -1.8859634e-001
 -2.1347745e-001
 -2.3801115e-001
 -2.6273671e-001
 -2.8807735e-001
 -3.1425755e-001
 -3.4123693e-001
 -3.6867369e-001
 -3.9592628e-001
 -4.2209526e-001
 -4.4609991e-001
 -4.6677807e-001
 -4.8299323e-001
 -4.9373163e-001
 -4.9817408e-001
 -4.9573224e-001
 -4.8604633e-001
 -4.6894895e-001
 -4.4440688e-001
 -4.1245781e-001
 -3.7316035e-001
 -3.2657370e-001
 -2.7277759e-001
 -2.1193494e-001
 -1.4438979e-001
 -7.0784603e-002
  7.8260620e-003
  8.9891028e-002
  1.7333110e-001
  2.5557837e-001
  3.3369374e-001
  4.0455765e-001
  4.6511644e-001
  5.1265578e-001
  5.4506611e-001
  5.6106286e-001
  5.6032885e-001
  5.4355585e-001
  5.1237574e-001
  4.6918807e-001
  4.1690552e-001
  3.5865187e-001
  2.9745386e-001
  2.3596961e-001
  1.7629082e-001
  1.1984375e-001
  6.7399033e-002
  1.9182541e-002
 -2.4936512e-002
 -6.5216313e-002
 -1.0181465e-001
 -1.3460457e-001
 -1.6306774e-001
 -1.8628661e-001
 -2.0303885e-001
 -2.1197998e-001
 -2.1188411e-001
 -2.0190144e-001
 -1.8178731e-001
 -1.5206055e-001
 -1.1405934e-001
 -6.9879009e-002
 -2.2194831e-002
  2.6008133e-002
  7.1760534e-002
  1.1244223e-001
  1.4607426e-001
  1.7152541e-001
  1.8860267e-001
  1.9801258e-001
  2.0120082e-001
  2.0009659e-001
  1.9680295e-001
  1.9328269e-001
  1.9108933e-001
  1.9118485e-001
  1.9387087e-001
  1.9884099e-001
  2.0534117e-001
  2.1240719e-001
  2.1913469e-001
  2.2493210e-001
  2.2970905e-001
  2.3396403e-001
  2.3875184e-001
  2.4553199e-001
  2.5591989e-001
  2.7137972e-001
  2.9290949e-001
  3.2077097e-001
  3.5431223e-001
  3.9191626e-001
  4.3109029e-001
  4.6868822e-001
  5.0123771e-001
  5.2532684e-001
  5.3799528e-001
  5.3707424e-001
  5.2142691e-001
  4.9105631e-001
  4.4706800e-001
  3.9149694e-001
  3.2702841e-001
  2.5665805e-001
  1.8334428e-001
  1.0970550e-001
  3.7805675e-002
 -3.0944188e-002
 -9.5760943e-002
 -1.5635375e-001
 -2.1270945e-001
 -2.6484285e-001
 -3.1256096e-001
 -3.5528700e-001
 -3.9197892e-001
 -4.2116055e-001
 -4.4106366e-001
 -4.4985999e-001
 -4.4594620e-001
 -4.2823550e-001
 -3.9640717e-001
 -3.5107174e-001
 -2.9382210e-001
 -2.2715889e-001
 -1.5429777e-001
 -7.8884417e-002
 -4.6571710e-003
  6.4895718e-002
  1.2683711e-001
  1.7900087e-001
  2.2010481e-001
  2.4974786e-001
  2.6830108e-001
  2.7671744e-001
  2.7629677e-001
  2.6844694e-001
  2.5447988e-001
  2.3547266e-001
  2.1221049e-001
  1.8521285e-001
  1.5482884e-001
  1.2137589e-001
  8.5288695e-002
  4.7244642e-002
  8.2369826e-003
 -3.0422401e-002
 -6.7175484e-002
 -1.0035641e-001
 -1.2837380e-001
 -1.4990688e-001
 -1.6408226e-001
 -1.7060105e-001
 -1.6979428e-001
 -1.6259656e-001
 -1.5044177e-001
 -1.3509708e-001
 -1.1846215e-001
 -1.0236490e-001
 -8.8385457e-002
 -7.7733603e-002
 -7.1195308e-002
 -6.9151093e-002
 -7.1656246e-002
 -7.8562197e-002
 -8.9651593e-002
 -1.0475810e-001
 -1.2384571e-001
 -1.4703095e-001
 -1.7454285e-001
 -2.0662826e-001
 -2.4342108e-001
 -2.8480203e-001
 -3.3027829e-001
 -3.7890976e-001
 -4.2930124e-001
 -4.7966820e-001
 -5.2797068e-001
 -5.7209756e-001
 -6.1007351e-001
 -6.4025615e-001
 -6.6149160e-001
 -6.7320317e-001
 -6.7539864e-001
 -6.6859582e-001
 -6.5367977e-001
 -6.3171758e-001
 -6.0376396e-001
 -5.7069319e-001
 -5.3308830e-001
 -4.9120878e-001
 -4.4504406e-001
 -3.9444412e-001
 -3.3930446e-001
 -2.7977126e-001
 -2.1642753e-001
 -1.5042219e-001
 -8.3512261e-002
 -1.8001866e-002
  4.3421520e-002
  9.7935462e-002
  1.4288260e-001
  1.7607920e-001
  1.9608571e-001
  2.0239724e-001
  1.9552271e-001
  1.7693832e-001
  1.4891962e-001
  1.1427571e-001
  7.6023797e-002
  3.7052004e-002
 -1.8023148e-004
 -3.3861034e-002
 -6.2934242e-002
 -8.7084838e-002
 -1.0660957e-001
 -1.2219919e-001
 -1.3467290e-001
 -1.4471296e-001
 -1.5264688e-001
 -1.5831615e-001
 -1.6105539e-001
 -1.5978700e-001
 -1.5321618e-001
 -1.4009383e-001
 -1.1950257e-001
 -9.1116239e-002
 -5.5386482e-002
 -1.3621208e-002
  3.2063485e-002
  7.8916157e-002
  1.2382589e-001
  1.6366274e-001
  1.9563390e-001
  2.1760367e-001
  2.2833108e-001
  2.2759150e-001
  2.1616676e-001
  1.9570841e-001
  1.6849814e-001
  1.3714455e-001
  1.0426402e-001
  7.2194267e-002
  4.2782377e-002
  1.7275081e-002
 -3.6784594e-003
 -1.9920428e-002
 -3.1600862e-002
 -3.8955508e-002
 -4.2089323e-002
 -4.0807951e-002
 -3.4530400e-002
 -2.2301379e-002
 -2.9040244e-003
  2.4944112e-002
  6.2343811e-002
  1.0995713e-001
  1.6778454e-001
  2.3501538e-001
  3.0997957e-001
  3.9021244e-001
  4.7262712e-001
  5.5377171e-001
  6.3013593e-001
  6.9846436e-001
  7.5603349e-001
  8.0085614e-001
  8.3178897e-001
  8.4853477e-001
  8.5154745e-001
  8.4186235e-001
  8.2088501e-001
  7.9017584e-001
  7.5126606e-001
  7.0553273e-001
  6.5414780e-001
  5.9810226e-001
  5.3829167e-001
  4.7563871e-001
  4.1122131e-001
  3.4637459e-001
  2.8273976e-001
  2.2224309e-001
  1.6700118e-001
  1.1916247e-001
  8.0706926e-002
  5.3234356e-002
  3.7774497e-002
  3.4649818e-002
  4.3413755e-002
  6.2875524e-002
  9.1209052e-002
  1.2613049e-001
  1.6511849e-001
  2.0564533e-001
  2.4538678e-001
  2.8238292e-001
  3.1513186e-001
  3.4260998e-001
  3.6422500e-001
  3.7971938e-001
  3.8904871e-001
  3.9226304e-001
  3.8941604e-001
  3.8052069e-001
  3.6555917e-001
  3.4454343e-001
  3.1761199e-001
  2.8514010e-001
  2.4783725e-001
  2.0680642e-001
  1.6354629e-001
  1.1988691e-001
  7.7861607e-002
  3.9529436e-002
  6.7725201e-003
 -1.8902018e-002
 -3.6524940e-002
 -4.5766661e-002
 -4.6961064e-002
 -4.1046690e-002
 -2.9433754e-002
 -1.3817332e-002
  4.0343932e-003
  2.2484141e-002
  4.0190827e-002
  5.6212057e-002
  7.0030695e-002
  8.1505490e-002
  9.0758817e-002
  9.8025315e-002
  1.0349179e-001
  1.0715996e-001
  1.0875951e-001
  1.0772941e-001
  1.0327368e-001
  9.4483668e-002
  8.0507050e-002
  6.0734498e-002
  3.4971165e-002
  3.5615405e-003
 -3.2556640e-002
 -7.1882451e-002
 -1.1246521e-001
 -1.5208695e-001
 -1.8848816e-001
 -2.1960386e-001
 -2.4377529e-001
 -2.5990647e-001
 -2.6754405e-001
 -2.6687137e-001
 -2.5862184e-001
 -2.4392936e-001
 -2.2414376e-001
 -2.0064359e-001
 -1.7467822e-001
 -1.4726467e-001
 -1.1915382e-001
 -9.0867627e-002
 -6.2795434e-002
 -3.5326335e-002
 -8.9874691e-003
  1.5443336e-002
  3.6878011e-002
  5.3929860e-002
  6.5001596e-002
  6.8440909e-002
  6.2741718e-002
  4.6759727e-002
  1.9906637e-002
 -1.7710923e-002
 -6.5234019e-002
 -1.2108954e-001
 -1.8312271e-001
 -2.4880764e-001
 -3.1550669e-001
 -3.8074093e-001
 -4.4243193e-001
 -4.9907893e-001
 -5.4984581e-001
 -5.9454619e-001
 -6.3353176e-001
 -6.6750387e-001
 -6.9728118e-001
 -7.2356285e-001
 -7.4672717e-001
 -7.6669958e-001
 -7.8291219e-001
 -7.9436170e-001
 -7.9975601e-001
 -7.9772515e-001
 -7.8706114e-001
 -7.6694657e-001
 -7.3713329e-001
 -6.9804071e-001
 -6.5075608e-001
 -5.9693532e-001
 -5.3861892e-001
 -4.7799116e-001
 -4.1712015e-001
 -3.5771889e-001
 -3.0096417e-001
 -2.4740034e-001
 -1.9694142e-001
 -1.4896896e-001
 -1.0250804e-001
 -5.6451460e-002
 -9.7954780e-003
  3.8150852e-002
  8.7615217e-002
  1.3829262e-001
  1.8936531e-001
  2.3960564e-001
  2.8754205e-001
  3.3165867e-001
  3.7059454e-001
  4.0331000e-001
  4.2919400e-001
  4.4809783e-001
  4.6029317e-001
  4.6636595e-001
  4.6706780e-001
  4.6315393e-001
  4.5523715e-001
  4.4368416e-001
  4.2857187e-001
  4.0970980e-001
  3.8672281e-001
  3.5917715e-001
  3.2672534e-001
  2.8924214e-001
  2.4692594e-001
  2.0034628e-001
  1.5042859e-001
  9.8378439e-002
  4.5559168e-002
 -6.6550896e-003
 -5.7024130e-002
 -1.0455787e-001
 -1.4858294e-001
 -1.8874774e-001
 -2.2496551e-001
 -2.5730668e-001
 -2.8586126e-001
 -3.1059862e-001
 -3.3125267e-001
 -3.4725686e-001
 -3.5774503e-001
 -3.6162221e-001
 -3.5769720e-001
 -3.4485692e-001
 -3.2225433e-001
 -2.8947799e-001
 -2.4667327e-001
 -1.9459224e-001
 -1.3456079e-001
 -6.8364883e-002
  1.9285492e-003
  7.4189051e-002
  1.4644486e-001
  2.1707470e-001
  2.8493856e-001
  3.4942682e-001
  4.1042015e-001
  4.6816806e-001
  5.2310726e-001
  5.7565175e-001
  6.2599180e-001
  6.7393774e-001
  7.1883769e-001
  7.5958623e-001
  7.9472572e-001
  8.2262646e-001
  8.4171828e-001
  8.5073649e-001
  8.4894225e-001
  8.3628007e-001
  8.1344499e-001
  7.8184549e-001
  7.4346492e-001
  7.0064016e-001
  6.5578977e-001
  6.1113180e-001
  5.6843359e-001
  5.2883102e-001
  4.9274376e-001
  4.5989813e-001
  4.2945265e-001
  4.0020517e-001
  3.7084829e-001
  3.4023262e-001
  3.0759707e-001
  2.7273089e-001
  2.3604397e-001
  1.9853651e-001
  1.6167522e-001
  1.2719777e-001
  9.6877850e-002
  7.2288394e-002
  5.4599769e-002
  4.4442833e-002
  4.1855447e-002
  4.6317026e-002
  5.6861398e-002
  7.2246089e-002
  9.1147939e-002
  1.1235205e-001
  1.3490373e-001
  1.5820063e-001
  1.8201341e-001
  2.0643582e-001
  2.3177714e-001
  2.5841894e-001
  2.8666346e-001
  3.1660104e-001
  3.4801922e-001
  3.8036811e-001
  4.1278581e-001
  4.4417676e-001
  4.7332695e-001
  4.9903375e-001
  5.2022662e-001
  5.3605756e-001
  5.4594690e-001
  5.4957893e-001
  5.4685209e-001
  5.3779677e-001
  5.2248066e-001
  5.0092323e-001
  4.7303944e-001
  4.3862690e-001
  3.9740207e-001
  3.4908120e-001
  2.9349256e-001
  2.3069972e-001
  1.6111219e-001
  8.5560939e-002
  5.3215942e-003
 -7.7923353e-002
 -1.6218163e-001
 -2.4529541e-001
 -3.2511204e-001
 -3.9965572e-001
 -4.6727385e-001
 -5.2673563e-001
 -5.7726886e-001
 -6.1853091e-001
 -6.5052180e-001
 -6.7345706e-001
 -6.8762549e-001
 -6.9325951e-001
 -6.9044401e-001
 -6.7908218e-001
 -6.5892732e-001
 -6.2967653e-001
 -5.9111126e-001
 -5.4325949e-001
 -4.8654958e-001
 -4.2192522e-001
 -3.5089635e-001
 -2.7551055e-001
 -1.9824196e-001
 -1.2180890e-001
 -4.8943038e-002
  1.7857658e-002
  7.6556608e-002
  1.2575327e-001
  1.6477863e-001
  1.9369744e-001
  2.1321745e-001
  2.2452064e-001
  2.2904329e-001
  2.2824013e-001
  2.2336950e-001
  2.1533304e-001
  2.0459359e-001
  1.9118223e-001
  1.7478964e-001
  1.5492330e-001
  1.3110051e-001
  1.0304117e-001
  7.0824200e-002
  3.4977802e-002
 -3.5153660e-003
 -4.3302130e-002
 -8.2820680e-002
 -1.2051536e-001
 -1.5506964e-001
 -1.8561845e-001
 -2.1190336e-001
 -2.3434245e-001
 -2.5399979e-001
 -2.7245525e-001
 -2.9159105e-001
 -3.1332491e-001
 -3.3932809e-001
 -3.7076953e-001
 -4.0812309e-001
 -4.5106561e-001
 -4.9847928e-001
 -5.4855615e-001
 -5.9898737e-001
 -6.4720752e-001
 -6.9065698e-001
 -7.2702449e-001
 -7.5443635e-001
 -7.7156936e-001
 -7.7767761e-001
 -7.7253797e-001
 -7.5633238e-001
 -7.2949456e-001
 -6.9255347e-001
 -6.4600472e-001
 -5.9023466e-001
 -5.2551080e-001
 -4.5203981e-001
 -3.7008074e-001
 -2.8009090e-001
 -1.8287489e-001
 -7.9706146e-002
  2.7605705e-002
  1.3671972e-001
  2.4484664e-001
  3.4890322e-001
  4.4571880e-001
  5.3226679e-001
  6.0588909e-001
  6.6448300e-001
  7.0662626e-001
  7.3162592e-001
  7.3948922e-001
  7.3082683e-001
  7.0670935e-001
  6.6850429e-001
  6.1772232e-001
  5.5589846e-001
  4.8452561e-001
  4.0504715e-001
  3.1890347e-001
  2.2761633e-001
  1.3288713e-001
  3.6681858e-002
 -5.8723202e-002
 -1.5075414e-001
 -2.3661989e-001
 -3.1345750e-001
 -3.7852747e-001
 -4.2943433e-001
 -4.6434187e-001
 -4.8215142e-001
 -4.8261577e-001
 -4.6636994e-001
 -4.3487239e-001
 -3.9026270e-001
 -3.3515462e-001
 -2.7239205e-001
 -2.0480079e-001
 -1.3496832e-001
 -6.5078511e-002
  3.1811525e-003
  6.8634548e-002
  1.3056094e-001
  1.8858599e-001
  2.4254520e-001
  2.9234793e-001
  3.3786864e-001
  3.7888506e-001
  4.1507351e-001
  4.4606034e-001
  4.7151721e-001
  4.9127984e-001
  5.0546476e-001
  5.1455830e-001
  5.1945675e-001
  5.2144435e-001
  5.2210644e-001
  5.2318632e-001
  5.2640378e-001
  5.3326028e-001
  5.4485832e-001
  5.6176069e-001
  5.8390947e-001
  6.1061527e-001
  6.4061714e-001
  6.7220256e-001
  7.0336935e-001
  7.3200549e-001
  7.5606251e-001
  7.7370069e-001
  7.8339092e-001
  7.8396668e-001
  7.7462850e-001
  7.5491163e-001
  7.2463279e-001
  6.8383427e-001
  6.3274198e-001
  5.7174916e-001
  5.0143039e-001
  4.2258252e-001
  3.3628180e-001
  2.4394137e-001
  1.4735104e-001
  4.8683244e-002
 -4.9546573e-002
 -1.4456895e-001
 -2.3349434e-001
 -3.1347907e-001
 -3.8190429e-001
 -4.3654545e-001
 -4.7571059e-001
 -4.9832979e-001
 -5.0398555e-001
 -4.9288300e-001
 -4.6576812e-001
 -4.2381006e-001
 -3.6846868e-001
 -3.0136994e-001
 -2.2420867e-001
 -1.3869242e-001
 -4.6530938e-002
  5.0533416e-002
  1.5066809e-001
  2.5188542e-001
  3.5199295e-001
  4.4857962e-001
  5.3905306e-001
  6.2073381e-001
  6.9100199e-001
  7.4748136e-001
  7.8823730e-001
  8.1196045e-001
  8.1810758e-001
  8.0697596e-001
  7.7969587e-001
  7.3813826e-001
  6.8474638e-001
  6.2231242e-001
  5.5372829e-001
  4.8174385e-001
  4.0876468e-001
  3.3671513e-001
  2.6698212e-001
  2.0044182e-001
  1.3755879e-001
  7.8535125e-002
  2.3479826e-002
 -2.7433983e-002
 -7.3853745e-002
 -1.1519576e-001
 -1.5066730e-001
 -1.7935944e-001
 -2.0039455e-001
 -2.1310217e-001
 -2.1719143e-001
 -2.1288724e-001
 -2.0100328e-001
 -1.8293402e-001
 -1.6056159e-001
 -1.3608675e-001
 -1.1180616e-001
 -8.9867142e-002
 -7.2035451e-002
 -5.9509852e-002
 -5.2810547e-002
 -5.1757014e-002
 -5.5537084e-002
 -6.2855031e-002
 -7.2134531e-002
 -8.1744364e-002
 -9.0212108e-002
 -9.6394092e-002
 -9.9577976e-002
 -9.9506191e-002
 -9.6321982e-002
 -9.0452750e-002
 -8.2455587e-002
 -7.2855676e-002
 -6.2008635e-002
 -5.0012948e-002
 -3.6689226e-002
 -2.1630745e-002
 -4.3167989e-003
  1.5731107e-002
  3.8778202e-002
  6.4721734e-002
  9.2981677e-002
  1.2245886e-001
  1.5157169e-001
  1.7836980e-001
  2.0071061e-001
  2.1647431e-001
  2.2378672e-001
  2.2121831e-001
  2.0793141e-001
  1.8375621e-001
  1.4918732e-001
  1.0530521e-001
  5.3638126e-002
 -4.0116634e-003
 -6.5748735e-002
 -1.2974517e-001
 -1.9435847e-001
 -2.5819329e-001
 -3.2010410e-001
 -3.7914682e-001
 -4.3449639e-001
 -4.8535267e-001
 -5.3085834e-001
 -5.7004937e-001
 -6.0185142e-001
 -6.2512656e-001
 -6.3876407e-001
 -6.4180067e-001
 -6.3354904e-001
 -6.1371139e-001
 -5.8245690e-001
 -5.4044779e-001
 -4.8880756e-001
 -4.2903506e-001
 -3.6287746e-001
 -2.9218219e-001
 -2.1875169e-001
 -1.4422367e-001
 -6.9994874e-002
  2.8019150e-003
  7.3268131e-002
  1.4066715e-001
  2.0432806e-001
  2.6354869e-001
  3.1752141e-001
  3.6530139e-001
  4.0582863e-001
  4.3800518e-001
  4.6081755e-001
  4.7348476e-001
  4.7560629e-001
  4.6728181e-001
  4.4917794e-001
  4.2252470e-001
  3.8903548e-001
  3.5075716e-001
  3.0986896e-001
  2.6845820e-001
  2.2830621e-001
  1.9071704e-001
  1.5641600e-001
  1.2553437e-001
  9.7682723e-002
  7.2101522e-002
  4.7864235e-002
  2.4099677e-002
  1.9653166e-004
 -2.4044433e-002
 -4.8336592e-002
 -7.1925413e-002
 -9.3696156e-002
 -1.1235410e-001
 -1.2664754e-001
 -1.3559588e-001
 -1.3868377e-001
 -1.3598667e-001
 -1.2820443e-001
 -1.1659395e-001
 -1.0280872e-001
 -8.8668412e-002
 -7.5894050e-002
 -6.5850070e-002
 -5.9334759e-002
 -5.6453091e-002
 -5.6593364e-002
 -5.8512658e-002
 -6.0518808e-002
 -6.0721194e-002
 -5.7311575e-002
 -4.8831451e-002
 -3.4384642e-002
 -1.3762696e-002
  1.2535131e-002
  4.3388533e-002
  7.7233515e-002
  1.1230008e-001
  1.4687051e-001
  1.7951568e-001
  2.0927120e-001
  2.3572570e-001
  2.5900861e-001
  2.7968199e-001
  2.9855707e-001
  3.1646903e-001
  3.3405024e-001
  3.5154292e-001
  3.6868484e-001
  3.8468996e-001
  3.9832947e-001
  4.0810174e-001
  4.1246482e-001
  4.1009383e-001
  4.0012145e-001
  3.8232177e-001
  3.5720661e-001
  3.2601742e-001
  2.9061243e-001
  2.5326552e-001
  2.1640717e-001
  1.8234668e-001
  1.5301774e-001
  1.2978471e-001
  1.1333703e-001
  1.0368452e-001
  1.0024993e-001
  1.0203960e-001
  1.0786129e-001
  1.1655115e-001
  1.2717193e-001
  1.3915037e-001
  1.5233294e-001
  1.6695381e-001
  1.8352392e-001
  2.0266356e-001
  2.2491041e-001
  2.5053831e-001
  2.7942010e-001
  3.1095956e-001
  3.4410542e-001
  3.7744593e-001
  4.0936883e-001
  4.3826020e-001
  4.6270931e-001
  4.8168581e-001
  4.9466029e-001
  5.0164935e-001
  5.0317899e-001
  5.0017379e-001
  4.9379191e-001
  4.8523424e-001
  4.7555986e-001
  4.6553816e-001
  4.5556060e-001
  4.4562440e-001
  4.3538754e-001
  4.2428193e-001
  4.1166161e-001
  3.9695743e-001
  3.7980877e-001
  3.6014804e-001
  3.3822253e-001
  3.1455019e-001
  2.8981845e-001
  2.6474563e-001
  2.3993217e-001
  2.1573096e-001
  1.9216317e-001
  1.6889817e-001
  1.4530494e-001
  1.2056917e-001
  9.3858623e-002
  6.4509690e-002
  3.2203389e-002
 -2.9001669e-003
 -4.0093944e-002
 -7.8137402e-002
 -1.1535268e-001
 -1.4979149e-001
 -1.7944898e-001
 -2.0249266e-001
 -2.1747217e-001
 -2.2347812e-001
 -2.2022677e-001
 -2.0805911e-001
 -1.8785684e-001
 -1.6089100e-001
 -1.2862995e-001
 -9.2539138e-002
 -5.3906039e-002
 -1.3718547e-002
  2.7384623e-002
  6.9085790e-002
  1.1129036e-001
  1.5397934e-001
  1.9704128e-001
  2.4011644e-001
  2.8248405e-001
  3.2301635e-001
  3.6021192e-001
  3.9230709e-001
  4.1745110e-001
  4.3391961e-001
  4.4033394e-001
  4.3585239e-001
  4.2030357e-001
  3.9424084e-001
  3.5890892e-001
  3.1612765e-001
  2.6811011e-001
  2.1724233e-001
  1.6585654e-001
  1.1602997e-001
  6.9435689e-002
  2.7262628e-002
 -9.7903220e-003
 -4.1453196e-002
 -6.7774784e-002
 -8.8988363e-002
 -1.0538082e-001
 -1.1719027e-001
 -1.2455037e-001
 -1.2748987e-001
 -1.2598447e-001
 -1.2004810e-001
 -1.0984238e-001
 -9.5779814e-002
 -7.8596476e-002
 -5.9375606e-002
 -3.9511924e-002
 -2.0617302e-002
 -4.3789701e-003
  7.6097889e-003
  1.4021145e-002
  1.3940170e-002
  6.9655189e-003
 -6.7518933e-003
 -2.6537421e-002
 -5.1282758e-002
 -7.9582112e-002
 -1.0989205e-001
 -1.4068954e-001
 -1.7060427e-001
 -1.9850674e-001
 -2.2354258e-001
 -2.4511360e-001
 -2.6281602e-001
 -2.7635429e-001
 -2.8545267e-001
 -2.8978726e-001
 -2.8895621e-001
 -2.8249842e-001
 -2.6996084e-001
 -2.5100426e-001
 -2.2552915e-001
 -1.9379745e-001
 -1.5652538e-001
 -1.1492573e-001
 -7.0685676e-002
 -2.5876529e-002
  1.7196930e-002
  5.6189325e-002
  8.8924141e-002
  1.1359065e-001
  1.2890061e-001
  1.3418323e-001
  1.2940646e-001
  1.1512460e-001
  9.2363868e-002
  6.2467301e-002
  2.6926298e-002
 -1.2772602e-002
 -5.5261061e-002
 -9.9345859e-002
 -1.4400401e-001
 -1.8832278e-001
 -2.3140214e-001
 -2.7224502e-001
 -3.0966382e-001
 -3.4222938e-001
 -3.6828169e-001
 -3.8601066e-001
 -3.9360211e-001
 -3.8943185e-001
 -3.7228037e-001
 -3.4153479e-001
 -2.9734470e-001
 -2.4070359e-001
 -1.7343814e-001
 -9.8101123e-002
 -1.7778573e-002
  6.4165043e-002
  1.4436983e-001
  2.1975361e-001
  2.8773861e-001
  3.4640278e-001
  3.9453882e-001
  4.3161890e-001
  4.5767820e-001
  4.7314290e-001
  4.7863670e-001
  4.7480230e-001
  4.6217031e-001
  4.4109865e-001
  4.1179211e-001
  3.7439642e-001
  3.2914702e-001
  2.7654192e-001
  2.1750251e-001
  1.5348679e-001
  8.6526912e-002
  1.9174714e-002
 -4.5645446e-002
 -1.0486156e-001
 -1.5552776e-001
 -1.9510896e-001
 -2.2173530e-001
 -2.3438869e-001
 -2.3299371e-001
 -2.1839933e-001
 -1.9225462e-001
 -1.5679774e-001
 -1.1459038e-001
 -6.8237746e-002
 -2.0134994e-002
  2.7724231e-002
  7.3853074e-002
  1.1728150e-001
  1.5747838e-001
  1.9420784e-001
  2.2735257e-001
  2.5674207e-001
  2.8202153e-001
  3.0258919e-001
  3.1761681e-001
  3.2615211e-001
  3.2728649e-001
  3.2035840e-001
  3.0515506e-001
  2.8207384e-001
  2.5221017e-001
  2.1735023e-001
  1.7986185e-001
  1.4249411e-001
  1.0811122e-001
  7.9397887e-002
  5.8578458e-002
  4.7190778e-002
  4.5947239e-002
  5.4701976e-002
  7.2526395e-002
  9.7878214e-002
  1.2883474e-001
  1.6335163e-001
  1.9950543e-001
  2.3568224e-001
  2.7068531e-001
  3.0374904e-001
  3.3446377e-001
  3.6263164e-001
  3.8808572e-001
  4.1051124e-001
  4.2930719e-001
  4.4351919e-001
  4.5186184e-001
  4.5283244e-001
  4.4490131e-001
  4.2674935e-001
  3.9751423e-001
  3.5700300e-001
  3.0583366e-001
  2.4547830e-001
  1.7819608e-001
  1.0686171e-001
  3.4712176e-002
 -3.4952643e-002
 -9.9072159e-002
 -1.5508649e-001
 -2.0112044e-001
 -2.3606629e-001
 -2.5955814e-001
 -2.7184887e-001
 -2.7361586e-001
 -2.6573355e-001
 -2.4905518e-001
 -2.2424345e-001
 -1.9168055e-001
 -1.5147310e-001
 -1.0355018e-001
 -4.7835637e-002
  1.5538574e-002
  8.6019039e-002
  1.6246024e-001
  2.4303307e-001
  3.2523652e-001
  4.0601983e-001
  4.8200406e-001
  5.4977528e-001
  6.0620913e-001
  6.4878059e-001
  6.7581412e-001
  6.8663810e-001
  6.8162199e-001
  6.6209240e-001
  6.3014262e-001
  5.8836608e-001
  5.3955475e-001
  4.8640738e-001
  4.3128922e-001
  3.7607451e-001
  3.2208831e-001
  2.7014677e-001
  2.2067879e-001
  1.7389834e-001
  1.2998976e-001
  8.9267471e-002
  5.2277360e-002
  1.9819364e-002
 -7.1144806e-003
 -2.7475885e-002
 -4.0345513e-002
 -4.5133314e-002
 -4.1756293e-002
 -3.0759148e-002
 -1.3352515e-002
  8.6427505e-003
  3.2940984e-002
  5.7007465e-002
  7.8313315e-002
  9.4591869e-002
  1.0405875e-001
  1.0556423e-001
  9.8657907e-002
  8.3560725e-002
  6.1054470e-002
  3.2312383e-002
 -1.2966150e-003
 -3.8394580e-002
 -7.7739900e-002
 -1.1830828e-001
 -1.5929944e-001
 -2.0007437e-001
 -2.4004189e-001
 -2.7852339e-001
 -3.1462960e-001
 -3.4718162e-001
 -3.7470073e-001
 -3.9547906e-001
 -4.0772789e-001
 -4.0978511e-001
 -4.0035115e-001
 -3.7871486e-001
 -3.4493049e-001
 -2.9991239e-001
 -2.4542604e-001
 -1.8397022e-001
 -1.1856207e-001
 -5.2452891e-002
  1.1185862e-002
  6.9561883e-002
  1.2050374e-001
  1.6261134e-001
  1.9529589e-001
  2.1870794e-001
  2.3357001e-001
  2.4094561e-001
  2.4198611e-001
  2.3770001e-001
  2.2878414e-001
  2.1554498e-001
  1.9792209e-001
  1.7560705e-001
  1.4823435e-001
  1.1560735e-001
  7.7915374e-002
  3.5899066e-002
 -9.0710438e-003
 -5.5023304e-002
 -9.9523512e-002
 -1.3990698e-001
 -1.7357137e-001
 -1.9828664e-001
 -2.1247420e-001
 -2.1541177e-001
 -2.0733126e-001
 -1.8939390e-001
 -1.6354602e-001
 -1.3227772e-001
 -9.8321700e-002
 -6.4338563e-002
 -3.2635918e-002
 -4.9623703e-003
  1.7595970e-002
  3.4606376e-002
  4.6176742e-002
  5.2765385e-002
  5.4952078e-002
  5.3214707e-002
  4.7753844e-002
  3.8398186e-002
  2.4608711e-002
  5.5813324e-003
 -1.9570219e-002
 -5.1584341e-002
 -9.0816460e-002
 -1.3704271e-001
 -1.8934034e-001
 -2.4607017e-001
 -3.0496950e-001
 -3.6334528e-001
 -4.1834030e-001
 -4.6723271e-001
 -5.0772364e-001
 -5.3816906e-001
 -5.5772166e-001
 -5.6636298e-001
 -5.6482425e-001
 -5.5441268e-001
 -5.3677461e-001
 -5.1363691e-001
 -4.8657017e-001
 -4.5681197e-001
 -4.2517698e-001
 -3.9206433e-001
 -3.5755480e-001
 -3.2157419e-001
 -2.8408735e-001
 -2.4528176e-001
 -2.0570178e-001
 -1.6630372e-001
 -1.2841648e-001
 -9.3610128e-002
 -6.3492026e-002
 -3.9464294e-002
 -2.2484667e-002
 -1.2873686e-002
 -1.0204549e-002
 -1.3298755e-002
 -2.0333164e-002
 -2.9045293e-002
 -3.7006835e-002
 -4.1923421e-002
 -4.1913724e-002
 -3.5724063e-002
 -2.2845208e-002
 -3.5144348e-003
  2.1394830e-002
  5.0574364e-002
  8.2536736e-002
  1.1587922e-001
  1.4950896e-001
  1.8278941e-001
  2.1558204e-001
  2.4817630e-001
  2.8112092e-001
  3.1498786e-001
  3.5011333e-001
  3.8636546e-001
  4.2298515e-001
  4.5853502e-001
  4.9097359e-001
  5.1785047e-001
  5.3659742e-001
  5.4487251e-001
  5.4090434e-001
  5.2378123e-001
  4.9363782e-001
  4.5170646e-001
  4.0022226e-001
  3.4219318e-001
  2.8106839e-001
  2.2035417e-001
  1.6323471e-001
  1.1225435e-001
  6.9106945e-002
  3.4560756e-002
  8.5243547e-003
 -9.7638009e-003
 -2.1459723e-002
 -2.7803331e-002
 -2.9829001e-002
 -2.8148572e-002
 -2.2844700e-002
 -1.3492538e-002
  6.9522560e-004
  2.0627100e-002
  4.7039866e-002
  8.0208447e-002
  1.1971348e-001
  1.6431252e-001
  2.1194379e-001
  2.5986927e-001
  3.0494016e-001
  3.4394717e-001
  3.7400268e-001
  3.9289598e-001
  3.9936651e-001
  3.9325225e-001
  3.7549095e-001
  3.4797494e-001
  3.1328402e-001
  2.7433999e-001
  2.3403837e-001
  1.9491536e-001
  1.5890109e-001
  1.2719429e-001
  1.0027227e-001
  7.8026607e-002
  5.9993033e-002
  4.5628424e-002
  3.4579794e-002
  2.6892463e-002
  2.3115772e-002
  2.4283448e-002
  3.1768525e-002
  4.7035713e-002
  7.1333364e-002
  1.0537919e-001
  1.4909676e-001
  2.0145263e-001
  2.6042835e-001
  3.2313964e-001
  3.8609066e-001
  4.4552901e-001
  4.9784972e-001
  5.3998800e-001
  5.6974198e-001
  5.8597758e-001
  5.8868671e-001
  5.7889377e-001
  5.5842974e-001
  5.2961446e-001
  4.9490144e-001
  4.5654466e-001
  4.1634148e-001
  3.7549108e-001
  3.3458708e-001
  2.9373861e-001
  2.5279119e-001
  2.1160095e-001
  1.7030604e-001
  1.2953922e-001
  9.0536002e-002
  5.5110882e-002
  2.5497739e-002
  4.0750037e-003
 -6.9825169e-003
 -6.0687598e-003
  7.5329669e-003
  3.3429921e-002
  7.0041544e-002
  1.1468174e-001
  1.6379520e-001
  2.1331625e-001
  2.5909895e-001
  2.9735545e-001
  3.2503848e-001
  3.4011294e-001
  3.4168006e-001
  3.2994129e-001
  3.0601569e-001
  2.7164766e-001
  2.2885924e-001
  1.7960876e-001
  1.2551505e-001
  6.7693240e-002
  6.7277381e-003
 -5.7217433e-002
 -1.2417540e-001
 -1.9408577e-001
 -2.6649471e-001
 -3.4030666e-001
 -4.1364075e-001
 -4.8382755e-001
 -5.4755841e-001
 -6.0117303e-001
 -6.4104715e-001
 -6.6402389e-001
 -6.6782340e-001
 -6.5136730e-001
 -6.1496679e-001
 -5.6034372e-001
 -4.9048024e-001
 -4.0931867e-001
 -3.2135648e-001
 -2.3119662e-001
 -1.4311888e-001
 -6.0732935e-002
  1.3241754e-002
  7.7045755e-002
  1.2980186e-001
  1.7131659e-001
  2.0180763e-001
  2.2161448e-001
  2.3095084e-001
  2.2974726e-001
  2.1761501e-001
  1.9393840e-001
  1.5807846e-001
  1.0964914e-001
  4.8812498e-002
 -2.3465804e-002
 -1.0525457e-001
 -1.9362769e-001
 -2.8478482e-001
 -3.7431418e-001
 -4.5756581e-001
 -5.3008395e-001
 -5.8803692e-001
 -6.2858172e-001
 -6.5011097e-001
 -6.5234764e-001
 -6.3627766e-001
 -6.0393580e-001
 -5.5808305e-001
 -5.0183009e-001
 -4.3826818e-001
 -3.7016510e-001
 -2.9977073e-001
 -2.2875579e-001
 -1.5828303e-001
 -8.9185913e-002
 -2.2210857e-002
  4.1732632e-002
  1.0137052e-001
  1.5495930e-001
  2.0030772e-001
  2.3493189e-001
  2.5632569e-001
  2.6230625e-001
  2.5137848e-001
  2.2305686e-001
  1.7808673e-001
  1.1852210e-001
  4.7638632e-002
 -3.0313309e-002
 -1.1048541e-001
 -1.8788672e-001
 -2.5785402e-001
 -3.1647118e-001
 -3.6088025e-001
 -3.8944476e-001
 -4.0174966e-001
 -3.9844901e-001
 -3.8099628e-001
 -3.5131006e-001
 -3.1143654e-001
 -2.6326781e-001
 -2.0836286e-001
 -1.4789755e-001
 -8.2745312e-002
 -1.3665169e-002
  5.8446873e-002
  1.3229964e-001
  2.0600117e-001
  2.7695677e-001
  3.4190444e-001
  3.9709766e-001
  4.3861902e-001
  4.6278456e-001
  4.6658083e-001
  4.4806842e-001
  4.0668858e-001
  3.4342279e-001
  2.6077713e-001
  1.6258972e-001
  5.3686814e-002
 -6.0563795e-002
 -1.7473839e-001
 -2.8381355e-001
 -3.8353083e-001
 -4.7062460e-001
 -5.4289089e-001
 -5.9910229e-001
 -6.3879921e-001
 -6.6200738e-001
 -6.6894229e-001
 -6.5976102e-001
 -6.3441130e-001
 -5.9260791e-001
 -5.3394195e-001
 -4.5810267e-001
 -3.6516913e-001
 -2.5591460e-001
 -1.3206149e-001
  3.5689056e-003
  1.4705161e-001
  2.9351427e-001
  4.3744433e-001
  5.7311108e-001
  6.9504735e-001
  7.9852426e-001
  8.7995284e-001
  9.3715722e-001
  9.6948384e-001
  9.7773691e-001
  9.6395713e-001
  9.3108455e-001
  8.8256284e-001
  8.2194891e-001
  7.5258770e-001
  6.7739747e-001
  5.9878915e-001
  5.1871789e-001
  4.3884062e-001
  3.6073389e-001
  2.8611561e-001
  2.1701400e-001
  1.5583749e-001
  1.0531787e-001
  6.8323768e-002
  4.7566715e-002
  4.5244005e-002
  6.2677326e-002
  1.0001050e-001
  1.5602320e-001
  2.2810078e-001
  3.1237648e-001
  4.0403470e-001
  4.9773797e-001
  5.8812002e-001
  6.7027581e-001
  7.4017997e-001
  7.9497617e-001
  8.3310091e-001
  8.5423196e-001
  8.5908017e-001
  8.4906798e-001
  8.2595575e-001
  7.9148381e-001
  7.4709344e-001
  6.9377443e-001
  6.3206315e-001
  5.6218722e-001
  4.8432572e-001
  3.9893202e-001
  3.0705357e-001
  2.1058196e-001
  1.1237655e-001
  1.6225671e-002
 -7.3364003e-002
 -1.5152995e-001
 -2.1352236e-001
 -2.5521373e-001
 -2.7357615e-001
 -2.6705622e-001
 -2.3579203e-001
 -1.8164071e-001
 -1.0801278e-001
 -1.9539064e-002
  7.8380691e-002
  1.8008186e-001
  2.8012167e-001
  3.7368489e-001
  4.5686141e-001
  5.2677227e-001
  5.8154705e-001
  6.2018000e-001
  6.4231083e-001
  6.4798531e-001
  6.3744980e-001
  6.1102246e-001
  5.6906503e-001
  5.1205595e-001
  4.4074290e-001
  3.5633467e-001
  2.6068184e-001
  1.5639603e-001
  4.6866741e-002
 -6.3846485e-002
 -1.7124593e-001
 -2.7072681e-001
 -3.5796260e-001
 -4.2928707e-001
 -4.8201281e-001
 -5.1463460e-001
 -5.2688417e-001
 -5.1962733e-001
 -4.9462186e-001
 -4.5417876e-001
 -4.0078711e-001
 -3.3676981e-001
 -2.6403244e-001
 -1.8395111e-001
 -9.7420031e-002
 -5.0491729e-003
  9.2526311e-002
  1.9428709e-001
  2.9849602e-001
  4.0246499e-001
  5.0248349e-001
  5.9394511e-001
  6.7167468e-001
  7.3042347e-001
  7.6546788e-001
  7.7322467e-001
  7.5178688e-001
  7.0129122e-001
  6.2404960e-001
  5.2441121e-001
  4.0836231e-001
  2.8291157e-001
  1.5534368e-001
  3.2445821e-002
 -8.0182002e-002
 -1.7863363e-001
 -2.6094851e-001
 -3.2707624e-001
 -3.7856671e-001
 -4.1804180e-001
 -4.4853982e-001
 -4.7284339e-001
 -4.9290434e-001
 -5.0946231e-001
 -5.2192147e-001
 -5.2850655e-001
 -5.2667174e-001
 -5.1369295e-001
 -4.8734157e-001
 -4.4652182e-001
 -3.9175770e-001
 -3.2543800e-001
 -2.5176574e-001
 -1.7640626e-001
 -1.0587711e-001
 -4.6766224e-002
 -4.8941596e-003
  1.5452236e-002
  1.2096713e-002
 -1.4729033e-002
 -6.2414835e-002
 -1.2632506e-001
 -2.0042171e-001
 -2.7806228e-001
 -3.5285064e-001
 -4.1941187e-001
 -4.7397567e-001
 -5.1468490e-001
 -5.4159088e-001
 -5.5634799e-001
 -5.6166870e-001
 -5.6063805e-001
 -5.5600832e-001
 -5.4959600e-001
 -5.4188469e-001
 -5.3190180e-001
 -5.1739029e-001
 -4.9524641e-001
 -4.6214946e-001
 -4.1527639e-001
 -3.5297902e-001
 -2.7530655e-001
 -1.8428054e-001
 -8.3868580e-002
  2.0347988e-002
  1.2176838e-001
  2.1354212e-001
  2.8939970e-001
  3.4441975e-001
  3.7561833e-001
  3.8227439e-001
  3.6594673e-001
  3.3018617e-001
  2.7999333e-001
  2.2111048e-001
  1.5925934e-001
  9.9441312e-002
  4.5403167e-002
 -6.5872488e-004
 -3.8123544e-002
 -6.7713096e-002
 -9.1054953e-002
 -1.1012710e-001
 -1.2668592e-001
 -1.4177834e-001
 -1.5542133e-001
 -1.6650071e-001
 -1.7290264e-001
 -1.7185058e-001
 -1.6038656e-001
 -1.3591182e-001
 -9.6693843e-002
 -4.2253975e-002
  2.6428397e-002
  1.0692720e-001
  1.9559238e-001
  2.8794492e-001
  3.7917828e-001
  4.6468503e-001
  5.4052648e-001
  6.0377646e-001
  6.5269404e-001
  6.8671154e-001
  7.0625591e-001
  7.1244912e-001
  7.0675187e-001
  6.9062078e-001
  6.6524267e-001
  6.3139143e-001
  5.8942735e-001
  5.3942980e-001
  4.8142833e-001
  4.1567800e-001
  3.4291657e-001
  2.6454491e-001
  1.8268667e-001
  1.0010689e-001
  1.9996062e-002
 -5.4347339e-002
 -1.1988300e-001
 -1.7418011e-001
 -2.1569193e-001
 -2.4390435e-001
 -2.5933135e-001
 -2.6335783e-001
 -2.5795739e-001
 -2.4533595e-001
 -2.2756520e-001
 -2.0627219e-001
 -1.8244090e-001
 -1.5636106e-001
 -1.2773186e-001
 -9.5898950e-002
 -6.0177346e-002
 -2.0195255e-002
  2.3811603e-002
  7.0818521e-002
  1.1898707e-001
  1.6581302e-001
  2.0843085e-001
  2.4402874e-001
  2.7030533e-001
  2.8588816e-001
  2.9063690e-001
  2.8577121e-001
  2.7379080e-001
  2.5819038e-001
  2.4300721e-001
  2.3226901e-001
  2.2942890e-001
  2.3687873e-001
  2.5562090e-001
  2.8515403e-001
  3.2359241e-001
  3.6800044e-001
  4.1488631e-001
  4.6077185e-001
  5.0274163e-001
  5.3887731e-001
  5.6850226e-001
  5.9219396e-001
  6.1156206e-001
  6.2883106e-001
  6.4630195e-001
  6.6578984e-001
  6.8814070e-001
  7.1291890e-001
  7.3832887e-001
  7.6139477e-001
  7.7837719e-001
  7.8536358e-001
  7.7893708e-001
  7.5681161e-001
  7.1832362e-001
  6.6469192e-001
  5.9899384e-001
  5.2585224e-001
  4.5087632e-001
  3.7994066e-001
  3.1841567e-001
  2.7047176e-001
  2.3856915e-001
  2.2321490e-001
  2.2302508e-001
  2.3507874e-001
  2.5550160e-001
  2.8017804e-001
  3.0546816e-001
  3.2880580e-001
  3.4907317e-001
  3.6668696e-001
  3.8338032e-001
  4.0171919e-001
  4.2443865e-001
  4.5371856e-001
  4.9053091e-001
  5.3418136e-001
  5.8213655e-001
  6.3018089e-001
  6.7288991e-001
  7.0435222e-001
  7.1902671e-001
  7.1259547e-001
  6.8266938e-001
  6.2922454e-001
  5.5469010e-001
  4.6366451e-001
  3.6229919e-001
  2.5744462e-001
  1.5569511e-001
  6.2487478e-002
 -1.8598644e-002
 -8.6223032e-002
 -1.4128659e-001
 -1.8655326e-001
 -2.2595785e-001
 -2.6371969e-001
 -3.0341758e-001
 -3.4718965e-001
 -3.9520322e-001
 -4.4549487e-001
 -4.9421850e-001
 -5.3626852e-001
 -5.6617848e-001
 -5.7914461e-001
 -5.7199655e-001
 -5.4394089e-001
 -4.9693578e-001
 -4.3561271e-001
 -3.6673587e-001
 -2.9826698e-001
 -2.3817304e-001
 -1.9316222e-001
 -1.6755267e-001
 -1.6246442e-001
 -1.7547905e-001
 -2.0084083e-001
 -2.3018827e-001
 -2.5371998e-001
 -2.6162668e-001
 -2.4557493e-001
 -2.0001462e-001
 -1.2310538e-001
 -1.7112346e-002
  1.1179752e-001
  2.5433539e-001
  3.9933384e-001
  5.3526732e-001
  6.5181985e-001
  7.4126120e-001
  7.9942225e-001
  8.2612200e-001
  8.2498456e-001
  8.0267929e-001
  7.6770751e-001
  7.2892942e-001
  6.9406462e-001
  6.6840212e-001
  6.5392140e-001
  6.4895958e-001
  6.4847270e-001
  6.4484495e-001
  6.2911401e-001
  5.9241602e-001
  5.2742188e-001
  4.2954077e-001
  2.9770656e-001
  1.3463219e-001
 -5.3497499e-002
 -2.5783399e-001
