 -1.1240212e+000
 -2.9117608e+000
 -3.8796083e+000
 -4.1758764e+000
 -3.9934539e+000
 -3.5256311e+000
 -2.9373805e+000
 -2.3508699e+000
 -1.8423626e+000
 -1.4470077e+000
 -1.1680964e+000
 -9.8789211e-001
 -8.7790484e-001
 -8.0728007e-001
 -7.4869237e-001
 -6.8169491e-001
 -5.9386010e-001
 -4.8025798e-001
 -3.4188683e-001
 -1.8363291e-001
 -1.2230675e-002
  1.6544296e-001
  3.4355134e-001
  5.1789877e-001
  6.8599520e-001
  8.4670407e-001
  9.9963303e-001
  1.1444384e+000
  1.2801989e+000
  1.4049816e+000
  1.5156760e+000
  1.6081227e+000
  1.6775110e+000
  1.7189820e+000
  1.7283385e+000
  1.7027513e+000
  1.6413512e+000
  1.5456116e+000
  1.4194567e+000
  1.2690675e+000
  1.1024007e+000
  9.2847147e-001
  7.5648963e-001
  5.9495443e-001
  4.5082311e-001
  3.2885950e-001
  2.3124634e-001
  1.5751211e-001
  1.0478219e-001
  6.8323072e-002
  4.2310050e-002
  2.0720262e-002
 -1.7632522e-003
 -2.8952115e-002
 -6.2559826e-002
 -1.0189093e-001
 -1.4385122e-001
 -1.8327695e-001
 -2.1354083e-001
 -2.2735752e-001
 -2.1768741e-001
 -1.7862590e-001
 -1.0616868e-001
  1.2392470e-003
  1.4243506e-001
  3.1357827e-001
  5.0848941e-001
  7.1924085e-001
  9.3692396e-001
  1.1524982e+000
  1.3576208e+000
  1.5453628e+000
  1.7107346e+000
  1.8509712e+000
  1.9655586e+000
  2.0560164e+000
  2.1254776e+000
  2.1781311e+000
  2.2186018e+000
  2.2513464e+000
  2.2801328e+000
  2.3076547e+000
  2.3353106e+000
  2.3631520e+000
  2.3899830e+000
  2.4135760e+000
  2.4309579e+000
  2.4387158e+000
  2.4332814e+000
  2.4111589e+000
  2.3690829e+000
  2.3041048e+000
  2.2136251e+000
  2.0953992e+000
  1.9475474e+000
  1.7686015e+000
  1.5576082e+000
  1.3142970e+000
  1.0393055e+000
  7.3443495e-001
  4.0289772e-001
  4.9509516e-002
 -3.1922289e-001
 -6.9515956e-001
 -1.0687583e+000
 -1.4294854e+000
 -1.7663896e+000
 -2.0687984e+000
 -2.3270751e+000
 -2.5333623e+000
 -2.6822278e+000
 -2.7711379e+000
 -2.8006929e+000
 -2.7745852e+000
 -2.6992674e+000
 -2.5833502e+000
 -2.4367825e+000
 -2.2698890e+000
 -2.0923628e+000
 -1.9123155e+000
 -1.7354861e+000
 -1.5646953e+000
 -1.3996043e+000
 -1.2368110e+000
 -1.0702752e+000
 -8.9203560e-001
 -6.9314493e-001
 -4.6473075e-001
 -1.9907456e-001
  1.0939952e-001
  4.6332498e-001
  8.6186074e-001
  1.3004767e+000
  1.7710747e+000
  2.2624293e+000
  2.7608991e+000
  3.2513377e+000
  3.7181126e+000
  4.1461345e+000
  4.5218043e+000
  4.8337939e+000
  5.0736023e+000
  5.2358509e+000
  5.3183121e+000
  5.3216928e+000
  5.2492181e+000
  5.1060783e+000
  4.8988117e+000
  4.6346976e+000
  4.3212258e+000
  3.9656941e+000
  3.5749657e+000
  3.1553950e+000
  2.7129072e+000
  2.2531954e+000
  1.7819861e+000
  1.3053114e+000
  8.2972894e-001
  3.6243577e-001
 -8.8762793e-002
 -5.1564735e-001
 -9.0993726e-001
 -1.2637734e+000
 -1.5702810e+000
 -1.8241463e+000
 -2.0221333e+000
 -2.1634654e+000
 -2.2500085e+000
 -2.2862103e+000
 -2.2787752e+000
 -2.2360865e+000
 -2.1674173e+000
 -2.0820013e+000
 -1.9880576e+000
 -1.8918758e+000
 -1.7970710e+000
 -1.7041061e+000
 -1.6101570e+000
 -1.5093626e+000
 -1.3934604e+000
 -1.2527649e+000
 -1.0774056e+000
 -8.5870467e-001
 -5.9055146e-001
 -2.7062086e-001
  9.8709053e-002
  5.0986205e-001
  9.5007425e-001
  1.4019431e+000
  1.8444915e+000
  2.2546682e+000
  2.6091534e+000
  2.8863024e+000
  3.0680369e+000
  3.1414915e+000
  3.1002419e+000
  2.9449802e+000
  2.6835538e+000
  2.3303503e+000
  1.9050777e+000
  1.4310508e+000
  9.3314923e-001
  4.3564716e-001
 -3.9871443e-002
 -4.7630439e-001
 -8.6235374e-001
 -1.1932511e+000
 -1.4708207e+000
 -1.7028829e+000
 -1.9020706e+000
 -2.0841879e+000
 -2.2662880e+000
 -2.4646686e+000
 -2.6929908e+000
 -2.9607042e+000
 -3.2719274e+000
 -3.6248770e+000
 -4.0118811e+000
 -4.4199492e+000
 -4.8318176e+000
 -5.2273412e+000
 -5.5850799e+000
 -5.8839160e+000
 -6.1045475e+000
 -6.2307313e+000
 -6.2501863e+000
 -6.1551128e+000
 -5.9423298e+000
 -5.6130759e+000
 -5.1725490e+000
 -4.6292828e+000
 -3.9944587e+000
 -3.2812468e+000
 -2.5042475e+000
 -1.6790741e+000
 -8.2208782e-001
  4.9737923e-002
  9.1887050e-001
  1.7672533e+000
  2.5763924e+000
  3.3275577e+000
  4.0021454e+000
  4.5822224e+000
  5.0512455e+000
  5.3949151e+000
  5.6021015e+000
  5.6657577e+000
  5.5837249e+000
  5.3593395e+000
  5.0017582e+000
  4.5259441e+000
  3.9522783e+000
  3.3058014e+000
  2.6151137e+000
  1.9109986e+000
  1.2248534e+000
  5.8703141e-001
  2.5203106e-002
 -4.3715403e-001
 -7.8203906e-001
 -9.9790216e-001
 -1.0802497e+000
 -1.0318435e+000
 -8.6248486e-001
 -5.8839744e-001
 -2.3124879e-001
  1.8313066e-001
  6.2625495e-001
  1.0686272e+000
  1.4814246e+000
  1.8381245e+000
  2.1159733e+000
  2.2972103e+000
  2.3699696e+000
  2.3288047e+000
  2.1748036e+000
  1.9152888e+000
  1.5631291e+000
  1.1357163e+000
  6.5368837e-001
  1.3950323e-001
 -3.8402376e-001
 -8.9509746e-001
 -1.3741258e+000
 -1.8046158e+000
 -2.1737188e+000
 -2.4724003e+000
 -2.6952453e+000
 -2.8399536e+000
 -2.9066123e+000
 -2.8968573e+000
 -2.8130482e+000
 -2.6575781e+000
 -2.4324209e+000
 -2.1389891e+000
 -1.7783281e+000
 -1.3516313e+000
 -8.6100842e-001
 -3.1039954e-001
  2.9350026e-001
  9.4045534e-001
  1.6161857e+000
  2.3022633e+000
  2.9764847e+000
  3.6137433e+000
  4.1873631e+000
  4.6707988e+000
  5.0395544e+000
  5.2731388e+000
  5.3568591e+000
  5.2832615e+000
  5.0530549e+000
  4.6754055e+000
  4.1675491e+000
  3.5537411e+000
  2.8636314e+000
  2.1302118e+000
  1.3875277e+000
  6.6836886e-001
  2.1513438e-003
 -5.8682041e-001
 -1.0805689e+000
 -1.4680529e+000
 -1.7451560e+000
 -1.9141052e+000
 -1.9824282e+000
 -1.9616027e+000
 -1.8655703e+000
 -1.7092910e+000
 -1.5074902e+000
 -1.2737156e+000
 -1.0197651e+000
 -7.5549671e-001
 -4.8897371e-001
 -2.2685711e-001
  2.5072181e-002
  2.6138948e-001
  4.7661980e-001
  6.6504202e-001
  8.2075789e-001
  9.3803369e-001
  1.0118755e+000
  1.0387583e+000
  1.0173996e+000
  9.4945514e-001
  8.4001937e-001
  6.9783096e-001
  5.3512212e-001
  3.6709117e-001
  2.1102553e-001
  8.5145787e-002
  7.2759850e-003
 -6.5326596e-003
  5.6708294e-002
  2.0584419e-001
  4.4480568e-001
  7.7221037e-001
  1.1813616e+000
  1.6606277e+000
  2.1941474e+000
  2.7627834e+000
  3.3452241e+000
  3.9191384e+000
  4.4622895e+000
  4.9535385e+000
  5.3736865e+000
  5.7061356e+000
  5.9373672e+000
  6.0572569e+000
  6.0592556e+000
  5.9404649e+000
  5.7016346e+000
  5.3470944e+000
  4.8846216e+000
  4.3252350e+000
  3.6828951e+000
  2.9740938e+000
  2.2173163e+000
  1.4323778e+000
  6.3965030e-001
 -1.4078392e-001
 -8.8999686e-001
 -1.5910298e+000
 -2.2295867e+000
 -2.7945382e+000
 -3.2781866e+000
 -3.6762631e+000
 -3.9876640e+000
 -4.2139605e+000
 -4.3587511e+000
 -4.4269439e+000
 -4.4240693e+000
 -4.3557199e+000
 -4.2271955e+000
 -4.0434037e+000
 -3.8090244e+000
 -3.5289064e+000
 -3.2086214e+000
 -2.8550703e+000
 -2.4770167e+000
 -2.0854242e+000
 -1.6934883e+000
 -1.3162936e+000
 -9.7007147e-001
 -6.7109433e-001
 -4.3429602e-001
 -2.7176001e-001
 -1.9124947e-001
 -1.9496804e-001
 -2.7872978e-001
 -4.3168267e-001
 -6.3667514e-001
 -8.7128549e-001
 -1.1094570e+000
 -1.3236078e+000
 -1.4870222e+000
 -1.5762891e+000
 -1.5735361e+000
 -1.4682241e+000
 -1.2583041e+000
 -9.5060904e-001
 -5.6042959e-001
 -1.1031483e-001
  3.7177875e-001
  8.5479573e-001
  1.3071063e+000
  1.6989859e+000
  2.0048026e+000
  2.2047019e+000
  2.2856484e+000
  2.2417593e+000
  2.0739521e+000
  1.7890102e+000
  1.3982308e+000
  9.1586497e-001
  3.5756874e-001
 -2.6092955e-001
 -9.2478546e-001
 -1.6205206e+000
 -2.3360089e+000
 -3.0600205e+000
 -3.7814469e+000
 -4.4883758e+000
 -5.1672148e+000
 -5.8020532e+000
 -6.3744258e+000
 -6.8635845e+000
 -7.2473144e+000
 -7.5032539e+000
 -7.6106027e+000
 -7.5520433e+000
 -7.3156603e+000
 -6.8966291e+000
 -6.2984639e+000
 -5.5336522e+000
 -4.6235746e+000
 -3.5976773e+000
 -2.4919537e+000
 -1.3468617e+000
 -2.0486755e-001
  8.9216019e-001
  1.9054648e+000
  2.8016032e+000
  3.5541519e+000
  4.1447939e+000
  4.5637330e+000
  4.8094557e+000
  4.8879263e+000
  4.8113532e+000
  4.5966951e+000
  4.2640885e+000
  3.8353598e+000
  3.3327584e+000
  2.7779973e+000
  2.1916349e+000
  1.5927816e+000
  9.9906691e-001
  4.2677270e-001
 -1.0897503e-001
 -5.9406274e-001
 -1.0153791e+000
 -1.3609908e+000
 -1.6205181e+000
 -1.7856797e+000
 -1.8509449e+000
 -1.8141989e+000
 -1.6773198e+000
 -1.4465641e+000
 -1.1326786e+000
 -7.5068302e-001
 -3.1930616e-001
  1.3990083e-001
  6.0371490e-001
  1.0485647e+000
  1.4519183e+000
  1.7936203e+000
  2.0570701e+000
  2.2301523e+000
  2.3058577e+000
  2.2825641e+000
  2.1639804e+000
  1.9587832e+000
  1.6799990e+000
  1.3441975e+000
  9.7056372e-001
  5.7991532e-001
  1.9371731e-001
 -1.6686455e-001
 -4.8184648e-001
 -7.3323126e-001
 -9.0572809e-001
 -9.8738293e-001
 -9.7011183e-001
 -8.5012291e-001
 -6.2820452e-001
 -3.0985047e-001
  9.4809920e-002
  5.7130627e-001
  1.1013656e+000
  1.6636976e+000
  2.2350072e+000
  2.7911908e+000
  3.3086466e+000
  3.7656101e+000
  4.1434144e+000
  4.4275678e+000
  4.6085577e+000
  4.6823027e+000
  4.6502112e+000
  4.5188398e+000
  4.2991831e+000
  4.0056670e+000
  3.6549453e+000
  3.2646184e+000
  2.8520009e+000
  2.4330534e+000
  2.0215714e+000
  1.6286923e+000
  1.2627385e+000
  9.2937508e-001
  6.3202190e-001
  3.7242958e-001
  1.5131417e-001
 -3.1057564e-002
 -1.7442715e-001
 -2.7831590e-001
 -3.4204196e-001
 -3.6497564e-001
 -3.4698666e-001
 -2.8900457e-001
 -1.9359215e-001
 -6.5424639e-002
  8.8424034e-002
  2.5846385e-001
  4.3308127e-001
  5.9914145e-001
  7.4285622e-001
  8.5083567e-001
  9.1121146e-001
  9.1470533e-001
  8.5551679e-001
  7.3192137e-001
  5.4650251e-001
  3.0598241e-001
  2.0663971e-002
 -2.9645705e-001
 -6.3081166e-001
 -9.6748332e-001
 -1.2924024e+000
 -1.5933775e+000
 -1.8608532e+000
 -2.0883212e+000
 -2.2723536e+000
 -2.4122785e+000
 -2.5095613e+000
 -2.5669923e+000
 -2.5878038e+000
 -2.5748478e+000
 -2.5299533e+000
 -2.4535583e+000
 -2.3446694e+000
 -2.2011602e+000
 -2.0203690e+000
 -1.7999161e+000
 -1.5386266e+000
 -1.2374300e+000
 -9.0010277e-001
 -5.3374019e-001
 -1.4887097e-001
  2.4082712e-001
  6.1920640e-001
  9.6867023e-001
  1.2714412e+000
  1.5109511e+000
  1.6732107e+000
  1.7480182e+000
  1.7298805e+000
  1.6185532e+000
  1.4191456e+000
  1.1417818e+000
  8.0085773e-001
  4.1397101e-001
  6.3316071e-004
 -4.1910969e-001
 -8.2601879e-001
 -1.2028495e+000
 -1.5352888e+000
 -1.8125809e+000
 -2.0278165e+000
 -2.1778957e+000
 -2.2632085e+000
 -2.2871014e+000
 -2.2552112e+000
 -2.1747521e+000
 -2.0538346e+000
 -1.9008793e+000
 -1.7241657e+000
 -1.5315336e+000
 -1.3302314e+000
 -1.1268837e+000
 -9.2754132e-001
 -7.3776606e-001
 -5.6270881e-001
 -4.0714361e-001
 -2.7543584e-001
 -1.7143714e-001
 -9.8315388e-002
 -5.8341718e-002
 -5.2665542e-002
 -8.1112871e-002
 -1.4204173e-001
 -2.3228217e-001
 -3.4717815e-001
 -4.8073640e-001
 -6.2587478e-001
 -7.7475166e-001
 -9.1914986e-001
 -1.0508844e+000
 -1.1622029e+000
 -1.2461526e+000
 -1.2968905e+000
 -1.3099273e+000
 -1.2822971e+000
 -1.2126571e+000
 -1.1013245e+000
 -9.5025862e-001
 -7.6299984e-001
 -5.4457010e-001
 -3.0133923e-001
 -4.0855857e-002
  2.2836107e-001
  4.9707493e-001
  7.5563200e-001
  9.9430954e-001
  1.2037050e+000
  1.3751525e+000
  1.5011450e+000
  1.5757347e+000
  1.5948799e+000
  1.5567073e+000
  1.4616605e+000
  1.3125163e+000
  1.1142585e+000
  8.7381428e-001
  5.9967047e-001
  3.0140164e-001
 -1.0851430e-002
 -3.2690674e-001
 -6.3702487e-001
 -9.3231194e-001
 -1.2050130e+000
 -1.4486804e+000
 -1.6582186e+000
 -1.8298209e+000
 -1.9608283e+000
 -2.0495480e+000
 -2.0950739e+000
 -2.0971463e+000
 -2.0560817e+000
 -1.9727880e+000
 -1.8488653e+000
 -1.6867747e+000
 -1.4900418e+000
 -1.2634520e+000
 -1.0131872e+000
 -7.4685773e-001
 -4.7339095e-001
 -2.0275362e-001
  5.4494101e-002
  2.8779327e-001
  4.8728756e-001
  6.4457147e-001
  7.5341267e-001
  8.1037192e-001
  8.1524798e-001
  7.7128861e-001
  6.8512937e-001
  5.6644844e-001
  4.2735408e-001
  2.8154989e-001
  1.4334634e-001
  2.6604891e-002
 -5.6291379e-002
 -9.5348142e-002
 -8.3670287e-002
 -1.7911819e-002
  1.0156915e-001
  2.7085492e-001
  4.8288727e-001
  7.2810976e-001
  9.9526220e-001
  1.2722444e+000
  1.5469642e+000
  1.8080925e+000
  2.0456623e+000
  2.2514720e+000
  2.4192767e+000
  2.5447779e+000
  2.6254432e+000
  2.6602060e+000
  2.6491042e+000
  2.5929210e+000
  2.4928814e+000
  2.3504490e+000
  2.1672470e+000
  1.9451091e+000
  1.6862431e+000
  1.3934760e+000
  1.0705331e+000
  7.2229998e-001
  3.5501583e-001
 -2.3646559e-002
 -4.0464484e-001
 -7.7778948e-001
 -1.1321200e+000
 -1.4564121e+000
 -1.7397779e+000
 -1.9723087e+000
 -2.1457053e+000
 -2.2538410e+000
 -2.2932074e+000
 -2.2632044e+000
 -2.1662499e+000
 -2.0077004e+000
 -1.7955897e+000
 -1.5402067e+000
 -1.2535447e+000
 -9.4866307e-001
 -6.3900436e-001
 -3.3771103e-001
 -5.6981422e-002
  1.9250073e-001
  4.0203676e-001
  5.6526507e-001
  6.7838381e-001
  7.4024083e-001
  7.5229291e-001
  7.1844161e-001
  6.4475667e-001
  5.3910155e-001
  4.1067821e-001
  2.6951184e-001
  1.2589844e-001
 -1.0158780e-002
 -1.2949607e-001
 -2.2428978e-001
 -2.8848218e-001
 -3.1810583e-001
 -3.1148476e-001
 -2.6929734e-001
 -1.9449492e-001
 -9.2080193e-002
  3.1239450e-002
  1.6749872e-001
  3.0798764e-001
  4.4379218e-001
  5.6632105e-001
  6.6777969e-001
  7.4155815e-001
  7.8250928e-001
  7.8710504e-001
  7.5347203e-001
  6.8131921e-001
  5.7178163e-001
  4.2721054e-001
  2.5094366e-001
  4.7087044e-002
 -1.7966556e-001
 -4.2416010e-001
 -6.8085197e-001
 -9.4382649e-001
 -1.2067893e+000
 -1.4630541e+000
 -1.7055587e+000
 -1.9269404e+000
 -2.1196919e+000
 -2.2764135e+000
 -2.3901571e+000
 -2.4548452e+000
 -2.4657337e+000
 -2.4198715e+000
 -2.3165061e+000
 -2.1573811e+000
 -1.9468768e+000
 -1.6919587e+000
 -1.4019148e+000
 -1.0878853e+000
 -7.6221019e-001
 -4.3764326e-001
 -1.2649657e-001
  1.6020647e-001
  4.1349032e-001
  6.2702353e-001
  7.9749106e-001
  9.2470272e-001
  1.0114239e+000
  1.0629434e+000
  1.0864202e+000
  1.0900762e+000
  1.0823155e+000
  1.0708636e+000
  1.0620133e+000
  1.0600557e+000
  1.0669530e+000
  1.0822837e+000
  1.1034598e+000
  1.1261868e+000
  1.1451099e+000
  1.1545668e+000
  1.1493614e+000
  1.1254643e+000
  1.0805599e+000
  1.0143751e+000
  9.2875084e-001
  8.2744726e-001
  7.1570462e-001
  5.9960960e-001
  4.8534041e-001
  3.7837827e-001
  2.8277791e-001
  2.0058381e-001
  1.3146422e-001
  7.2611075e-002
  1.8925732e-002
 -3.6521007e-002
 -1.0179561e-001
 -1.8524207e-001
 -2.9454085e-001
 -4.3578115e-001
 -6.1264072e-001
 -8.2575732e-001
 -1.0723572e+000
 -1.3461808e+000
 -1.6377177e+000
 -1.9347312e+000
 -2.2230299e+000
 -2.4874154e+000
 -2.7127274e+000
 -2.8848932e+000
 -2.9918976e+000
 -3.0245938e+000
 -2.9772965e+000
 -2.8481181e+000
 -2.6390343e+000
 -2.3556884e+000
 -2.0069662e+000
 -1.6043894e+000
 -1.1613888e+000
 -6.9252128e-001
 -2.1269404e-001
  2.6354671e-001
  7.2261963e-001
  1.1523749e+000
  1.5424109e+000
  1.8842433e+000
  2.1713433e+000
  2.3990713e+000
  2.5645388e+000
  2.6664327e+000
  2.7048341e+000
  2.6810581e+000
  2.5975317e+000
  2.4577165e+000
  2.2660753e+000
  2.0280684e+000
  1.7501628e+000
  1.4398285e+000
  1.1054989e+000
  7.5647236e-001
  4.0273685e-001
  5.4709599e-002
 -2.7710890e-001
 -5.8255537e-001
 -8.5227746e-001
 -1.0782306e+000
 -1.2541607e+000
 -1.3760315e+000
 -1.4423559e+000
 -1.4543918e+000
 -1.4161750e+000
 -1.3343666e+000
 -1.2179119e+000
 -1.0775195e+000
 -9.2498671e-001
 -7.7241314e-001
 -6.3135518e-001
 -5.1198566e-001
 -4.2232534e-001
 -3.6761222e-001
 -3.4986732e-001
 -3.6770238e-001
 -4.1639658e-001
 -4.8824803e-001
 -5.7318167e-001
 -6.5957216e-001
 -7.3521896e-001
 -7.8839495e-001
 -8.0887956e-001
 -7.8888590e-001
 -7.2379740e-001
 -6.1264425e-001
 -4.5827195e-001
 -2.6718115e-001
 -4.9048426e-002
  1.8403271e-001
  4.1852404e-001
  6.4054086e-001
  8.3697575e-001
  9.9654493e-001
  1.1106612e+000
  1.1740545e+000
  1.1850867e+000
  1.1457378e+000
  1.0612735e+000
  9.3963738e-001
  7.9063589e-001
  6.2500743e-001
  4.5347299e-001
  2.8586694e-001
  1.3043340e-001
 -6.6477469e-003
 -1.2146997e-001
 -2.1234114e-001
 -2.7948562e-001
 -3.2456441e-001
 -3.5009113e-001
 -3.5883210e-001
 -3.5327848e-001
 -3.3526615e-001
 -3.0579754e-001
 -2.6509016e-001
 -2.1284442e-001
 -1.4869047e-001
 -7.2746654e-002
  1.3797608e-002
  1.0816993e-001
  2.0566571e-001
  2.9953702e-001
  3.8116836e-001
  4.4055356e-001
  4.6705032e-001
  4.5035137e-001
  3.8158009e-001
  2.5439606e-001
  6.5986663e-002
 -1.8217467e-001
 -4.8390454e-001
 -8.2828980e-001
 -1.2001024e+000
 -1.5806344e+000
 -1.9488945e+000
 -2.2830681e+000
 -2.5621144e+000
 -2.7673565e+000
 -2.8839195e+000
 -2.9018854e+000
 -2.8170609e+000
 -2.6312921e+000
 -2.3523037e+000
 -1.9930874e+000
 -1.5709052e+000
 -1.1060077e+000
 -6.2019198e-001
 -1.3532950e-001
  3.2800598e-001
  7.5170254e-001
  1.1209836e+000
  1.4249441e+000
  1.6567411e+000
  1.8134630e+000
  1.8957357e+000
  1.9071409e+000
  1.8535335e+000
  1.7423451e+000
  1.5819469e+000
  1.3811280e+000
  1.1487216e+000
  8.9338236e-001
  6.2349985e-001
  3.4720875e-001
  7.2449424e-002
 -1.9297349e-001
 -4.4138087e-001
 -6.6529177e-001
 -8.5759645e-001
 -1.0118279e+000
 -1.1225111e+000
 -1.1855532e+000
 -1.1986276e+000
 -1.1615007e+000
 -1.0762538e+000
 -9.4736130e-001
 -7.8160130e-001
 -5.8779350e-001
 -3.7637597e-001
 -1.5885079e-001
  5.2858960e-002
  2.4708949e-001
  4.1310039e-001
  5.4167191e-001
  6.2559315e-001
  6.6001046e-001
  6.4261965e-001
  5.7369909e-001
  4.5599411e-001
  2.9447298e-001
  9.5981607e-002
 -1.3117230e-001
 -3.7767526e-001
 -6.3367591e-001
 -8.8924090e-001
 -1.1347794e+000
 -1.3614217e+000
 -1.5613407e+000
 -1.7280090e+000
 -1.8563838e+000
 -1.9430174e+000
 -1.9860875e+000
 -1.9853480e+000
 -1.9420027e+000
 -1.8585076e+000
 -1.7383156e+000
 -1.5855819e+000
 -1.4048532e+000
 -1.2007702e+000
 -9.7781241e-001
 -7.4011307e-001
 -4.9136573e-001
 -2.3483606e-001
  2.6521793e-002
  2.8985779e-001
  5.5215555e-001
  8.0993866e-001
  1.0590016e+000
  1.2942159e+000
  1.5094569e+000
  1.6976879e+000
  1.8512196e+000
  1.9621422e+000
  2.0229054e+000
  2.0269996e+000
  1.9696706e+000
  1.8485922e+000
  1.6644159e+000
  1.4211232e+000
  1.1261224e+000
  7.9005746e-001
  4.2632193e-001
  5.0308110e-002
 -3.2155226e-001
 -6.7287209e-001
 -9.8841864e-001
 -1.2551437e+000
 -1.4630354e+000
 -1.6057116e+000
 -1.6806997e+000
 -1.6893849e+000
 -1.6366412e+000
 -1.5301979e+000
 -1.3798165e+000
 -1.1963780e+000
 -9.9097965e-001
 -7.7414001e-001
 -5.5518823e-001
 -3.4188862e-001
 -1.4031709e-001
  4.5028419e-002
  2.1093240e-001
  3.5505412e-001
  4.7549371e-001
  5.7041844e-001
  6.3782380e-001
  6.7548103e-001
  6.8109204e-001
  6.5263852e-001
  5.8887877e-001
  4.8991874e-001
  3.5776619e-001
  1.9677187e-001
  1.3870367e-002
 -1.8144602e-001
 -3.7745518e-001
 -5.6083238e-001
 -7.1753519e-001
 -8.3386909e-001
 -8.9762994e-001
 -8.9920463e-001
 -8.3251031e-001
 -6.9566703e-001
 -4.9132514e-001
 -2.2660594e-001
  8.7344021e-002
  4.3614219e-001
  8.0322284e-001
  1.1710460e+000
  1.5223406e+000
  1.8412594e+000
  2.1143382e+000
  2.3311783e+000
  2.4848063e+000
  2.5717047e+000
  2.5915458e+000
  2.5466927e+000
  2.4415551e+000
  2.2818960e+000
  2.0741849e+000
  1.8250745e+000
  1.5410551e+000
  1.2283072e+000
  8.9274306e-001
  5.4019345e-001
  1.7667897e-001
 -1.9131152e-001
 -5.5661037e-001
 -9.1129313e-001
 -1.2467764e+000
 -1.5541064e+000
 -1.8244224e+000
 -2.0495508e+000
 -2.2226610e+000
 -2.3389015e+000
 -2.3959312e+000
 -2.3942705e+000
 -2.3374149e+000
 -2.2316833e+000
 -2.0858037e+000
 -1.9102718e+000
 -1.7165461e+000
 -1.5161612e+000
 -1.3198555e+000
 -1.1368017e+000
 -9.7401897e-001
 -8.3602411e-001
 -7.2474485e-001
 -6.3969276e-001
 -5.7835893e-001
 -5.3677270e-001
 -5.1014672e-001
 -4.9352587e-001
 -4.8236189e-001
 -4.7295019e-001
 -4.6268735e-001
 -4.5013404e-001
 -4.3489535e-001
 -4.1735448e-001
 -3.9831430e-001
 -3.7861062e-001
 -3.5876212e-001
 -3.3871302e-001
 -3.1770892e-001
 -2.9432488e-001
 -2.6664181e-001
 -2.3254555e-001
 -1.9010490e-001
 -1.3797429e-001
 -7.5762802e-002
 -4.3164319e-003
  7.4128120e-002
  1.5594252e-001
  2.3626345e-001
  3.0929181e-001
  3.6870198e-001
  4.0811700e-001
  4.2159896e-001
  4.0410510e-001
  3.5186718e-001
  2.6266347e-001
  1.3596807e-001
 -2.7022449e-002
 -2.2347074e-001
 -4.4906418e-001
 -6.9823357e-001
 -9.6439437e-001
 -1.2401841e+000
 -1.5176781e+000
 -1.7885761e+000
 -2.0443639e+000
 -2.2764621e+000
 -2.4763810e+000
 -2.6359015e+000
 -2.7472996e+000
 -2.8036226e+000
 -2.7990172e+000
 -2.7290940e+000
 -2.5913054e+000
 -2.3852997e+000
 -2.1132125e+000
 -1.7798543e+000
 -1.3927578e+000
 -9.6206036e-001
 -5.0020881e-001
 -2.1492693e-002
  4.5857271e-001
  9.2397609e-001
  1.3590035e+000
  1.7490393e+000
  2.0813170e+000
  2.3455675e+000
  2.5345201e+000
  2.6442261e+000
  2.6741902e+000
  2.6273091e+000
  2.5096327e+000
  2.3299742e+000
  2.0994025e+000
  1.8306551e+000
  1.5375088e+000
  1.2341422e+000
  9.3451774e-001
  6.5180614e-001
  3.9786791e-001
  1.8280266e-001
  1.4573373e-002
 -1.0128868e-001
 -1.6189236e-001
 -1.6710125e-001
 -1.1954608e-001
 -2.4526439e-002
  1.1020543e-001
  2.7478192e-001
  4.5767548e-001
  6.4626098e-001
  8.2746395e-001
  9.8846405e-001
  1.1174145e+000
  1.2041316e+000
  1.2407070e+000
  1.2219957e+000
  1.1459412e+000
  1.0137073e+000
  8.2960458e-001
  6.0081081e-001
  3.3690662e-001
  4.9259176e-002
 -2.4969781e-001
 -5.4723254e-001
 -8.3107315e-001
 -1.0900987e+000
 -1.3149142e+000
 -1.4982729e+000
 -1.6353229e+000
 -1.7236727e+000
 -1.7632858e+000
 -1.7562279e+000
 -1.7063022e+000
 -1.6186142e+000
 -1.4991104e+000
 -1.3541315e+000
 -1.1900179e+000
 -1.0127917e+000
 -8.2793430e-001
 -6.4026193e-001
 -4.5389602e-001
 -2.7231272e-001
 -9.8451620e-002
  6.5140815e-002
  2.1615854e-001
  3.5239747e-001
  4.7165122e-001
  5.7165569e-001
  6.5009074e-001
  7.0464084e-001
  7.3311010e-001
  7.3358171e-001
  7.0460692e-001
  6.4540598e-001
  5.5606099e-001
  4.3768080e-001
  2.9251912e-001
  1.2402967e-001
 -6.3153684e-002
 -2.6331861e-001
 -4.6985856e-001
 -6.7553367e-001
 -8.7279576e-001
 -1.0541587e+000
 -1.2125908e+000
 -1.3419016e+000
 -1.4370960e+000
 -1.4946677e+000
 -1.5128101e+000
 -1.4915265e+000
 -1.4326320e+000
 -1.3396450e+000
 -1.2175794e+000
 -1.0726532e+000
 -9.1193770e-001
 -7.4297601e-001
 -5.7339806e-001
 -4.1056016e-001
 -2.6123026e-001
 -1.3133362e-001
 -2.5765466e-002
  5.1731337e-002
  9.8632265e-002
  1.1365461e-001
  9.6753943e-002
  4.9107888e-002
 -2.6902919e-002
 -1.2771332e-001
 -2.4859606e-001
 -3.8370033e-001
 -5.2612429e-001
 -6.6804280e-001
 -8.0091015e-001
 -9.1575297e-001
 -1.0035585e+000
 -1.0557515e+000
 -1.0647385e+000
 -1.0244840e+000
 -9.3107221e-001
 -7.8319843e-001
 -5.8253489e-001
 -3.3391831e-001
 -4.5319513e-002
  2.7242751e-001
  6.0613739e-001
  9.4100209e-001
  1.2614891e+000
  1.5523412e+000
  1.7995961e+000
  1.9915376e+000
  2.1194936e+000
  2.1784072e+000
  2.1671289e+000
  2.0884035e+000
  1.9485548e+000
  1.7569011e+000
  1.5249613e+000
  1.2655299e+000
  9.9171320e-001
  7.1601587e-001
  4.4956364e-001
  2.0152581e-001
 -2.1220579e-002
 -2.1417255e-001
 -3.7504503e-001
 -5.0341869e-001
 -6.0025393e-001
 -6.6734466e-001
 -7.0678827e-001
 -7.2054126e-001
 -7.1011481e-001
 -6.7644329e-001
 -6.1993410e-001
 -5.4068239e-001
 -4.3881219e-001
 -3.1488901e-001
 -1.7033993e-001
 -7.8164133e-003
  1.6855777e-001
  3.5309650e-001
  5.3864315e-001
  7.1684626e-001
  8.7859955e-001
  1.0146079e+000
  1.1160266e+000
  1.1751150e+000
  1.1858418e+000
  1.1443893e+000
  1.0495110e+000
  9.0271490e-001
  7.0826106e-001
  4.7297817e-001
  2.0592005e-001
 -8.2106333e-002
 -3.7910226e-001
 -6.7248608e-001
 -9.4970903e-001
 -1.1988422e+000
 -1.4091058e+000
 -1.5713202e+000
 -1.6782656e+000
 -1.7249440e+000
 -1.7087439e+000
 -1.6295098e+000
 -1.4895217e+000
 -1.2933915e+000
 -1.0478810e+000
 -7.6164961e-001
 -4.4493815e-001
 -1.0919691e-001
  2.3333100e-001
  5.7005862e-001
  8.8852133e-001
  1.1768432e+000
  1.4241855e+000
  1.6211590e+000
  1.7601848e+000
  1.8357887e+000
  1.8448198e+000
  1.7865865e+000
  1.6629080e+000
  1.4780814e+000
  1.2387661e+000
  9.5378937e-001
  6.3387618e-001
  2.9130497e-001
 -6.0507853e-002
 -4.0749178e-001
 -7.3546940e-001
 -1.0307569e+000
 -1.2808021e+000
 -1.4748351e+000
 -1.6044996e+000
 -1.6644232e+000
 -1.6526807e+000
 -1.5711007e+000
 -1.4253712e+000
 -1.2249078e+000
 -9.8246100e-001
 -7.1346422e-001
 -4.3514327e-001
 -1.6543565e-001
  7.8208951e-002
  2.8005673e-001
  4.2724460e-001
  5.1075802e-001
  5.2613686e-001
  4.7383431e-001
  3.5918256e-001
  1.9195534e-001
 -1.4443449e-002
 -2.4409775e-001
 -4.7990392e-001
 -7.0497867e-001
 -9.0401640e-001
 -1.0644660e+000
 -1.1774147e+000
 -1.2380979e+000
 -1.2459929e+000
 -1.2045017e+000
 -1.1202696e+000
 -1.0022294e+000
 -8.6048600e-001
 -7.0517524e-001
 -5.4542708e-001
 -3.8854883e-001
 -2.3951375e-001
 -1.0080032e-001
  2.7417205e-002
  1.4677063e-001
  2.5997395e-001
  3.6998251e-001
  4.7915689e-001
  5.8854983e-001
  6.9741613e-001
  8.0301400e-001
  9.0072593e-001
  9.8448409e-001
  1.0474437e+000
  1.0828147e+000
  1.0847403e+000
  1.0491055e+000
  9.7416738e-001
  8.6092163e-001
  7.1315734e-001
  5.3719003e-001
  3.4130723e-001
  1.3499722e-001
 -7.1940453e-002
 -2.7028995e-001
 -4.5220791e-001
 -6.1181000e-001
 -7.4548818e-001
 -8.5192885e-001
 -9.3184302e-001
 -9.8745892e-001
 -1.0218587e+000
 -1.0382617e+000
 -1.0393618e+000
 -1.0268173e+000
 -1.0009696e+000
 -9.6083249e-001
 -9.0435411e-001
 -8.2891585e-001
 -7.3199513e-001
 -6.1189559e-001
 -4.6843587e-001
 -3.0349146e-001
 -1.2130150e-001
  7.1517403e-002
  2.6627059e-001
  4.5277710e-001
  6.2019426e-001
  7.5798416e-001
  8.5691220e-001
  9.0996177e-001
  9.1305898e-001
  8.6552403e-001
  7.7019857e-001
  6.3323738e-001
  4.6359228e-001
  2.7225075e-001
  7.1318494e-002
 -1.2695129e-001
 -3.1107801e-001
 -4.7113190e-001
 -5.9930220e-001
 -6.9021763e-001
 -7.4101495e-001
 -7.5118280e-001
 -7.2223343e-001
 -6.5727110e-001
 -5.6053067e-001
 -4.3695361e-001
 -2.9185287e-001
 -1.3069498e-001
  4.0997692e-002
  2.1764612e-001
  3.9355585e-001
  5.6285216e-001
  7.1946190e-001
  8.5718598e-001
  9.6988912e-001
  1.0518101e+000
  1.0979711e+000
  1.1046404e+000
  1.0697882e+000
  9.9346488e-001
  8.7803452e-001
  7.2821122e-001
  5.5086699e-001
  3.5460989e-001
  1.4916215e-001
 -5.5402940e-002
 -2.4948425e-001
 -4.2474273e-001
 -5.7476448e-001
 -6.9551647e-001
 -7.8553790e-001
 -8.4584350e-001
 -8.7955106e-001
 -8.9128190e-001
 -8.8641288e-001
 -8.7027903e-001
 -8.4743275e-001
 -8.2105886e-001
 -7.9262372e-001
 -7.6180544e-001
 -7.2671329e-001
 -6.8436441e-001
 -6.3134923e-001
 -5.6458945e-001
 -4.8207714e-001
 -3.8348407e-001
 -2.7054519e-001
 -1.4714952e-001
 -1.9110254e-002
  1.0637044e-001
  2.2148397e-001
  3.1875100e-001
  3.9199213e-001
  4.3720575e-001
  4.5323317e-001
  4.4211378e-001
  4.0907006e-001
  3.6210715e-001
  3.1125956e-001
  2.6756306e-001
  2.4186503e-001
  2.4360949e-001
  2.7973814e-001
  3.5383754e-001
  4.6563436e-001
  6.1090056e-001
  7.8178223e-001
  9.6751629e-001
  1.1554541e+000
  1.3322760e+000
  1.4852601e+000
  1.6034643e+000
  1.6786933e+000
  1.7061517e+000
  1.6847198e+000
  1.6168401e+000
  1.5080422e+000
  1.3661809e+000
  1.2004875e+000
  1.0205566e+000
  8.3538925e-001
  6.5260096e-001
  4.7787800e-001
  3.1472894e-001
  1.6453918e-001
  2.6897265e-002
 -9.9871141e-002
 -2.1804943e-001
 -3.2985489e-001
 -4.3683858e-001
 -5.3944140e-001
 -6.3676301e-001
 -7.2656833e-001
 -8.0552331e-001
 -8.6962006e-001
 -9.1472711e-001
 -9.3718501e-001
 -9.3436341e-001
 -9.0510275e-001
 -8.4998076e-001
 -7.7136862e-001
 -6.7326958e-001
 -5.6096177e-001
 -4.4049149e-001
 -3.1808147e-001
 -1.9952799e-001
 -8.9660006e-002
  8.0758662e-003
  9.1858439e-002
  1.6153948e-001
  2.1849668e-001
  2.6531652e-001
  3.0535114e-001
  3.4220609e-001
  3.7922167e-001
  4.1900812e-001
  4.6308521e-001
  5.1166209e-001
  5.6357487e-001
  6.1638032e-001
  6.6658698e-001
  7.0999092e-001
  7.4207512e-001
  7.5842821e-001
  7.5514087e-001
  7.2914495e-001
  6.7847066e-001
  6.0240832e-001
  5.0157244e-001
  3.7787508e-001
  2.3442202e-001
  7.5348647e-002
 -9.4387275e-002
 -2.6924094e-001
 -4.4333241e-001
 -6.1070731e-001
 -7.6560159e-001
 -9.0270679e-001
 -1.0174316e+000
 -1.1061531e+000
 -1.1664458e+000
 -1.1972750e+000
 -1.1991332e+000
 -1.1741008e+000
 -1.1258102e+000
 -1.0592993e+000
 -9.8074638e-001
 -8.9709266e-001
 -8.1556715e-001
 -7.4314587e-001
 -6.8598610e-001
 -6.4888598e-001
 -6.3482247e-001
 -6.4461866e-001
 -6.7678261e-001
 -7.2754588e-001
 -7.9111132e-001
 -8.6009850e-001
 -9.2615406e-001
 -9.8067535e-001
 -1.0155812e+000
 -1.0240563e+000
 -1.0011957e+000
 -9.4448297e-001
 -8.5405385e-001
 -7.3271441e-001
 -5.8571194e-001
 -4.2027973e-001
 -2.4500208e-001
 -6.9064222e-002
  9.8535911e-002
  2.4973379e-001
  3.7802737e-001
  4.7892782e-001
  5.5019117e-001
  5.9181493e-001
  6.0581002e-001
  5.9578343e-001
  5.6638719e-001
  5.2270338e-001
  4.6963986e-001
  4.1140831e-001
  3.5114406e-001
  2.9070854e-001
  2.3069148e-001
  1.7060490e-001
  1.0923660e-001
  4.5110882e-002
 -2.3009279e-002
 -9.5649911e-002
 -1.7225142e-001
 -2.5094783e-001
 -3.2853712e-001
 -4.0065643e-001
 -4.6214996e-001
 -5.0759279e-001
 -5.3191320e-001
 -5.3104147e-001
 -5.0250732e-001
 -4.4591080e-001
 -3.6320348e-001
 -2.5873621e-001
 -1.3905430e-001
 -1.2449330e-002
  1.1169638e-001
  2.2371229e-001
  3.1451099e-001
  3.7644061e-001
  4.0403012e-001
  3.9454880e-001
  3.4831874e-001
  2.6874423e-001
  1.6205025e-001
  3.6752693e-002
 -9.7089683e-002
 -2.2876872e-001
 -3.4787763e-001
 -4.4522527e-001
 -5.1362353e-001
 -5.4847129e-001
 -5.4807897e-001
 -5.1370531e-001
 -4.4930735e-001
 -3.6103434e-001
 -2.5652228e-001
 -1.4406550e-001
 -3.1753461e-002
  7.3336931e-002
  1.6581070e-001
  2.4241885e-001
  3.0227320e-001
  3.4679525e-001
  3.7941078e-001
  4.0502916e-001
  4.2936816e-001
  4.5820084e-001
  4.9660798e-001
  5.4831733e-001
  6.1520024e-001
  6.9697807e-001
  7.9116717e-001
  8.9326534e-001
  9.9715638e-001
  1.0956868e+000
  1.1813511e+000
  1.2470117e+000
  1.2865776e+000
  1.2955726e+000
  1.2715358e+000
  1.2142188e+000
  1.1255646e+000
  1.0094774e+000
  8.7141579e-001
  7.1785763e-001
  5.5569841e-001
  3.9164897e-001
  2.3169631e-001
  8.0681579e-002
 -5.7965829e-002
 -1.8231794e-001
 -2.9186236e-001
 -3.8726126e-001
 -4.6999272e-001
 -5.4192386e-001
 -6.0487179e-001
 -6.6020768e-001
 -7.0855315e-001
 -7.4960564e-001
 -7.8211380e-001
 -8.0400581e-001
 -8.1265527e-001
 -8.0525335e-001
 -7.7924340e-001
 -7.3276676e-001
 -6.6506671e-001
 -5.7680168e-001
 -4.7022796e-001
 -3.4922586e-001
 -2.1915926e-001
 -8.6575824e-002
  4.1228592e-002
  1.5674364e-001
  2.5282874e-001
  3.2329461e-001
  3.6342870e-001
  3.7041592e-001
  3.4361538e-001
  2.8466682e-001
  1.9741558e-001
  8.7660920e-002
 -3.7252006e-002
 -1.6896287e-001
 -2.9870573e-001
 -4.1794715e-001
 -5.1900091e-001
 -5.9556971e-001
 -6.4317129e-001
 -6.5941643e-001
 -6.4411926e-001
 -5.9923446e-001
 -5.2863061e-001
 -4.3772224e-001
 -3.3299465e-001
 -2.2146392e-001
 -1.1011918e-001
 -5.3947931e-003
  8.7283588e-002
  1.6384214e-001
  2.2176515e-001
  2.6015105e-001
  2.7961858e-001
  2.8207777e-001
  2.7039243e-001
  2.4797113e-001
  2.1833016e-001
  1.8467408e-001
  1.4953762e-001
  1.1452598e-001
  8.0180635e-002
  4.5984159e-002
  1.0503374e-002
 -2.8345214e-002
 -7.2936999e-002
 -1.2552802e-001
 -1.8783768e-001
 -2.6067411e-001
 -3.4364759e-001
 -4.3500904e-001
 -5.3163812e-001
 -6.2918991e-001
 -7.2239188e-001
 -8.0546644e-001
 -8.7263957e-001
 -9.1868550e-001
 -9.3945150e-001
 -9.3230740e-001
 -8.9647022e-001
 -8.3316624e-001
 -7.4560875e-001
 -6.3878822e-001
 -5.1909125e-001
 -3.9378245e-001
 -2.7039825e-001
 -1.5611115e-001
 -5.7126340e-002
  2.1829961e-002
  7.7881061e-002
  1.1019389e-001
  1.1997994e-001
  1.1030621e-001
  8.5738883e-002
  5.1859266e-002
  1.4703845e-002
 -1.9813214e-002
 -4.6436766e-002
 -6.1014685e-002
 -6.0809165e-002
 -4.4651398e-002
 -1.2933828e-002
  3.2547627e-002
  8.8873030e-002
  1.5235917e-001
  2.1895453e-001
  2.8462061e-001
  3.4565708e-001
  3.9893816e-001
  4.4204175e-001
  4.7326839e-001
  4.9156228e-001
  4.9635991e-001
  4.8740063e-001
  4.6453772e-001
  4.2758656e-001
  3.7623987e-001
  3.1006853e-001
  2.2861256e-001
  1.3155189e-001
  1.8932953e-002
 -1.0858355e-001
 -2.4949413e-001
 -4.0128418e-001
 -5.6035543e-001
 -7.2207408e-001
 -8.8095025e-001
 -1.0309425e+000
 -1.1658651e+000
 -1.2798595e+000
 -1.3678845e+000
 -1.4261690e+000
 -1.4525790e+000
 -1.4468521e+000
 -1.4106696e+000
 -1.3475517e+000
 -1.2625810e+000
 -1.1619773e+000
 -1.0525650e+000
 -9.4118430e-001
 -8.3410539e-001
 -7.3650316e-001
 -6.5204415e-001
 -5.8262428e-001
 -5.2827987e-001
 -4.8727555e-001
 -4.5635438e-001
 -4.3111911e-001
 -4.0650146e-001
 -3.7726928e-001
 -3.3852098e-001
 -2.8612100e-001
 -2.1704015e-001
 -1.2957774e-001
 -2.3456839e-002
  1.0020123e-001
  2.3900541e-001
  3.8949978e-001
  5.4741407e-001
  7.0792973e-001
  8.6593578e-001
  1.0162567e+000
  1.1538435e+000
  1.2739287e+000
  1.3721530e+000
  1.4446772e+000
  1.4882927e+000
  1.5005417e+000
  1.4798535e+000
  1.4256913e+000
  1.3386999e+000
  1.2208324e+000
  1.0754299e+000
  9.0722764e-001
  7.2226159e-001
  5.2765955e-001
  3.3131134e-001
  1.4142788e-001
 -3.3985494e-002
 -1.8770126e-001
 -3.1383633e-001
 -4.0835547e-001
 -4.6945456e-001
 -4.9777378e-001
 -4.9640499e-001
 -4.7067688e-001
 -4.2772438e-001
 -3.7587203e-001
 -3.2388333e-001
 -2.8014447e-001
 -2.5186141e-001
 -2.4435097e-001
 -2.6049948e-001
 -3.0044716e-001
 -3.6153414e-001
 -4.3851739e-001
 -5.2403958e-001
 -6.0930464e-001
 -6.8489303e-001
 -7.4163516e-001
 -7.7145619e-001
 -7.6810901e-001
 -7.2772539e-001
 -6.4913576e-001
 -5.3393312e-001
 -3.8628466e-001
 -2.1252026e-001
 -2.0549884e-002
  1.8082313e-001
  3.8261800e-001
  5.7634847e-001
  7.5458699e-001
  9.1137396e-001
  1.0424454e+000
  1.1452755e+000
  1.2189518e+000
  1.2639186e+000
  1.2816371e+000
  1.2742150e+000
  1.2440568e+000
  1.1935785e+000
  1.1250140e+000
  1.0403280e+000
  9.4122920e-001
  8.2926451e-001
  7.0596398e-001
  5.7299776e-001
  4.3230892e-001
  2.8619001e-001
  1.3728239e-001
 -1.1509303e-002
 -1.5718045e-001
 -2.9684667e-001
 -4.2798989e-001
 -5.4869299e-001
 -6.5782537e-001
 -7.5514688e-001
 -8.4130734e-001
 -9.1773251e-001
 -9.8640253e-001
 -1.0495435e+000
 -1.1092659e+000
 -1.1671915e+000
 -1.2241147e+000
 -1.2797403e+000
 -1.3325355e+000
 -1.3797173e+000
 -1.4173866e+000
 -1.4407990e+000
 -1.4447531e+000
 -1.4240579e+000
 -1.3740374e+000
 -1.2910243e+000
 -1.1727953e+000
 -1.0189086e+000
 -8.3091224e-001
 -6.1240549e-001
 -3.6894825e-001
 -1.0782761e-001
  1.6229881e-001
  4.3185398e-001
  6.9085295e-001
  9.2943872e-001
  1.1384079e+000
  1.3096949e+000
  1.4367893e+000
  1.5150671e+000
  1.5420225e+000
  1.5173933e+000
  1.4431779e+000
  1.3235444e+000
  1.1646381e+000
  9.7429346e-001
  7.6166296e-001
  5.3677377e-001
  3.1003129e-001
  9.1689036e-002
 -1.0869007e-001
 -2.8275309e-001
 -4.2382672e-001
 -5.2730619e-001
 -5.9093441e-001
 -6.1494669e-001
 -6.0206372e-001
 -5.5732556e-001
 -4.8777043e-001
 -4.0197504e-001
 -3.0948453e-001
 -2.2017057e-001
 -1.4356336e-001
 -8.8206480e-002
 -6.1082726e-002
 -6.7153710e-002
 -1.0904638e-001
 -1.8690741e-001
 -2.9843189e-001
 -4.3905840e-001
 -6.0230889e-001
 -7.8024096e-001
 -9.6397294e-001
 -1.1442388e+000
 -1.3119312e+000
 -1.4585963e+000
 -1.5768509e+000
 -1.6607046e+000
 -1.7057771e+000
 -1.7094145e+000
 -1.6707120e+000
 -1.5904610e+000
 -1.4710365e+000
 -1.3162436e+000
 -1.1311377e+000
 -9.2183023e-001
 -6.9528412e-001
 -4.5910205e-001
 -2.2130424e-001
  9.9078851e-003
  2.2640550e-001
  4.2040504e-001
  5.8475683e-001
  7.1324196e-001
  8.0086481e-001
  8.4412425e-001
  8.4124384e-001
  7.9234069e-001
  6.9951440e-001
  5.6684106e-001
  4.0026370e-001
  2.0737722e-001
 -2.8859874e-003
 -2.2065622e-001
 -4.3559219e-001
 -6.3738702e-001
 -8.1628613e-001
 -9.6358766e-001
 -1.0720970e+000
 -1.1365094e+000
 -1.1537003e+000
 -1.1229047e+000
 -1.0457773e+000
 -9.2632659e-001
 -7.7072454e-001
 -5.8699867e-001
 -3.8461882e-001
 -1.7399665e-001
  3.4079233e-002
  2.2904426e-001
  4.0116332e-001
  5.4210549e-001
  6.4545215e-001
  7.0710290e-001
  7.2554789e-001
  7.0198077e-001
  6.4023648e-001
  5.4654910e-001
  4.2913915e-001
  2.9765342e-001
  1.6249437e-001
  3.4087373e-002
 -7.7857894e-002
 -1.6503238e-001
 -2.2110162e-001
 -2.4211945e-001
 -2.2674540e-001
 -1.7624703e-001
 -9.4288673e-002
  1.3471746e-002
  1.3993721e-001
  2.7722193e-001
  4.1733287e-001
  5.5281534e-001
  6.7730058e-001
  7.8590479e-001
  8.7544677e-001
  9.4447188e-001
  9.9309262e-001
  1.0226766e+000
  1.0354295e+000
  1.0339315e+000
  1.0206892e+000
  9.9776108e-001
  9.6650195e-001
  9.2745738e-001
  8.8041576e-001
  8.2460595e-001
  7.5900847e-001
  6.8273275e-001
  5.9540458e-001
  4.9750602e-001
  3.9061662e-001
  2.7751740e-001
  1.6213725e-001
  4.9341857e-002
 -5.5414160e-002
 -1.4653330e-001
 -2.1876824e-001
 -2.6770451e-001
 -2.9017679e-001
 -2.8457132e-001
 -2.5098128e-001
 -1.9120044e-001
 -1.0856033e-001
 -7.6347402e-003
  1.0614937e-001
  2.2694585e-001
  3.4891676e-001
  4.6660551e-001
  5.7521818e-001
  6.7079048e-001
  7.5023461e-001
  8.1127788e-001
  8.5231972e-001
  8.7224409e-001
  8.7022896e-001
  8.4559311e-001
  7.9771253e-001
  7.2602656e-001
  6.3013840e-001
  5.0999880e-001
  3.6614692e-001
  1.9997203e-001
  1.3953603e-002
 -1.8816196e-001
 -4.0128396e-001
 -6.1902403e-001
 -8.3387693e-001
 -1.0375298e+000
 -1.2212786e+000
 -1.3765186e+000
 -1.4952656e+000
 -1.5706648e+000
 -1.5974418e+000
 -1.5722620e+000
 -1.4939716e+000
 -1.3637077e+000
 -1.1848779e+000
 -9.6302094e-001
 -7.0556631e-001
 -4.2151957e-001
 -1.2109639e-001
  1.8467151e-001
  4.8434152e-001
  7.6646531e-001
  1.0199888e+000
  1.2346454e+000
  1.4013427e+000
  1.5125400e+000
  1.5626109e+000
  1.5481768e+000
  1.4683919e+000
  1.3251515e+000
  1.1231946e+000
  8.7007067e-001
  5.7594572e-001
  2.5323452e-001
 -8.3941594e-002
 -4.2045271e-001
 -7.4097811e-001
 -1.0308910e+000
 -1.2771444e+000
 -1.4690862e+000
 -1.5991310e+000
 -1.6632270e+000
 -1.6610693e+000
 -1.5960383e+000
 -1.4748616e+000
 -1.3070308e+000
 -1.1040254e+000
 -8.7841651e-001
 -6.4293572e-001
 -4.0959491e-001
 -1.8893762e-001
  1.0514881e-002
  1.8258219e-001
  3.2349479e-001
  4.3173082e-001
  5.0766029e-001
  5.5305808e-001
  5.7055882e-001
  5.6312955e-001
  5.3362931e-001
  4.8450886e-001
  4.1768207e-001
  3.3457464e-001
  2.3633020e-001
  1.2413089e-001
 -4.2664896e-004
 -1.3496779e-001
 -2.7605582e-001
 -4.1904413e-001
 -5.5810438e-001
 -6.8644669e-001
 -7.9672301e-001
 -8.8157941e-001
 -9.3430270e-001
 -9.4949212e-001
 -9.2368072e-001
 -8.5583405e-001
 -7.4766488e-001
 -6.0372154e-001
 -4.3123031e-001
 -2.3969817e-001
 -4.0306518e-002
  1.5485247e-001
  3.3363022e-001
  4.8469214e-001
  5.9832939e-001
  6.6714482e-001
  6.8655935e-001
  6.5510336e-001
  5.7447760e-001
  4.4938905e-001
  2.8718481e-001
  9.7322383e-002
 -1.0927574e-001
 -3.2093016e-001
 -5.2592249e-001
 -7.1317467e-001
 -8.7284856e-001
 -9.9683466e-001
 -1.0791091e+000
 -1.1159482e+000
 -1.1060003e+000
 -1.0502214e+000
 -9.5168891e-001
 -8.1531276e-001
 -6.4746696e-001
 -4.5556703e-001
 -2.4762138e-001
 -3.1784301e-002
  1.8406169e-001
  3.9266874e-001
  5.8771003e-001
  7.6397338e-001
  9.1745280e-001
  1.0453378e+000
  1.1459089e+000
  1.2183585e+000
  1.2625616e+000
  1.2788313e+000
  1.2676908e+000
  1.2296988e+000
  1.1653524e+000
  1.0750883e+000
  9.5938675e-001
  8.1896741e-001
  6.5505472e-001
  4.6967438e-001
  2.6593547e-001
  4.8248264e-002
 -1.7756880e-001
 -4.0433077e-001
 -6.2369852e-001
 -8.2656431e-001
 -1.0035912e+000
 -1.1458655e+000
 -1.2456034e+000
 -1.2968402e+000
 -1.2960267e+000
 -1.2424612e+000
 -1.1384991e+000
 -9.8950388e-001
 -8.0352911e-001
 -5.9075165e-001
 -3.6270436e-001
 -1.3138091e-001
  9.1697878e-002
  2.9636018e-001
  4.7451017e-001
  6.2062950e-001
  7.3200176e-001
  8.0863990e-001
  8.5293086e-001
  8.6904533e-001
  8.6218841e-001
  8.3778642e-001
  8.0071281e-001
  7.5465193e-001
  7.0168201e-001
  6.4213184e-001
  5.7473092e-001
  4.9703533e-001
  4.0607541e-001
  2.9914125e-001
  1.7460141e-001
  3.2642749e-002
 -1.2417527e-001
 -2.9063926e-001
 -4.5893073e-001
 -6.1902419e-001
 -7.5941214e-001
 -8.6809478e-001
 -9.3373805e-001
 -9.4688054e-001
 -9.0105875e-001
 -7.9372470e-001
 -6.2684757e-001
 -4.0712176e-001
 -1.4574294e-001
  1.4224254e-001
  4.3896536e-001
  7.2505022e-001
  9.8110422e-001
  1.1892412e+000
  1.3345034e+000
  1.4060512e+000
  1.3980161e+000
  1.3099447e+000
  1.1467998e+000
  9.1852896e-001
  6.3924738e-001
  3.2611797e-001
 -1.9664178e-003
 -3.2577898e-001
 -6.2711318e-001
 -8.8998519e-001
 -1.1015944e+000
 -1.2529789e+000
 -1.3393346e+000
 -1.3599969e+000
 -1.3181157e+000
 -1.2200768e+000
 -1.0747418e+000
 -8.9258654e-001
 -6.8482086e-001
 -4.6256398e-001
 -2.3613912e-001
 -1.4531798e-002
  1.9496231e-001
  3.8689463e-001
  5.5763889e-001
  7.0521266e-001
  8.2898446e-001
  9.2931207e-001
  1.0071591e+000
  1.0637337e+000
  1.1001855e+000
  1.1173896e+000
  1.1158311e+000
  1.0955951e+000
  1.0564536e+000
  9.9803185e-001
  9.2002801e-001
  8.2245580e-001
  7.0587835e-001
  5.7160243e-001
  4.2180717e-001
  2.5958821e-001
  8.8907697e-002
 -8.5550063e-002
 -2.5860665e-001
 -4.2488182e-001
 -5.7912277e-001
 -7.1653856e-001
 -8.3310603e-001
 -9.2581571e-001
 -9.9283180e-001
 -1.0335486e+000
 -1.0485373e+000
 -1.0393876e+000
 -1.0084639e+000
 -9.5860144e-001
 -8.9278065e-001
 -8.1381768e-001
 -7.2411099e-001
 -6.2547714e-001
 -5.1909945e-001
 -4.0559996e-001
 -2.8522953e-001
 -1.5815536e-001
 -2.4810836e-002
  1.1373807e-001
  2.5546183e-001
  3.9712352e-001
  5.3416785e-001
  6.6077623e-001
  7.7010395e-001
  8.5469519e-001
  9.0704990e-001
  9.2029702e-001
  8.8891171e-001
  8.0940449e-001
  6.8090706e-001
  5.0558454e-001
  2.8881743e-001
  3.9116240e-002
 -2.3224319e-001
 -5.1184816e-001
 -7.8499887e-001
 -1.0367132e+000
 -1.2528025e+000
 -1.4209244e+000
 -1.5315185e+000
 -1.5785386e+000
 -1.5599137e+000
 -1.4776947e+000
 -1.3378701e+000
 -1.1498690e+000
 -9.2579464e-001
 -6.7945805e-001
 -4.2529943e-001
 -1.7729244e-001
  5.2073003e-002
  2.5264378e-001
  4.1722465e-001
  5.4192334e-001
  6.2620255e-001
  6.7264998e-001
  6.8650267e-001
  6.7498296e-001
  6.4651752e-001
  6.0991720e-001
  5.7359418e-001
  5.4488349e-001
  5.2952142e-001
  5.3131394e-001
  5.5200724e-001
  5.9135240e-001
  6.4733749e-001
  7.1654749e-001
  7.9460327e-001
  8.7662884e-001
  9.5769861e-001
  1.0332243e+000
  1.0992518e+000
  1.1526522e+000
  1.1912026e+000
  1.2135670e+000
  1.2191938e+000
  1.2081561e+000
  1.1809619e+000
  1.1383601e+000
  1.0811673e+000
  1.0101325e+000
  9.2585134e-001
  8.2873362e-001
  7.1902370e-001
  5.9686600e-001
  4.6240621e-001
  3.1591626e-001
  1.5793098e-001
 -1.0615050e-002
 -1.8826076e-001
 -3.7291106e-001
 -5.6175653e-001
 -7.5122762e-001
 -9.3699051e-001
 -1.1139911e+000
 -1.2765537e+000
 -1.4185382e+000
 -1.5335597e+000
 -1.6152670e+000
 -1.6576752e+000
 -1.6555375e+000
 -1.6047394e+000
 -1.5026858e+000
 -1.3486538e+000
 -1.1440749e+000
 -8.9271444e-001
 -6.0071932e-001
 -2.7651213e-001
  6.9478212e-002
  4.2524536e-001
  7.7777482e-001
  1.1137195e+000
  1.4201346e+000
  1.6852150e+000
  1.8989753e+000
  2.0538139e+000
  2.1449096e+000
  2.1704162e+000
  2.1314357e+000
  2.0317745e+000
  1.8775068e+000
  1.6763914e+000
  1.4372008e+000
  1.1690321e+000
  8.8067041e-001
  5.8006725e-001
  2.7398434e-001
 -3.2169090e-002
 -3.3430021e-001
 -6.2941749e-001
 -9.1527908e-001
 -1.1899645e+000
 -1.4514394e+000
 -1.6971852e+000
 -1.9239549e+000
 -2.1277025e+000
 -2.3037082e+000
 -2.4468937e+000
 -2.5522969e+000
 -2.6156466e+000
 -2.6339646e+000
 -2.6061099e+000
 -2.5331836e+000
 -2.4187254e+000
 -2.2686551e+000
 -2.0909434e+000
 -1.8950286e+000
 -1.6910297e+000
 -1.4888370e+000
 -1.2971772e+000
 -1.1227647e+000
 -9.6964075e-001
 -8.3878833e-001
 -7.2808084e-001
 -6.3258459e-001
 -5.4519435e-001
 -4.5754035e-001
 -3.6107006e-001
 -2.4818399e-001
 -1.1329338e-001
  4.6327350e-002
  2.3000067e-001
  4.3349240e-001
  6.4927504e-001
  8.6719011e-001
  1.0754446e+000
  1.2618350e+000
  1.4150634e+000
  1.5259957e+000
  1.5887150e+000
  1.6012438e+000
  1.5658440e+000
  1.4888509e+000
  1.3800503e+000
  1.2516594e+000
  1.1170205e+000
  9.8914919e-001
  8.7929794e-001
  7.9569652e-001
  7.4261222e-001
  7.1983847e-001
  7.2267340e-001
  7.4239593e-001
  7.6719185e-001
  7.8343308e-001
  7.7717434e-001
  7.3570861e-001
  6.4901697e-001
  5.1096126e-001
  3.2009700e-001
  8.0026124e-002
 -2.0074114e-001
 -5.0939390e-001
 -8.2982828e-001
 -1.1439464e+000
 -1.4331122e+000
 -1.6796188e+000
 -1.8680287e+000
 -1.9862662e+000
 -2.0263779e+000
 -1.9849101e+000
 -1.8629025e+000
 -1.6655283e+000
 -1.4014516e+000
 -1.0819911e+000
 -7.2019121e-001
 -3.2989997e-001
  7.5059678e-002
  4.8156131e-001
  8.7765203e-001
  1.2528270e+000
  1.5981198e+000
  1.9060491e+000
  2.1704743e+000
  2.3864181e+000
  2.5499100e+000
  2.6578920e+000
  2.7082124e+000
  2.6997114e+000
  2.6323848e+000
  2.5075953e+000
  2.3282900e+000
  2.0991763e+000
  1.8268144e+000
  1.5195882e+000
  1.1875349e+000
  8.4202698e-001
  4.9531809e-001
  1.5998061e-001
 -1.5172452e-001
 -4.2849836e-001
 -6.6062416e-001
 -8.4050955e-001
 -9.6311054e-001
 -1.0262076e+000
 -1.0305172e+000
 -9.7963481e-001
 -8.7981869e-001
 -7.3963188e-001
 -5.6946997e-001
 -3.8100460e-001
 -1.8657593e-001
  1.4337740e-003
  1.7121454e-001
  3.1210351e-001
  4.1509565e-001
  4.7326912e-001
  4.8210763e-001
  4.3970549e-001
  3.4684501e-001
  2.0694074e-001
  2.5850660e-002
 -1.8843900e-001
 -4.2624078e-001
 -6.7668286e-001
 -9.2828638e-001
 -1.1695677e+000
 -1.3896266e+000
 -1.5786819e+000
 -1.7285161e+000
 -1.8328029e+000
 -1.8872958e+000
 -1.8898727e+000
 -1.8404439e+000
 -1.7407431e+000
 -1.5940349e+000
 -1.4047760e+000
 -1.1782739e+000
 -9.2038151e-001
 -6.3726039e-001
 -3.3523244e-001
 -2.0725047e-002
  2.9970050e-001
  6.1926253e-001
  9.3085103e-001
  1.2269408e+000
  1.4995693e+000
  1.7404157e+000
  1.9410062e+000
  2.0930540e+000
  2.1889221e+000
  2.2221781e+000
  2.1881929e+000
  2.0847224e+000
  1.9124054e+000
  1.6751129e+000
  1.3800941e+000
  1.0378797e+000
  6.6192724e-001
  2.6801738e-001
 -1.2656481e-001
 -5.0400643e-001
 -8.4702648e-001
 -1.1399347e+000
 -1.3696031e+000
 -1.5262716e+000
 -1.6041231e+000
 -1.6015857e+000
 -1.5213427e+000
 -1.3700593e+000
 -1.1578560e+000
 -8.9758186e-001
 -6.0395212e-001
 -2.9262270e-001
  2.0726761e-002
  3.2123723e-001
  5.9559053e-001
  8.3257048e-001
  1.0234473e+000
  1.1621849e+000
  1.2454849e+000
  1.2726915e+000
  1.2455881e+000
  1.1681172e+000
  1.0460537e+000
  8.8665487e-001
  6.9830568e-001
  4.9016885e-001
  2.7184459e-001
  5.3040370e-002
 -1.5675061e-001
 -3.4856259e-001
 -5.1425995e-001
 -6.4682346e-001
 -7.4061012e-001
 -7.9157356e-001
 -7.9743035e-001
 -7.5775810e-001
 -6.7401426e-001
 -5.4946908e-001
 -3.8905289e-001
 -1.9912428e-001
  1.2827348e-002
  2.3852626e-001
  4.6927997e-001
  6.9635101e-001
  9.1130942e-001
  1.1063482e+000
  1.2745486e+000
  1.4100891e+000
  1.5083955e+000
  1.5662367e+000
  1.5817717e+000
  1.5545558e+000
  1.4855139e+000
  1.3768838e+000
  1.2321345e+000
  1.0558564e+000
  8.5362170e-001
  6.3181085e-001
  3.9740195e-001
  1.5772342e-001
 -7.9826261e-002
 -3.0808184e-001
 -5.2042268e-001
 -7.1107267e-001
 -8.7536602e-001
 -1.0099561e+000
 -1.1129471e+000
 -1.1839331e+000
 -1.2239376e+000
 -1.2352560e+000
 -1.2212125e+000
 -1.1858535e+000
 -1.1336052e+000
 -1.0689288e+000
 -9.9600585e-001
 -9.1848313e-001
 -8.3930062e-001
 -7.6061452e-001
 -6.8381721e-001
 -6.0964409e-001
 -5.3834708e-001
 -4.6990683e-001
 -4.0425195e-001
 -3.4145316e-001
 -2.8186522e-001
 -2.2619632e-001
 -1.7549567e-001
 -1.3106093e-001
 -9.4278385e-002
 -6.6418149e-002
 -4.8412761e-002
 -4.0650389e-002
 -4.2812141e-002
 -5.3777733e-002
 -7.1615388e-002
 -9.3661463e-002
 -1.1668443e-001
 -1.3711773e-001
 -1.5133800e-001
 -1.5596025e-001
 -1.4812010e-001
 -1.2571549e-001
 -8.7585344e-002
 -3.3610766e-002
  3.5267050e-002
  1.1710891e-001
  2.0910852e-001
  3.0777517e-001
  4.0914782e-001
  5.0901990e-001
  6.0315599e-001
  6.8748591e-001
  7.5826695e-001
  8.1221076e-001
  8.4657631e-001
  8.5923442e-001
  8.4871095e-001
  8.1421634e-001
  7.5566707e-001
  6.7370204e-001
  5.6969344e-001
  4.4574800e-001
  3.0469243e-001
  1.5003548e-001
 -1.4100445e-002
 -1.8308291e-001
 -3.5190957e-001
 -5.1538197e-001
 -6.6830524e-001
 -8.0570238e-001
 -9.2302883e-001
 -1.0163719e+000
 -1.0826208e+000
 -1.1195942e+000
 -1.1261191e+000
 -1.1020557e+000
 -1.0482717e+000
 -9.6657161e-001
 -8.5959089e-001
 -7.3066702e-001
 -5.8369826e-001
 -4.2300067e-001
 -2.5317037e-001
 -7.8954593e-002
  9.4868364e-002
  2.6360318e-001
  4.2275013e-001
  5.6812082e-001
  6.9596030e-001
  8.0307551e-001
  8.8696662e-001
  9.4595313e-001
  9.7928356e-001
  9.8721475e-001
  9.7104671e-001
  9.3310040e-001
  8.7662981e-001
  8.0566567e-001
  7.2479489e-001
  6.3888756e-001
  5.5279005e-001
  4.7100795e-001
  3.9740603e-001
  3.3495189e-001
  2.8552766e-001
  2.4982795e-001
  2.2735454e-001
  2.1650895e-001
  2.1477435e-001
  2.1896968e-001
  2.2555184e-001
  2.3093766e-001
  2.3181596e-001
  2.2542234e-001
  2.0975381e-001
  1.8370754e-001
  1.4713629e-001
  1.0082151e-001
  4.6373009e-002
 -1.3929612e-002
 -7.7334733e-002
 -1.4083478e-001
 -2.0138059e-001
 -2.5607701e-001
 -3.0234658e-001
 -3.3805373e-001
 -3.6158635e-001
 -3.7189627e-001
 -3.6850346e-001
 -3.5147024e-001
 -3.2135291e-001
 -2.7913702e-001
 -2.2616182e-001
 -1.6403738e-001
 -9.4557153e-002
 -1.9607700e-002
  5.8922524e-002
  1.3923250e-001
  2.1969209e-001
  2.9891420e-001
  3.7580896e-001
  4.4961325e-001
  5.1988937e-001
  5.8648920e-001
  6.4948310e-001
  7.0905745e-001
  7.6538912e-001
  8.1850965e-001
  8.6817506e-001
  9.1375897e-001
  9.5418617e-001
  9.8792067e-001
  1.0130175e+000
  1.0272401e+000
  1.0282381e+000
  1.0137710e+000
  9.8195771e-001
  9.3152621e-001
  8.6203520e-001
  7.7404148e-001
  6.6919033e-001
  5.5021390e-001
  4.2083187e-001
  2.8555906e-001
  1.4943507e-001
  1.7699538e-002
 -1.0455683e-001
 -2.1273277e-001
 -3.0301671e-001
 -3.7261931e-001
 -4.1991887e-001
 -4.4450970e-001
 -4.4715423e-001
 -4.2965001e-001
 -3.9463094e-001
 -3.4532791e-001
 -2.8531636e-001
 -2.1827666e-001
 -1.4778912e-001
 -7.7177956e-002
 -9.4103843e-003
  5.2951913e-002
  1.0775888e-001
  1.5325131e-001
  1.8803094e-001
  2.1103866e-001
  2.2155390e-001
  2.1922238e-001
  2.0411173e-001
  1.7678654e-001
  1.3838818e-001
  9.0699824e-002
  3.6176082e-002
 -2.2081555e-002
 -8.0416996e-002
 -1.3478505e-001
 -1.8098611e-001
 -2.1495585e-001
 -2.3308701e-001
 -2.3255318e-001
 -2.1160168e-001
 -1.6978237e-001
 -1.0808460e-001
 -2.8961770e-002
  6.3765367e-002
  1.6512397e-001
  2.6930736e-001
  3.7007028e-001
  4.6116663e-001
  5.3679132e-001
  5.9198702e-001
  6.2298106e-001
  6.2742490e-001
  6.0451901e-001
  5.5501774e-001
  4.8112009e-001
  3.8626313e-001
  2.7484256e-001
  1.5188978e-001
  2.2736380e-002
 -1.0730537e-001
 -2.3322211e-001
 -3.5052218e-001
 -4.5539270e-001
 -5.4478973e-001
 -6.1646737e-001
 -6.6895646e-001
 -7.0150673e-001
 -7.1400648e-001
 -7.0689291e-001
 -6.8106312e-001
 -6.3779196e-001
 -5.7865968e-001
 -5.0548842e-001
 -4.2028518e-001
 -3.2518763e-001
 -2.2240978e-001
 -1.1418619e-001
 -2.7153636e-003
  1.0989463e-001
  2.2167371e-001
  3.3082506e-001
  4.3574299e-001
  5.3501029e-001
  6.2737435e-001
  7.1170473e-001
  7.8693872e-001
  8.5202372e-001
  9.0586744e-001
  9.4730726e-001
  9.7510808e-001
  9.8799559e-001
  9.8472658e-001
  9.6419325e-001
  9.2555264e-001
  8.6836802e-001
  7.9274543e-001
  6.9944761e-001
  5.8996839e-001
  4.6655380e-001
  3.3216148e-001
  1.9035650e-001
  4.5148733e-002
 -9.9216182e-002
 -2.3849470e-001
 -3.6869079e-001
 -4.8628636e-001
 -5.8843559e-001
 -6.7310559e-001
 -7.3915193e-001
 -7.8632406e-001
 -8.1520366e-001
 -8.2708508e-001
 -8.2381323e-001
 -8.0759725e-001
 -7.8081974e-001
 -7.4586018e-001
 -7.0494766e-001
 -6.6005333e-001
 -6.1282722e-001
 -5.6457825e-001
 -5.1629117e-001
 -4.6867063e-001
 -4.2220018e-001
 -3.7720453e-001
 -3.3390442e-001
 -2.9245707e-001
 -2.5297864e-001
 -2.1554924e-001
 -1.8020474e-001
 -1.4692173e-001
 -1.1560338e-001
 -8.6073373e-002
 -5.8083325e-002
 -3.1336233e-002
 -5.5251490e-003
  1.9617072e-002
  4.4263768e-002
  6.8444661e-002
  9.2008860e-002
  1.1460807e-001
  1.3570485e-001
  1.5460719e-001
  1.7052695e-001
  1.8265586e-001
  1.9024991e-001
  1.9271118e-001
  1.8965629e-001
  1.8096172e-001
  1.6677942e-001
  1.4751999e-001
  1.2380522e-001
  9.6395890e-002
  6.6104517e-002
  3.3704964e-002
 -1.4869117e-004
 -3.4982519e-002
 -7.0533665e-002
 -1.0674709e-001
 -1.4373804e-001
 -1.8172498e-001
 -2.2094171e-001
 -2.6154055e-001
 -3.0349963e-001
 -3.4654708e-001
 -3.9011268e-001
 -4.3331399e-001
 -4.7497936e-001
 -5.1370559e-001
 -5.4794344e-001
 -5.7610070e-001
 -5.9665062e-001
 -6.0823324e-001
 -6.0973828e-001
 -6.0036183e-001
 -5.7963229e-001
 -5.4740633e-001
 -5.0383921e-001
 -4.4933782e-001
 -3.8450662e-001
 -3.1009731e-001
 -2.2697180e-001
 -1.3608515e-001
 -3.8491484e-002
  6.4628941e-002
  1.7192757e-001
  2.8183993e-001
  3.9254472e-001
  5.0194191e-001
  6.0766135e-001
  7.0710952e-001
  7.9755805e-001
  8.7627152e-001
  9.4066697e-001
  9.8849162e-001
  1.0180024e+000
  1.0281278e+000
  1.0185940e+000
  9.8999791e-001
  9.4381679e-001
  8.8234710e-001
  8.0857504e-001
  7.2598673e-001
  6.3833295e-001
  5.4936852e-001
  4.6258917e-001
  3.8098975e-001
  3.0686549e-001
  2.4167423e-001
  1.8597169e-001
  1.3942456e-001
  1.0089901e-001
  6.8614958e-002
  4.0350612e-002
  1.3677254e-002
 -1.3797629e-002
 -4.4200920e-002
 -7.9197921e-002
 -1.1984558e-001
 -1.6650523e-001
 -2.1881908e-001
 -2.7574844e-001
 -3.3566622e-001
 -3.9649166e-001
 -4.5585222e-001
 -5.1125640e-001
 -5.6026167e-001
 -6.0062352e-001
 -6.3041505e-001
 -6.4811041e-001
 -6.5262968e-001
 -6.4334710e-001
 -6.2006790e-001
 -5.8298179e-001
 -5.3260268e-001
 -4.6970432e-001
 -3.9526086e-001
 -3.1039937e-001
 -2.1636888e-001
 -1.1452738e-001
 -6.3454701e-003
  1.0657757e-001
  2.2249152e-001
  3.3947426e-001
  4.5541992e-001
  5.6804354e-001
  6.7490762e-001
  7.7347433e-001
  8.6118353e-001
  9.3555445e-001
  9.9430531e-001
  1.0354829e+000
  1.0575919e+000
  1.0597128e+000
  1.0415975e+000
  1.0037311e+000
  9.4735376e-001
  8.7443454e-001
  7.8759825e-001
  6.9000556e-001
  5.8519357e-001
  4.7688656e-001
  3.6878983e-001
  2.6438153e-001
  1.6671808e-001
  7.8268467e-002
  7.9033004e-004
 -6.4741816e-002
 -1.1815044e-001
 -1.6000961e-001
 -1.9154404e-001
 -2.1448112e-001
 -2.3086822e-001
 -2.4287098e-001
 -2.5256960e-001
 -2.6177059e-001
 -2.7184990e-001
 -2.8364049e-001
 -2.9737361e-001
 -3.1267792e-001
 -3.2863566e-001
 -3.4388972e-001
 -3.5679117e-001
 -3.6557308e-001
 -3.6853432e-001
 -3.6421637e-001
 -3.5155704e-001
 -3.3000711e-001
 -2.9959994e-001
 -2.6096796e-001
 -2.1530537e-001
 -1.6428109e-001
 -1.0991031e-001
 -5.4396884e-002
  3.8875395e-005
  5.1331592e-002
  9.7726020e-002
  1.3790268e-001
  1.7106339e-001
  1.9697002e-001
  2.1593404e-001
  2.2875903e-001
  2.3664232e-001
  2.4104544e-001
  2.4354572e-001
  2.4568258e-001
  2.4881211e-001
  2.5398272e-001
  2.6184192e-001
  2.7258169e-001
  2.8592578e-001
  3.0115877e-001
  3.1719273e-001
  3.3266412e-001
  3.4605123e-001
  3.5580076e-001
  3.6045202e-001
  3.5874761e-001
  3.4972161e-001
  3.3275862e-001
  3.0762014e-001
  2.7443833e-001
  2.3368028e-001
  1.8608879e-001
  1.3260779e-001
  7.4301632e-002
  1.2277628e-002
 -5.2379774e-002
 -1.1865659e-001
 -1.8563471e-001
 -2.5249422e-001
 -3.1849471e-001
 -3.8294047e-001
 -4.4513683e-001
 -5.0434584e-001
 -5.5975020e-001
 -6.1043295e-001
 -6.5537899e-001
 -6.9350158e-001
 -7.2369346e-001
 -7.4489938e-001
 -7.5620299e-001
 -7.5691916e-001
 -7.4668081e-001
 -7.2550924e-001
 -6.9385803e-001
 -6.5262267e-001
 -6.0311164e-001
 -5.4697844e-001
 -4.8611883e-001
 -4.2254119e-001
 -3.5822187e-001
 -2.9495936e-001
 -2.3424224e-001
 -1.7714505e-001
 -1.2426403e-001
 -7.5700881e-002
 -3.1097929e-002
  1.0277226e-002
  4.9404898e-002
  8.7356474e-002
  1.2512332e-001
  1.6344936e-001
  2.0268553e-001
  2.4268276e-001
  2.8273645e-001
  3.2159095e-001
  3.5750598e-001
  3.8838118e-001
  4.1192846e-001
  4.2587679e-001
  4.2819026e-001
  4.1727825e-001
  3.9217693e-001
  3.5268346e-001
  2.9942830e-001
  2.3387723e-001
  1.5826061e-001
  7.5434917e-002
 -1.1312219e-002
 -9.8496875e-002
 -1.8269289e-001
 -2.6078275e-001
 -3.3018316e-001
 -3.8902538e-001
 -4.3627493e-001
 -4.7178054e-001
 -4.9624898e-001
 -5.1114916e-001
 -5.1855492e-001
 -5.2094153e-001
 -5.2095450e-001
 -5.2117135e-001
 -5.2387707e-001
 -5.3087199e-001
 -5.4332732e-001
 -5.6169895e-001
 -5.8570438e-001
 -6.1436193e-001
 -6.4608608e-001
 -6.7882798e-001
 -7.1024699e-001
 -7.3789701e-001
 -7.5941123e-001
 -7.7266985e-001
 -7.7593820e-001
 -7.6796569e-001
 -7.4804077e-001
 -7.1600086e-001
 -6.7220070e-001
 -6.1744598e-001
 -5.5290145e-001
 -4.7998486e-001
 -4.0025770e-001
 -3.1532366e-001
 -2.2674342e-001
 -1.3597240e-001
 -4.4324821e-002
  4.7035450e-002
  1.3707988e-001
  2.2488102e-001
  3.0956591e-001
  3.9026516e-001
  4.6606572e-001
  5.3597486e-001
  5.9890145e-001
  6.5365871e-001
  6.9898997e-001
  7.3361697e-001
  7.5630723e-001
  7.6595532e-001
  7.6167117e-001
  7.4286745e-001
  7.0933794e-001
  6.6131935e-001
  5.9953012e-001
  5.2518159e-001
  4.3995910e-001
  3.4597317e-001
  2.4568298e-001
  1.4179713e-001
  3.7158001e-002
 -6.5382199e-002
 -1.6308550e-001
 -2.5344384e-001
 -3.3427893e-001
 -4.0382025e-001
 -4.6075715e-001
 -5.0426316e-001
 -5.3399301e-001
 -5.5005501e-001
 -5.5296337e-001
 -5.4357604e-001
 -5.2302463e-001
 -4.9264254e-001
 -4.5389712e-001
 -4.0832990e-001
 -3.5750765e-001
 -3.0298490e-001
 -2.4627680e-001
 -1.8883983e-001
 -1.3205654e-001
 -7.7220486e-002
 -2.5517413e-002
  2.1999845e-002
  6.4444144e-002
  1.0113372e-001
  1.3163619e-001
  1.5581229e-001
  1.7385349e-001
  1.8630692e-001
  1.9408095e-001
  1.9842611e-001
  2.0088755e-001
  2.0322814e-001
  2.0732412e-001
  2.1503837e-001
  2.2807950e-001
  2.4785714e-001
  2.7534527e-001
  3.1096591e-001
  3.5450463e-001
  4.0506716e-001
  4.6108347e-001
  5.2036183e-001
  5.8019093e-001
  6.3748434e-001
  6.8895739e-001
  7.3132405e-001
  7.6149920e-001
  7.7679154e-001
  7.7507307e-001
  7.5491315e-001
  7.1566846e-001
  6.5752382e-001
  5.8148294e-001
  4.8931223e-001
  3.8344427e-001
  2.6684995e-001
  1.4289034e-001
  1.5159310e-002
 -1.1267215e-001
 -2.3700071e-001
 -3.5441763e-001
 -4.6181298e-001
 -5.5645548e-001
 -6.3604803e-001
 -6.9876131e-001
 -7.4324882e-001
 -7.6864748e-001
 -7.7456771e-001
 -7.6107641e-001
 -7.2867545e-001
 -6.7827694e-001
 -6.1117588e-001
 -5.2901972e-001
 -4.3377411e-001
 -3.2768367e-001
 -2.1322722e-001
 -9.3067027e-002
  3.0007591e-002
  1.5314144e-001
  2.7347804e-001
  3.8822590e-001
  4.9472477e-001
  5.9051015e-001
  6.7337485e-001
  7.4142641e-001
  7.9313966e-001
  8.2740385e-001
  8.4356351e-001
  8.4145188e-001
  8.2141526e-001
  7.8432609e-001
  7.3158166e-001
  6.6508537e-001
  5.8720746e-001
  5.0072238e-001
  4.0872184e-001
  3.1450353e-001
  2.2143854e-001
  1.3282233e-001
  5.1716994e-002
 -1.9205580e-002
 -7.7808519e-002
 -1.2261118e-001
 -1.5287584e-001
 -1.6865074e-001
 -1.7076351e-001
 -1.6076247e-001
 -1.4080826e-001
 -1.1352224e-001
 -8.1802601e-002
 -4.8622184e-002
 -1.6824185e-002
  1.1067657e-002
  3.3008871e-002
  4.7551230e-002
  5.3908054e-002
  5.1963877e-002
  4.2229785e-002
  2.5750813e-002
  3.9761639e-003
 -2.1393872e-002
 -4.8568749e-002
 -7.5820777e-002
 -1.0161670e-001
 -1.2471701e-001
 -1.4423635e-001
 -1.5966296e-001
 -1.7083960e-001
 -1.7791245e-001
 -1.8125753e-001
 -1.8139559e-001
 -1.7890707e-001
 -1.7435723e-001
 -1.6823956e-001
 -1.6094219e-001
 -1.5273884e-001
 -1.4380212e-001
 -1.3423450e-001
 -1.2410988e-001
 -1.1351800e-001
 -1.0260393e-001
 -9.1596227e-002
 -8.0819079e-002
 -7.0686579e-002
 -6.1679548e-002
 -5.4307906e-002
 -4.9063337e-002
 -4.6368086e-002
 -4.6526009e-002
 -4.9681412e-002
 -5.5790019e-002
 -6.4604756e-002
 -7.5677201e-002
 -8.8373836e-002
 -1.0190483e-001
 -1.1536223e-001
 -1.2776392e-001
 -1.3810022e-001
 -1.4538019e-001
 -1.4867585e-001
 -1.4716327e-001
 -1.4016025e-001
 -1.2716070e-001
 -1.0786582e-001
 -8.2212031e-002
 -5.0394713e-002
 -1.2886159e-002
  2.9554508e-002
  7.5882322e-002
  1.2478117e-001
  1.7469454e-001
  2.2387369e-001
  2.7044295e-001
  3.1248020e-001
  3.4810856e-001
  3.7559375e-001
  3.9344006e-001
  4.0047769e-001
  3.9593409e-001
  3.7948325e-001
  3.5126866e-001
  3.1189794e-001
  2.6240999e-001
  2.0421798e-001
  1.3903357e-001
  6.8779650e-002
 -4.5010368e-003
 -7.8733825e-002
 -1.5189066e-001
 -2.2205501e-001
 -2.8747132e-001
 -3.4657964e-001
 -3.9803808e-001
 -4.4073711e-001
 -4.7381061e-001
 -4.9664788e-001
 -5.0890956e-001
 -5.1054866e-001
 -5.0183514e-001
 -4.8338028e-001
 -4.5615490e-001
 -4.2149464e-001
 -3.8108495e-001
 -3.3691999e-001
 -2.9123170e-001
 -2.4638884e-001
 -2.0476939e-001
 -1.6861408e-001
 -1.3987204e-001
 -1.2005229e-001
 -1.1009611e-001
 -1.1028447e-001
 -1.2019291e-001
 -1.3870196e-001
 -1.6406630e-001
 -1.9404011e-001
 -2.2604975e-001
 -2.5740008e-001
 -2.8549637e-001
 -3.0806154e-001
 -3.2332832e-001
 -3.3018785e-001
 -3.2828025e-001
 -3.1801823e-001
 -3.0054138e-001
 -2.7760583e-001
 -2.5141999e-001
 -2.2444292e-001
 -1.9916484e-001
 -1.7789114e-001
 -1.6255028e-001
 -1.5454311e-001
 -1.5464661e-001
 -1.6297891e-001
 -1.7902656e-001
 -2.0172817e-001
 -2.2960362e-001
 -2.6091367e-001
 -2.9383260e-001
 -3.2661619e-001
 -3.5774848e-001
 -3.8605424e-001
 -4.1076791e-001
 -4.3155509e-001
 -4.4848738e-001
 -4.6197609e-001
 -4.7267428e-001
 -4.8135887e-001
 -4.8880596e-001
 -4.9567212e-001
 -5.0239335e-001
 -5.0911059e-001
 -5.1562786e-001
 -5.2140582e-001
 -5.2558993e-001
 -5.2706990e-001
 -5.2456423e-001
 -5.1672244e-001
 -5.0223638e-001
 -4.7995196e-001
 -4.4897295e-001
 -4.0874958e-001
 -3.5914594e-001
 -3.0048167e-001
 -2.3354518e-001
 -1.5957738e-001
 -8.0226429e-002
  2.5240485e-003
  8.6449611e-002
  1.6919729e-001
  2.4840919e-001
  3.2185014e-001
  3.8753164e-001
  4.4382419e-001
  4.8955051e-001
  5.2405310e-001
  5.4723095e-001
  5.5954241e-001
  5.6197321e-001
  5.5597140e-001
  5.4335342e-001
  5.2618767e-001
  5.0666392e-001
  4.8695785e-001
  4.6910072e-001
  4.5486310e-001
  4.4566094e-001
  4.4248973e-001
  4.4589018e-001
  4.5594610e-001
  4.7231238e-001
  4.9426853e-001
  5.2079140e-001
  5.5063958e-001
  5.8244172e-001
  6.1478142e-001
  6.4627268e-001
  6.7562159e-001
  7.0167205e-001
  7.2343529e-001
  7.4010493e-001
  7.5106058e-001
  7.5586379e-001
  7.5425053e-001
  7.4612342e-001
  7.3154653e-001
  7.1074361e-001
  6.8409966e-001
  6.5216410e-001
  6.1565282e-001
  5.7544598e-001
  5.3257813e-001
  4.8821831e-001
  4.4363828e-001
  4.0016896e-001
  3.5914657e-001
  3.2185161e-001
  2.8944489e-001
  2.6290615e-001
  2.4298049e-001
  2.3013789e-001
  2.2454997e-001
  2.2608659e-001
  2.3433310e-001
  2.4862705e-001
  2.6811112e-001
  2.9179759e-001
  3.1863822e-001
  3.4759316e-001
  3.7769242e-001
  4.0808420e-001
  4.3806607e-001
  4.6709639e-001
  4.9478586e-001
  5.2087093e-001
  5.4517315e-001
  5.6754958e-001
  5.8784107e-001
  6.0582501e-001
  6.2117932e-001
  6.3346297e-001
  6.4211692e-001
  6.4648737e-001
  6.4587040e-001
  6.3957511e-001
  6.2699971e-001
  6.0771358e-001
  5.8153665e-001
  5.4860734e-001
  5.0943059e-001
  4.6489849e-001
  4.1627868e-001
  3.6516759e-001
  3.1340943e-001
  2.6298478e-001
  2.1587575e-001
  1.7391777e-001
  1.3864969e-001
  1.1117516e-001
  9.2048254e-002
  8.1194785e-002
  7.7878765e-002
  8.0719790e-002
  8.7763230e-002
  9.6600574e-002
  1.0453282e-001
  1.0876577e-001
  1.0662283e-001
  9.5758889e-002
  7.4357945e-002
  4.1298216e-002
 -3.7296173e-003
 -6.0161661e-002
 -1.2656372e-001
 -2.0069886e-001
 -2.7965543e-001
 -3.6002617e-001
 -4.3812499e-001
 -5.1022505e-001
 -5.7279982e-001
 -6.2274907e-001
 -6.5759315e-001
 -6.7562159e-001
 -6.7598640e-001
 -6.5873482e-001
 -6.2478146e-001
 -5.7582445e-001
 -5.1421464e-001
 -4.4278986e-001
 -3.6468861e-001
 -2.8315809e-001
 -2.0137108e-001
 -1.2226427e-001
 -4.8408070e-002
  1.8085560e-002
  7.5614395e-002
  1.2309702e-001
  1.5994782e-001
  1.8602250e-001
  2.0154280e-001
  2.0700965e-001
  2.0311445e-001
  1.9065686e-001
  1.7047608e-001
  1.4340064e-001
  1.1021897e-001
  7.1670978e-002
  2.8458216e-002
 -1.8731495e-002
 -6.9190535e-002
 -1.2215548e-001
 -1.7677512e-001
 -2.3208847e-001
 -2.8701761e-001
 -3.4037869e-001
 -3.9091231e-001
 -4.3733249e-001
 -4.7839148e-001
 -5.1295545e-001
 -5.4008501e-001
 -5.5911329e-001
 -5.6971414e-001
 -5.7195338e-001
 -5.6631705e-001
 -5.5371240e-001
 -5.3543950e-001
 -5.1313370e-001
 -4.8868186e-001
 -4.6411758e-001
 -4.4150252e-001
 -4.2280238e-001
 -4.0976665e-001
 -4.0382082e-001
 -4.0597909e-001
 -4.1678338e-001
 -4.3627239e-001
 -4.6398183e-001
 -4.9897416e-001
 -5.3989391e-001
 -5.8504282e-001
 -6.3246780e-001
 -6.8005437e-001
 -7.2561894e-001
 -7.6699414e-001
 -8.0210361e-001
 -8.2902436e-001
 -8.4603709e-001
 -8.5166634e-001
 -8.4471389e-001
 -8.2428868e-001
 -7.8983682e-001
 -7.4117356e-001
 -6.7851750e-001
 -6.0252552e-001
 -5.1432425e-001
 -4.1553263e-001
 -3.0826866e-001
 -1.9513337e-001
 -7.9165755e-002
  3.6235458e-002
  1.4742484e-001
  2.5065585e-001
  3.4225331e-001
  4.1880306e-001
  4.7734653e-001
  5.1556547e-001
  5.3194179e-001
  5.2587796e-001
  4.9776614e-001
  4.4899745e-001
  3.8190784e-001
  2.9966228e-001
  2.0608398e-001
  1.0544072e-001
  2.2035768e-003
 -9.9203723e-002
 -1.9464626e-001
 -2.8049237e-001
 -3.5378592e-001
 -4.1236533e-001
 -4.5492297e-001
 -4.8100393e-001
 -4.9094829e-001
 -4.8578569e-001
 -4.6709431e-001
 -4.3683852e-001
 -3.9720035e-001
 -3.5041873e-001
 -2.9864868e-001
 -2.4384938e-001
 -1.8770649e-001
 -1.3159014e-001
 -7.6546596e-002
 -2.3318454e-002
  2.7613720e-002
  7.5976721e-002
  1.2164539e-001
  1.6458634e-001
  2.0481087e-001
  2.4234124e-001
  2.7719226e-001
  3.0936815e-001
  3.3887249e-001
  3.6572818e-001
  3.9000288e-001
  4.1183569e-001
  4.3146060e-001
  4.4922306e-001
  4.6558701e-001
  4.8113045e-001
  4.9652915e-001
  5.1252872e-001
  5.2990638e-001
  5.4942450e-001
  5.7177830e-001
  5.9754089e-001
  6.2710866e-001
  6.6065060e-001
  6.9806493e-001
  7.3894631e-001
  7.8256691e-001
  8.2787404e-001
  8.7350644e-001
  9.1783058e-001
  9.5899710e-001
  9.9501644e-001
  1.0238511e+000
  1.0435203e+000
  1.0522130e+000
  1.0484005e+000
  1.0309443e+000
  9.9918960e-001
  9.5303819e-001
  8.9299487e-001
  8.2018165e-001
  7.3631769e-001
  6.4366409e-001
  5.4493544e-001
  4.4318259e-001
  3.4165290e-001
  2.4363638e-001
  1.5230696e-001
  7.0568698e-002
  9.1656841e-004
 -5.4679804e-002
 -9.4862391e-002
 -1.1893623e-001
 -1.2688371e-001
 -1.1934179e-001
 -9.7544745e-002
 -6.3237308e-002
 -1.8564662e-002
  3.4052788e-002
  9.2051481e-002
  1.5285513e-001
  2.1399568e-001
  2.7321816e-001
  3.2856412e-001
  3.7843064e-001
  4.2160336e-001
  4.5726432e-001
  4.8497710e-001
  5.0465307e-001
  5.1650386e-001
  5.2098541e-001
  5.1873938e-001
  5.1053671e-001
  4.9722779e-001
  4.7970178e-001
  4.5885666e-001
  4.3557974e-001
  4.1073703e-001
  3.8516886e-001
  3.5968811e-001
  3.3507760e-001
  3.1208328e-001
  2.9140062e-001
  2.7365318e-001
  2.5936361e-001
  2.4891893e-001
  2.4253363e-001
  2.4021496e-001
  2.4173564e-001
  2.4661894e-001
  2.5414053e-001
  2.6334988e-001
  2.7311241e-001
  2.8217085e-001
  2.8922246e-001
  2.9300643e-001
  2.9239402e-001
  2.8647361e-001
  2.7462228e-001
  2.5655691e-001
  2.3235935e-001
  2.0247278e-001
  1.6766916e-001
  1.2899100e-001
  8.7672892e-002
  4.5050860e-002
  2.4685386e-003
 -3.8810476e-002
 -7.7675690e-002
 -1.1322164e-001
 -1.4477481e-001
 -1.7189474e-001
 -1.9435186e-001
 -2.1208716e-001
 -2.2516126e-001
 -2.3370145e-001
 -2.3785522e-001
 -2.3775772e-001
 -2.3351843e-001
 -2.2522933e-001
 -2.1299342e-001
 -1.9696945e-001
 -1.7742573e-001
 -1.5479409e-001
 -1.2971437e-001
 -1.0306047e-001
 -7.5940503e-002
 -4.9667035e-002
 -2.5696405e-002
 -5.5405499e-003
  9.3418531e-003
  1.7664903e-002
  1.8433677e-002
  1.1048465e-002
 -4.6168458e-003
 -2.8171946e-002
 -5.8709240e-002
 -9.4847210e-002
 -1.3481584e-001
 -1.7657760e-001
 -2.1797391e-001
 -2.5688428e-001
 -2.9138409e-001
 -3.1988716e-001
 -3.4126062e-001
 -3.5490260e-001
 -3.6077656e-001
 -3.5940050e-001
 -3.5179314e-001
 -3.3938306e-001
 -3.2388978e-001
 -3.0718755e-001
 -2.9116379e-001
 -2.7758347e-001
 -2.6796974e-001
 -2.6350875e-001
 -2.6498420e-001
 -2.7274418e-001
 -2.8670016e-001
 -3.0635555e-001
 -3.3085928e-001
 -3.5907859e-001
 -3.8968438e-001
 -4.2124242e-001
 -4.5230408e-001
 -4.8149083e-001
 -5.0756784e-001
 -5.2950311e-001
 -5.4650950e-001
 -5.5806848e-001
 -5.6393522e-001
 -5.6412582e-001
 -5.5888853e-001
 -5.4866157e-001
 -5.3402112e-001
 -5.1562374e-001
 -4.9414771e-001
 -4.7023837e-001
 -4.4446196e-001
 -4.1727216e-001
 -3.8899240e-001
 -3.5981560e-001
 -3.2982156e-001
 -2.9901001e-001
 -2.6734598e-001
 -2.3481221e-001
 -2.0146263e-001
 -1.6747006e-001
 -1.3316170e-001
 -9.9037085e-002
 -6.5764515e-002
 -3.4154479e-002
 -5.1109733e-003
  2.0435824e-002
  4.1609695e-002
  5.7673798e-002
  6.8112799e-002
  7.2703057e-002
  7.1563060e-002
  6.5178044e-002
  5.4395143e-002
  4.0388245e-002
  2.4594743e-002
  8.6290653e-003
 -5.8198833e-003
 -1.7098762e-002
 -2.3698181e-002
 -2.4350667e-002
 -1.8110689e-002
 -4.4111822e-003
  1.6906616e-002
  4.5590683e-002
  8.1001342e-002
  1.2215627e-001
  1.6779229e-001
  2.1643801e-001
  2.6649150e-001
  3.1629765e-001
  3.6422088e-001
  4.0871017e-001
  4.4835464e-001
  4.8192906e-001
  5.0842950e-001
  5.2709978e-001
  5.3744947e-001
  5.3926408e-001
  5.3260743e-001
  5.1781610e-001
  4.9548521e-001
  4.6644506e-001
  4.3172806e-001
  3.9252627e-001
  3.5014047e-001
  3.0592281e-001
  2.6121607e-001
  2.1729314e-001
  1.7530121e-001
  1.3621464e-001
  1.0080035e-001
  6.9598473e-002
  4.2919550e-002
  2.0857985e-002
  3.3199182e-003
 -9.9378675e-003
 -1.9262385e-002
 -2.5057131e-002
 -2.7737852e-002
 -2.7695531e-002
 -2.5269569e-002
 -2.0732627e-002
 -1.4287006e-002
 -6.0709229e-003
  3.8281035e-003
  1.5356205e-002
  2.8476000e-002
  4.3152373e-002
  5.9343280e-002
  7.6996403e-002
  9.6051101e-002
  1.1644388e-001
  1.3811474e-001
  1.6101144e-001
  1.8508895e-001
  2.1030216e-001
  2.3659123e-001
  2.6386067e-001
  2.9195437e-001
  3.2063064e-001
  3.4954172e-001
  3.7822239e-001
  4.0609198e-001
  4.3247211e-001
  4.5662111e-001
  4.7778334e-001
  4.9524947e-001
  5.0842167e-001
  5.1687636e-001
  5.2041640e-001
  5.1910543e-001
  5.1327835e-001
  5.0352446e-001
  4.9064284e-001
  4.7557303e-001
  4.5930701e-001
  4.4279143e-001
  4.2683064e-001
  4.1200151e-001
  3.9859051e-001
  3.8656115e-001
  3.7555697e-001
  3.6494135e-001
  3.5387122e-001
  3.4139771e-001
  3.2658380e-001
  3.0862632e-001
  2.8696923e-001
  2.6139555e-001
  2.3208729e-001
  1.9964605e-001
  1.6507109e-001
  1.2969618e-001
  9.5090644e-002
  6.2934167e-002
  3.4877420e-002
  1.2402075e-002
 -3.3061822e-003
 -1.1459467e-002
 -1.1734804e-002
 -4.3005470e-003
  1.0199765e-002
  3.0703887e-002
  5.5821616e-002
  8.3950743e-002
  1.1340708e-001
  1.4255662e-001
  1.6993812e-001
  1.9436601e-001
  2.1500565e-001
  2.3141583e-001
  2.4355682e-001
  2.5176506e-001
  2.5669855e-001
  2.5925904e-001
  2.6049885e-001
  2.6152048e-001
  2.6337751e-001
  2.6698427e-001
  2.7304067e-001
  2.8197698e-001
  2.9392129e-001
  3.0869095e-001
  3.2580702e-001
  3.4452963e-001
  3.6391065e-001
  3.8285917e-001
  4.0021467e-001
  4.1482257e-001
  4.2560689e-001
  4.3163511e-001
  4.3217114e-001
  4.2671315e-001
  4.1501421e-001
  3.9708497e-001
  3.7317905e-001
  3.4376293e-001
  3.0947357e-001
  2.7106779e-001
  2.2936807e-001
  1.8520975e-001
  1.3939436e-001
  9.2653058e-002
  4.5623208e-002
 -1.1602198e-003
 -4.7258480e-002
 -9.2309535e-002
 -1.3599821e-001
 -1.7802009e-001
 -2.1804410e-001
 -2.5567867e-001
 -2.9044638e-001
 -3.2177085e-001
 -3.4897842e-001
 -3.7131574e-001
 -3.8798238e-001
 -3.9817622e-001
 -4.0114769e-001
 -3.9625813e-001
 -3.8303689e-001
 -3.6123179e-001
 -3.3084822e-001
 -2.9217309e-001
 -2.4578127e-001
 -1.9252379e-001
 -1.3349848e-001
 -7.0005486e-002
 -3.4910849e-003
  6.4515797e-002
  1.3246970e-001
  1.9887264e-001
  2.6233182e-001
  3.2160759e-001
  3.7564930e-001
  4.2361779e-001
  4.6489439e-001
  4.9907753e-001
  5.2596874e-001
  5.4555043e-001
  5.5795853e-001
  5.6345264e-001
  5.6238656e-001
  5.5518152e-001
  5.4230365e-001
  5.2424699e-001
  5.0152208e-001
  4.7464972e-001
  4.4415902e-001
  4.1058779e-001
  3.7448373e-001
  3.3640411e-001
  2.9691237e-001
  2.5657009e-001
  2.1592353e-001
  1.7548491e-001
  1.3570928e-001
  9.6968825e-002
  5.9527436e-002
  2.3518641e-002
 -1.1069478e-002
 -4.4399042e-002
 -7.6774048e-002
 -1.0861725e-001
 -1.4043194e-001
 -1.7275009e-001
 -2.0606993e-001
 -2.4078787e-001
 -2.7713085e-001
 -3.1509609e-001
 -3.5440514e-001
 -3.9447863e-001
 -4.3443665e-001
 -4.7312713e-001
 -5.0918269e-001
 -5.4110255e-001
 -5.6735420e-001
 -5.8648632e-001
 -5.9724325e-001
 -5.9867024e-001
 -5.9019918e-001
 -5.7170611e-001
 -5.4353402e-001
 -5.0647811e-001
 -4.6173418e-001
 -4.1081483e-001
 -3.5544132e-001
 -2.9742178e-001
 -2.3852786e-001
 -1.8038197e-001
 -1.2436621e-001
 -7.1561610e-002
 -2.2722700e-002
  2.1711463e-002
  6.1572980e-002
  9.6894480e-002
  1.2782217e-001
  1.5452438e-001
  1.7710795e-001
  1.9555350e-001
  2.0967868e-001
  2.1913451e-001
  2.2343619e-001
  2.2202533e-001
  2.1435643e-001
  1.9999757e-001
  1.7873304e-001
  1.5065513e-001
  1.1623325e-001
  7.6350882e-002
  3.2303845e-002
 -1.4242015e-002
 -6.1331802e-002
 -1.0683497e-001
 -1.4858161e-001
 -1.8450976e-001
 -2.1281073e-001
 -2.3205974e-001
 -2.4132061e-001
 -2.4021579e-001
 -2.2895629e-001
 -2.0832966e-001
 -1.7964773e-001
 -1.4465920e-001
 -1.0543441e-001
 -6.4231711e-002
 -2.3355357e-002
  1.4985131e-002
  4.8804966e-002
  7.6455879e-002
  9.6713828e-002
  1.0883882e-001
  1.1260496e-001
  1.0830075e-001
  9.6701079e-002
  7.9013750e-002
  5.6804427e-002
  3.1904476e-002
  6.3069218e-003
 -1.7943979e-002
 -3.8863797e-002
 -5.4633828e-002
 -6.3696184e-002
 -6.4832918e-002
 -5.7224700e-002
 -4.0485717e-002
 -1.4672822e-002
  1.9731324e-002
  6.1859544e-002
  1.1052245e-001
  1.6428664e-001
  2.2156248e-001
  2.8069416e-001
  3.4004495e-001
  3.9807091e-001
  4.5337787e-001
  5.0475833e-001
  5.5120710e-001
  5.9191722e-001
  6.2625968e-001
  6.5375245e-001
  6.7402523e-001
  6.8678712e-001
  6.9180301e-001
  6.8888381e-001
  6.7789304e-001
  6.5876979e-001
  6.3156556e-001
  5.9649011e-001
  5.5395931e-001
  5.0463757e-001
  4.4946684e-001
  3.8967557e-001
  3.2676296e-001
  2.6245617e-001
  1.9864163e-001
  1.3727424e-001
  8.0271344e-002
  2.9400110e-002
 -1.3831724e-002
 -4.8271845e-002
 -7.3197204e-002
 -8.8358805e-002
 -9.3993285e-002
 -9.0800262e-002
 -7.9887659e-002
 -6.2690099e-002
 -4.0867766e-002
 -1.6194594e-002
  9.5548471e-003
  3.4710900e-002
  5.7799234e-002
  7.7610567e-002
  9.3246517e-002
  1.0414089e-001
  1.1005802e-001
  1.1107166e-001
  1.0752913e-001
  1.0000624e-001
  8.9258013e-002
  7.6170168e-002
  6.1714499e-002
  4.6910549e-002
  3.2794162e-002
  2.0392376e-002
  1.0703089e-002
  4.6773110e-003
  3.2016509e-003
  7.0788951e-003
  1.7005121e-002
  3.3542623e-002
  5.7088879e-002
  8.7842789e-002
  1.2577029e-001
  1.7057218e-001
  2.2165746e-001
  2.7812560e-001
  3.3876125e-001
  4.0204414e-001
  4.6617654e-001
  5.2912958e-001
  5.8870843e-001
  6.4263516e-001
  6.8864669e-001
  7.2460355e-001
  7.4860408e-001
  7.5909743e-001
  7.5498781e-001
  7.3572236e-001
  7.0135497e-001
  6.5257940e-001
  5.9072668e-001
  5.1772384e-001
  4.3601383e-001
  3.4843954e-001
  2.5809789e-001
  1.6817296e-001
  8.1759339e-002
  1.6885963e-003
 -6.9628084e-002
 -1.3032845e-001
 -1.7918851e-001
 -2.1566516e-001
 -2.3988861e-001
 -2.5260561e-001
 -2.5507879e-001
 -2.4895171e-001
 -2.3609232e-001
 -2.1842960e-001
 -1.9779856e-001
 -1.7580785e-001
 -1.5374155e-001
 -1.3250303e-001
 -1.1260412e-001
 -9.4197815e-002
 -7.7148110e-002
 -6.1126612e-002
 -4.5722768e-002
 -3.0553397e-002
 -1.5357624e-002
 -6.5424023e-005
  1.5168661e-002
  2.9970616e-002
  4.3790090e-002
  5.5976074e-002
  6.5875611e-002
  7.2943163e-002
  7.6846810e-002
  7.7557677e-002
  7.5410711e-002
  7.1128079e-002
  6.5800502e-002
  6.0826443e-002
  5.7813626e-002
  5.8451375e-002
  6.4365376e-002
  7.6968255e-002
  9.7319820e-002
  1.2600981e-001
  1.6307383e-001
  2.0794994e-001
  2.5947979e-001
  3.1595401e-001
  3.7519829e-001
  4.3469307e-001
  4.9171770e-001
  5.4350834e-001
  5.8741852e-001
  6.2107172e-001
  6.4249637e-001
  6.5023559e-001
  6.4342585e-001
  6.2184120e-001
  5.8590157e-001
  5.3664610e-001
  4.7567391e-001
  4.0505665e-001
  3.2722815e-001
  2.4485779e-001
  1.6071472e-001
  7.7530668e-002
 -2.1310794e-003
 -7.5992951e-002
 -1.4216010e-001
 -1.9919156e-001
 -2.4614180e-001
 -2.8257066e-001
 -3.0852216e-001
 -3.2447486e-001
 -3.3126871e-001
 -3.3001512e-001
 -3.2199854e-001
 -3.0857791e-001
 -2.9109679e-001
 -2.7080897e-001
 -2.4882521e-001
 -2.2608379e-001
 -2.0334485e-001
 -1.8120571e-001
 -1.6013199e-001
 -1.4049738e-001
 -1.2262436e-001
 -1.0681805e-001
 -9.3386945e-002
 -8.2646172e-002
 -7.4901840e-002
 -7.0418150e-002
 -6.9371786e-002
 -7.1800538e-002
 -7.7554629e-002
 -8.6259574e-002
 -9.7298525e-002
 -1.0982007e-001
 -1.2277446e-001
 -1.3497771e-001
 -1.4519937e-001
 -1.5226627e-001
 -1.5517228e-001
 -1.5318231e-001
 -1.4591912e-001
 -1.3342255e-001
 -1.1617364e-001
 -9.5079556e-002
 -7.1419496e-002
 -4.6756073e-002
 -2.2820264e-002
 -1.3810803e-003
  1.5887355e-002
  2.7528420e-002
  3.2403689e-002
  2.9762654e-002
  1.9275991e-002
  1.0309606e-003
 -2.4508336e-002
 -5.6569419e-002
 -9.4159373e-002
 -1.3616136e-001
 -1.8142846e-001
 -2.2886463e-001
 -2.7748465e-001
 -3.2644786e-001
 -3.7506423e-001
 -4.2277437e-001
 -4.6910851e-001
 -5.1363188e-001
 -5.5588506e-001
 -5.9532868e-001
 -6.3130070e-001
 -6.6299313e-001
 -6.8945263e-001
 -7.0960673e-001
 -7.2231433e-001
 -7.2643698e-001
 -7.2092461e-001
 -7.0490847e-001
 -6.7779264e-001
 -6.3933590e-001
 -5.8971604e-001
 -5.2957017e-001
 -4.6000612e-001
 -3.8258244e-001
 -2.9925633e-001
 -2.1230140e-001
 -1.2419939e-001
 -3.7511739e-002
  4.5261175e-002
  1.2182406e-001
  1.9022425e-001
  2.4897272e-001
  2.9713901e-001
  3.3441185e-001
  3.6111903e-001
  3.7820279e-001
  3.8715023e-001
  3.8988173e-001
  3.8860388e-001
  3.8563715e-001
  3.8323088e-001
  3.8338046e-001
  3.8766201e-001
  3.9709912e-001
  4.1207426e-001
  4.3229371e-001
  4.5681042e-001
  4.8410379e-001
  5.1221017e-001
  5.3889241e-001
  5.6183318e-001
  5.7883391e-001
  5.8800039e-001
  5.8789729e-001
  5.7765705e-001
  5.5703303e-001
  5.2639289e-001
  4.8665434e-001
  4.3917179e-001
  3.8558745e-001
  3.2766418e-001
  2.6711955e-001
  2.0547940e-001
  1.4396746e-001
  8.3442443e-002
  2.4388611e-002
 -3.3040759e-002
 -8.8934039e-002
 -1.4349848e-001
 -1.9692053e-001
 -2.4922782e-001
 -3.0017106e-001
 -3.4914203e-001
 -3.9513917e-001
 -4.3678700e-001
 -4.7240917e-001
 -5.0014846e-001
 -5.1812192e-001
 -5.2459505e-001
 -5.1815669e-001
 -4.9787631e-001
 -4.6342725e-001
 -4.1516306e-001
 -3.5413912e-001
 -2.8207751e-001
 -2.0127844e-001
 -1.1448711e-001
 -2.4728399e-002
  6.4875558e-002
  1.5128913e-001
  2.3173337e-001
  3.0383006e-001
  3.6571036e-001
  4.1608276e-001
  4.5425915e-001
  4.8014140e-001
  4.9417398e-001
  4.9727017e-001
  4.9072029e-001
  4.7609067e-001
  4.5512094e-001
  4.2962621e-001
  4.0140856e-001
  3.7218098e-001
  3.4350496e-001
  3.1674192e-001
  2.9301794e-001
  2.7320046e-001
  2.5788612e-001
  2.4739844e-001
  2.4179454e-001
  2.4088024e-001
  2.4423262e-001
  2.5122930e-001
  2.6108318e-001
  2.7288115e-001
  2.8562508e-001
  2.9827322e-001
  3.0978008e-001
  3.1913347e-001
  3.2538762e-001
  3.2769208e-001
  3.2531686e-001
  3.1767467e-001
  3.0434144e-001
  2.8507644e-001
  2.5984265e-001
  2.2882725e-001
  1.9246129e-001
  1.5143602e-001
  1.0671273e-001
  5.9522081e-002
  1.1348724e-002
 -3.6102268e-002
 -8.0959573e-002
 -1.2126078e-001
 -1.5504657e-001
 -1.8046942e-001
 -1.9590979e-001
 -2.0009093e-001
 -1.9218212e-001
 -1.7188023e-001
 -1.3946037e-001
 -9.5788795e-002
 -4.2294291e-002
  1.9101920e-002
  8.6093474e-002
  1.5612538e-001
  2.2654859e-001
  2.9477926e-001
  3.5844900e-001
  4.1553274e-001
  4.6444354e-001
  5.0408689e-001
  5.3387132e-001
  5.5367686e-001
  5.6378704e-001
  5.6479409e-001
  5.5748923e-001
  5.4275124e-001
  5.2144599e-001
  4.9434773e-001
  4.6208993e-001
  4.2514954e-001
  3.8386429e-001
  3.3847862e-001
  2.8921055e-001
  2.3632917e-001
  1.8023163e-001
  1.2150841e-001
  6.0987458e-002
 -2.4993655e-004
 -6.0885185e-002
 -1.1941062e-001
 -1.7420652e-001
 -2.2364053e-001
 -2.6618095e-001
 -3.0051362e-001
 -3.2565217e-001
 -3.4103171e-001
 -3.4657746e-001
 -3.4274206e-001
 -3.3050752e-001
 -3.1135047e-001
 -2.8717202e-001
 -2.6019591e-001
 -2.3284067e-001
 -2.0757323e-001
 -1.8675278e-001
 -1.7247454e-001
 -1.6642309e-001
 -1.6974539e-001
 -1.8295246e-001
 -2.0585755e-001
 -2.3755707e-001
 -2.7645790e-001
 -3.2035192e-001
 -3.6653540e-001
 -4.1196726e-001
 -4.5345711e-001
 -4.8787068e-001
 -5.1233838e-001
 -5.2445117e-001
 -5.2242821e-001
 -5.0524228e-001
 -4.7269180e-001
 -4.2541245e-001
 -3.6482656e-001
 -2.9303405e-001
 -2.1265389e-001
 -1.2663024e-001
 -3.8020602e-002
  5.0214673e-002
  1.3540222e-001
  2.1530792e-001
  2.8823831e-001
  3.5308368e-001
  4.0930137e-001
  4.5684445e-001
  4.9604685e-001
  5.2748052e-001
  5.5180316e-001
  5.6961560e-001
  5.8134623e-001
  5.8717645e-001
  5.8701554e-001
  5.8052708e-001
  5.6720272e-001
  5.4647286e-001
  5.1783940e-001
  4.8101266e-001
  4.3603422e-001
  3.8336879e-001
  3.2395215e-001
  2.5918727e-001
  1.9088703e-001
  1.2116821e-001
  5.2307089e-002
 -1.3428267e-002
 -7.3951774e-002
 -1.2752083e-001
 -1.7286908e-001
 -2.0929717e-001
 -2.3671305e-001
 -2.5561883e-001
 -2.6704702e-001
 -2.7245401e-001
 -2.7358251e-001
 -2.7230741e-001
 -2.7048015e-001
 -2.6978563e-001
 -2.7162360e-001
 -2.7702282e-001
 -2.8659224e-001
 -3.0050949e-001
 -3.1854324e-001
 -3.4010309e-001
 -3.6430891e-001
 -3.9007095e-001
 -4.1617222e-001
 -4.4134629e-001
 -4.6434507e-001
 -4.8399377e-001
 -4.9923181e-001
 -5.0914055e-001
 -5.1295974e-001
 -5.1009548e-001
 -5.0012239e-001
 -4.8278262e-001
 -4.5798357e-001
 -4.2579563e-001
 -3.8645049e-001
 -3.4034001e-001
 -2.8801554e-001
 -2.3018690e-001
 -1.6772084e-001
 -1.0163818e-001
 -3.3109103e-002
  3.6554228e-002
  1.0590875e-001
  1.7339681e-001
  2.3736948e-001
  2.9611876e-001
  3.4792059e-001
  3.9108985e-001
  4.2404769e-001
  4.4539973e-001
  4.5402225e-001
  4.4915098e-001
  4.3046567e-001
  3.9816191e-001
  3.5300130e-001
  2.9633118e-001
  2.3006677e-001
  1.5663136e-001
  7.8853646e-002
 -1.7424684e-004
 -7.7270188e-002
 -1.4935469e-001
 -2.1364755e-001
 -2.6785128e-001
 -3.1030408e-001
 -3.4008695e-001
 -3.5707315e-001
 -3.6191338e-001
 -3.5595643e-001
 -3.4111135e-001
 -3.1966367e-001
 -2.9406300e-001
 -2.6670266e-001
 -2.3971321e-001
 -2.1479015e-001
 -1.9307276e-001
 -1.7508529e-001
 -1.6074488e-001
 -1.4943361e-001
 -1.4012450e-001
 -1.3154596e-001
 -1.2236491e-001
 -1.1136707e-001
 -9.7613962e-002
 -8.0558896e-002
 -6.0109728e-002
 -3.6632371e-002
 -1.0896169e-002
  1.6031060e-002
  4.2924801e-002
  6.8564967e-002
  9.1896993e-002
  1.1217393e-001
  1.2906307e-001
  1.4270497e-001
  1.5371816e-001
  1.6314904e-001
  1.7237215e-001
  1.8295127e-001
  1.9647540e-001
  2.1438590e-001
  2.3781153e-001
  2.6742655e-001
  3.0334477e-001
  3.4505845e-001
  3.9142692e-001
  4.4071555e-001
  4.9068153e-001
  5.3869980e-001
  5.8192000e-001
  6.1744327e-001
  6.4250755e-001
  6.5466946e-001
  6.5197158e-001
  6.3308515e-001
  5.9741931e-001
  5.4518983e-001
  4.7744225e-001
  3.9602660e-001
  3.0352319e-001
  2.0312221e-001
  9.8462234e-002
 -6.5635678e-003
 -1.0802247e-001
 -2.0216460e-001
 -2.8563761e-001
 -3.5567759e-001
 -4.1026149e-001
 -4.4820815e-001
 -4.6921892e-001
 -4.7385350e-001
 -4.6344250e-001
 -4.3994373e-001
 -4.0575502e-001
 -3.6350053e-001
 -3.1581087e-001
 -2.6511748e-001
 -2.1348119e-001
 -1.6247062e-001
 -1.1310117e-001
 -6.5838409e-002
 -2.0662533e-002
  2.2816374e-002
  6.5208287e-002
  1.0717835e-001
  1.4928855e-001
  1.9186637e-001
  2.3491697e-001
  2.7809005e-001
  3.2070519e-001
  3.6183186e-001
  4.0041325e-001
  4.3541710e-001
  4.6599291e-001
  4.9161418e-001
  5.1218543e-001
  5.2809850e-001
  5.4022859e-001
  5.4986800e-001
  5.5860368e-001
  5.6815134e-001
  5.8016494e-001
  5.9604319e-001
  6.1675565e-001
  6.4270852e-001
  6.7366592e-001
  7.0873581e-001
  7.4642225e-001
  7.8473821e-001
  8.2136644e-001
  8.5385056e-001
  8.7979621e-001
  8.9706107e-001
  9.0391533e-001
  8.9915771e-001
  8.8217846e-001
  8.5296657e-001
  8.1206538e-001
  7.6048560e-001
  6.9958937e-001
  6.3096056e-001
  5.5627713e-001
  4.7719908e-001
  3.9528273e-001
  3.1192731e-001
  2.2835551e-001
  1.4562498e-001
  6.4664297e-002
 -1.3675901e-002
 -8.8566657e-002
 -1.5914952e-001
 -2.2449899e-001
 -2.8360494e-001
 -3.3537850e-001
 -3.7868188e-001
 -4.1238007e-001
 -4.3540982e-001
 -4.4686007e-001
 -4.4605679e-001
 -4.3264515e-001
 -4.0666197e-001
 -3.6859219e-001
 -3.1940383e-001
 -2.6055682e-001
 -1.9398250e-001
 -1.2203139e-001
 -4.7388965e-002
  2.7039598e-002
  9.8272177e-002
  1.6341405e-001
  2.1983533e-001
  2.6535037e-001
  2.9838577e-001
  3.1812243e-001
  3.2459664e-001
  3.1874667e-001
  3.0239421e-001
  2.7815447e-001
  2.4927501e-001
  2.1940984e-001
  1.9234280e-001
  1.7168054e-001
  1.6054069e-001
  1.6126356e-001
  1.7517594e-001
  2.0243270e-001
  2.4195583e-001
  2.9148195e-001
  3.4771911e-001
  4.0660242e-001
  4.6362732e-001
  5.1423078e-001
  5.5418394e-001
  5.7995815e-001
  5.8902741e-001
  5.8007653e-001
  5.5309356e-001
  5.0933701e-001
  4.5118183e-001
  3.8186101e-001
  3.0513113e-001
  2.2489827e-001
  1.4484509e-001
  6.8099147e-002
 -3.0221522e-003
 -6.7163880e-002
 -1.2396889e-001
 -1.7399544e-001
 -2.1852987e-001
 -2.5931910e-001
 -2.9825637e-001
 -3.3705873e-001
 -3.7697482e-001
 -4.1855767e-001
 -4.6152859e-001
 -5.0474775e-001
 -5.4629399e-001
 -5.8364401e-001
 -6.1392980e-001
 -6.3424475e-001
 -6.4196397e-001
 -6.3504351e-001
 -6.1226656e-001
 -5.7341103e-001
 -5.1932261e-001
 -4.5188766e-001
 -3.7391117e-001
 -2.8891468e-001
 -2.0087618e-001
 -1.1393905e-001
 -3.2117987e-002
  4.0971382e-002
  1.0233726e-001
  1.4977484e-001
  1.8195943e-001
  1.9846848e-001
  1.9973810e-001
  1.8696506e-001
  1.6196868e-001
  1.2702831e-001
  8.4712042e-002
  3.7710047e-002
 -1.1316852e-002
 -5.9866259e-002
 -1.0569728e-001
 -1.4690682e-001
 -1.8198072e-001
 -2.0982247e-001
 -2.2976301e-001
 -2.4155488e-001
 -2.4535364e-001
 -2.4168840e-001
 -2.3142338e-001
 -2.1571137e-001
 -1.9594056e-001
 -1.7367581e-001
 -1.5059654e-001
 -1.2843300e-001
 -1.0890363e-001
 -9.3655620e-002
 -8.4210555e-002
 -8.1916411e-002
 -8.7906020e-002
 -1.0306141e-001
 -1.2798264e-001
 -1.6295940e-001
 -2.0794414e-001
 -2.6252598e-001
 -3.2590633e-001
 -3.9687849e-001
 -4.7381557e-001
 -5.5467179e-001
 -6.3700365e-001
 -7.1801638e-001
 -7.9464032e-001
 -8.6363911e-001
 -9.2174813e-001
 -9.6583798e-001
 -9.9309346e-001
 -1.0011954e+000
 -9.8848987e-001
 -9.5412873e-001
 -8.9816611e-001
 -8.2159842e-001
 -7.2633969e-001
 -6.1513015e-001
 -4.9138231e-001
 -3.5897506e-001
 -2.2201234e-001
 -8.4566654e-002
  4.9569980e-002
  1.7710564e-001
  2.9541917e-001
  4.0266740e-001
  4.9782097e-001
  5.8062784e-001
  6.5151133e-001
  7.1141573e-001
  7.6161784e-001
  8.0352529e-001
  8.3848363e-001
  8.6761167e-001
  8.9168115e-001
  9.1105103e-001
  9.2566059e-001
  9.3507860e-001
  9.3860052e-001
  9.3538047e-001
  9.2458194e-001
  9.0552998e-001
  8.7784829e-001
  8.4156666e-001
  7.9718820e-001
  7.4570944e-001
  6.8859153e-001
  6.2768474e-001
  5.6511252e-001
  5.0312444e-001
  4.4392957e-001
  3.8952309e-001
  3.4151948e-001
  3.0100544e-001
  2.6842450e-001
  2.4350402e-001
  2.2523295e-001
  2.1189619e-001
  2.0116779e-001
  1.9026170e-001
  1.7613402e-001
  1.5572650e-001
  1.2623604e-001
  8.5391180e-002
  3.1713383e-002
 -3.5260499e-002
 -1.1481786e-001
 -2.0499236e-001
 -3.0258344e-001
 -4.0328111e-001
 -5.0189456e-001
 -5.9267311e-001
 -6.6969820e-001
 -7.2731643e-001
 -7.6057728e-001
 -7.6563624e-001
 -7.4008499e-001
 -6.8317533e-001
 -5.9591253e-001
 -4.8100580e-001
 -3.4267750e-001
 -1.8634721e-001
 -1.8219554e-002
  1.5518457e-001
  3.2750801e-001
  4.9300171e-001
  6.4689068e-001
  7.8562762e-001
  9.0701322e-001
  1.0101771e+000
  1.0954292e+000
  1.1640064e+000
  1.2177493e+000
  1.2587525e+000
  1.2890321e+000
  1.3102512e+000
  1.3235329e+000
  1.3293827e+000
  1.3277200e+000
  1.3180112e+000
  1.2994777e+000
  1.2713462e+000
  1.2331022e+000
  1.1847079e+000
  1.1267537e+000
  1.0605181e+000
  9.8792808e-001
  9.1142486e-001
  8.3375056e-001
  7.5768614e-001
  6.8577440e-001
  6.2006488e-001
  5.6191388e-001
  5.1186508e-001
  4.6962492e-001
  4.3413423e-001
  4.0372495e-001
  3.7633965e-001
  3.4978464e-001
  3.2198373e-001
  2.9120179e-001
  2.5621256e-001
  2.1639455e-001
  1.7174974e-001
  1.2285059e-001
  7.0731086e-002
  1.6743620e-002
 -3.7592954e-002
 -9.0730282e-002
 -1.4119343e-001
 -1.8763856e-001
 -2.2886347e-001
 -2.6377840e-001
 -2.9135196e-001
 -3.1055216e-001
 -3.2030311e-001
 -3.1947555e-001
 -3.0692274e-001
 -2.8156500e-001
 -2.4251615e-001
 -1.8923631e-001
 -1.2168880e-001
 -4.0475521e-002
  5.3073930e-002
  1.5687916e-001
  2.6816293e-001
  3.8358226e-001
  4.9942546e-001
  6.1185321e-001
  7.1715446e-001
  8.1198489e-001
  8.9355712e-001
  9.5975859e-001
  1.0091837e+000
  1.0410798e+000
  1.0552203e+000
  1.0517307e+000
  1.0309001e+000
  9.9301704e-001
  9.3826186e-001
  8.6668284e-001
  7.7826740e-001
  6.7310455e-001
  5.5161742e-001
  4.1482992e-001
  2.6462102e-001
  1.0391684e-001
 -6.3226216e-002
 -2.3168184e-001
 -3.9547532e-001
 -5.4816108e-001
 -6.8332806e-001
 -7.9518322e-001
 -8.7914719e-001
 -9.3238776e-001
 -9.5421805e-001
 -9.4629751e-001
 -9.1259444e-001
 -8.5909576e-001
 -7.9328092e-001
 -7.2340739e-001
 -6.5768102e-001
 -6.0340271e-001
 -5.6618999e-001
 -5.4936682e-001
 -5.5359783e-001
 -5.7681581e-001
 -6.1445706e-001
 -6.5998177e-001
 -7.0562167e-001
 -7.4326861e-001
 -7.6539919e-001
 -7.6592553e-001
 -7.4087048e-001
 -6.8878692e-001
 -6.1087247e-001
 -5.1076866e-001
 -3.9407302e-001
 -2.6762839e-001
 -1.3868087e-001
 -1.4013995e-002
  1.0083203e-001
  2.0215886e-001
  2.8845406e-001
  3.6044210e-001
  4.2084168e-001
  4.7386715e-001
  5.2454372e-001
  5.7792932e-001
  6.3834599e-001
  7.0872027e-001
  7.9011580e-001
  8.8151366e-001
  9.7986283e-001
  1.0803863e+000
  1.1770962e+000
  1.2634436e+000
  1.3330162e+000
  1.3801911e+000
  1.4006620e+000
  1.3917793e+000
  1.3526720e+000
  1.2841491e+000
  1.1884130e+000
  1.0686387e+000
  9.2849266e-001
  7.7166765e-001
  6.0150501e-001
  4.2075763e-001
  2.3152280e-001
  3.5344878e-002
 -1.6654074e-001
 -3.7287413e-001
 -5.8201542e-001
 -7.9163912e-001
 -9.9854349e-001
 -1.1986226e+000
 -1.3870235e+000
 -1.5584815e+000
 -1.7077967e+000
 -1.8303919e+000
 -1.9228719e+000
 -1.9835039e+000
 -2.0125415e+000
 -2.0123351e+000
 -1.9871978e+000
 -1.9430295e+000
 -1.8867340e+000
